1996.8
2081.4
2089.7
2134.7
2163.1
2210.3
2214.5
2309.6
2355.8
2419.3
2432.4
2457
2478.3
6635.1
6761.8
6908
7082.1
7259.6
10963.8
11116
11326.1
11437.7
11723.1
18680
18729.6
18817.2
18851.4
18884.9
18946
19059.5
19071.5
19089.4
19157.8
19241.9
19265.9
19299.8
19361.9
19407.2
19472.8
19516.1
19622.1
19713.9
19726.2
19804.8
19808.5
19848
19861.8
19881.5
19942.3
20064.5
20078.9
20338.9
22254.9
22593.8
22729.1
22876.4
22884.1
23039.4
23047.8
35282.1
35716.3
35760.2
35808.6
35991.4
36011.3
36215.3
43500
43518.8
43629.5
43649.1
43674.1
43683.7
43724.4
43732.2
43860.3
43910.5
44099.2
44153.4
44199.5
44231.5
44262.7
44373.1
44457
44540.5
44584.2
44609.4
44647.7
44753.3
44848.3
44882.6
45097
45239
45273.3
51320.8
51352.2
51374.4
51432.5
51595.3
51849.7
51973.5
51991.5
52047.9
52106.6
52123.1
52180.5
52190.9
52193.9
52267
52329.6
52379.9
52636.7
52830.1
52937.6
52991.7
53052.5
53181.6
53185.5
53386.6
53624.8
53694.8
53811.8
53882
54089.5
54097.9
54139.4
54278.5
54343.5
54368
54392.1
54404.9
54408
54468.5
54576.1
54607.8
54642.7
54677.8
54684.9
54991.7
62999.3
63139.7
63164.1
63191.3
63516.2
63782.2
63786.8
63822
63896.6
63910.8
64028.4
64037.5
64075.1
64090.8
64097.9
64153
64164.2
64248.4
64319.9
64331.4
64495.7
64506.3
64523
64749.9
64750.1
64823.7
64827.6
64890.2
64955.3
64955.7
65019.5
65075.8
65111.6
65173.1
65186
65231.2
65233.9
65378.1
65392.2
65429
65546.9
65555.5
65737.8
66199
67340.1
67351
67614.2
67629.4
68304
70864.1
70920.4
71042.7
71059.7
71073.8
71170.9
71335.9
71341.5
71507.5
71518.2
71527.6
71535.6
71585.4
71599
71656.1
71712.5
71749.7
71824.8
71843.1
71906.9
71911
71924.4
71949.2
71958
71967.6
72090.2
72153.1
72213.5
72217.4
72232.9
72273.5
72311.3
72615.4
72640.2
72670
72745.5
72762.1
72875.7
72969.9
73101.9
73185.2
73323.7
73374.5
73402.3
73440.5
73451.3
73458.7
78053.7
78096.6
78113.9
78209.1
78237
78777.2
78810.7
78942.5
78970.1
79012.4
79018.5
79026.1
79060.7
79155.7
79301.4
79389.5
79468.3
79477.6
79525.7
79543.3
79740.1
79801.6
79812
79819.8
80179.3
80239.6
80302.7
80562.8
80664.9
81057.6
81549.3
81719.9
82072.9
82636.8
83013.4
83248
83338.5
83526.8
83911.9
83987.6
84023.6
84044
84048.6
84371.6
84387
84396.9
84403.6
84478.8
84516.5
84588.7
84623.9
84627.1
84638.1
84650.6
84879.6
84901.6
85944.3
87818.2
87933.7
88131.6
88171.6
88200.7
88288.3
88289.5
88334.8
88449.4
88457.8
88856.6
88961
89002.2
89088.6
89099.7
89118.1
89206.8
89219.7
89420.8
89519
89532.9
89561.4
89585.7
89590.2
89605.4
89610.3
89666
89673.6
89689.3
89795.8
89914.7
89966.3
90127.2
90231.5
90346.1
92403.5
92968.4
93217.5
95744.6
97608.3
98583.5
99542.3
106922.1
107007.5
107014.4
107032.7
107328.2
107377.1
107557.5
107575.4
107583.2
107589.5
107614.3
107672.3
107679.6
107742.8
107785.8
107836.3
107841.9
107888.5
107899.5
107970.4
108011.3
108661.1
108733
108832.7
109670
109752.2
110113.8
110374.1
110538.8
110684.1
115594.5
116155.7
116178.7
116230.1
116241.2
116359.2
116779.9
116784.9
117047.3
117166.8
117418.6
117425.8
117939.6
118870.4
119502.6
119579.4
119585.9
125172.1
125190.7
125299.5
125323.2
125582.2
125689.2
125847.9
126006.3
126234.3
126328
126334.8
126348.6
126419.1
127190.9
127416.4
133345.7
133854.2
134402.2
134657.9
135052.2
135082.9
135594.5
135656.7
136289
136489
136692
136978.4
137002.1
137317.7
137589.9
138221.5
139536.9
161125.7
161498
161621.7
161621.8
161681
161721.7
161790.2
161935.7
166779.9
171239.4
179649.9
179651.8
179674
179796.3
179961
179984.4
179998.9
180013
180103.7
180111.1
180126.6
180219.4
180256.9
180272.6
180324.9
180399.2
180409.8
180469.1
180578.9
180599.2
180606.1
180608.9
180621.9
180667.9
180759.4
180776.5
180805
180888
181079.9
181475.7
181913.2
184382.2
184430.9
184746.8
184778
184846.6
184882.9
184942.5
184968
185006.1
185043
185044.7
185121.8
185126.6
185160.4
185166.4
185306.5
185354
185437.7
185439.1
185508.1
185721.3
185894.3
185910
185914.1
185962.3
185969.6
186035.7
186071.5
186098.4
186397.1
186575.5
186675.8
186791.4
186803.2
186835.5
186893.4
186995.4
187046.2
192898.9
193225.3
193486.5
193671.8
193767.7
193920
193925.8
193940
194091.4
194111.5
194202.4
194844.4
194926.4
195045.4
195066.8
195268.1
195286.6
195394.5
195399.3
207588.6
208275.3
208338.5
208769.2
209070.5
212059
212259.2
212270.3
212314.5
212318.3
212338.3
212340.9
212341.2
212361.4
212418.2
212418.8
212501.6
212607.4
212609.7
212618.5
212687.9
212702.4
212777.1
212787.6
212890.7
212895.8
212919.6
212937.1
213254.4
213268.1
213453.8
214003.6
214398.9
214436.5
214444
214770.3
214997.8
215468.1
216764.9
217043.2
217310.5
217410.9
217997.7
218013
218016.5
218172
218226
218237.7
218370.9
218463.9
218479.5
218487.7
218520.3
218548.4
218552.2
218628.9
218654
218662.6
218662.9
218691.9
218828.7
219060.6
219107
219119.2
219144.5
219147.5
219160.9
219219.8
219251.2
219299.9
219344.9
225343.6
225479.1
225579.3
225596.3
225609.8
225623.1
225711.8
225731.4
225769.9
225781.8
225960.9
226138.7
228611.3
228699.6
229250.2
231799
232019.9
232076.2
232114
232209.3
232239.6
232317.4
232352
232529.9
232651.7
232663.1
232675.6
232704.8
232778.5
232782
232884.9
233145.4
233188.5
233206.3
233220.1
233248.5
233311.4
233338.8
233348.1
233350.3
233350.5
233372.4
233391.3
233437.4
233447
233459.7
233505.8
233539.3
233559
233578.1
233596.5
233598.5
233657.4
233723.6
234208.7
243495.1
243584.4
243730.9
243863.7
243866.8
243875.4
244087.7
244088.4
244181
244190.2
244207.1
244248.1
244272.2
244296.7
244380.8
244425.8
244529.7
244549.3
244553.7
244591.7
244653.7
244723.9
244765.8
244770.7
244779.2
244934.1
244969.1
244988.9
245005.8
245048.8
245064.6
245087.4
245158.5
245173
245207.9
245283.3
245382.4
245400.2
245510.4
245535.5
245540.4
245586.1
245640.5
245659.9
245741
245803.7
245858.6
245876.9
245886.9
245889.8
246003.2
246012.6
246017.5
246040.5
246062.7
246065.6
246113.8
246164.6
246189.6
246200.8
246261
246418.5
246433.8
246468.7
246495.3
246506.5
246679.3
246704.7
246747.5
249493.3
249622.4
249625.6
249973.7
250034.1
250069.5
259060.7
259352.7
259464.3
259498.4
259564.3
259578.6
259641.5
259647.8
259684
259958.3
260177.9
267649.6
267892.6
268003.9
268038.6
268464.6
268653.5
272555.3
272812.6
273101.7
273139
273204.6
273211.3
273259.3
273372.5
273488
273565.8
273597
273661.4
273706.1
273739
273747.1
273753
273898.5
276475.5
276869.6
280004.4
280680.1
280725.7
281001.2
281024.4
281124.4
281172.4
281223.2
281311.4
281319.2
281528.6
281604.2
281614.8
287377.1
287447.1
287546.5
287808.5
287922.5
287940.2
287985.7
288002.8
288006.5
288010.3
288044.8
288202.3
288232.9
288277.6
288389.4
288419
288594.6
288595.8
288637.7
288656.8
288660.2
288711.2
288730.9
288788.8
288852.1
288984.9
289014.9
289043.8
289054.4
289121.1
289130.8
289154.6
289165.6
289190.1
289200.6
289230.7
289256
289319.7
289382.5
289398.4
289412.3
289468
289542.3
289577.2
289603.4
289607.8
289676.1
289683.2
289717.4
289785.3
289805.1
289807.2
289814.2
289886.7
289918.5
289961
289968.5
289971.2
289989.6
289999.4
290067.2
290092.5
290109.2
290124.2
290217
290233.1
290394
290493.4
290493.9
290544.2
290544.7
290548.4
290568.5
290585.5
290594.3
290613.3
290621.3
290666.8
290668.9
290716.2
290721.3
290759.1
290771.1
290846.3
290862.2
290875.6
290899.8
290911.1
290940.9
290943.5
290986.4
290995.8
291047
291076.5
291104.1
291118.5
291130.9
291154.7
291167.5
291258.7
291433.5
291454.4
291528.3
291664.4
291668.9
291842.2
292153.6
292183.7
292187.5
292188.9
292223.4
292267.4
292286.1
292302.4
292311.3
292330
292455.1
292458.4
292522.3
292607.2
292611.6
292678
292743.3
292754.1
292754.2
292782.2
292813.6
292836.1
292857.2
292883.6
292931.6
292943.1
292954.8
292984.8
292985.1
293108.6
293115.6
293123.7
293132.4
293269.6
293286.5
293326
293335.6
293348.9
293420.4
293426.3
293436.7
293442.7
293454.1
293481.5
293497.8
293508.6
293579.5
293692.2
293757.6
293766.1
293821.5
293924.1
293990.8
294218.8
294258.9
294466.6
294474.2
294527.6
294670.4
294702.7
294739.6
294789.1
294805.1
295024.2
295033.7
295045.3
295060.1
295142.5
295231.3
295280.9
295300.3
295369.2
295370.7
295428.6
295626.7
295636.5
295639
295720.5
295727.3
295736
295759.9
295858.9
296034.9
296277.6
296346.6
297057.1
302616
303354.6
303357.3
303371.2
303398.2
303495.8
303530.2
303663
303663.2
303951.7
304037.1
305492.9
309445.7
309524.1
309569.1
309982.6
310102
310227.4
310467.9
311330.1
311726.6
311785.1
311808.8
311997.7
312037.4
312078.2
312087.9
312092.6
312133.6
312145.9
312154.4
312155.1
312194.8
312195.4
312207.2
312227.3
312259.4
312266.8
312289.9
312356.4
312358.6
312539.3
312979.2
320353.8
321077.1
322384.3
322557.2
322966.6
323096.8
323105.1
323185.7
323229.9
323233.1
323494.7
323565.6
323579.7
323641.6
323650.4
323677
324119.4
324241.6
324350.1
324351.4
324375
324415.7
324495.6
324610.6
324619.3
324624.1
324647.4
324650.3
325077.1
325091.8
325144.1
325192.6
325371.4
326770
326800.3
326991.7
327301.5
329441.8
329477.3
329612.7
329636.9
329670.4
329746.5
329808.1
329808.4
329846.1
329944.8
329996.8
330002.3
330050.5
330109.8
330162.6
330304
330350.9
330416.4
330624.3
330742.7
330820.6
330915.8
331012.6
331040.7
331120.1
331407.7
343532.1
343960
344351.6
344703.3
345546.9
345625.3
345687.6
345825.7
345831.7
345918.7
346083.4
346131.8
346150.2
346183.6
346192.6
346288.9
346393.3
346396.2
346399
346400.9
346461.1
346570.8
354210.6
354284.1
354406.7
354448.8
354511.6
354621.1
354641
354735.9
354744.3
354770.1
354802.5
354822
354853.7
354861.7
355067.1
355118
355146.5
355252.7
355302.5
355645.5
355681.9
355965.4
356236.8
357717.6
359166.5
359953.1
365844.7
365888.5
366000
366095.3
366206.6
366331.4
366356.8
366449.3
366480.1
366551.6
366631.3
366677.6
366708.4
366730.7
366737.7
366958
366993.7
367020.3
367216.9
367284.9
367315.6
367494.8
367521.9
367619
367621.1
367678.3
367713
367752.1
367813.9
367821.4
367833.3
367837.3
367873.7
367944.4
367996.3
368000.9
368062.6
368209.9
368232.2
368296.5
368297.9
368350.5
368394.9
368437.2
368520.6
368559.1
368635.4
368645.8
368687.4
368809.6
368846.6
368991.7
368995.6
369061.4
369079.7
369084.1
369176.4
369249.6
369258.4
369259.8
369362.6
369685.8
369691.4
369731.3
369782.8
369809.7
369835.9
369846.1
369847.6
369852.3
369874.5
369951.3
370003.2
370033
370049.2
370113.3
370198.5
370226.6
370272.3
370478.8
370498.6
370551.3
370564.6
370642.4
370651.1
370698.7
370810.1
370837
370838.3
370954.8
370976.4
371083.2
371102.4
371142.7
371189.1
371325.1
371381.6
371494.8
371511.1
371537.3
371574.1
371586.2
371642
371833.6
371916.1
371976.3
372081
372269.1
372460.2
372523
373928.8
374164.9
374230
374313.8
374361.1
374481.9
374482.6
374533.8
374537.1
374550.7
374565.4
374620.2
374621.2
374671.1
374794.7
374830.5
374863.9
374896.3
374918.3
375005.3
375038.1
375096.6
375204.5
375215.3
375243.3
375291.3
375400.8
375458
375532.9
377233.8
396856.6
396917
397000.8
397088.8
397117.6
397129.6
397329.3
397492.5
397731.8
397740.1
397747
397828.1
397863.1
397907
397924.6
397931.4
398140.8
398209.6
398466.4
398869.9
415077.6
419186.9
419465.2
419479.5
419581.5
419766.7
423485.6
423550.7
423983.4
424395.2
424586.6
425065
430165.1
430257.7
430349.3
430387.3
430410.4
430441.7
430574.8
430616
431014
431088.2
437796.1
437826.5
438425.4
438594.4
440135.2
440300.4
440622.1
440978.4
441262.5
441380.4
441390.7
441453.1
441563.4
441578.3
441602
441688.7
441741.1
441782.7
441872.7
441946.8
441955.8
441981.4
441986.3
441991.9
442030.8
442101
442134.3
442309.4
442371
442486.2
442608
442613.4
442615
442618.6
442664.7
442676.3
442716.8
442743.2
442770.9
442802
442824.4
442912.9
442998.5
443046.7
443105.6
443149.1
443173.7
443206.9
443410.2
443434.1
443457
443738.5
443776.2
443981.8
444004.3
444113.4
444223
444369.5
444488.1
444510
444550.5
444682.5
444689.2
445884.7
450824.8
451067.3
451130.7
451202.7
451219.4
451271.8
451338.2
451410.2
451450.7
451808
453355.5
453429.5
453461.3
453540.1
453552.9
453651.4
453679
453953.5
454523.5
454850.9
454918.9
455033.7
455718.2
455740
455747.9
455867.4
460397.6
460669.6
460971.5
461054.9
461102.4
461161.4
461209.6
461316.7
461320.6
461334.6
461600.1
461700.7
461738.4
461795.9
461805.9
461840.4
461945.6
461946.5
461962.1
461969.1
461979.2
461993.8
462009.3
462096.1
462140.9
462145.3
462156.6
462160
462234.7
462264.1
462266.3
462311.7
462371.2
462465.3
462490.1
462497.9
462698.2
462787.8
463105.3
463343.7
463706.7
465919.8
467310.7
467355.1
467370.7
467400
467489.7
467632.8
467796.4
467809.6
468232.5
469100.1
469103.4
469445.7
469926.6
470015.1
470064.3
470069.3
470107.1
470157.4
470263.1
470275.9
470286.7
470321.5
470396.9
470399.7
471815.3
476880.7
478487.5
479361.8
479693.3
480510.1
482618.8
482798.7
482905.3
482990.1
483267.6
483292.8
483385.7
483421
483432.2
483517.3
483555.6
483559.4
483579.7
483696.9
483780.4
483902.4
483905.7
483925
484052.3
484153.7
484285.9
484371.8
484433.6
484524.9
484898.6
485197.6
509133.2
510413.3
510846.8
510906.7
514198.2
514973.8
515807.7
516148.5
516560.9
516691.9
516765.8
519540.1
523319.5
523427.4
524254.1
524601.3
525635
525652.8
525677.3
525702.2
525820.4
525890.8
525928.8
525951.7
525961.7
526059
526060.8
526083.5
526115.2
526147.8
526285.6
526327.9
526392.6
526443.3
526472.5
526495.9
526517
526543.6
526552.6
526568
526645.6
526646.6
526661.2
526809.8
526835.8
526875.1
526896.7
526900.1
526923.6
526951.1
526952.4
527026.7
527040.7
527080.7
527223.1
527224.5
527264.2
527268.6
527357.8
527423.4
527429.6
527458.8
527598.2
527653.5
527940.6
528112.8
528249.2
528963.9
536550.1
536620.3
537103.6
537436.3
537592.8
537608.7
537669.6
537761.6
537834.2
537862.5
537900
538146.6
538175.5
538220
538234.3
538252.6
538314.4
538378.4
538422.1
538482
538596.8
538683
538788.4
538818.8
538859
538974.4
538976.3
538981.1
538984.8
538999.3
539080.2
539154.6
539238.4
549866.2
550190.8
550700.8
550710.4
550786.3
550796.2
550860.5
550921.3
550960.4
550997.8
551046
551164.7
551188
551215.5
551234.1
551633.8
551792.5
551881.5
558498.2
558764.3
559443.8
559460.8
559506.4
559570.1
559701.1
559708.8
559783.6
559812.5
559962.3
559982.8
559990.9
560011.2
560034.2
560057.1
560153.7
560192.5
560202.5
560381.5
560385
560566.5
560598.3
560754.4
561205.1
561263.4
561281.1
561293.2
561332.5
561353.2
561399.8
561872.2
561886.9
562020.6
565824.4
574592.8
574647.4
574721.6
575064.7
575087.3
575399.1
579089
579093.7
579107.9
580812.3
580998.4
581088.2
581306.3
581356.8
581653.6
581728.8
581824.6
581838.9
582028
582042
582123.2
582159.2
582162.6
582229
582284.3
582370.6
582464.3
582474.5
582505.9
582515.8
582526.8
582639.1
582680.6
582768.5
582874.8
582885.4
583112
583630
583847.1
583927.7
584074.8
584374.2
584518.5
584583.7
584664.2
584758.6
584767.9
584775
584827.2
584891.8
585028.7
585112.4
585115.3
585117.5
585197.9
585237
585368.3
586538.8
591280.9
592409
592945.6
592980.4
593077.4
593257.4
594504.6
594510.3
595001.7
596874.3
596912.2
597169
597360.7
597369.4
597485.6
597581
597619.9
597625.8
597654.9
597741.3
597741.6
597752.2
597847.5
597886.8
597891.6
597940.7
597971.3
597993.5
597994.9
598028.1
598078.6
598171.6
598188.5
598208.7
598272.6
598291.7
598308.1
598328.7
598337
598378.3
598383
598411.6
598413.6
598481.4
598524.9
598570.4
598624.4
598627.4
598708.2
598775.8
598845.4
598915.9
599115
599178.3
599184.9
599282.9
599370.4
599928.2
