49.8
128.7
176.9
233.4
278.5
352.3
417.7
490.6
611.3
646.1
700.6
822.9
838
879.3
979.4
988.2
994.1
1002.2
1014.4
1020.8
1118.5
1298.3
1412.8
1421.2
5446.6
6856.7
6968
7272.9
7295.9
7317.6
7322.1
7368.6
7471.8
12612.3
16933.2
18639
18739.6
18811.3
19018.1
19057.5
19174.8
19338.2
19343.7
19418.2
19429.5
19493.6
19572
19636.4
19654.9
19686.6
19992.8
20029.8
20258.6
20281.8
20320.2
20868.3
29237.4
29582.1
30311.5
30399.6
30503.9
30731.2
30926.4
30994.1
31002.9
31184.8
31224.9
31233.6
31249.5
31310.7
31450.7
31548.8
31600.4
31670.7
31695.3
31706.5
31753.1
31763.8
31774.5
31789.6
32105.6
32125.2
32198.5
32254.9
32314.9
32319.6
32334.3
32464.4
32505.5
32523.5
32531.3
32566.5
32631.5
32644.8
32707.1
32739.6
32778.6
32889
32894.7
32951.8
32966.4
32969.8
33009.6
33195.8
33202.3
33255
33262
33335.6
33371.6
33450.6
33466.5
33476.5
33481.5
33578.5
33579.4
33645.3
33694
33712.3
33784.3
33804.4
33814
33832.5
33871.5
33945.2
33955.1
33973
34031.7
34098.1
34104.9
34203.7
34772.2
39076.7
39620.5
39626.7
39746.3
40710.7
40933.7
41024
41218.8
45841.8
45928.1
45956.2
46002.7
46012.2
46039.1
46094.5
46142.3
46202.9
46286.8
46340.1
46343.2
46345.3
46387.7
46462
46713.2
46728.3
46921.6
46938.7
46942
46994.2
47012.6
47031.7
47056.3
47075
47131.4
47136.3
47224.2
47262.9
47335.1
47397.1
47402.2
47413.9
47423
47470.7
47567.2
47573.8
47599.4
47647.1
47666.5
47705.3
47745.6
47902.4
48058.5
48129.4
48178.6
48970.6
49010.7
49206.4
49445.7
50546.3
57549.6
57649.4
57710.5
57760.4
57808.7
60440.6
60581.3
60626
60732.1
60776.2
60866.9
61061.8
61255.4
61349.4
61376.3
61423.5
61750.6
61800.7
61986.6
62055.7
62131.7
62209.2
62526.2
62563.2
62577.5
62650.3
70879.9
71233.9
71565
71644.7
71707
71708.6
71712.6
71932.2
71933.4
71937.3
71957.1
72136.5
72146.1
72157.6
72195.7
72206
72328.8
72353
72434.8
72441.4
72458.9
72528.9
72569.5
72591.3
72593.4
72604.6
72606.4
72697.2
72766.3
72898.8
72905.7
72915.5
73045.8
73094.5
73107.1
73110.2
73141.3
73154.1
73159
73230.5
73269.2
73472
73563.9
73654.3
73884.7
74152
91838.3
91898.4
91935
91948.2
92132.3
92136.8
92323.7
95170.3
95259.2
99115.9
101992.2
102567.4
103467
103932
104445
105152
105189.2
105384.7
105437.5
105542.9
105729.5
105740.8
106391.8
106997.9
115732.6
115950.1
116145.3
116311.2
116330.4
116459.5
116711
117033.9
117194
117385.7
117388.4
117430.1
117642
117858.8
163688
167487.1
167616.2
167790.1
177632.9
178059
182457.9
183110.9
183216
183239.4
188826.8
188994.4
189246.8
189301.1
190238.5
190350.8
190659.6
191158.2
191799.2
211577.3
211815.4
211845.7
211892.2
211900.2
211979.4
211992.1
212100
212174
212308.4
212396.6
212402.7
212403.2
212465.8
212553.1
212677.6
212720.2
212741.2
212757.5
212888.8
212922.4
212925.1
212967.7
213092.7
213179.6
213326.3
214292.6
214764.9
214816.3
217235.9
217369
217663.1
217843.4
217880.3
217947.1
217993.6
218097.3
218157.3
218210.2
218241.1
218241.5
218247.7
218298.9
218308.2
218336.9
218339.6
218345.1
218456.9
218459.4
218463.1
218476.3
218482.2
218509
218588.8
218627.8
218660.5
218665.4
218706.8
218715.1
218733.2
218751.6
218886.1
218898.5
218938.1
218948.3
218984.4
219010.1
219014
219068.2
219126.2
219194.9
219223.8
219244.5
219264
219271.3
219340.6
219423.1
219600
219638
219769.6
220174.8
224557.9
230084.9
230645.1
230881.9
250500.7
251963.6
252644.9
252766
252792.2
252864.2
252946.7
252952.2
252972
253009.5
253238.8
253239.9
253470.4
253489.2
253511
253576.1
253586.7
253620.4
253645.9
253771.1
253795.6
253922.8
253962.1
253967
254053.4
254065.7
254095.2
254108.8
254156.5
254235.1
254323.7
254347.8
254357.2
254406.3
254426.5
254434.2
254465.4
254477.1
254566.8
254585.9
254664.6
254683.7
254757.8
254758.3
254787.9
254796.1
254827.5
254959.4
254966.8
254966.9
254974.2
255000
255101.7
255131.4
255133.5
255150.7
255201.2
255225.5
255244.4
255277.6
255339.9
255370.7
255390
255448.3
255566.1
255733.2
256003.8
256100
256688.9
266519.6
267799.2
268308.3
268382.1
268401.4
268659
268786.3
268941.5
268953.9
270173.5
270511.6
276086
277001.5
282556
282600.5
282756.7
282767.6
282807
282839.4
282855.7
282925.3
283124.1
283168.8
283171.4
283436.6
283453.7
283729.6
284249.1
284399.1
284421.6
284476.8
284518.3
284617
284619
284658.4
284923.8
285115.1
285162.9
285188.5
285273.9
285460
285510.7
285551.4
285567.1
285589.1
285640.1
285664.3
285811.5
285838
285938.3
285943
285975.2
285978.1
286193.6
286265.7
286289.2
286308.9
286328.3
286336.3
286338.1
286380.1
286434.1
286448.1
286463.7
286528.6
286588
286599.9
286662.4
286705.8
302096.1
311533.8
311636.3
311720.3
311823.5
311867.8
311901.9
312040.9
312113.9
312235
312380.8
312396
312616.1
312827.2
316561.4
317116.2
317427.7
318546.2
318791
318913.9
319030
319281.6
320268.9
320429.8
320592.3
321307.7
322629.6
322843.5
322906
322916.3
322982.9
322994
323167.5
323192.5
323308.1
323448.9
323485
323516.3
323518.2
323535.6
323544.3
323557.5
323561
323566.9
323617.4
323642.3
323679.5
323683.1
323709.4
323730.7
323754.7
323806.2
323856.4
323883.7
323928.1
323964
323996.3
324062.9
324080.7
324098.9
324264.7
324327.5
324394.8
324413.2
324415.1
324483.6
324509.6
324554.3
324595.4
324634.5
324657.1
324723
324744.8
324752.4
324801
324820.6
324879.9
325107.3
325202.9
325255.2
325312.1
333225.5
333558.6
333601.6
333937.9
334360
334373.5
334692.5
334772.8
334797.3
335135.4
335160.1
335292.7
335409.7
335504.6
335700
342388.7
342597.4
343138.1
343188.1
343271.1
343568
343592.5
343599.7
343606.4
343658.8
343664.5
343677
343840.3
343916.6
344014.4
344026.3
344039.9
344064.2
344105.9
344242.8
344265.7
344298.6
344303
344383.8
344462.4
344464.3
344474
344693.2
344803.4
344820.2
344833.2
344867.4
344882.9
344932.6
344976.3
345123.7
345127.1
345200.8
345235.4
345373.7
345426.6
345495.1
345552.3
345561.3
345668
345710.3
345759.9
345846.7
345961.6
346022.2
346025.6
346054.6
346124
346130.4
346173.7
346192
346204.1
346295.4
346300.7
346342.9
346344.1
346365.5
346429.2
346452.3
346470
346497.1
346510.7
346562.1
347944.9
350915
351155.4
351490.1
351503
351525.6
351547.6
351550.5
351587
351706.9
351721.8
351760.3
351805
351810
351814.7
351851.9
351895.9
351913.5
351947.9
351972.8
351973.9
351976.3
352006.4
352007.4
352017.3
352041.2
352078.4
352246.6
352267.4
352281.5
352316.1
352395.5
352397.9
352478.6
352490.2
352520.7
352567.5
352838.7
352846.6
352906
352966.1
353116.7
353243.6
353245.7
373691.5
426308.1
447168
447901.6
448209.9
448233
448243.8
448246.4
448256.4
448342.5
448434.6
448527.5
448544.3
448818.5
448826
448847.5
448879.5
448883.5
448963.3
449046.5
449229.3
449464
449779.7
451267.6
451275.4
451453.9
451706.8
453802.1
454057.7
454087.5
454180.4
454466.1
454478.2
454480.7
454484.9
454617.9
454689.1
454721.3
454754.6
454874.9
454917.9
454935.6
454949.4
455083.5
455265.7
455266.6
455278.4
455278.8
455282.4
455328.1
455340.1
455385.5
455531
455554.7
455656.2
455700.6
455721.5
455726.4
455782.3
455984.6
456005.2
456221
518110.6
518116.9
518162.5
518544.5
519811.4
520239.6
530711
531103.1
532780
541160.9
541336
541776.6
542249
542451
542746.6
542773.6
542955.3
543140.5
543206.2
543211.8
543238.7
543245.2
543338.6
543467.7
543499.8
543567.1
543775.3
543817.8
543948.9
543964.8
543968.6
544093
544103.1
544324.8
544414.7
544523
544715.1
544943
545013.3
545499.6
545587.5
545682.9
545696.6
545843
545934.5
546057.4
546170.3
546331.1
546496.6
547254
549600.6
549661
549755.4
549762
549763.4
549780.7
549807.1
549846.7
549867.3
549919.8
550188.4
550190.5
550192.1
550387.2
550395
550458.3
550494.9
550680.2
550704.2
550713.3
550738
550789.4
550807
550815
550823.9
550863.9
550872.4
550903.5
550978.5
551005.3
551028.4
551146.8
551406.7
551607.2
551749.1
551751.2
552011.8
552115.1
552195.9
552310.6
558471.8
559148.7
559153.7
559208.5
559296.1
559337.4
559350.9
559450.5
559457.7
559552.2
559626.6
559679.8
559685
559806
559931.4
559938.2
559984.9
560055.7
560223.5
561122.3
561168.2
561181.3
561193.1
561212.3
561370.4
561376.5
561380.8
561383.3
561432.5
561516.5
561663.9
561709.5
561815.7
561856.8
561864.4
561901.7
561905.6
561987.4
562091.2
562102.9
562126.4
562175.4
562276.3
562468.2
562821.3
562891.8
562909.5
562910.4
562911.1
563087.8
563120
563227.5
563275.8
563282.8
563412.8
563470.4
563492.2
563954.6
564050.2
564127.4
564342.1
564712.3
571200
571514.8
571715.4
571737.2
571847.4
571905.2
571936.3
571969.4
571973.2
572024.2
572164.6
572188.8
572384.2
572670.2
572970
573617
573866.6
578456.5
578459.7
578765.3
579171.9
579247.8
579281.3
579452.8
579532.1
579876.4
584098.9
587859.5
590191.6
593812.3
593914.2
596552.5
596688.2
596901.3
597045.7
597047
597053.5
597088.2
597100.5
597118.7
597122.2
597134.8
597222
597235
597320.8
597385.2
597456.1
597504.3
597575.1
597589.5
597596.3
597629.9
597688.6
597718.7
597778.2
597805.3
597815.2
597817.4
597902.8
597908.2
597973.4
598041.2
598053.6
598066.7
598071.2
598106.3
598163.7
598177.9
598239.4
598247.2
598283.9
598412.1
598414.8
598429.9
598452.9
598505.1
598517.3
598534.5
598563.9
598576.5
598589.3
598631.5
598643.3
598651.6
598785.6
598791.6
598809.5
598820.8
598834.9
598914.7
598930.5
598935.3
598947.1
598973.6
599072.8
599130.7
599231.9
599237.9
599290.8
599371.1
599424.1
599427.5
599513.7
599549.1
599786.4
599804.7
599830.9
599897.2
