4858.6
4890.2
4908.2
4959.1
4998.8
5009.5
5023.3
5032.2
5034.2
5055.9
5105.8
5172.2
6745.3
7015
7029.1
7073.6
7178.8
7188.6
7196.6
7236.7
7814.7
7903.3
8000.2
11554.9
12651.3
12734.6
12757.6
12836.7
12851.6
13900.9
16443.2
16517
16614.3
16722.5
16771.3
16867.9
16878.8
16944.8
16949.8
16975.5
17107
18978.7
19029.6
19226
20866.9
20933.2
22612.4
22649.9
22742
22804.2
22830.9
22891.7
22899.8
22907.1
22946.3
24038.8
24138.5
24195.7
24271.1
24308.4
24504.4
24607.6
24785.8
24882.7
25215.2
25566.4
26616.4
26796.3
27771.4
28617.5
28857.2
28927.8
29010.4
29091.2
29182.4
29201.8
29221.5
29249.5
29316
29329.6
29527.3
29698.9
30155.5
30236.2
38395
38420.5
38433.5
39091.2
39246
40349.4
40637.8
40772.2
40825.2
41186.1
41196
42059.8
43655.5
43711.1
43795.2
43977.1
44022.1
44036.2
44108.1
44135.3
44221.4
44236.7
44241.5
44246.3
44305.3
44409.2
44423.6
44750
50511.1
50608.2
50610.9
50611.5
50631.1
50651.9
50665.3
50734.6
50753.9
50765.4
50774
50889.5
52143.3
52302.6
52358.9
52657.3
52870
53053.4
53141.8
53216.9
53926.8
53991.6
54038.8
54061.1
54063.6
54182.3
54332.2
54368.4
54444.2
54476.4
54479.1
54530.5
54611.7
54635.5
54642.6
56637
56693.8
56747.8
56830.9
60158.5
60199.4
60208.1
60223.4
60301.7
60314.7
60316.3
60369.1
60402.6
60422.3
60451
60468.9
60572.9
60628
60628.9
61556.5
61625.3
61674.7
61765.8
61885.2
61933.6
61996
62027.6
62153.1
62371
63431.7
63665.9
63750.3
63790.7
63813.1
63843.1
63903.7
63923.7
63944.2
64064.3
64125.2
64152.3
64372.4
64516.5
64672.4
64716.5
64730.1
64777.2
64783.8
64845
64869.4
65135.7
65181.8
65366
65387.1
65693.5
69396.2
69762.9
70758.1
70860.8
70937.5
70942.7
70964.6
71058.7
71061.8
71071
71091.5
71164
71239.3
71246.2
71263.4
71301.7
71304.7
71498.6
71542.6
71550.9
71647.2
71664.6
71672.6
74253.9
74417.6
74738.9
74976.9
75219.7
78229
78289.4
78473.1
78500.6
78690.6
78737.6
78739.7
78862.2
78866.1
78906
79022.3
79036
79173.1
79199.5
79468.7
79682.6
79751.8
79779.1
79780.8
79781.3
79935.1
79960.1
79982.4
79985.4
79989
80223.3
80322.5
80379.6
80418.3
80451.7
80473.5
80600.3
80667.7
81524.4
81525
81561
81648.9
81792.1
81912.2
81929.7
82486.7
82526.5
82637.6
82694.9
82708.6
82738.4
82755.8
82775.8
82845.5
82889.6
83014.2
83021.2
83023.7
83040.6
83061.2
83098.2
83156.8
83163.5
83175.5
83182.5
83217.9
83314.1
83401.8
83436.7
83501.9
83560.7
83617.5
83618
83780.4
83942.4
84447.7
87349.8
87764.4
87845.1
88444.7
88649.5
88716.7
88968.2
89117.7
89220.5
89263.5
90833.5
90904.8
90944.3
91079.6
91127
94702.8
94879.6
103562.7
103594
103606.8
103918.6
104283.8
104286.6
104297.8
104321.9
104335.6
104401
105608.4
105696.9
105699.7
105728.9
105882.7
105901
105930.6
106031.9
106151.6
106186.5
106188.9
108253.4
108491.2
108518.3
108877.9
108924.3
108958.2
108958.7
109138.4
109201.6
109272.7
109311.6
109312
109503.1
110957.8
112087.6
112313.1
112350.8
112399.2
112424
112481.1
112495.5
112512.4
112547.3
112565.4
112624.3
112631.7
112639.5
112695
112722.4
112756.9
112807
112920.1
112935.6
112994.6
115553.6
115791.6
115834.6
115843.2
115850.9
115921.4
115967.3
115980.5
116053.9
116184.5
116203.6
116224.3
116969
117125.6
117138.6
117252.6
117290.2
117302.8
117446
117446.5
118987.9
119434.3
119529.3
120036.4
120121.5
125137
125568.4
126038.3
126256.2
126399.2
128468
128686.7
128816.2
128821.5
128863.5
128881.9
128897.3
128960.6
128977.7
128991.9
129009.9
129028.1
129097.3
129107.2
129127.4
129233.3
129253
129276.7
129342.1
129384.5
129398.7
129414.5
129466.3
129512.2
129516.2
129518
129594.1
129639.3
129654.7
129663.3
129689.5
129730.3
129763.8
129771.6
129809.6
129815.9
129851.6
129989.6
130281.4
130306.6
130355
130505.3
141164.3
141174.9
141470.5
141594.1
143381.7
144393.9
145419.8
145450.3
146056.6
146269.8
146404.6
148092.5
148320.8
148804.1
149621.4
149973.9
150316.6
151136.2
151238.3
151536
151735.2
152015.8
153739.4
154308
154910.7
155594.6
155636.8
156887.4
158349.2
159234.6
159432.5
159443
159445.6
159506.7
159528.5
159543
159553.6
159706.6
159774.8
160090.8
160216.3
161586.6
161619.1
162971.2
163030.9
163034.4
163224
163296.9
163368.4
163557.2
163629.2
163778
163932.2
164200.6
164213
164234.7
164275
164289.6
164448.5
164516.6
164617.5
164627.3
164668.7
165610
167069.9
167204.7
167208.7
167219.1
167223.8
167327.4
167423.6
167432.3
167510.4
167571.8
167580.9
167609.9
167615.4
167733.1
167774.7
167810.6
167892.9
167923.9
167931.9
167998.2
168009.7
168012.2
168024
168026
168080.6
168151.5
168232.5
169547.7
169659.7
169796.6
169840.6
169841.9
169892.4
170868.9
171256.4
171303.2
171517.6
173743.8
173806.3
174009.2
175897.2
175949.7
176047.9
176075.5
176099.8
176128.8
176299.8
176314.4
176389.8
176531.9
176546.5
176553.3
176575.6
176605.7
176654.9
176678.1
176712.6
176811.1
176841.3
176861.4
176886.3
176889.8
176956.4
176983.8
176985.8
177019.3
177048.7
177144.9
177154.6
177189.3
177226.3
177333.7
177366.2
177421.1
177508.3
177514.8
177520.4
177569.5
177589.3
177621.3
177636.6
178609.4
178748.4
179644.8
180015.4
180053.4
180091.9
180121.1
180254.9
180259.7
180275.5
180470.2
180677.4
180805.8
183497.4
183544.1
183577.7
185641.8
185648.7
186060.3
186323.7
186464.8
186526.2
186599.1
186725.9
187078.8
188484.2
188646.4
188653.2
188657
188730.2
188732.2
188904.3
188974.6
189032.1
189038.5
189144
189360
189361.2
190257
190738.1
190788.6
190981.7
191174.7
191399
191630
191663.8
191820.9
191858.3
191877.1
191878.8
193600
193674.8
193700.6
193746.2
193839.2
195102.3
195213.5
195334.1
195380.6
197472.8
202013.5
207816.8
208958.3
210183.8
212103.1
217348.1
217481.5
217516.2
217582.8
217588.6
217630.3
217945.9
217953
217990.2
218130.6
218392.3
222890.7
223824.8
223943.6
224000.2
224111.1
224203.1
224217.4
224223.4
224236.7
224269.7
224336.9
224383.2
224415.3
224445.2
224478.3
224508.9
224542.6
224593.7
224659.3
224741.3
224831.7
224847.9
224871.7
224885.9
224936.8
224954.3
225855.1
225893.4
226018.5
226078
226171.9
226309.6
226515.5
226543.3
228053
228267
228671.3
228680.6
228709.3
228904.7
228976.9
229219.5
229354
230350.5
230588.3
230891.2
230923.1
231042.9
231090
231212.1
231911.8
232150.4
232228.7
232298.8
232582.2
232704.8
232720.4
232734.2
232859.8
232925.7
233098.8
233201.3
233249.9
233264.3
233326.9
233358.8
233502.9
233513.9
233522.3
233570.1
233571.5
233577.3
233588.7
233602.2
233626.7
233681.5
233689.8
233839.7
233910.1
233981.9
239724.1
239801.3
239859.6
239968.9
240137
241239.6
244024.4
244027.8
244049
244055.9
244111.1
244159.8
244212.7
244298.9
244315.2
244341.4
244361.3
244376.6
244385.7
244521.4
244698.1
244723.6
244743.5
245004.3
245016.8
245107.3
245144.6
245259.3
245271.4
245455.2
245508.7
245581
245605.3
245698.7
245713.2
245740.7
245746.6
245798.3
245824
245858.9
245870.8
245912.6
245920.5
245987.3
245997.5
246039.8
246066.5
246073.5
246075.7
246078
246174.4
246213.6
246244.8
246293.8
246300.9
246346.8
246381.2
246413.8
246444.6
246495.5
246641.7
246673.9
249670.7
251004.5
251239
251394.5
251496.6
251698.1
251847
251878
251924.1
252460.5
257999.2
258538.1
259737.5
259790
264539.3
264755.4
264772
264810.1
264824.8
264851.4
264864.6
265010.6
265076.5
265382.1
265421.8
265445.4
265486.5
265515
265540.4
265573.2
265621
265657
265907.4
265953.3
266033.3
266101.3
266173.3
266360.8
266402.6
266406.4
266434.2
266444.4
266609.6
266632.3
266711.9
266763
266770.2
266774.4
266860.3
266882.1
266991.8
267073.9
267082
267085.3
267105.9
267191.6
267274.1
267290.1
267469.1
269664.2
269672.2
269972.5
270021.3
270087.7
270136.9
270259.5
270290.1
270338.5
270362.1
270380.2
270523.4
273247.1
273347.2
273827.6
273850.7
278360.9
278434.4
280999.8
281505.9
284834.3
286970.4
289973.3
295457.3
295552.2
295620.8
295682.7
295716.6
295720.9
295787.9
295825.5
295874
295890
295944.4
296016.2
296046.7
296082.4
296125.6
296162.2
296162.7
296170.9
296272.2
296308.6
296406.7
296424.9
296493.8
296634.2
297733.6
297786
297796.7
297823.3
297846.7
298121.7
298380.3
298421.9
298627.6
300292.4
300312.5
300334.2
300370.8
300410.2
300525.9
300565.5
300732.4
300801.3
300966.3
301039.1
301189.7
301215.1
301256
301736.1
303470.3
303541.8
303560.2
303586.5
303682.8
308222.9
308237.4
313244.4
313263.7
313288.1
313316.8
313385.8
313390.6
313419.8
313563.1
313579.7
313580.5
313595.7
313603
313763.2
313990.3
314105.3
314241.5
314331.2
314534.3
315666.9
315678.8
315854.5
315855.9
315927.2
315955.2
315961.5
315965.6
315980.1
316017.8
316046.2
316073.8
316080.3
316089
316100.7
316140.9
316161.2
316184.6
316260.7
316389.5
316393.4
316401.7
316420.5
316432
316440.4
316465.7
316547.3
316622.7
316978.2
317074.1
317180.6
317300.7
317462.4
317957.1
318011.4
318106.4
318160.7
318350
318450
318496.4
318575.9
318746.1
318771.1
319154.8
319280.1
319361.1
319507.9
319646.1
319699.4
319737.4
319806.7
319844.5
319853.9
319876
319959.5
322717.1
322858.4
322972.4
323016.7
323061.5
323114.2
323140.7
323172
323710
323725.5
324253.1
324962.5
329678.3
329722
329802.5
329806.2
329811.7
329832.8
329837
329876.8
329881.7
329917.9
329957.4
329964.9
330018.8
330038.3
331324.9
335055.7
335299.5
335355.4
335356.7
335427.5
335452.3
335462.4
335547.8
335586.8
335624.3
335630.9
335708.7
335754.9
338728.9
339136.8
341859.6
342043.7
342099.7
343085
343411.8
343455.6
344823.4
345031.6
346856.7
346884.9
346934.6
347082.2
347479.3
347572.5
347585.1
347941.5
347965.9
347970.8
347972
347979.3
348095.3
348117.5
348144.5
348161.8
348197.9
348202.2
348215.9
348236.2
348287.1
348411.6
349463.4
349533.9
349555.5
349669.1
349676.2
349678.1
349749.1
349765.8
349783.2
349803
349844
349844.8
349896.8
349899.2
350060.7
350086.8
350135.9
350138.5
350143.9
350167.2
350366.8
350387.6
350401
350534.9
350672.7
350727.3
351051.5
351077.6
364603.7
364731.2
365037.3
365150.9
365189.6
365215.2
365223
365235.8
365312.6
365366.6
365427.2
365467.2
365472.6
365526.5
365539.7
365563.6
365624.7
365627.8
365676.2
365789.6
365812.8
365826.5
365844.4
365915.1
365939.8
365987.5
366061.2
366082.4
366113.5
366143.2
366163.4
366226.8
366340.2
366442.2
366508.2
366542.6
366554
366607.8
366740.8
366897.8
366935.5
366970.1
367001.2
367009.2
367019.6
367021.9
367141.4
367170.4
367225.1
367289
372956.5
372993.4
373014
373324.2
373333.9
373350.3
373362.5
373489
374271.3
374436.8
374571.9
374643.9
374856.9
374866.4
375022.8
375024.4
375263.9
375265.2
375402.2
383405.6
387862.6
388381.8
388636.8
388645.6
396987.5
397099.4
397192.2
397393.6
397560.3
397899.7
401555.4
407885.8
408851.7
408928.3
409052
409926.6
409961.2
410208.4
411139.7
419326.8
422667.6
422955
423049.4
427906.2
427963.7
428078.7
428128.9
428235.3
428236.5
428260.8
428328.1
428359.4
428383.6
428423.1
428464.9
428508.5
428535.8
430051.7
441547.7
441570.9
441597.3
441627.1
441714.8
441725.7
441748.2
441785.1
441855.6
442037.7
442098.4
442414.5
442448.4
442612.4
442643.7
442660.6
442770.5
442790.2
442816.8
442971.9
443103.4
443161.1
443323.1
443492.5
443831.9
443849.1
443980.2
444032.7
444184.7
444193
444329.5
444372.8
444384.7
444424.7
444617.7
445495.7
448941.1
448968.8
449169.6
450602.5
450852.8
450859.5
450983.7
453140.1
453669.9
453708.9
453787.4
453818.4
453962.1
454024.6
454038.9
454043.8
454072.4
454220.9
454253.7
456600.8
456777.9
456865.1
456893.4
457084.8
457112.7
457191.2
457232.4
457330.7
457434.8
457466.1
457540.6
457565.4
459251.1
459344.5
459356.8
459445.5
460451.4
460464.5
460507.7
460553
460618.5
460752.3
460821.8
460867
460876.5
460898.5
460905.8
460939.4
460968.3
460977.6
461048.6
461152
461176
461258.1
461534.1
461729.1
461759.4
462097.6
463073.2
463157.6
463505.6
463554.5
463613.2
463618
464247.4
464304.3
464604.6
464616.4
465003.1
465044
465086.4
465188.1
467406.5
467707.4
469112.4
469681.2
469996.9
470132.9
470449.9
470466.9
479791
483078.2
483328.6
483458.2
483484.5
483543.4
483707.9
484051
484107.8
484333.9
500033.2
513902.5
516851.5
517216.2
517275.7
517286.7
517289.7
517317.4
517402.8
517629.6
518172.7
525888.4
526189.3
526266.9
526343.8
526409.2
526451.8
526481.2
526623.6
526647.1
526662.5
526688.9
526709.1
526888.3
526898.7
526991.7
527072.9
527084
527101
527158.6
527171.4
527268.1
527466.4
527472.7
527706.2
528163.3
532080.3
532262.3
532306.9
532323.5
532397
533912.7
534045.6
535681.4
535726.2
536759
536935.1
536986.5
537039.9
537150.7
537189.4
537229.3
537244.7
537275
537362.2
537380.1
537406
537445.1
537470.2
537497.5
540023.3
540996.5
541168.8
541219.4
541252.2
541366.1
541426.9
541637.3
542038.7
547888.4
547899.4
548956.4
549086.5
549368.3
549400.1
549432.1
549496.3
549531.8
549545
549561.4
549717.1
549863.7
551116.3
551178.6
551436.4
553018.9
553171.8
553300.6
554083.9
554090.7
554208.9
554209.9
554239.4
554474.6
554478.2
554486.3
554529.7
554547.2
554660.2
554758.5
554761.4
554821.3
554832.2
554922.7
554975.4
555063.9
555077.4
555086.1
555135
555163.8
555333.7
555428.2
555578.8
555580.8
555728.5
555745.7
555775.5
555782.2
555865.8
555878.3
555939.9
555993.1
556021.1
556064.4
556204.9
556226.7
556370.4
556434
556437.4
556445.8
556459.4
556473.6
556514.9
556542.3
556547.2
556636
556757.6
556789.9
556817
557020.3
557037.9
557088.1
557089
557158.6
557162.2
557168.9
557179
557215.6
557268.6
557335.5
557356.5
557408.1
557533
557548.4
557579.2
557610.1
557614.8
557775.2
557788.1
557828.9
557890.2
557926.4
557931.7
557966.1
557974.6
558015.2
558051.4
558098.5
558305.5
563795.6
564472.4
568408.8
568793.7
568965.7
569634.3
570703.7
571029.6
571109.7
571131
571148.8
571290.3
571403.9
571463.5
575935.1
575955.4
577897.2
578023.9
578097.7
578120.1
578158.1
578223
578272.1
578347.4
578844.4
579427
579430.5
579570.7
579632.8
580718.1
580737.5
580855.3
580875.5
580877.8
580894
581116.5
581155.1
581178.2
581316.6
581552.6
581742.8
585840.2
588686.4
588783.8
588848.2
588887.5
589125
589153.2
589159.2
589181.4
589255
589275.8
589286.4
589821.1
589990
590269.8
590320.5
590326
596072.9
596144.2
596145.1
596197.6
