5246.2
5482.2
5495.2
7784.8
7820.4
7829.5
7847.2
7875.6
7923.8
7942.9
8043.4
8105
11293
11384.2
11485.5
11520.6
11565.9
11608.9
11609.9
11812.5
12613.7
17301.1
17308.5
17319.3
17351.9
17354
17373
17396.2
17401.5
17479.1
17526.4
17641.8
17685.2
17719.9
17722.9
17803.1
17855.2
17891.7
17906
17924.2
17957.1
18010.5
18025
18325.1
18388.1
18474.2
18492.6
18575.8
20963.6
20966.4
21008.9
22573.3
22824.3
22839.5
22870.6
23068.4
24686.5
25098.2
25675.7
25930.9
25931.6
26586
26693.5
27972.6
28380.7
29922.2
30088.6
31114
31176
31237.2
31445.9
31461.9
31661.6
31679.3
31679.9
31804.2
31871.3
31897.3
31898.6
31947
32050.9
32388.6
33172.9
33273.9
33303.7
33636
38844.1
38859.3
38868.1
38958.5
39042.5
40504
40658.5
40780.2
40790.6
40795.5
40805.5
40835.2
40844.1
40917.7
40930.2
41045.4
41165.2
41167
41200.1
41271
45839.3
45914.2
45980.1
46039.1
46043.2
46095.7
47453.6
52242.7
52269.1
52283.3
52284.8
52363.7
52374.8
52414
53020.7
53134
53217
54084.1
56448.4
56525.6
56548.4
56589.6
56664.5
56750.3
56794.1
56902.8
57710.2
57872.2
57960.3
61040
61057.6
61450.9
62780.7
62872.2
64674.3
64953.3
65114.9
65162.3
65188.9
65246
65304.8
65306.7
65464.9
65484.2
65644.1
65680
65745.6
65777.1
65796.9
65837.7
65853.8
65898.8
65970.9
67169.9
67220.5
67263.3
67403.3
67479
67501.4
67574.7
67611.7
67767.9
68075.3
68244.8
68284.6
68328
68338
68480.9
68720.2
68851.9
69607.8
69614.1
69794.6
75133.9
75276.6
91424.8
91486.3
91563.2
91579
91592
91611.6
91619.9
91627.9
91732.8
91739.2
91888.4
91900.8
91927.2
92184.3
92232.2
92232.9
94030.4
103417.8
104621
104694.8
104811.5
104928.7
105027.5
105080.1
105188.7
105271.9
105278.2
105302.3
105309.6
105435
111474.8
111611.4
113141.3
113239.9
113295
113301.6
113309.1
113314.4
113444.7
115016.4
125528.5
125966.5
128661.4
128683.1
128801.2
128904.9
128910.3
128940.5
129044.3
129101
129136.7
129150.1
129154.2
129255.8
129265.5
129305.3
129311.5
129331.9
129362.2
129378
129406.3
129466.7
129483.5
129537.3
129588.1
129612.3
129669.4
129706.5
129731.6
130105.2
141406.7
141481.3
141565.9
143780
143813.9
143891.1
143897.2
144904.3
145438.6
145721.4
145777.4
146840.1
148216.7
148306.8
149745.2
149879.9
150840.6
151543.5
154927.8
156075.9
156108.2
156296.8
156844.5
157016.7
159182.1
159272.9
159352.8
159364.8
159683
159812.6
159866.4
161415.2
161483.9
161594.5
161638.5
161646.4
161692.3
161696.2
161741.2
164346.6
166380.2
167677.7
167711.6
167895.7
170148.6
172423.2
172453.7
172494.9
172501.6
172541.8
172551.3
172636.1
172671
173107.2
174765.6
177766.2
177998.6
178580.3
182868
183018.1
183022.7
187507.4
189060.2
189125.6
189149.6
189379.3
189407.1
189421.1
190799
190887.3
190899.6
191498.9
191621.8
191632.9
191796.9
191895.4
191925.9
192048.7
192243.6
192333.5
192781.6
193119.4
193131.6
193196.5
193224.9
193483.3
193633.7
193957.1
194175.1
194917.8
194948.9
195134.6
195141.2
210191.9
211166.2
211336.3
214373.4
214389.5
214402.7
214569.9
214705.6
214963.4
214994.1
215005.5
215007.3
215021.5
215097.3
215113.9
215116.6
215213.5
215393
221086.5
221112.9
221177.3
221302.1
221343
221356.1
221364.7
221436.7
221618.6
221645.2
221650.3
221742.3
221829.2
221847.2
221853.3
221884
221903.9
222087.9
223567.9
225365.5
230920.5
230925.4
231592.9
232025
232102.9
232139.3
232177.1
232190.4
232431.5
232523.2
232599.4
232643.5
232732
232736.5
232934.6
233251.5
233903.7
233907.2
234022.4
239698.9
239757.3
239973.9
240095
240149.4
240241.7
243590.3
243672.1
243992.3
244061
245340.6
246323.3
249467.5
249568.4
249681.5
249710.4
249743.2
249794.3
249811.9
249833.5
249843.2
249895.1
249984
250009.7
250108.9
252426.1
252716.7
252758
252773.7
252840.6
252851.3
252922.1
253056.7
253185.7
254507.7
254578.9
254599.4
254761.4
255031
255042.8
255089.4
255245.9
255407.9
263950.4
263975.1
263997.7
264007.1
264043.7
264095.5
264226
264232.2
264248.4
264271.1
264296.4
270454.4
272830.1
272980.2
272984.7
272994.7
273000.7
273132.4
273151.9
273245.4
273261.9
273336.2
276054.4
276072.8
276501.9
276531.1
276557.9
276859.7
278011.8
278277.7
282010.9
282074.7
282168.3
282472.4
282508.3
282516.8
282528.3
282606.9
282622.6
282631.2
299007.4
299101.2
299129.2
299145.4
299147.2
299184
299256.3
299299.1
299456.4
299603.1
303245.8
303287.4
303437.5
309174.8
310074.3
311396.2
311450.6
313809.2
314602.7
315068.1
315098.7
315284.2
315546.7
320138.4
320244.2
320264.8
320299.5
320535.2
321784.6
325043.9
329711.4
330293.5
330408.3
330409.2
330476.4
330489
330533.9
330541.7
330699.7
331062.8
331150.2
331208.7
331221.7
331301.9
331319.3
331365
331432.2
331493.8
331543.4
331587.7
331606.8
331750.1
332005.6
334695.9
334786.8
334808.7
334954.7
335001.9
335119.8
335261.4
335542.6
336845.1
336959.4
336978.9
336984.1
336999.5
337073.5
337082.4
337126.7
337279.4
337300
337302
337459.8
337517.2
337524
337524.7
337642.6
337681
337687.3
337691.4
337794.3
339187.5
339543.1
339545.6
339723
339730
339801.5
339822.9
339972.7
339982.6
339991.8
340015.5
340035.5
340076
340188.4
340196.1
340208.1
340239.5
340242.9
340251.3
340251.6
340444.7
340739.8
340926.5
341286.8
341357
341583.8
343444
343529.4
343590.7
343622.3
343647.1
343734.4
343736.1
344148.2
344321
344343.5
344433.4
344473.1
344508
344558.1
344701.4
344746
344755.4
344876.6
344887.5
344897.4
344937.4
345006.7
345059.4
345279.8
345347.2
345367.3
345409.8
345418.3
346181.3
346550.5
346570.4
346578.8
346744.8
346805.3
346971.9
347032.9
347301.9
347431.6
347524.2
349079.5
349451.9
349671.2
351414.5
351543.7
374601.5
374818
374843.2
384083.6
386103.2
386547.2
386756.1
386780.3
386828.3
386951.4
387746.6
388063.9
388159.8
407621.7
407767.4
408626.1
410845.2
422707.2
423139.6
423184
423221.7
423269.6
423286.1
423293.6
423332.2
423457.6
423462.3
423482.8
423484.1
423486.5
423498.5
423522.8
423593
423689.6
423690.7
423706.3
423793.7
425144.4
425157.6
425193.5
425202.3
425263.7
425281.1
429886.1
430170.8
430191
430250.3
430319.5
430382.8
441916.4
441928.4
441937.8
441953.6
442386.9
442449.8
442621.9
442624.3
442835.5
442884.2
443129.9
443258.5
443364.8
443394
443558.1
443871.2
443913.2
444038.6
444122
444143.8
444155
444442.9
444471.3
444505.8
444535.3
444547.6
444559
444600
444602.6
444614.1
444679.2
444706.8
444724.2
444742.4
444865.7
444960
448372.3
448435.3
448456.7
448469.7
448538.5
448572.3
448667.2
448708.9
448725.4
448839.3
450105.3
450431.9
450449
450524.6
450607.7
451512.5
451567.6
451669.7
451684.4
451686.1
451722.2
451727.2
451735.5
451746
451844
451854.7
451862.4
451901.1
451918.1
451968
452056.3
452059.2
452114.1
452131.9
454895.5
455190
455582
455894.5
456155.9
456266.9
456508
457033.2
457538
457692.1
459596.3
459768.7
459814.1
459845.7
464018.4
464101.9
464102
464146.6
464220.7
464285.7
464336.6
467233.9
467536.1
467549
467685.5
467696.7
467731.8
467777.6
467783.9
467794.1
467872.6
467906.3
467916.6
467919.2
467946.2
468020.8
468033.6
468039.6
468133.6
468177.4
468293.4
468611.4
468654.4
468753.2
469270.2
469350.1
469399.7
469610
469834
469996.7
470959.3
480303.3
480513.7
482556.9
484287.1
484667
509194.6
510767.1
511736.2
511789.7
511805.1
511827.7
511893
511927.3
513217
513322.6
513436.3
513590.6
513657.2
513662.8
513755.1
513851.4
513944.9
513947.4
514057.4
514169.3
514174.6
514177.4
514226.4
514249.8
514314.6
514347.6
514396.4
514405.5
514467.7
514512.9
514685.2
514690.8
514762.7
514767.5
514781.6
514785.8
514794.6
514876.2
514931.5
514959.2
514964.4
514991.8
515128.3
515171.7
515181.3
515411.9
515821.2
516072.3
516253.2
516302.1
516324.2
516384.3
516740.4
516906.8
518242.4
521038.8
521431.2
522195.4
526948.7
527243.9
527315.9
527492
527495.4
527560.1
527697.3
527942.7
527950.7
528224.2
528544.6
528829.6
528847.2
528916.6
528943.8
528977.7
529148.5
529167.7
529469.1
530989.5
531738.4
531934.1
531942.4
531958.9
532095.4
532097.8
532169.7
533775.8
533826
533866.4
533902.7
533992.3
534220.8
534298.1
534576
534678.1
534701.4
534709.8
534712.4
534715.7
534719.4
534766.7
539330
539340.9
539580.2
539637.1
539637.2
539732.4
539820.7
539850.1
539890.8
539980.9
542275.8
542408.7
542438.7
542765.4
542880.3
542889.4
542895.3
542902.7
542926.4
542977.3
543020.4
543055.2
543118.2
543130.6
543174.8
543196.8
543204.8
543352.8
543370.5
543474
543574.6
543723.6
543761.8
543858.1
543879.5
544014
544079.5
544177.2
544206.5
544238.1
544254.3
544381.1
544447.7
544472.3
544591.4
544605.1
544621.3
544676.4
544709.5
544712
544902
545103.6
545154.2
545308
545326.5
545485.3
545593.4
545616.7
545694.5
545744.2
545751.5
545820.6
545933
545951.6
546252.9
546310.7
546346
546422.5
546510.7
548617
549459
549766.7
549775.3
549814.9
549819.2
549830.3
549859.6
549863.5
550020
550042
550045.6
550138
550144.4
550333.5
551893
551937.3
552169.5
552199.2
552215.8
552246.7
552278.6
552375.9
552480.1
552519.8
552593.7
552621.1
552727.1
552796.7
553488.5
559979.4
561735.1
561821.4
561850.5
561901.8
561949.8
561954.5
561959.3
561969.6
562028
562098.4
562133.5
562134.3
562134.5
562159.4
562174
562180.9
562298.8
562321.6
562348.4
562446.7
562518.9
562532.9
562547.1
562592.4
562637.9
562680.3
562682.8
562775.5
562811.7
562815.9
562851.9
562875.9
562881.6
562955.2
563020.3
563078.2
563114.1
563180.4
563207.2
563217.9
563251.8
563272
563310.4
563330.8
563380.5
563384.5
563413.1
563441.6
563523.3
563543.3
563629.5
563658.4
563677.3
563700.8
563756.3
563765.2
563786
563983.1
563997.2
564056.8
564057.1
564060.7
564085.9
564146.5
564228.6
564266.5
564289.3
565439.1
566824.4
567775.5
567831.2
567913.2
568171.4
568342.4
568626.1
568872.4
568901.7
569205.2
569311
569360.2
569545.6
569999.9
570215
570410.4
570415.4
570424
570439.8
570512.4
570531
571629.8
571783.6
571797.1
571837.3
571876.4
571929.7
571930.4
571932.4
571958.4
571979.2
572023
572026
572029.9
572072.5
572105.2
572109.3
572129
572188.9
572192.6
572205.7
572327.8
572328.8
572358.3
572362.4
572417.9
572510.7
572535.5
572536.8
572868.2
573327.7
573427.6
573501.2
573674.1
573688.5
573735.4
573766.3
573859.3
573878
573899.9
574045.8
576266.1
576269
576315.1
576336.3
576402.1
576493.3
576536.8
576549.3
576562.6
576574.9
576650.1
576666
576698.5
576699.1
577137
577177.6
577508.5
578312.6
578518.3
578526.3
578563.6
578586.9
578595.1
578596.1
578760.9
578785.3
578819
578828.9
578836.3
578849.9
578904.3
578996
579096.5
579140.9
579180.7
579240.8
579291.8
579345.8
579568.9
585889.9
586022.8
586245.4
586625.5
586635.1
587855
587987.8
593952.9
594735.9
594745.3
594798.7
594981.8
595043.2
596252.4
596388.8
596488
596506.3
596556.5
596641.7
599172.1
599271
599410.2
599482.7
599598.6
