11828.6
11854.3
11854.4
11971.5
12006.2
12031.1
12040.5
12152.6
12218.1
12256.1
12267.2
12305.8
12311.5
12313
12384.7
12393.3
12427.6
12469.8
12476.9
12679.5
12976
20582
20661.1
40184.7
40749.9
40904.8
40962.8
40984.1
41103.4
41388.9
41401.4
41448.9
41533.7
41595.2
41621.9
41674.4
41691.9
41820.3
52761.6
53380.1
56915.8
56941.4
57070.9
57311.5
57597.2
57704.3
57723.6
57726.2
57753.3
57759.2
57840.7
57899
57916.7
57991
58027.9
58045.8
58139.8
58141.3
58142.7
58212.7
58243.2
58294.6
58355.2
58356.7
58363.5
58382.3
58385.5
58413.3
58448.4
58535.5
58561.1
58646.8
58780.7
58833.7
58883
58901.2
58915.9
59018.9
59044
59062
59127
59225.3
59290.7
59421.9
66203.8
66414
66525.4
66544.1
66619.4
66691.8
66800.2
68761.7
70283.7
72245.4
72395.5
117934.6
118100.4
118137.6
126456.8
134237.5
137811.9
140360.6
144264.9
144993.8
148256.4
148301.1
154147.2
154357.6
154517
154741.2
155263.7
156554.5
161165.6
161452.2
161528.1
161692.6
161700.9
163125.9
163546
163686.1
164334.8
164378.7
164466.5
164564.2
164581.6
164607.6
164634.5
164662.9
164682.3
164704.8
164711.6
164737.4
164796.7
164943.3
165008.9
165170.1
165249.1
165451.6
165462.1
165493.3
165576.7
165586
165649.6
165670.5
165693.5
165725
165740.2
165928.1
165934.5
165994.2
166113.2
166152.5
166161.1
166260
166416.9
166479
166907
167004.9
167180.6
167238.3
167604.7
167728.7
167772.1
167832.3
167904.3
167946.8
168005.6
168017.7
168135.7
168179
174132.6
174323.2
174377.2
174419.9
175167.3
175268.6
188627.3
188905.2
189046.6
189144.9
189432.9
189491.4
190596.8
190645.6
190699.8
190787.6
190948.6
191006.8
191015.5
191129.3
191154.8
191167.1
191221.3
191257.2
191306.1
191340.1
191358.6
191366
191426
191440.8
191470.1
191492.8
191589.8
191752.4
191855.4
191895.2
191907.4
191932.7
191969.9
192014.2
192014.7
192091.5
192135.5
192217.5
192226.1
192227.6
192293.1
192651.8
192989.7
193110.6
193134.2
193251.2
193474.3
193795
194433.3
199484
199834.4
199904.4
199934.2
200060
200125.6
200318.8
200343.1
200480.2
200539.9
200643.6
200954
201360.7
201670.7
201815
202098.6
202386.1
202414.7
202420.3
202450.1
202511.6
203038.8
203232.5
203840.1
203944.9
203947
204159.5
204650.8
204826.7
204927
204932.8
204987.8
205283.3
205342.1
209925.8
210209.5
210415.3
210444.2
210528.8
210606.2
210657.2
210909.8
210957.6
210964.7
211074
211089.6
211258.6
211294.4
211319.9
211467.9
211581.5
220440.1
230490.6
230663.2
230752.6
230789
230826.6
230841.8
230873.7
230886.2
230908.8
231006
231032.8
231120
231130.5
231153.9
231161
231344.9
231382.4
231384.9
231386.7
231428
231433.8
231511.6
231535
231585.4
232498
240855.7
241294
241391.4
241585.2
241678.1
241782.1
241825.2
241879.1
241905.9
241925.1
242004
242035.6
242110.4
242119.9
242126.5
242161.2
242197.3
242219.4
242250.9
242254.2
242257.5
242456.9
242503.4
243024
243073.1
243095.5
243156.7
243412.7
243564.1
248697.9
248769.6
269791.7
269952.3
269979.9
269997.5
270089
270101
270214.3
270244.6
270347.1
270419
270441.8
270640.3
270762.5
270797.6
270820.2
270847.2
270882.6
270900.9
270915.6
270967.3
271010.6
271081.6
271178.8
271194
271219
271230.8
271253.6
271253.8
271286.3
271299.1
271420.1
271424.7
271435.9
271445
271517.9
271579.5
271854.8
271856.2
271873.4
271963.7
271980.5
271996.1
272034.1
272038.5
272102.8
272115.5
272310.5
272410.6
272613.5
272690.7
272780.2
272809.4
272866
273039.2
273481.8
274281
274284.1
274424.5
274644.2
274811.6
275027.9
275219.5
275470.4
275482.7
275504.3
275717.6
275747.5
275937.3
275953.1
276061.7
276100.1
276209.3
276262.2
276480.3
276496.5
276595.2
276751.7
276768.6
276875.4
276904.2
276908.3
276950.5
276965.3
277017.6
277220.4
277238.3
277331.9
277453
277655.5
277876.2
277942
278078.7
278114.5
278142.9
278180.7
278245.6
278395.1
278493.2
278498.1
278635.9
278734.6
278764.5
304232.8
309055.3
309463.1
309918.7
310757.9
310793.6
310816.4
310863.4
310878.2
310882.8
310925.3
310963.5
311127.1
311221.8
311237.4
311265.6
311271.5
311285.5
311359.6
311434
325282.7
325526.5
325745.7
325820
325976.3
326009
326197.9
326232.1
326326
326327.8
326437.2
331360
332204.6
332325
332332.6
332406.4
332419.8
332428.4
332581.4
332917.5
333066.3
333603.9
333648.4
333666.7
333781.5
333797.3
333851.4
333954.3
334014.3
334640.7
334806.1
335073.8
335200.6
335361.9
335505.1
335516.5
335682.4
336252.3
343256
343545.7
344063.4
344469.4
344701.1
344894.6
344915.8
345198.6
345253.6
346612.1
346907.4
347025.5
347027.9
347030.5
347036.9
347058.4
347150.6
347271.7
347391.8
347516.6
347627.9
347730.7
347785.6
347829.8
347833.6
347941
347964.5
348020.1
348091.5
348396.4
348452.7
348479.6
348487.5
348546.9
378862.9
380142.2
383080.2
401239.9
403217.3
404274.9
406197.8
420376
420657.6
421004.3
421088.4
421115
421153.4
421263.9
421400.4
422005.4
422351.5
427809.9
427920.6
427920.9
428106.9
428115.9
428260.6
428306
428466.5
428487.7
428497.6
428544.4
428574.4
428589.5
428624.7
428631.1
428698.7
428729.9
428746.2
428780.8
428810.2
428890.2
428908.8
429010.7
429141.5
429158
429165.1
429179.6
429296.5
429315.3
429412.5
429420.8
429475.2
429499
429618.4
429621
429658.5
429663.3
429692.9
429768.4
429901.4
429989
430328.1
444675.6
445186.4
445266.9
445289.3
445299.1
445317.8
445330.8
445351.5
445425.3
445488
445532
445571.2
445639.5
445726.3
445889.2
445902.3
445926.4
445929.5
446629.2
446652.7
446670.3
446671.6
446697
446734
446843.6
446874.8
446958.5
446968
447066.8
447126.1
447211.6
447256
448436.1
448773.6
448791.3
448931
455379.4
456180
456189.3
456206
456242.1
456247.4
456279.1
456281.2
456285.4
456290.3
456324.6
456374.9
456414.9
456443
456454.8
456504.9
456539.2
456542.3
456570.9
456712
456751.6
456868.2
456977.6
457048.4
457084.2
457096.9
457105.6
457141.3
457194.9
457289.9
457296
457334.6
457634.9
457707.1
457959.7
457992.3
467803.4
468350.3
468599
474415.8
475149.4
478028.8
478797.5
479276.3
480000.2
480674.2
481136.2
481145.4
481161.9
481191.3
481241.8
481414.7
481801.8
482142.4
493661.2
494121.9
508507.8
509139.1
509185.6
510099
510292.7
510645.9
511130.4
511286.7
511296.4
511762.5
511817.5
511886.1
512004.6
512436.3
527790.7
528849.6
529161.6
529383.9
529591.5
529771
529945.8
529988.3
530028
530029.4
530114.1
530251.8
530257.1
530264.4
530273.1
530312.6
530357.6
530419.5
530440.4
530514.2
530520.2
530544
530554.8
530603.4
530678.6
530691
530692.3
530794.6
530883
530904
530915.5
530994.6
531017.6
531031.2
531096.4
531173.8
531183.2
531234.8
531279.9
531280.1
531540.5
531603.3
531722.3
531956.1
531968.3
548504.8
548951.2
549471.5
549540.9
549609.4
549621.9
549641.5
549699.3
549727.7
549768.5
549828.8
549952.6
550073.3
550315.4
561773.5
561800.3
561899.7
562111.1
562179.4
562192.4
562342
562460.7
562529.8
562656.5
562792.4
562886.8
562895.6
562962.4
563053.7
563078.5
563111
563234.2
563976
564019.3
564059.4
564155
564330.9
564343.7
564386.9
564490.5
564557.6
564570.7
564571.4
564647.1
564651
564837.6
564861.7
564863.2
564943.4
564956.4
564957.6
564999.2
565011.5
565068.2
565179.1
565185.3
565229.4
565262.3
565394.7
565608.3
565734.5
565743.9
565776.1
565801.3
565869.4
566260.7
566296.6
566299
566452.7
566474.5
566494.4
566604.6
566674.4
566802.4
566806.8
566925.3
566986
567093.9
567161.1
567362.2
567405.9
578037.5
578065.4
578159.2
578178.6
578181.4
578211.9
578284.2
578362.7
578365.7
578389.2
578544.6
578653.1
578675
578852.6
578982.4
578997.7
579165.1
590118.5
590321.7
590333.3
590457.7
590588.7
591287.2
595350.1
595350.4
595493.7
595540.9
595724.7
595933.1
596146.7
596184.7
596309.3
596425.3
596442.4
596465
596507.8
596678.8
597156.2
597803.3
