1779.2
2156.9
2299
2334.8
2456.4
2480.2
4955.7
4973.7
4990.8
5015.6
5033.8
5590.2
5597.7
5617.2
5739
5751.3
5783
5871.3
5879
5879.2
5986
6003.4
6006.8
6139.8
6244.9
6281.6
6339.5
6398.3
6442.6
6451.6
6616.1
7735.4
11110.5
14035.8
14863.8
14931.3
15038.6
15271.6
15448.9
15519.8
15621.3
16702
16821.1
16847.5
17014
17988.8
18000.4
18260.9
18454.6
18469
18632.1
18685.8
18702.7
18786.9
20961.5
21602.9
21736.4
21999
24314
28104.6
35924.4
36045.9
41070.8
41196.4
41849.7
41947.5
42180.9
42240.4
42439.1
43445.2
43458.4
43460.3
43604.6
43653.7
43712.2
43747.2
43827.8
43832
43875
43880.8
43911.8
43926.2
43963.6
45142.4
45228.4
45291.2
45362
45541.2
52356.8
52623.9
52732.9
52783.4
52855.8
52972.2
53293.1
53318.9
53332.9
53837.5
53850
53869.9
53883.5
54056.2
54126.8
54150.9
54415.4
54578.9
54619.8
54703.5
54775
54832.1
56844.7
56944.5
56971.8
57028.2
57029.8
57152.5
57157.4
57169
57328.6
59273.7
59316.8
59351.2
59417.9
59446.4
59471.9
59474.6
59539.4
59540
59600
59814.2
62793.8
63041.3
63050.5
63082.6
64002.6
64074.7
64215.7
64246.7
64318.2
64346.4
64368.8
64379.7
64392.3
64401.1
64401.4
64406.3
64445.5
64466.9
64479.1
64542.5
64602
64605.7
64617.6
64721.8
64738
64747
64819.4
64864.5
64907
66113.4
66240.4
66344.3
66432.2
66541.9
66548.1
68322.9
69580.5
69704.8
69760.2
69769.3
69796.6
69847.6
69878.8
72439.2
72551.9
72628.5
72663.1
72902.9
72982.7
73006.4
73048.5
73167.4
74641.6
74747.8
74869.9
77900.4
78254.1
78330.9
81685.6
81908.9
82412.9
84334.9
84617.6
84639.7
84643.3
84695.7
84762.3
84768.1
84782
84850.9
84933.4
84941
84986.4
85060
85073.9
85083
85194
88280.6
88310.5
88599.4
88991.6
89310.1
90679.6
90814.1
91065.3
92341.8
92398.9
92404
92413
92488.8
92540.8
92563.5
92606.9
92626.9
92630.3
92754.2
92781.8
92889.4
92897.3
92916.7
92922.8
93161
93175.1
93587.7
93912.4
93924.6
94009.9
96450.3
97159.6
97681.3
98611.6
99609.8
99714.8
99966.3
100618.8
100639.9
100681.8
100741.1
100844.1
100910.3
101001.7
101155.1
102082.2
102142
102206.2
102259.8
102456
102506.3
102614
102818.3
102855.3
102960
102964.2
103114.5
106141
106156.5
106304.7
106365.9
106443.9
106450.9
106458.5
106490
106507.1
106730.3
107595.2
107619.8
107680.6
107774.8
107806.7
107825
107879.8
107927.6
108038
108045.4
108543.7
108551
109739.7
109812.7
109918.3
109928.7
110104.2
110160.9
110268.3
110557.2
110657.8
112121.1
112134.4
112191.4
112225.6
112235.9
112256
112261.6
112274.6
112318.6
112336.7
112373
112398.8
112414.7
112629.3
112701.6
112726.8
112745.2
112772
112809
112829
113373.1
113435.5
113438
113463.8
113507.3
113509.7
113544.7
113563.5
113588.8
113602.8
113686.8
113752.4
113886.4
113890.6
113961.1
114218
114340.5
114622.3
114781.3
114917.3
114993.9
115033
115048.6
115054
115183.8
115200.1
115241.3
115392.7
118348.1
118547.4
119069
119071.8
119118
119360.9
119368.7
119462.6
119468.7
119537.4
119619.1
119622.1
119693
119731.7
119737.9
119790.7
119799
119819.6
119829.1
119880
119976.9
119981.8
119993.8
120078.9
120147.2
120200.4
124998.8
125131.8
125400.2
125606.6
125633.9
126166.2
129931.1
134571
134900.3
134973
136134.2
136451.5
136459
137562.8
137993.6
138129.7
138621.5
145750
145882.8
146084.7
146298
146318
146329.4
146392.2
146523
147042
147723.9
148008.4
148845.6
149270
149406.3
149778.5
149789.9
150414
150453.1
150484.3
150507
150844.5
151093.8
151815.9
151880.3
152318.4
152962.7
153076.9
153178.6
153353.7
154141
154259.1
154332.8
154341.4
155660.2
155909.5
155969.4
156132.6
157556.3
158188.4
158810.4
159888.9
160014.3
162794.8
165407.9
165414.7
165545.7
165762.4
165779.3
165900.7
165942
165973.7
166171.2
166199.3
166216.3
166341.1
166415
166441.5
166520.9
166521.1
166715.6
166748.2
166865.4
166886.2
166917.3
166951.6
168933.6
168968.2
169044.9
169055
169094.1
169170.3
169305.4
169326.6
169342.6
169517.4
169539.9
169619.5
176273.2
176748.6
176927.6
177283.3
177793.7
178138
178183.6
179058.2
181254.8
181280.2
181304.4
181423.4
181438.4
181467.9
181500.4
181538.5
181677.2
181872.7
182142.1
182260.5
182429.6
182438.7
182520.4
182553.6
182587.3
182588.2
182606.7
184944.8
185276.3
185351.7
185458.5
185498
185502.5
185533.7
185541.8
185690.6
185811
185998.2
186312.9
186656.4
186753
186853.9
199785.9
200249.9
200284.1
200565.8
201014.4
201299.9
201389.1
201393.6
201422.5
201626.3
201788.8
202197.1
202896.2
203048.8
203764.4
203901.6
204046.4
204292.3
204618.5
204736.6
204885.9
204938.5
204994.9
205141.4
205161.3
207903.7
208031.3
208049.6
208362.9
208412.6
208424.2
208652.5
208752.9
208757.3
208795.1
209140.6
209403.9
210134.4
210314.1
210434
210562.7
214493.5
214652.1
214797.7
214823
214889.3
214916.6
214941.7
215065.2
215139.3
215335.2
215344.2
215372.3
215411.6
215453.3
215481.2
215504.3
215504.8
215511.6
215564.9
215583.3
215746.2
215762.4
215776.6
215872.7
215873.8
215885.3
215903.3
215912.6
215930.3
215952.8
216352.7
216375.9
216382.1
216417.7
216497.2
216573
216646.8
216752.6
216839.4
216866.8
216869.7
216886.4
216927.7
217010.7
222346.9
222432.2
222446.2
222447
222453.9
223849
225064.4
225070.2
225076.3
225172.3
225211.8
225246.5
225844
229779.7
232927.6
233153.9
233218.3
233244.8
233289.4
233293.5
233509.9
233533.1
233557.5
233614.5
233936.4
233964.3
233984.2
233985.8
233997.8
240434.8
240908.7
241328.9
242917
244054.5
246153.7
246320.9
246624.4
246682.4
246687.5
246731.8
246788.6
246917.5
252315.4
258549.5
258710.4
259585.3
259697.6
259778.3
259791.1
259882.4
259883.2
259934.7
264575.5
264633.8
264780.9
264785.6
264817.1
264827.4
264831.9
264846.8
264867.4
264950.8
264980.1
265004.2
265097.5
265106.8
265179
265218.4
265314.9
265375.3
265432.4
265435
265805
265832.6
265915.8
265997.5
266101
266144.6
266279.7
266339.2
266367.8
266532.7
266589
266704.1
266739.2
266907.8
267175.7
271271.4
271873.8
272043.9
272052.3
272081
272297.3
272313.2
272355
272372.1
273589
273725.4
274055.5
274964.6
275041.5
275102
275210
275256.3
275267.1
275327.7
275353.3
275410.3
277640.5
278639.9
278751
278751.1
278763.8
278787.6
278805.5
278824.9
278844.5
278848.5
278970.2
279596.4
279782.9
280004.1
280083.8
280098.6
280106.8
280122.7
280152.9
280194.7
280282.2
280308
280385.3
280386.1
280393.1
280423.2
280469.1
281823.9
281871.1
281876.6
281950.3
282032.6
282184.6
282387.3
286954.4
287021.9
287212.3
287212.7
287255.5
289046.7
289393.5
289418.8
289627.7
289711.5
290594.4
291236.4
291537.9
292497.9
292658
293228.4
293666.3
293706.8
293714.5
293859.5
293902.1
293949.7
293981.9
298063.5
298421.1
298424
298721.9
298860
300345.7
302036.1
302179.8
302249.8
302353.4
302413.6
302626.6
303540.3
303702
303733
303782.8
303898.6
313322.4
313493.5
313529.4
313542.3
313569.4
313571.5
313616.2
314077.6
314107.4
314577.4
315791.9
315840
315851.9
315856.3
315971.6
316007.8
316090.8
316102.7
316114.5
316131.3
316142
316147.3
316213.5
316340.9
316425.4
316483.9
316660.9
316928.9
316948.4
317045
317086.2
317131.5
317518.9
317675
317678.4
318604
319049.4
319194.3
319211.7
319520.5
319605.3
319759.9
319893.3
319946.5
319992
319996.8
320020.1
320599.6
320692.1
320783.1
320803.1
320804.4
320823.7
320962.5
320990.2
321051.6
321094.8
321107.6
321469.3
321860.7
321924.4
322045.3
322097
322142.2
322147.3
322265.4
322318.2
322370.7
322456.4
322477.9
322509.3
322578.4
326178.9
326830.9
326953.4
328569.1
329445.6
329534.6
329573.6
329612.5
329618
329649.5
329720
338003.6
338171.4
338218.5
338232.5
338273.8
338416
338556.9
338582.6
340062
341931
343424.1
343469.8
343571.1
343673.3
343894.5
343935.6
343976.4
344007.4
344086.2
344111.3
344137
344231.1
344294.3
344325.2
344434
344538.3
344570.4
344668.9
344811.9
344989.8
345114.6
345156.2
345329.3
345449.8
345463
345549.9
345580.5
345606.1
345610.1
345618.6
345637.7
345701.5
345802.4
345910.5
346163.1
346171.5
346352.4
346447.3
346535.2
346582.6
346627.9
349617.1
349624.5
349755.5
349787
349956
350032.8
354864.1
354930.3
354994.8
355082.2
355134.5
355137.6
355145.3
355153.8
355182.3
355265.1
367436.3
367518.7
368090.1
368252.1
368811.6
372779.9
372830.8
373594.4
373955.7
374999.6
375089.2
375161.2
375174.2
375248.3
375318.8
375326.5
375346.8
375352.4
375376.5
375416.6
375430.3
375441.7
375452.1
375545.3
396622.2
396695.9
396706.8
396826.9
396878.2
397095.6
397151.1
397218.2
397262.8
397299.8
397429
397460.5
397486.4
397496.4
397532
397537.2
397545
397574.5
397613.5
397666.4
397711
397738
397762.9
397795.3
397946.5
398062.9
398075.1
398083.6
398114.2
398506.5
398619.8
399185.4
418599.8
418635.3
420947.5
421157.6
421185.6
421203.1
421205.1
421286.4
421375.7
421404
423727
424247.4
424676.4
425460.2
425492.4
426996.9
427036.9
427059.5
427065.3
427098.5
427115.3
427188.8
427236.2
427241.9
427263.1
427295
427308.7
427320.6
427380.2
427409.7
427456.4
427468.2
429271
429450.4
429642.2
429687.4
429706.3
430500.1
430528.7
430662.1
430707.8
430861.7
430915.5
431655.4
431719.6
432996
435344.5
435773.1
436445.1
436758.6
438943.7
439231
439738.6
440286.5
440423.5
440477.9
440523.4
440537.2
440621.1
440623.2
440641.1
440748.2
440762.7
440789.2
440823.9
440869.8
440976.3
441031.4
441035.2
441090.3
441119.1
441121.8
441248.2
441258.3
441356.6
441402.6
441420.5
441486.4
441562.9
441586.5
445341.8
445622.9
445662.6
446323.1
446560.5
446577.7
446606.3
446663.7
446722.6
446987.6
448560.9
448578.4
448585.4
448678.3
450140.7
450207.3
452323
452387.2
452393.3
452452.3
452465.4
452484.7
452531.3
452554.3
452563.9
452630.1
452661.7
452750.3
452771.8
452886.7
452911.9
452930.2
452942.7
452958.2
452992.9
453048.6
453136.8
453155.7
454837.4
454886.3
455058.1
455370.4
455404.8
455537.1
455599.9
455859
455910.3
459228.2
459968.8
459994.4
460263.6
460267.4
461812.9
461938.7
461978.2
462069.1
462100.2
462198.3
462252.5
462277.2
462342.1
462349
462350.8
462391.3
462447.2
464465.8
464539.7
465638
465678.3
465816.2
465918.6
466095.1
466227.2
470094.4
470099.4
470144.4
470210.2
470267.3
470519.7
470551.1
470625.6
470683.3
470938.2
471906.2
481013.9
482523.9
482759.5
482767.2
482849
482882.7
482978.6
482991.7
483010.6
483048.8
483055.1
483073.1
483194.6
483208
483215.9
483219.1
483225.8
483240.2
483374
483412.8
483450.8
483470
483515
483589.2
483611.5
483728.5
483742.6
483745.5
483750.4
483780
483858.3
483869.8
483921
483934.2
484009.1
484026.8
484133.7
484172.7
484177
484252.9
484272.6
484273.2
484302.8
484363.4
484412.2
484418.8
484426.7
484428.2
484443.6
484443.7
484472.7
484515.9
484535.8
484550
484568.9
484663.2
484786
485019
485285.3
511939.8
511987.3
516775.6
516849.6
516863.8
516909.6
516972.8
517052.4
517061.9
517092.2
517097
517199.9
518126.8
518169.6
518838.7
519128.2
519361.1
519516.7
519549.9
519921.4
520109.5
520112.6
520211.9
520218.8
520229.2
520295.5
520324.4
520422.4
520430.6
520440.3
520465.7
520650.3
520723.1
520729.5
520778.6
520810.9
520832.2
520861.5
520920.8
520951.3
520965.7
521011
521049.2
521184.9
521244.2
521259.4
521322.2
521369.1
521413.3
521424.2
521583.9
521771.1
521776
521781.5
521807.5
521885.3
522055.8
522088.5
522096.8
522101.9
522118.9
522163.3
522188
522198.5
522220.1
522232.5
522264.3
522308
522341
522366.3
522397.4
522433.7
522442.1
522473.7
522548.7
522549.2
522607.6
522694.2
522697.9
522724.6
522769.4
522778.8
522898
522985.4
523018.9
523065.4
523112.2
523144.9
523360
523384.8
523554.4
523633.6
523656.1
523700.7
523735.5
523820
523901.6
523998.2
524003
524235
524251.7
524258.8
524306.8
524393.8
524414.2
524454.8
524551.9
524553.6
524561.5
524613.2
524767.5
524795.1
524965.4
524985.4
525032.1
525090.1
525404.8
526691.9
527460.8
529594.3
529829.5
529960.7
529970.2
530041.6
530048.5
530062.3
530101
530116.3
530136.3
531767.4
533652.6
533934.8
534046.9
534461.1
535008.8
535120
535141.2
535161.1
535414
535470.3
535525
535892.8
536095.7
536277.1
545089.2
546521.1
546549.3
546601.8
546639
546648.8
546687.3
546818
546821.1
546875.7
547000.3
547043.9
547044.2
547108.8
547162.1
547194.8
549824.8
550253.1
550308.5
550382.5
550454.1
550517.8
551485.8
553281.6
553483.2
553833.9
553836.4
553921.6
553949
554048.9
554280.5
554318.3
554351.3
554392.6
554406.3
554596.5
554631.9
554632.8
554757.6
554813.3
554855.2
554865.5
554894.8
554925
554937.5
554943.6
554974.4
555002.8
555021.3
555144.5
555266.1
555283.4
555288.5
555331.3
555341.7
555353.4
555373.7
555419.8
555461.9
555613.4
555670
555690.5
555732.4
555808.9
555924.6
555946.3
556130.1
556132.1
556144
556234.9
556246.1
556269.6
556279.5
556289
556380.4
556481
556487.2
556549
556659.8
556798.9
556836.9
556842.7
556890.5
556947.8
556962.5
557019.4
557168.7
557172.7
557176.9
557195.5
557242.4
557271.7
557344.9
557372.2
557419.4
557438.4
557461.9
557492.3
557514.6
557543.9
557599.9
557652.8
557688.4
557863.4
557867.8
557888.3
557902.7
557964.1
557973.8
558031
558051.4
558117.1
558130.4
558143.9
558253.1
560441.9
560543
560726.1
560813.2
560888.5
560961.8
561676.7
561752.6
561777
561805.4
561817.6
561921.1
562213.3
562230.1
562247.3
563273.5
563451.1
563853.6
565436.4
567046.2
567084.5
567192.8
567198.2
567326
567331.3
567365.8
567425.9
567447.2
568141.1
568361.2
568378.5
568478.4
568526.7
568601.1
568658.9
568729.9
568741.8
568771.3
569316.4
569399.1
569632.2
569842.9
570521.3
570559.6
570569.5
570606.1
570644.9
570704.9
570719.1
570807.8
570862.1
570873.3
570948.9
571010.9
571130.1
572703.8
573071.7
573100.9
573104.9
573271.1
573419.4
573563.8
573868.2
574094.9
574196.3
574252.3
574260
574340.3
574386.9
574396.3
574546.4
574612.9
574657.7
574758.1
574823
574835.3
574944.6
574956.1
574984.4
574997.1
575068.9
575071.1
575135.4
575153.3
575182.7
575199.4
575264.1
575319.5
575354.9
576177.9
579079.2
579084.7
579192.3
579204.9
579386.6
579409
580011.7
580074.7
580118.6
580120.2
580150.1
580232.3
580280.6
580551.7
580598.7
581582.5
581783.1
581791.3
581831.4
581840.7
581877.9
581923.1
582019.8
582076.8
582088
582191.4
585488.3
585939.6
585976.1
586006.6
586393.8
586762.3
586846.2
586935.4
586983.4
587016.3
587032.5
587083.5
587103.7
587134.6
587594.3
587651
589528.2
589630.6
590648.4
590799.9
590857.1
591579.3
591604
591726.6
591849.7
592158.8
592733.4
593289
593317
593591.4
593613.6
593827.9
594039.6
594045.6
594098.9
594197.2
594261.1
594314
594329.4
594332.9
594377.2
594384.5
594402.9
594529.6
595314.8
595405
595451.3
595501.1
595559.2
595574.2
595636.3
595718
595735
595872.6
595895.9
595955.6
596005
597121.4
597205.4
597283.9
597367.1
597431.5
597577.3
597583.1
599154.5
599241.2
599304.2
599349.9
599363.1
599380.2
599392.2
599441.5
599478
599721.5
599897.6
599901.4
