153
219.8
246.5
277.6
364.1
425.2
429.3
453.9
507.5
561.3
575.8
578.8
640.4
694.5
726
726.8
780.2
852.4
871.7
918.1
923.9
949.7
1024.6
1080.2
1105.5
1146.1
2641.7
2900.2
2931.5
2937.5
2980.2
3016.6
3062.2
3069.7
3071.1
3093.7
3103.2
3194.3
3197.8
3213.1
3262
3269.2
3280.8
3299.1
3323.6
3331.9
3384.3
3400.6
3468.4
3618
3692.8
3699.5
3721.6
3737.8
3815.7
3857.9
3919.3
4040.1
4049.3
4079.6
4896.2
4962.6
4987.7
5044.1
5068.2
5101.9
5126.7
5177.9
5338.3
7412.6
7457
7627
7761.3
11059.8
11089.1
11171.1
11633
13166.6
13237.1
13527.4
16390.9
16586.6
16654.3
16737.8
16761.5
16765.5
16767.2
16811
16882.5
16979.8
16986.6
17038
17078.5
17081
17112.2
17124.4
20353.1
20395.5
20426.7
20469.4
20749.7
20785.7
21783.9
21854.7
21856.8
22131.9
22288.1
22312
22421.7
22453.5
22714.5
22786.6
22895.6
22938.7
25199.9
25297.8
25475.9
25517.7
25667.5
25815.7
25874.2
25972.3
26101.5
26530.1
26592.3
26706.3
26743.1
27456.7
27726.2
30381.8
30695.2
31306.9
31399
31401.6
31502.3
31663.5
31684.3
31826.4
31873.8
32049.7
32054.1
32070.3
32115.7
32203
32360.8
32362.2
32372.3
32407
32407.9
32518
32609.5
32639.7
32651.8
32668.9
32749.9
32860.1
32886.8
32895.3
32936
32973.5
33040.9
33059.6
33085.1
33138.3
33245.1
33294.4
33406.1
33415.8
33525.6
33564.3
33588.7
33593.9
33602
33634.8
33686.3
33748.2
33773.6
33784.8
33871.9
33992.2
33998.9
33999.7
34165.3
36294.3
36441.7
36506.1
36589.9
36678.5
36687.5
36713.2
36821.9
36830.9
36878.9
36885.7
36957.8
36994.8
37007.9
37011.6
37128.5
37204.5
37353.8
37380
37434.5
37501.4
37547.9
37600.8
37674.8
37685.3
37726.1
37758.6
37795.4
37810.2
37839
38021.6
38060.6
38086.9
39215.4
39495.8
43493.2
43520
43528.2
43539.2
43689
43712.7
43762.9
43787.4
43801.7
43858.9
43875.1
43881.6
43927.9
43993.6
44091.1
44250.1
44288.3
44388.4
44429.9
45926.3
45967.6
46031.2
46040.9
46088.4
46136.3
46233
46318.2
46363.1
46379.1
46394.6
46399.2
46441.3
46520.1
46528.8
46561.6
46611.6
46645.4
46763.3
46782.1
46785.1
46794.9
46841.7
46958.2
46982.2
47006
47009.7
47229.5
47244.3
47250.9
47345.5
47412
47797.5
51360.6
51517
52385.3
52444.8
52460.6
52483.3
52546.8
52589.5
52599.7
52677.8
52681.1
52722
52800.2
53012.5
53184.2
53227.9
53234.1
53594.9
53632.2
53784.8
53789.9
53827.6
53831.4
53834.3
53893.9
54012.2
54022.9
54024.4
54037.5
54079.2
54178.8
54230.5
54272.9
54310.4
54318.2
54324
54331.9
54336.1
54370
54382.4
54391.9
54462.8
54581.4
54602.1
54626.9
54649.1
54659.9
54707.2
54795.3
54836.1
54837.5
54890.3
54901
54946.1
56925.6
60987.1
61068.7
61163.8
61212.3
61412.3
61486.2
63821.5
63845.6
63856.7
63864.6
63927.9
63964.2
63997.1
64075.5
64112.7
64163.7
64198.4
64209.6
64223
64281
64338.3
64371.6
64388.2
64401.3
64430.7
64440.7
64509.9
64565
64569.8
64586.4
64634.8
64677.1
64681.6
64727.7
64739
64740.7
64752.3
64767.3
64803.7
64888.2
64890.6
64920.5
65396.7
65573.6
67496.9
68595.7
70373.7
70501.7
70530.1
70654.4
70791.2
73983.1
74679.1
74696
76403.3
76485
76578.5
76666
76692
76699.1
76713.8
76720.5
76789.9
76790.2
76867.3
76878
76917.8
77093.3
77116.7
77232.3
77254.7
77374.9
77375.4
77449.2
77469.6
77521.2
80621.9
81431.7
85979.4
86236.3
86375.1
86381
87886
91704.5
91815.5
91863.7
92065.7
92099.3
92106.7
92276.4
103643.6
104650.9
104780
104844.9
104938.4
104966.9
105007.9
105037.8
105045.6
105047.3
105080.6
105097.9
105146.3
105208.2
105226.3
105434
109619.7
112062.3
112183.3
112214.5
112395.4
112502.8
112508.3
112562.7
112601.8
112622.3
112651.2
112697.1
112709.1
112710.7
112734.8
112818.5
112863.9
112894.5
112900.9
113018.2
113069.8
113141.1
116442.4
116604.7
116631.2
116899.9
117693
117761.9
117911.8
117911.9
118042.7
119058.3
119065.2
119102.7
119173.9
119225.2
119376.9
119427.6
119521.3
119521.4
119532.7
119558.1
119573.8
119584.3
119661.7
119772.5
120022.9
120124.1
120225.3
124957.2
125187.7
125188.5
125292.6
125412
125426.4
125458.7
125471.2
125626.3
125648.7
125671.7
125701.4
125713.6
125718.2
125722.8
125742.9
125797.9
125813.9
125959.6
126158.3
126207.7
126223.3
126386
127539.8
127574.2
132145.3
133212.1
133349.3
134636.3
134890.6
134904.5
134931.3
135212
135459.9
135822.5
136186.8
136487.6
136666.7
136674.8
136870
136897.5
137044.6
137167.5
137409.2
137779.1
138273.2
138367.7
138490.8
138494.5
138722.7
138903.1
138937.5
139004
139099.5
139186.9
139819.2
161190.2
162665
168092
168381.4
168647.6
168669.9
168695.6
168781.5
168896.4
168914.3
168932.9
169047.1
169322.8
170882.8
170902
171529.8
171532.8
171642.2
171702.7
171706.4
171778.4
171795.8
171851.5
171882.1
172011.1
172068.8
173120.6
174325.2
174690
174696.4
179788
179822.8
180100.9
180198.6
180284.9
180543.8
182958.6
183127.1
187315.1
187322.9
187347.1
187415.5
187424.2
187500
187676.9
187706.9
187881.6
187918.3
188021.7
188102.5
188241.2
188542.4
193628.2
193808.3
195045.3
195090.1
195106.6
195195.8
195290.7
195304.1
195380
195417
195441.3
195671.1
201560.9
207124.6
207998.8
208113.9
208244.6
208253.8
208614
208814
208867.9
208891.1
209121.8
209138.9
209148.1
209184.7
209222.7
209290.6
209332.9
210899.3
211270.5
211529
211569.4
211575.6
211599.2
211753.7
211873.4
211985.8
213442.7
213559.1
213584.8
213599.5
213739.4
213837.2
213871
213931.4
213963
213976.4
214030.1
214031.5
222606.9
222620.2
222621.4
222669.3
222670.5
222701.6
222777.9
222836.2
222860.3
222913.1
222969.9
223004.2
223037.7
223073.7
223163.8
223176.5
223235.8
223276.7
223329.9
223339.8
223433.3
223535
223621.5
223654.3
223777.8
226222.3
226795.1
226945.1
227820.5
228366.9
232003
232242.3
232362.7
232537.9
232590.4
232622.3
232722
232818.2
232857.1
232900.3
233047.8
233105.7
233113.2
233130
233130.1
233165.9
233179
233201.2
233272.7
233295
233307.1
233335.2
233424
233490
233533
233686.5
233741.6
233783.6
234073.7
234119.4
234189.2
234431.1
236674.9
237763.6
243572.2
243821.8
243933.5
243945.5
243961.3
244146.6
244462.7
244925.1
245030.8
245331.2
245551.8
245575.1
245578.1
245664.3
245664.8
245780.9
245796.3
246060.5
246129.3
246225.9
246366.4
246373
246385
246498.6
246512.1
246757
246759.9
246766.3
246791.4
246838.1
247057.8
249635.6
252706.5
252788.5
252804.3
252817.6
252822.3
252833.6
252908.7
252917.9
252942.7
253027.7
253039.4
253064.6
253102.6
253225
253236.4
253239.4
253279.4
253448.7
253450.6
253499.9
253610.4
253645.8
253802.7
253825.6
253839.3
253859.6
253874.9
253908.9
253925.3
253960.4
253986.4
254008.2
254043.6
254064.1
254089.4
254135.9
254249
254292.3
254316.6
254320.1
254337.2
254484.9
254491
254503.6
254515.5
254548.5
254557.2
254559.9
254582.7
254598.4
254603.5
254655.4
254664.7
254667.2
254715.9
254855.9
254870.9
254947
254985.5
255031.2
255036.4
255152.9
255234.9
255270.6
255279.4
255301.7
255311.6
255374.7
255438.3
255485.4
255512.6
255534.9
259982.4
260072.2
260093.4
260145.4
260404.6
260423.4
260434.2
260457.7
260496.6
260548.8
260552.4
260622.2
260689.4
260696
260758.7
260789.1
260845.7
260859.1
260886.9
260985.5
260990
261070.6
261072.5
261110.8
261204.7
261263.4
261300.8
261320.1
261336.2
261353.7
261380.7
261414.4
261492.6
261560
261575.2
261665.2
261743.6
261760.1
261867.3
261877.6
261905.4
261927.6
261966.6
262116
262121.7
262157.2
262171.5
262174.8
262201.6
262205.2
262207.2
262286.7
262305.7
262403.4
262418.6
262445.1
262638.5
262841.2
262872.9
262986.2
263034.1
263045.4
263140.7
263180
263333.2
264691.4
264830.8
264847.6
264874.4
264913.6
265010.9
265056.4
265064.9
265068.2
265072.3
265101.6
265116.7
265124.5
265163.6
265225
265337.2
265355.5
265395.6
265419.5
265432.8
265433.4
265444.1
265459.4
265492.6
265529
265679.5
265685.3
265716.1
265755.6
265763.5
265856.9
265873.3
265881.2
265902.6
265919
265949.1
265952.2
265964.2
265967
266040.9
266076.4
266130.1
266131.9
266135.4
266190
266229
266250.9
266373.9
266399.4
266415.6
266436
266451.4
266463.8
266473.9
266498.6
266534.7
266582
266635.6
266642.5
266674.9
266744.7
266758.7
266790.2
266863
266933.4
266993.2
267040.5
267103.6
267157.3
267177.8
267191.5
267251.6
267273.6
267380.9
267393.6
267433.1
267512.5
267582.9
267592.5
267914.8
267937.2
267943.3
268007.8
268236.7
268334.7
273044.6
273089.4
273229.7
273241.1
273341.8
273430.4
273565.2
273603.4
273696.4
273717.6
273756.5
273784.9
273811.9
273823.2
273840.1
273866
273885.1
273888.7
273976.3
274072.8
275581.9
275831.3
281356.9
281514
282469.8
282531.2
282548.8
282549.6
282636.3
282797.1
282870.2
285236.3
285460.6
285793.8
285866.1
285927.6
286265
286352.5
296511.9
296653
296972.9
297037.6
297151.8
297337.1
297416.9
298766.5
299138.4
299184.8
299216.6
299275.3
299562.5
299692.1
303486.7
303533.7
303576.2
303633.4
303636.6
303705.9
303847.4
303881.9
304241.1
311511
311520.5
311583
311615.3
311915.9
313008.9
313119
313137.5
313260.3
313263.6
313404.5
313417.5
313445.9
313470.2
313743.2
313759.3
313919.5
314184
314327.5
314427.6
315120.7
315411.8
315858.3
315889.9
315891.4
316154.5
316200.9
316249.6
316409.6
316562.5
316616.6
316830.2
316942.9
316945
317010.8
317031.5
317105
317107.5
317141.3
317231.2
317257.3
317325.2
317617.3
317664
317753.5
317810.5
317927.1
317931.8
318076.4
318272.2
318301.4
318314.2
318347.4
318529
318570.4
318752.5
318821.3
318921.3
318923.3
319104.4
319116
319117.5
319124.3
319128.1
319197.6
319234.4
319243.5
319464.4
319508.4
319574.7
319586.6
319630
319702.7
319817.8
319826.2
319869.9
319940.4
319952.2
320036.9
320055.7
320062.3
320081.9
320143.6
320176.1
320186.9
324945.6
325201.7
325229.8
325281.5
325311
325314.9
325354.4
325378.1
325523.3
325570
325575.3
325938.4
327301.3
329029.2
329395.1
329452.2
329544.8
329550.6
329571.8
329603.7
329655.6
329665.7
330282.3
330600.2
331710.9
333365.4
333374.3
333455.6
333513.6
333700.6
333710
333780
333791.9
333891.1
334165.9
334407.7
334481.6
334514.1
336095.2
336570.1
336621.8
336697.7
336734.7
336737.7
336829.8
336848
336849.6
336921.1
336947.3
337067.6
337275.8
337298.3
337334.5
337401
337546
337644.6
337654.3
337715.2
337738
337821.6
337938.3
338049.5
338118.2
341498.8
341579.1
341663.1
345534.9
348769.2
348772.7
348828.9
348906.3
348947.5
349020.4
349075.2
349088.3
349399.3
351293.1
351471.9
351560.6
351644.2
351713.8
351775.3
351974.4
352091
352103.5
352124.1
352307.6
352409.6
352456.6
352489
352526.4
352655.8
356017.5
356047.7
356087.3
356201.1
356273.9
356409.3
356551.9
357003.9
357458
357514.8
357608.3
357905.5
357951.1
358256.2
358436.8
358699.9
359147.8
359163.2
359276.7
359333.2
359365.8
359418.6
359463.6
360070.1
360235.9
360555.1
360560.2
360785
360786
360843.4
360848.8
360875.9
360962.4
360984.6
361003.8
361145.4
361231.2
361256.2
361300
361563.1
361609.6
361673
361682
361703.9
361775.2
361978.7
362066.9
362121.4
362134.6
362195.8
362263
362602.8
362832.3
363294.7
363334
363666.1
363689.3
363697.2
363786.6
363807.2
363861.1
363908.8
363990.7
364291.7
364296.3
364310.7
364485.8
374235.5
374353.1
374576.6
374589.5
374598.1
374635.6
374665.4
374697.4
374819.3
374897.2
374987.5
374995.9
375010.9
375035.2
375067.2
375108.3
375108.9
375307
375319.7
375357.1
375410
375411.3
375474.3
375594
395372.1
396657.2
396682.4
397137
397180.8
397198.1
397198.9
397231.7
397270.2
397270.5
397296.4
397316
397418.7
397419
397492.3
397625.5
397653.4
397794.3
397844.7
397919.1
397987.4
398002.5
398017
398096.8
398105.3
398181.5
398651.4
398776
402702.1
414443.2
418760.3
418928.3
419137.4
419180.9
419185.5
419232.1
419493.4
422478.3
423227.3
423252.8
425300.5
425423.7
425799.8
425830.7
425994.3
426007
426161.5
426422.8
427113.8
427726.5
430183.2
430319.3
430396
430458.9
430463.8
430603.8
430610.7
430613.7
430808.4
430837.2
430939.2
430944.2
430991.9
431010.9
431015.2
431293.9
431492.4
431919.5
433066.7
434187.6
434483
434714.9
435844.1
436394
436600.6
436650.1
438287.4
438353.8
438731.9
438859.8
438974.1
439072.1
439697.1
440154.5
440415.9
440430
440443.9
440445.6
440623.2
440765.1
440876.9
441176.6
441223
441230.4
441265
441272.6
441424.1
441432.3
441435.9
441440.4
441644.7
441655.3
441659
441671
441682.7
441725.2
441755.6
442165.1
442433.7
443328.6
444060.2
444558.1
446969.5
447158.2
447264.8
447426
447480.9
447493.1
447535.2
447586.3
447643.2
447662.5
447718.5
447748.8
447818.1
447902.9
448066.6
448437.3
450766.2
450885.7
451015.9
451103.5
454346.7
454476.8
454585.8
454668.1
456087
463935.6
463973.3
464525.7
468253.9
468607.4
468793.1
468970
469083.6
469348.3
469626.1
469677.4
469677.9
469781.5
469870.4
469971.3
470016.5
470016.6
470030.1
470094.2
470095
470096.2
470197.2
470202.5
470243.9
470630.7
471831.8
472220.5
476973.8
479253.2
480774.4
482667.1
482688.2
482692.3
482696.7
482747.5
482844.1
482844.5
482863.8
482888.7
482933.6
482977.6
483150.6
483319.8
483346.5
483350.4
483398.7
483412.1
483415.8
483468.6
483476.8
483605.5
483654.8
483672.9
483704.5
483713.6
483722.4
483742.4
483768.6
483828.9
483882.9
483954.6
483972
483988.8
484124.8
484142.6
484205.1
484270.1
484273
484310.8
484326.5
484330
484347.2
484462.2
484529.3
484558.2
484559.1
484585.5
484626.9
484693.8
484704.9
484822
484858.5
484897.7
509272
510082.5
511550.8
512806
513339.2
513745.4
513748.9
513769.7
513833.2
513993.8
514131
514260.1
514453.1
514461.1
514721.3
514883.3
515252.6
515859.7
515980.1
516091.6
516127.5
516189.6
516329.5
521685.2
526408.9
526495.9
526548.5
526661.3
526839.4
526867.2
526870.3
526890.2
526966.1
527034.4
527049.9
527072.5
527166.9
527242.3
527265.2
527295.6
527303.7
527421.7
527452.3
527656.9
527858.1
528332.7
531252.9
531445.8
531499.7
531728.3
533860.8
534143.6
534413.1
535129.8
536701.7
536728.4
539278.6
539331.1
539444.5
539545.6
539551.4
539658.1
539687.5
539692.1
539911.6
539919.5
539992
541464.5
542175.9
542630.6
542871.5
543137.8
543285.4
543288.2
543320.6
543625.5
543664.4
543690.8
543838.9
544016.8
544520
544742.9
545307.2
545420.5
545558.8
545818.4
545884.7
546024.2
548568.4
548932.8
550235.8
550288.6
550384.5
552363.6
552365
552723.2
552874.5
553103.1
553158.9
553214.3
553245.9
553423.8
553797.6
553866.9
553924.1
554061.8
554171.1
554198.9
554260.3
554272.5
554282.5
554397.2
554405.9
554412.3
554473
554500.2
554509
554530.8
554545.4
554557
554567
554657.4
554657.8
554710.7
554716.1
554771.2
554773.5
554801.9
554838.6
554860.4
554864.9
554873.8
554895.9
554937.7
555044.2
555158.1
555270.7
555316.7
555584.6
555591.5
555637.2
555720.2
556206.4
556298
556414
556414.6
556416.6
556431.2
556517.8
556701.9
556785.8
556840.3
556889.4
556995.2
557026.4
557076.5
557142.6
557194.1
557286.2
557288.9
557377.2
557478.2
557500.1
557544.5
557605.7
557606.7
557622.6
557653.5
557711.4
557770.5
557796.7
557822.4
557878.8
557952.1
557988.1
558010
558069.5
558119.9
558136.5
558151.4
558171.5
558223.1
558304.6
558429.3
558469.1
558478.6
558543.5
558609.7
563120.7
567685.8
567762.5
567932
568032
569026.1
570142.2
571425
571648
571736.8
571806.6
571843.9
573948.6
575938.2
576028.7
576395.5
576411.7
576512.9
576607
576623.1
576680.5
576712.1
576838.1
576931.3
576936.5
576941.7
576946.8
577042.6
577071
577143.5
577159.8
577212.3
577227.9
577275.3
577369.2
577387.8
577526.8
577549.8
577554
577755.5
577789.8
586592.1
586665.5
589993.3
590510.7
594845.9
596703.7
596768.2
596868.1
598923.1
599062.1
599612.3
599675.3
