40
88.8
1074.9
1601.7
1609.3
1613.1
1695
1759
1783.8
1990.9
4122.7
4128.5
4203.5
4267.3
4309
4327.9
4423.3
7615.9
7625.7
7738
7744.9
7746.1
7847.7
11350.5
11661.4
11669.2
11764.6
11849
16230.2
16239.7
16291.1
16309.3
16486.5
16791.7
19014.9
19049.9
19064.3
19122.6
19124.5
19474.5
19779.9
19920.7
19934.1
19997.2
20152
20216.9
20764.1
20799.4
20819.9
20833.4
22124.2
23512.6
23519.3
23547.1
23732.5
23740.9
23843.2
23872.6
28353.9
28598.4
31103.3
31620.4
31763.2
31990.5
32009.2
32036.8
32683.1
32880.7
33123.8
33305.2
33495.5
33519.9
33729.8
33756.9
34454.6
34617
34651.9
34742.5
34808.7
34834.8
34885.8
34923.1
34996.4
35050.6
35140.4
39134.3
39165.2
39238.8
39263.3
39300.9
39691.3
39787.4
39894.4
40611.5
40841.8
40914.9
40921.6
41011.4
41173.2
45803
45805.9
45815.2
45878.2
45882.5
45909.7
45938.7
45948.1
45968
45973.9
45984.7
46027.8
46092.4
46165.5
48283.8
48359.3
48881.2
49016.9
49074.3
49173.4
49291.9
49401.7
49428.9
49437.7
49440.2
49459
49480.1
49547.4
49564.3
49574.7
49577.5
49602.3
49653.3
49768.2
49825.2
49838.2
49841.7
49860.1
49870.9
50015.5
50059.2
50069.9
50130
50161.7
50164.8
50908.6
52464.8
52602.6
53549.7
53568.9
53789.4
59914.8
59923.3
60046.9
61143.5
66498.4
66676.6
66886.1
68694.7
68709
68844.2
68949.8
69937.4
70041.5
70078.3
70103.3
70113.2
70156.2
70328.6
70441.9
71131.6
71551.6
71588
71667.2
71782.2
71788.1
71818.4
72011.3
72398.7
72650.3
72681.9
74076.9
74131.5
74153.6
74209.7
74223.8
74288.8
74337.4
74348.4
74366.7
74398.3
74463.8
74500.5
76115.2
76201.2
76206.7
76216.5
76414.8
76446.2
76669.8
80813.8
80893.9
80959.2
80973.8
81065.4
81171.4
81243.2
81519.3
81555.6
81647.1
81746.6
81832.4
81835
81847.5
81895.8
83536.8
84020.5
90494.1
90522.8
90570.1
90688.7
90762
91568.6
91617.8
91645.9
91657.4
91688
91751.2
91764.2
91783.1
91802.8
91847.1
91850
91868.5
91874.4
91892.4
91920.8
91982.1
92002.3
92045.8
93246.5
98565.4
99443
104610.8
104959.4
104988.1
105037.8
105075.8
105080.6
105220.5
105222.8
105235.6
105243.2
105246.3
105261.4
105272.5
105351.2
106600.3
106637.4
106758.8
106822.7
111088
112379.2
117990.1
118637.6
118685.3
118856
118911.9
125662.2
125704.5
125959
125967.2
126229.2
126478.2
126564.5
126639.7
126660.4
126668.6
126671.2
126695.7
126709.3
127037
127083.7
127232.2
127779.9
127816.6
134487.1
135422.1
135801.5
136035.9
136271.7
136464.8
136476.4
136614.5
137832.5
138636.9
138734.4
139438.9
139864.8
140022
140433.9
157579.2
160923.6
161028
161051.6
161104.4
161144.1
161149.1
161988.2
162025.7
162208.4
162253.4
162258
162273.1
162310
162334.6
162348.2
162541.7
164534.5
164571.1
164604.5
164616.2
164637.1
164790.6
165305
167365.1
167498.1
167553.8
167560.5
167593.6
167601.3
167616.7
167636.1
167735.5
167969
167997.7
168002.3
170693.6
171342.5
172133.4
172136.5
172140.4
172159.1
172162.6
172165.2
172773.6
172988.2
172994.7
173028.4
173048.8
174062.7
174974.2
175008.8
175186.7
175192.8
175223.1
175291.7
175633.4
175638.7
175714.4
175792.2
175836.4
175856.4
183723.6
183726.4
183754.1
183760.4
183767.9
183777.5
183895
183945.4
183988.2
183993.8
184072.5
184109.2
184178.5
184263.9
187261.7
187273.6
187303.7
187374.7
187411.6
188753.6
188918.3
188946.6
188962
188968.4
189070.2
189093.5
189094.5
189148.4
189203.9
189314.5
189319.5
189351.8
189543.3
190630.5
190778.3
190965.7
191161
191680
191696.2
191754.9
191791.2
191868.6
191940.5
191955.2
191980.4
192152.1
193169.1
193280.6
193381.2
193387.3
193456.9
193517.6
193522.4
194661.3
201572.9
203116.7
203411.9
205666.1
205729
206305.1
207147.2
207730.4
208257.4
209399.4
209440.9
209441.2
209540.9
209548.2
209591.2
209604.8
209617
209706
209719.5
209766.1
209976.7
210469.6
211933.6
212354.1
212426.6
212473.5
212485.4
212512.1
212520.3
217789.5
217863.5
217945.4
218143.8
218149.8
218166.4
218382.2
218393.6
218417.1
218430.6
218505.4
218507.5
218626.7
218780.7
218787.4
218806.4
218808.8
218853.2
218882.3
218930.6
218973
219035
219071.3
219151.7
219276.3
219921.3
221006.9
221019.1
222463.8
226948.2
227008.4
227191.9
227266.1
227529.3
230354.6
230671.8
230729.9
230831.3
230901.5
231014.3
231074.5
231564.1
231805.7
232070.4
233961.1
243099.2
243361.7
243524.1
243589.7
243615
248544.8
248567.4
248691.9
248740.5
248812.9
248930.5
248938.4
249074.4
249129.4
249133.2
249325.3
249383.2
249488.8
249666.9
251708.4
252674.6
252955.2
253023
253793.9
254332
254838.4
254935.5
255192.9
255214.5
255997.2
256056.9
256224.3
256224.6
256237
256265.2
256305.1
256359.2
256365.2
256409.3
256422.8
256425.4
256443.5
256524
256527.4
256533.8
256541.4
256572
256595.7
256611.5
256661.3
256675.6
256780.6
256833.3
256850.7
256855
256873.9
256979.2
256992
257004.7
257048.3
257068.9
257094.7
257146.5
257148.3
257253
257285.9
257318.3
257416.9
257419.1
257432.4
257473.4
257487.5
257491.8
257493.7
257524
257648.3
257711.1
257752.4
257787.6
257836.3
257913.8
258060.1
258153.6
258162.4
258282.3
258417
258424.8
258479.2
258653
258682.5
258714.7
258772.8
258823.8
258979.7
259037.1
259093.2
263299.8
263309.9
263314
263322.3
263337
263403.2
263404.1
264372.9
268775.8
270146.1
270161.5
270267.9
270295.9
270348.9
270388.7
270405.4
270467.9
270490.8
270509.6
270669.1
272785.8
272807.6
272847.7
273211
274119.6
274240.5
276533.8
279206.6
282411.8
282619.7
284316.6
286656.5
286826.8
286886.9
286922.1
286962.4
287010.8
287093.5
287124.4
287160.1
287248.7
287291.7
287392.8
298461
298582.7
298809.6
298812.3
298870.8
298901.6
298939
298961.6
299132
300061.6
301472.3
301802.9
301951.1
302103.3
302451.8
304710.4
308745.8
309033.6
309036.2
309073.4
309100
309126.5
309162.1
309164.3
309220.5
309223.2
309231.6
309249.9
309313
309355.1
309368.9
309369.4
309399.4
309417.2
309446.3
309597.2
309626.4
309706.9
309719.4
309865
310243
310368.2
310369.9
310378.6
310390.9
310426.8
310496.5
310649.7
311847.4
311885.5
311892.4
311918.8
311990.5
312018.4
312036.5
312064.8
312106.8
312109.6
312122.1
312153.5
312163.5
312168.1
313342.8
313762
316057.3
316730.3
316774.4
317183.1
317219.8
317677.2
317721.6
317723.1
317914
318210
318553.1
319414.2
319583.6
322888
323133.3
323190.4
323561.8
323606.9
323613.8
323675
323808
323924.4
324205.6
324445.4
324493.4
324552.3
324610.2
324696.8
324790.8
325368.5
326468.4
326492.6
326523.2
326574.4
327969.8
329514.6
329559.3
332078.2
332287.6
334903.5
335133.1
335183.5
335285.7
335288.2
335297.5
335319
335355.8
335362.9
335382.3
335400
335487.6
335519.6
335668.8
337872.2
337952.7
338229.2
340150.5
341618.1
341641.3
341715.6
341737
341775
341788.6
341896.9
341914.1
342045.9
342080.9
342102.9
342148.9
342204.7
342207.1
342316.2
343972.7
344646.5
345902.4
346058.2
346819.4
346871.3
347128.9
347554.5
347567.9
347804.9
347863
347936.3
347968.3
348134.9
348289.9
349292
351887.4
352304.5
353389.7
353467.7
353478.8
353499.3
353510.7
353553.2
353615.4
353642.2
353703.4
353771
353902
353931.5
353960.3
354025.9
364681.4
372647.5
372662.2
372888.7
396240.4
396510.9
402699.4
402800.6
402824.7
402860.5
403417.3
403771.3
404463.1
418948.3
419318.1
419387.9
419493
419518.9
419524.5
419628.1
419660.5
419716
419808.5
420384.3
420514.9
420561.7
421740.9
421748.4
422179.7
422573
425381.1
425479.2
427523
428052
428164.8
428373.6
430493.9
445994.9
447468.4
447545.3
447599.8
447608.7
447628.8
447721.6
447759.6
447767.8
447872.8
449018
449098.9
449699.5
449902.6
449955.2
450000.1
450087.1
450092
450149
450198.2
450201.9
450243.7
450282.9
450291.7
450292.3
450467.5
450564.6
450574.5
450634.2
450695.4
453611.8
453695.4
453984.4
454069
456626.7
456634.3
456793.1
456818.7
457033.6
457209.5
457290.3
457370.3
457449.8
457451.5
458977.3
458984.6
459103.4
459110.2
459111.7
459143.9
459237.4
459247
459290.5
459298.8
459312.4
459344.7
459429.2
460361.4
465515.9
466460.2
466584.1
466652.8
466720
466851.1
466859.1
467039.6
468051.6
468126.7
468432.1
468463.7
468498.8
468498.9
468520.5
468529.2
468530.9
468544.9
468612.1
468612.3
468612.8
468697.3
468720.8
468730.7
469029.8
469175.7
469189.6
469224.6
469425.8
469549.3
469710.9
469714
469716.3
469729
469803.5
469853.5
469904
474918.1
476373
477184.9
478847.2
479105.4
479135.4
479220.7
479368
479384.7
479387.1
479555.6
479562.8
479570.1
479598
479607.2
479708.3
479880.5
479912.5
479923.8
479957.9
479970.1
480012.8
480024.6
480032.7
480065.1
480132
480212.2
480221.5
480230.6
480235.7
480349.2
480489.3
480497.7
480655.4
480715.8
480832.8
480870.6
480946.4
480980.4
480999.2
481046.8
481193
481308.2
481407.9
481449.5
481662.3
481755.1
481771.7
481935.2
481973.7
482038.6
482044.9
482110.6
482158.7
482182.7
482268.9
482347.5
482364.2
482368.8
482393.5
482406.2
482482
482571.3
482581.3
482590.4
482821.6
508186.6
508211.3
508514.1
508640.4
508641.1
508654
508840.5
508858.4
508989.8
509036.2
509100.3
509127.1
509132.4
509295.6
509308.5
509409.5
509440.7
509581.2
509637.3
509697.2
509743.5
509770.4
509787.2
509857
509876.1
509891
509900.6
509956.3
510015.9
510047.6
510059.6
510164.4
510185
510191.1
510219.3
510230.4
510309.1
510340.6
510355.6
510432
510521.5
510540.9
510551.2
510597.1
510604.2
510634.9
510636.7
510681.6
510687
510755.9
510933.5
510942
510951.5
510974.7
510985.9
511025.5
511069.7
511133.4
511150.1
511277.1
511281.7
511361.2
511387.7
511416.8
511482.3
511491.4
511527.6
511593.8
512381.5
512419.8
512446.7
512585
512648.7
513063.4
513155.2
514721.7
515877.5
527645.3
527660.2
527867.5
527983.2
527999.3
528161.5
528172.7
528193.4
528216
528260.5
528272.5
528288.8
528291.3
528331.5
528371.4
528413.2
528480.2
528495.6
528510.2
528688.5
528713.4
528763.5
528852
532042.9
532155.8
532203.1
533201.8
533312.2
533528.1
533717.4
533718.6
533733.6
533841.2
533909.8
533913.5
533951.6
534536.8
535124.7
535417.4
535957
536099.6
536113.1
536264.5
536299.4
536441.8
536455.2
536670.9
536677.3
536704.5
536737.4
536743.3
536788.9
536849.8
536989.9
539345.5
539440.4
540312.2
540423.1
540457.8
540489.6
540547.1
540934
542924.9
542941.5
542953.9
542988.5
542999.9
543009.4
543015.6
543054.8
543064.6
543106.7
543170.5
543174.1
543176.4
543206
543230.2
543289.9
543366.2
543396.1
543406.2
543488.2
543548.2
543715.3
543890.3
543954.2
543974.9
544041.4
544062.5
544091.2
544104.5
544146.7
544173.9
544205.2
544342.7
544512.7
544589.9
544645.5
544696.6
544784
544798
544798.3
544973.8
545031
545063.4
545181.7
545230.1
545235.5
545244.5
545450
545491.7
545621.6
545632.7
545652.1
545660.7
545812.1
545890.8
545907.1
545910.1
545916.2
545935.3
546195.3
546200.1
546413
546431.1
546472.3
547576.6
547613.6
549201.7
549353
549354.6
549481.1
549490.7
549577
549578.7
549592.3
549612.3
549644.7
549692.7
550959.3
550997.7
550998.7
551037.7
551092.2
551219.3
551294.9
559712.7
559943.6
561189
561199.4
561248.5
561299.3
561424.5
561452.9
561952
562084.1
562267.1
562398.3
562494.6
562501.5
562796
562977.7
563069.5
563397.7
563589
563621
563656.4
563704.1
563831.1
564140.8
564315.8
564366.8
566024.9
566586.3
571733.8
571812.7
571814
571857.8
571871.6
571872.2
571875.8
571960.8
572008.8
572092.4
572099.5
572179.5
572389.4
572844.4
574012
575816.6
576832.7
576872
578196.4
578200
578268.8
578301.1
578341.3
578352.8
578365.9
578556.4
579040.3
583338.5
586506.9
586764.1
586785.7
586802.3
586836.4
586849.4
590320.7
590985.4
590995.6
591032.9
591103.3
591144.1
591165.7
596220.8
596242.1
597825.5
597914.3
597934.1
598213.6
598368.9
598426.8
598600.5
598737.8
598913.8
