4772.8
4875.5
4879.6
4899.5
4908.9
4910.4
4933.2
10774.4
11119
11227.9
13498.7
13680.5
13917.7
14020.8
14027.3
14053.7
14072.2
14095.7
14156.1
14233.1
14387.7
14430.1
14478.4
14482.5
14724.9
15112.7
15218.2
16857.7
18839.4
18868.5
18938.5
18956.6
18985.7
19012.1
19038.2
19118.6
19198.6
19300.4
19315.9
19323.2
19374.8
19397.4
19453.8
19457
19505.4
19664.3
19788.5
19858.6
19883.8
19916.8
19984.3
20320.5
20675
21225.9
21288.6
21449.4
21682
21683.5
21789.2
22132.2
22450
23113.5
23181.2
23475.6
23529.1
24233.2
29218.5
29321.2
29349.7
29429.2
29489.4
29508
29668.3
29699.1
29748.9
29765.9
29859.3
29865.3
29879.4
29884.9
29922.9
29952.4
30003.8
30051.1
30151.3
30185.3
30190.8
30310.6
30312.5
30312.7
30343
30391.2
30441.6
30508.2
30519.2
30596.8
30622.1
30636.9
30645.3
30663.4
30695.2
30738.1
30739.8
30763.4
30798.9
30820.2
30870
30872
30961.6
30998.8
31044.5
31078.6
38238.8
38356.8
38386.5
38387.4
38474.2
38512.9
38704.7
40036.5
40172.7
40181.8
40187.1
40320.4
40482.9
40531
41559.7
41695.1
42587.6
44195.9
44245.6
44301.2
44332.7
44448.6
44478.1
44533.8
44568.1
44605.9
44659.3
44668.8
44704.7
44709.3
44834
44857.5
45020.6
45089.1
45286.2
50678.2
50876.6
52704.5
53564.5
57459.1
57550.1
57661.1
57703.6
57712.4
57779.3
57833
57843.4
59361.5
59378.5
59408.8
59437.2
59502.7
59560.1
59566.5
59582
59633.8
59657.6
59666.1
59705.4
60468.7
60932.7
61264.4
61376.4
61377.1
61462
61466.4
61475.5
61488.4
61498.3
61507.2
61508.1
61537.3
61556.7
61590.3
61619.8
61730.7
61741.7
61836.6
61859.3
61893.1
61898.7
61915.7
61927.9
62142.4
62220
62371.1
62391.1
62427.3
63334.7
63388.5
63468.5
63486.5
63603.7
63604.2
63609.3
63697.4
63719.4
63765.4
63782.9
66219.7
66296.9
66367.6
66418.8
66488.3
66810.5
66869.1
66944.4
68049.9
68988.2
69051.1
69065.5
69071.4
69138.1
69166
71683
71861.9
72107.6
74774.8
74785.2
74836.3
74996.1
75017.7
75102.1
75102.3
75182.8
76188.1
81204.2
81598.6
82766.4
86795.6
87144.6
91339
91397.2
91420.6
91440.3
91498.6
91675.2
92787.1
95276.5
96098.6
98124
101613.6
103345.1
103463.1
103471.3
103526.6
103580.1
103860
103944.4
103952.8
103968.4
103969.4
104045.2
104089.7
104175.4
104200.2
104207.8
104259.9
104260.9
104339.3
104343
104354.8
104359
104400.8
104425.6
104445.5
104480.1
104482.4
104534.5
104556.7
105562.4
105624.9
105679.4
105698.7
105748.8
105894.6
109151.4
110909.4
110938.9
111974.9
112016.1
112074.9
112103
112187
112278.5
112282.3
112364.4
112379.6
112382.3
112442
112477.2
112655.3
112904.3
118160.1
118251.1
118640.3
118674.4
118767.5
118770.4
118807.7
120071.1
126731.9
126811
126847.2
127065.4
127157.2
127161.4
127324.2
127364.2
127392
127399.3
127509
127712.6
127919.6
133619.8
133679.4
133702.5
133702.6
133705.9
133736.1
133758.1
133859.4
134048.9
134052
134172
134220.4
134233.8
134241.6
134275.1
134346.5
134445.6
134474.6
134519.1
134563.3
134597.5
135222.9
135265.9
135330.1
135408
135567.5
135640.2
136042.2
136229.8
136319.6
136347.7
136370.2
136373.6
136459.7
137039.9
137139.4
137565.4
137617.8
137740.4
137907.3
138083.7
138135.4
138293
138681.3
138723.7
138935.1
139196.3
139205.8
139236.6
139282.8
139306
139550.3
139579.5
139593.8
139650.9
139667
139732.8
139768.6
139806.1
139841.2
139846.7
139864.3
139905.2
139952.3
139992.1
139997.1
140014.3
140064.5
140082.8
140094.4
140128.1
140190.9
140207.8
140309.8
140309.9
140336.6
140356.6
140383
140457.5
140498.6
140517.8
140630.6
140647.8
140660.1
140720.6
140751.7
142303.1
142984.1
143019.3
143040.3
147756.4
149013
149091.7
151823.8
152452.6
152764.9
154657.9
154698.7
154737.6
155105.2
155647.4
156307
157931.6
157981.3
158005.7
158215.3
158446.3
158477.6
160803.7
160818.7
160842.7
160852.8
160888
160902.8
160979.3
161094.4
161135.1
164021
165272.5
165495.2
165902.8
166006.7
166010.3
166183.5
166234.2
166247
166250.5
166256
166302.9
166309.3
166352.1
166453.5
166488.8
166489.5
166547.7
166618.1
166669.8
166705.7
166723.3
166727.7
166812.4
166838.2
166881.3
166955.8
170254.5
170509.5
170511.9
170512.5
170594
170606.1
170642
170687.5
170709.4
170789.1
172135.4
173419.9
173483.8
173645.8
176864.2
177367
177543.7
177573.5
177595.9
177628.9
178577.9
178695.4
179385.8
179549.3
179781.7
179785.5
179898.5
180043.1
180131.3
180154.9
180333.5
180341.2
180390.1
180505.9
180579.1
180691.3
180699.7
180922.5
180999
181683.1
182981.5
183098.1
183389.6
189518.3
189711.6
189714.3
189746.7
189759.6
189870.6
190048.5
190095.7
190117
190136.2
190298.2
190346.9
190429.1
190437.8
194712
195638.7
205445.9
205466.6
205508.5
205582
205592.9
205641.4
205787.8
205805.4
205914.2
206159
206312.7
206357.3
206432.9
206452.3
206498.6
206562.7
206718.6
206732.9
206925.1
206929.2
207016.2
207035.4
207036.5
207047.5
207067.3
207189.5
207450.5
207600.8
207608.3
207622.1
207657.8
207660.5
207738.3
207994.8
209401.2
209477.8
209630.5
209785.8
209923.3
209993.4
210065.3
210728.7
210770.8
210796.3
210953.3
210954.6
210978.4
210996.6
211000.9
211033.2
211098.4
211120.7
211245.5
211249.9
211287
211287.4
211291.2
211296.8
211368.2
211492.2
212603.8
212730.8
212796.2
212837.9
212852.5
212948.8
213118.7
213296.4
219149
219161.7
219214.6
219249.3
220095.8
220112.2
220164
220171.9
220433.2
220589.4
220633.2
220694.2
220720.7
220744.6
220752.4
220766.6
220799.7
220815.5
224495.3
224562.2
225533.7
226513.2
226900.4
227031.9
227111.5
227145.8
227223
227271.9
227415
227506.9
227522.1
227545.5
227572
227609.7
227955.2
227969
228057.1
228273
229185.7
229196.1
229197.8
229215.3
229254.8
229256.2
229299
229322.1
229361.1
229390.1
229400.5
229447.4
230324.7
230600.7
234385.7
240994
241345.5
244291.2
244424.5
244747.3
244767.2
244902.8
244953.6
244971.6
245019
245420.5
245443.4
245532
245577.5
245626.4
245706.4
246473.5
246986.8
248178.1
248208.6
248278.2
248282.1
248314.8
248345.5
248348.6
248389.1
248448.8
248475.2
248475.7
248482.6
248491.9
248504.2
248552.3
248591.2
248611.5
248703.2
248709.4
248751.4
248846.4
248881.2
248909.5
248915.9
248916.8
249045.7
249245.3
251432.6
251562.5
252092
252201.3
252448.7
252588.8
263397.2
264524.1
264561.7
264704.5
264709.9
264718.6
264745.6
264788.8
264813.5
264841.8
264906
265012
265098.1
265897.1
266477.5
266749.2
266933.9
267038.2
269184.4
269592.4
272079.9
272263.5
272317.8
272357.7
272359.9
272386.6
272390.4
272423.6
272489
275617.7
275686.2
275719.6
275777.4
275994.8
276107.1
276111.6
276118.4
276136
276188.4
276245.9
276262.5
276308.1
276350.3
276452
276579.7
276647.9
276666.7
277053.7
277377.3
277968.2
278083.3
278630.3
278688
278794.3
278850.1
278921.3
278937.9
279014.9
279036
280772.1
280785
280797.5
280813
280820.8
280843.3
280844.8
280851.8
280866
280867.1
280945.1
280997.1
281013.8
281025.4
281072.1
281073.2
281088.2
281189
281301.4
281354.7
281364.8
281396.9
281465.7
281467.6
281532.6
281662.3
281686.6
297706.9
297771.7
299029.5
299042.1
299063.1
300913.9
301459.3
303577.6
304121.6
304180.4
304437.5
304653.1
304701.5
304806.4
304858.6
304859.4
304865.4
304936.5
305273.9
305357.5
305384.6
305409.4
305447.8
305561.8
305602.3
305644.4
305649.8
305654.5
305701.6
305717.7
305732.1
305832.9
305997.3
306209.8
308627.5
308673.2
308750.4
308750.5
308851.5
308857
308892.1
308911.4
308953.2
308967.4
308976.3
309120.9
309203.5
309519.3
310007.5
311479.1
311500.7
311507.2
311939.3
312268.6
312311.2
312315.1
312346.7
312436.9
312439.6
313409.3
313418.3
313437.6
313489.3
313520.5
313525.3
313844.2
313846.4
314004.3
314302.3
314360.7
314514.8
314806
315902.8
315912.5
315920.3
315938.8
316138.8
316185.4
316244.5
316427.4
316486.1
316977.2
317368.7
317796.3
322634
325369.7
325473.8
325561.4
325643
326658.8
326679.5
327232.9
327428.8
327487.8
327621
327687.8
327784.9
327805.2
327852
328322.3
328523.9
328550.8
328620.9
328720.2
328931.8
328933.3
328947.4
329070.4
329088.6
329249
329304
333162.9
333349.1
333381.7
333395.1
333669.2
333842.5
333871.5
333924.1
334067
334156.1
334194.5
334198.4
334296.4
334315.5
334379.5
334429.1
334434.6
334496.4
334575.8
334590.8
334605.6
334615.9
334684
334701.7
334755.3
334756.9
336142
336149.2
336995
337423.4
337678.8
341425.7
341479.7
342621.6
342695.3
342771.9
342808.2
342943.9
342953.1
346764.1
347154.2
350118.8
350635.3
350665.1
350685.5
351186.7
359355.1
362760.3
363531.5
365387.4
373097.2
373139.2
373176.4
374161.2
374248.7
374347.2
374352.3
374373.1
374427.4
374516.2
375897.2
376179.8
376463.3
377494.6
378020.8
380078.2
381709.3
382371.7
384602
385156.1
385221.9
393239.1
393903.7
393961.9
394068.6
394191.1
394292.6
394635.9
394644
395054.7
395084.2
395098.7
395124.9
395205.3
395313.9
395405.6
395448.7
395467.8
395754.5
395787.9
395813.4
395881.4
395990.8
396201.5
396206.5
396261.7
396351.2
396422.2
396429.2
396498.3
396507
396541.7
398876.3
400363.7
400607
400881.5
401016.2
401096.1
401712.7
401933
402005.2
402240.6
402253.3
402311.2
402406.4
402410.2
402411.8
402412.9
402451.7
402604.1
402647.8
402693.4
402717.1
402749.1
402757.7
402768.2
402769.5
402931.4
402947.6
402993
402996
403006.4
403026.9
403074
403115.9
403161.3
403173
403250.3
403271.3
403447.4
403463.4
403480.4
403560.5
403631
403637.9
403692.1
403726.6
403750.9
403799.3
403807.4
403843.3
403856.7
403871.5
403873.9
403900.9
403957.1
403990
404076.6
404101.5
404311.8
404353.4
404362.5
404509.4
404514.4
404561.3
404640.2
418808.9
419205
419270.5
419568.2
419646.8
419690.1
419885.8
420138.6
420662.4
421124.2
421244.4
421256.3
421264.1
421294.9
421297.5
421326.7
421401.7
421408.9
421474.5
421520.9
423689.4
423746.1
423747.6
423819.4
423854.9
423896.2
423901.7
423939.6
423976
424422.4
425015
425090.2
425102.3
428848.1
429367.1
429406.7
429417
429508.8
429669.4
429727
429884.1
431301.1
433117
434941.8
436300.6
436706.4
436960.3
437465.6
437494.3
437699.1
437881.1
438679.1
438842.6
438862.3
438931.4
438997.4
439151.1
439156.6
439646.8
439654.6
445161.5
445575.4
446282.8
447007.5
447110.8
447163.5
447224.4
447254.6
447395.1
448153.7
448355.5
449101.1
449194
449284.9
449388
449395.5
449497.4
449541.6
450756.5
450826.1
451408.5
455306.2
456194.4
456201.5
456225.6
456242.5
457828.7
457843.8
457856.2
457868.8
457881.3
457934.8
458040.6
458070.1
458146.8
458268.7
458287.5
458560.1
458566.2
458574.2
458587.7
462707.5
462790.1
463884.2
464922.3
468633.3
468789.9
470600.8
471790.1
474566.3
474656.9
474680.5
474767.7
474835.2
474835.6
474858.9
474882.7
474935.6
475098.9
475100.9
475145.4
475150.4
475185.8
475356.6
475431.8
475456
475479
475484.2
475541.5
475574.7
475601.3
475704.7
475924.1
475941
475954.4
476096
476147.9
476275.6
476291.6
476334.4
476345.9
476378.1
476418.5
476423.7
476446.1
476775.1
476815.1
476822.7
476824.9
476902.4
476965.3
476968.8
476985.6
477053.3
477117.5
477138.8
477166.3
477202.1
477343.4
477469.1
477484.3
477502.7
477588
477616.5
477644
477865.4
477881.6
477913
477984.8
478072.9
478116.2
478153.9
478304.8
478455.7
478465.5
478510.9
478520
478581.8
478583.3
478605.9
478644.7
478659.4
478669.1
478686
478722.1
478861.2
478911.6
479065.3
479086.4
479092.1
479096.3
479101.8
479141.1
479183
479190.1
480300.2
480435.9
480536.6
480686.4
481016.4
481294.9
481368.4
481471.8
490987
491094.6
491095
491166.7
491182.1
491623.2
491660.8
491771.4
492370.3
492650
492681.7
492699.6
493491.7
493514.5
493595.5
493611.3
493703
493764.7
494275.6
494790.8
496777.7
496828.4
499234.6
499256.1
499840.5
500727.2
502026.8
502076.7
502530.5
504395
505173.8
505247.2
505360.5
505464.5
505547.4
505578.2
505585.6
505654.7
505660.1
505688.7
505712.2
505884.7
505890.1
505945.1
505991.9
507931.2
508039.7
508144.3
508172.8
508222.4
508222.7
508235
508247.5
508418
508430
508432.4
508447.9
508577
508861.6
508886
508912.5
508959.5
509043.4
509201.1
509253.7
509528.6
509572.5
509592.6
510178.9
510394.1
510405.9
510614.8
510634.9
511167.5
511256.9
511466.3
512064
512197.1
512218.7
512279
512359.6
512361.7
514259.2
514507.3
514570.7
514575.3
514606.3
514610.3
514758.7
514872.6
514959.5
515044.6
515080.3
515117.7
515126.1
515133.5
515287.2
515346.4
515361.3
515369.7
515478.2
515516.4
515518
515518.7
515530.4
515575.8
515600.3
515682.5
515713.3
515719.6
515785.2
515789.6
515820.5
516020.9
516028.5
516033.2
516084.9
516166.5
516222.9
516254.4
516273.5
516361.3
516375.4
516426.7
516574.6
516735.6
517724.4
517846.9
517956.9
518121.3
518273.6
518442.5
519437
524908.7
525480.8
525482.5
525632.7
525711.2
525711.9
525832.4
525867
525909
525924
525924.2
525932.7
525934
525962.4
525973
526005.1
526013.5
526056.4
526091.2
526196.4
526242.9
526255.4
526358.9
526406.3
526419.6
526442
526542.9
526714.6
529735.8
529951.6
530185.3
530747.8
530967.6
531081.6
531168.5
531198.1
531209.8
531229.8
531257.2
531327.1
531346.1
531350.3
531352.1
531396.3
531450.9
531595.3
531664.1
531677.5
531696.5
531758.4
531903.7
532480.6
532545.5
532554.7
532697.2
532734.6
532769.7
532888.9
532982.6
533025.2
533097.7
534243.7
536257.2
539199.2
539293.8
539335.9
539389.6
539448.3
539472.1
539615.2
541285.1
541337
541351.8
541359.4
541414.5
541475.2
541488.6
541668.7
541676.4
541701.1
541747.8
541815.5
541877.3
541914.7
541926.1
541967.4
541979.7
542021
542035.6
542095.4
542138.6
542215.1
542216.6
542227.7
542344.9
542370.9
542395.8
542468.9
542507.2
542565.6
547924.5
550136.8
550321.2
551031.4
551723.2
554780.6
554856.5
554993.6
555020.1
555166.1
555230
555268.4
555345.7
555418.3
555495
555503.8
555528.2
555534.8
555553.9
555587.2
555626.5
555633.3
555673.3
555694.6
555767.3
555829.4
555831.9
555862.2
555866.3
555868.4
555880.8
555915.5
555945.1
555945.8
556057.6
556099.4
556179.6
556184.7
556259.5
556313.4
556332.2
556374.3
556380
556400.2
556444.7
556470.6
556546.1
556577.4
556581.7
556587.2
556611.6
556753.7
556788.5
556875
556888
556953.5
556958.8
556966.5
556982.2
557006.3
557085.5
557101.3
557128.3
557166.6
557188.2
557262.8
557299.1
557398.4
557410
557442
557492.3
557502
557536.6
557559.9
557578.1
557776.2
557779.2
557782.4
557877.3
557905.8
557993.5
557997.6
558168.1
559282.3
559304.6
559350.1
559370.8
559371.5
559381.9
559405.1
559408.2
559553.5
559555.9
559581.6
559589.6
559612.4
559614.9
559635.2
559680.5
559701.1
559736.1
559760.8
559780.3
559829.9
559845.7
559874.5
559948.2
559950.2
559957.7
559973.4
560910.1
561150.2
561211.1
561236
561281.4
561376.6
562513.6
567069.9
567091.6
567117.7
567119.3
567135.4
567193.6
567231
567316.6
567353.9
567451
567563.6
571152
571347.2
571732.2
576368.7
576402.7
576463
576476.2
576728.9
576808.6
579571.8
579572.5
579681.5
579695.3
579704.1
579771.1
580731.1
586005.5
586318.4
586374.5
586436.9
586449.3
586600.2
588186.4
588288.1
588486.5
588547.1
588551.1
588627.7
588887.7
588894.1
588990.3
589411.8
589469.3
589806.3
590985.2
591008.6
593172.8
593319
595233.9
595242.1
595503.1
595614
595624.6
595659.4
595777.9
596352.9
596881.1
598635.6
