3937.8
4288.7
4331.9
4400.9
4429.6
4436.4
4485.5
4494.7
4496.5
4497.3
4521.1
4608.9
4750.5
4798.7
7087.9
7243
7265.6
7273.4
7414.5
7425.1
7486.6
7509.2
7562.5
7562.6
7563.2
7615.8
7657.2
16205.3
16298.9
16565.9
20291.9
20396.1
20475.5
20551.9
20562.5
22978.8
23211.9
23289.5
23420.4
23554.4
23574.2
23810.7
23859.4
23892
23906.6
24083
24106.4
24123.4
25371.9
25717.6
27444.6
28469.8
28513.3
28777.7
28820.9
29276.2
29320.2
30501.7
30779.4
36249
38131.4
38322.2
38384.3
38611.8
38673.8
38783.3
44535.6
44723.9
44770.1
44962.5
45287
45348.1
45389.2
45439.6
45592.1
50750.1
50797.2
50848.8
50873.7
50906.9
50913.6
51004.8
51110.9
51154.8
51156.4
51157.7
51272.5
51293.8
51332.1
51351.2
51353.4
51397.7
51407.6
51520
51532.6
51573
51686.9
51725.8
51750
51824.5
51915.3
51922.3
51955.3
51973
52332.4
59741.9
59968.9
59977.8
60163.6
61942.1
62527.1
62622.7
62972.7
63007.7
63014.4
63046.6
63154.4
63230.9
63254.7
63264.3
63362.1
63393.7
63487.6
63598.4
63987.6
65781.2
66022.7
66285.3
66464
66500
66630.8
67102.9
67420.6
70224.3
70338.2
70357.6
70363.1
70393.1
70406.5
70408.2
70440.4
70454.7
70462.8
70476.5
70533.7
70589
70649.2
70651.4
70661.1
70706.6
70709.7
70888
70944.6
70977.3
71012.7
71158.3
71226.7
71274.7
72217.4
75243.6
75355.1
75405.5
75462.4
75463.3
75472.3
75477.9
75483.7
75485.7
75508.3
75515.3
75563.6
75615
75742
75763.9
75836.8
75851
75894.2
75914.3
75965.3
76055.5
76303.3
81994.7
82104.4
82317.7
82567.3
83046.6
86572.4
86752.2
86815.1
87132
87898.7
92302
92351.7
92379.1
92577.2
92596.2
92632.9
92649.6
92656.7
92708.6
92736.4
92744.5
92745.5
92789.8
92928.6
92959.3
93051.6
93098.8
93152.7
93202.1
93240.4
93308.8
93309.9
93451.5
93460.1
93523.6
93541.2
93569.9
93663.3
93701.7
93771.6
93781.6
93795.1
93804.3
93814.8
93853
93861.6
93903.7
93908.2
93918.1
93931.4
93940.4
93965.1
93977
93980.1
94215.9
94242.1
94261.8
94291.5
94371.3
94499.7
94564
94601.8
94677.4
94837.1
94865
94889
94908.9
94978.2
95034.9
95141.3
95247.3
95342.6
95366.1
95432.6
95493.3
95651.7
95681.5
95703.3
95753.9
95754.8
95768.4
95831.1
95855.5
95868.9
95884.8
95988.8
95991.2
96011.3
96020.5
96072.4
96090
96129.9
96146.3
96159.1
96176.8
96262.2
96271.7
96275.2
96450.5
96462.3
96558.5
96627
96643.9
96680.7
96722.4
96816
96837.6
96868.4
96950.1
97001.1
97032.7
97061.1
97174.5
97198.7
97220.1
97263.8
97312.6
97336.4
97339.4
97369.8
97370.5
97389.5
97421.2
97466.9
97507.8
97656.1
97662
97671.2
97691.3
97765.9
97860.6
97950.9
98129.6
98152.9
98183.5
98194.1
98252
98353.6
98377.7
98401.9
98420.8
98435.2
98456.3
98460.1
98551
98566.5
98616.6
98697.6
98734.9
98754.9
98762.6
98805.4
98836.2
98873.1
98948.2
98999.5
99074.6
99079.9
99158.8
99164.8
99202.1
99297.3
99363.2
99442.6
99447.4
99448.8
99466.6
99523
99601.2
99620.4
99639.4
99747.1
99782.6
99810.7
99851
99858
99902.5
99904.5
99926.9
99945.8
99988.5
100132.7
100143.7
100173.1
100187.1
100193.8
100203.7
100224.1
100328.1
100422.7
100477.5
100549
100694.1
100733.5
100788.7
100843
100843.6
100847.3
100862.1
100937.4
100956.3
101033.3
101195.8
101280
101311.4
101538.4
101546.9
101582.4
101857.7
101918.3
102118.2
102275
102285.4
102306.3
102369.8
102506.1
102528.5
102565.5
102585.8
102607.4
102610.3
102659.6
102787.5
102862.5
102935.2
103082.4
103083.3
103242.6
103266.1
103321.3
103359.2
103550.9
103595.6
103613.9
103719.3
103741.1
104449.3
104713.9
105672.1
105742.8
105991
111077.8
111174.2
111255.2
111263.2
111267.2
111401
111573
111815.8
111839.6
111865
111866.3
115604.2
115680.6
116100.5
116103.8
116322.1
116326.3
116327
116330.2
116347.6
116348.8
116394.8
116480.6
116621
116645.8
116708.3
116779.7
116802.3
117190.2
117227.9
117233.2
117234.4
117281.5
117403.9
117698.3
117702.1
117750.6
117824.9
117965.6
118105.9
161719.4
161739.8
161829.3
161837.2
161850.3
161857.5
161985.2
162112.8
162122.3
162249.8
162330.7
166795.8
169413.2
169802.5
169997.8
170061.6
170295.5
170423.8
170489.8
170642.5
170664.8
170922.9
171537
171551.4
171577
171622.6
171882.2
172230.1
172266.6
172273.9
172340.4
172342.1
172355.4
172381.9
172428.5
172507.3
172516.6
172544
172587.8
174653.6
175429.5
175457.2
175789.7
176084.5
177297.1
177318.2
177409.6
177486.3
177488.5
177729.7
177843.2
177966
177967.2
177995.1
178035
178199.4
178216.8
178874
178919.8
178985.2
179034.6
179058
179260.9
179350.6
179443.7
179488.4
179966.8
180298.8
180859.4
180912.4
180946.2
181086.9
181091.5
181241.1
181318.2
181407.1
181452.3
181468.2
181500.2
181520.2
181608.1
181647.7
181818.4
181850.2
182001.8
182183
182274.5
182285.8
182290.2
182311.8
182332.5
182339.7
182405.7
182417.9
182708.4
182709.9
182967.7
192035.3
193800.6
193849
194125.3
194142.9
194174.8
194183.4
194355.2
194364.3
194476
194581.4
194665.1
194747.4
194896.5
194917.8
211536.8
211605.5
211618.6
211711.3
211736
211862.5
211880.3
211892.7
211989.5
212087.4
212116.6
212147.1
212336.7
212392.4
217238
217260.8
217412.5
217873.9
217877
217975.8
218009.6
218039.5
218325.3
218352.6
218492.6
218621.8
218881
218899.7
221302.7
221511.5
221632.7
221733.3
221813.8
221932.7
221965.6
222108.4
222122.8
224657
226135.4
226420.9
226908.1
227055.8
227133.6
227246.2
227298.5
227352.3
227373.1
228022.9
228207.3
228471
228814
229076.9
229104.7
229142.4
229228.2
229265.6
229350.8
229403.2
231803
244380.2
244384.3
244621.7
244782.8
245037.8
245117.6
245281.4
245360.8
245557.6
245965.3
246164.8
246580.3
250026.5
250083.9
250093.2
250097.9
250441.9
250467.7
250489.3
250534.4
250535.9
250542.3
250641.5
250703
250706
250723.3
250973.4
251130.9
251227.6
251262.5
251306.6
251487.6
251896.4
252172.2
252222.4
252305.3
252348.1
252450
252507.2
260270.8
263261
263262.5
263371.6
263508
263528.4
263537.7
263612.2
263656.2
263937.2
263937.3
264012.2
264375.8
269436.6
272715.6
278978.7
279120.9
279227.8
279294.4
279317.1
279319.6
279405.5
279475.5
279502.8
279506.6
279542.7
279643.5
279705
279767.3
279802
279819
279852.4
279959.8
280121.6
280132.5
280272.3
280290.7
280414.2
280442.9
280650.2
280655.7
280659.3
280728
280964.8
281061.6
281494.2
281565.8
281643
281816
281897.9
281909.5
281966.3
282155.9
295882.5
295947.1
296589.6
297341.3
297465.1
297661.2
300092.6
300620.1
300658.1
300735.4
300775.2
300865.4
300886
301058.4
301102.2
301233.3
301256.8
301352
301415.2
301589.4
301631
301751.2
301824.4
301958.7
301977.7
302032.3
302105.5
302232.8
302291.3
302387.4
302413.3
302440.5
302476.5
302588.8
302625.6
302673
302687.1
302731.8
302795.7
302813.5
302827.8
302828.4
302828.8
302876.2
302898.3
302958.6
303016.8
303038.4
303056.4
303068.8
303079.8
303109.6
303134.4
303154.7
303212.8
303263.8
303277.2
303378.7
303383.8
311505.2
311913.9
313903.9
314785.5
315874.7
322798.9
322848.2
323155
323297.8
323327.6
323361.8
323367.9
323430
323434.2
323717.4
323769.5
323800.2
323869
323948.6
324040.9
324050.7
324136.8
324264.3
324283.8
324545.4
324637
324774.5
324786.3
324977.8
325106.2
325127.1
325235.9
325240.3
325245.7
325253.4
325299.6
325400.8
325443
330549.8
330560.1
330604.9
330711.8
330768.2
330791.8
330814.7
330941.7
331059.6
331070.7
331177.9
331183.3
331439.5
333506
333828.1
334061.4
334688
338686.3
339041.4
339051.5
339081.7
339431.8
339464.9
339539.6
339560.4
339685.7
339715.6
339967.4
340058.3
340120.4
340180.8
340296.3
340350.1
340549.8
340732.8
340868.1
340997
341072.6
341147.9
341298.4
342443.8
345030.8
345369.3
345408.1
349260.1
349740.2
350422.4
350646.1
356103.8
361019
361207.4
362271.3
362301.4
363004.2
363159
363380.4
364332.7
364436.6
364486.6
364649
364767.2
364768.3
365187.2
372965.4
373230.3
373290.3
373727
373768.1
373777.4
373782
373830.8
373902.2
373921
373991.1
374220.4
374381.1
422892
427253.3
441996.2
442042.4
442074.9
442594.7
442617
442751.2
442796.6
442811.5
442942.1
443203.5
443214.8
443260
443270.6
443455
443482.5
443549.6
443550.5
443608.7
443877.8
444404
444455.2
444499.3
447469
447478.6
447867.9
447906.3
447964.8
447988.7
448015.5
448154.7
448203.4
453248.2
453312
453596
453695.9
453780.8
453781.4
453848.1
453943.8
453998.4
454048.1
454159.3
454313.1
454342.4
454366
454529.3
454537
454584.9
454688.8
454974.6
455773.2
456161.8
459823.5
462782.4
463610.8
463686.1
465055.9
465152.3
465182.9
465212
465313.2
465385
465402.1
465430.7
465469.3
465478.7
465502.6
465511.5
465550.3
465595.9
465668.2
465682.9
465688.7
465692.4
465693.9
465735.6
465747.2
465845.9
465956.2
465966.5
465977.7
466006
466037.6
466077.9
466085
466142.3
466227.8
466255.5
466290.1
466303
466316.7
466353.4
466380.9
466391
466446.6
466457.2
466513
466616.7
466619.6
466702.9
466737.3
466844
466963.7
467082.3
467092
467143.2
467312.2
467726.4
467872.7
468194.7
512307.1
512725.9
512734.4
513503.4
517418.8
517535.3
517674.8
517804.7
517869.1
518303.6
518462.3
518542.1
518607.1
518783.6
518820.1
518928.1
518946.9
518953.8
518965.8
518968.9
518988.6
519016.9
519050.4
519060.5
519096.3
519109.7
519123.5
519139.3
519205.5
519280.9
519288
519304.5
519378.8
519381.3
519427.8
519510.6
519529.9
519605.6
519625.9
519650.9
519681.3
519809.3
519813.5
520028.5
520103.2
520135.3
520383.8
520446.1
520548.2
520643.2
520818
520824.2
520912.8
520963.4
520997.4
521005.2
521244.6
521390.8
521391.1
521473.8
521535.9
521574.9
521611.6
521632.7
521814
521860.4
521945.7
521980
522019.2
522183.5
522455.5
522571.5
522881.3
523022.2
523239.5
523407.1
523475.7
523605.9
523857.9
523953.8
524201.3
524442.6
524445.5
524445.7
524513.3
524585
524728.2
524748.5
524764.9
524835.6
525035.3
525405.7
525510.5
525527.2
525569.5
525622.6
525826.7
526104.2
526108.7
526212.4
526668.7
529626.7
530821.5
533448.8
533544.5
534608.9
534923
534996.5
540536.1
540953.1
541165.8
541334
542626.1
542743.7
542772.8
543432.5
544995.9
546280.9
546572.2
546626.4
546689.9
546727
546781.5
546887.6
546925.3
546971.1
547050
547057.5
547081.7
547151.8
547272.2
547312.9
547327.8
547369.9
547374.4
547378.7
547523.8
547581.8
547725
548070.8
549841.5
550532
550593.7
551189.9
559621.6
561164.1
561611.1
570268.1
572360.3
572435.5
572650.5
573005.8
573878.9
573924.5
573967.6
574061.2
574130.2
574164.4
574280.4
574304.6
574382
574436
574446.1
574464.3
574471
574479.4
574527.9
574826.9
574910.2
574971.1
575026.2
575071.7
575125.5
575149.2
575225.9
575254.4
575266.3
575284.8
575293.3
575319.9
575320.7
575331.1
575419.1
575442.8
575465.3
575471.4
575527.4
575531.9
575580.6
575593
575603.4
575700.6
575856
578747.6
580654
580893.6
587308.4
588631.3
588884
589547.2
589637.4
591063.8
591113.1
591220
591292.3
591352.2
591380.4
591429.7
591441.4
591450.4
591462.6
591555.6
591613.4
591625
591660.8
591662.8
591730.5
591924.1
592158.5
592221.5
592285.5
592369.2
592387.8
592784.6
592849
592919.4
592932.8
593020.5
593085.8
593237.8
593445
593448.4
593749.4
594027.2
594052.4
594531.1
594580.5
594650
596641.5
596968.1
597321.8
597923.6
598760
598973
599228.5
599366.9
599557.4
599791.6
599952
