2223.6
2280.4
2334
2343.2
2411.2
2463.7
7157.9
8060.9
8093
8172.6
8190.3
8209.1
8214.7
8249.5
8298.8
8461.3
8492.9
8579.1
8652.8
8725.1
8949.2
9038.7
9128.1
9277.1
9300.7
9469.3
9518.6
9577.2
9603.1
9614.6
9704.3
9933.2
10040.1
10093.8
10152.7
10265.7
10290.5
10297.1
10302.9
10353.4
10396.7
10457.6
10531.3
10532.1
10618.1
12335.4
12455.8
12484.2
12509.2
13301.2
14127.5
14387.1
14455.6
14492.4
14541.5
14566.3
14681.3
14911.7
14994.2
15003.9
15045.6
15354.3
15802.6
15838
15840
15881.5
15888.6
16219.5
16221.3
16225.5
16495
18703
18758.4
18771.5
18800.6
18854.4
18865.4
18885.2
18935.4
18969.7
18984.6
19166.6
19212.2
19242.4
19250.2
19337.3
19359.9
19366.1
19373.2
19415.9
19428.9
19435.6
19459.4
19540.1
19571.6
19633.1
19636.3
19733.1
19748.3
19801.9
19910.8
19914.8
19926.5
19948.5
19972.5
19983.4
21156.8
21270.8
22620.4
22770.8
22786.3
22789.8
22853
23073.1
23695.7
24052.3
24065.5
24157.7
24219.4
24228.4
24328.4
24381.9
24406
24462.1
24489.4
24593.7
24600.6
24663.1
24688.2
24766.8
24854
24880.6
24954
25058.4
25120.7
25201.4
25224.6
25239
25301.6
25309
25340.1
25340.3
25440.5
25453.5
25549.4
25599.8
25629.6
25634.4
25687
25703.3
25821.7
25859.6
25885.3
25923.6
26029.5
26041.9
26066.1
26094
26189.5
26226.2
26276.4
26309
26394.1
26402.8
26436.2
26688.6
26746.6
26756.6
26774.5
26782
26782.2
26824
26957.4
27028.5
27119.1
27151.6
27200.9
27225.7
27265.6
27301.4
27338
27341.5
27492.6
27540
27661.9
27789.1
27800.4
27921.8
27944.7
27982.2
27995.7
28066.2
28073.2
28111.2
28132.5
28215.5
28222.5
28441.6
28472
28507.4
28532.9
28732.8
28763.4
29037.9
35825.9
35868.7
35869.4
35884.6
35921.9
35978.1
36026.3
38850.3
39058.7
39872.3
39891.4
40088.3
40693.7
41352.9
41385.9
41471.9
41637.5
41672
42676.5
43629.6
43802.3
43869.2
43892.8
43903.7
44004.3
44028.5
44046.3
44052.2
44120.8
44173.5
44179.5
44213.3
44263.8
52182.9
52307.6
52554.4
53219
53438.3
53948.9
53968.7
54087.7
54313
54328.1
54464.9
54533.2
54572.9
55150.8
55579.4
56214
56264.6
56268.4
56615.7
57441.3
57449.9
57486.6
57525
57732.3
57757.1
57792.9
57843.7
57906.7
57927.7
57935.8
57995.8
58010.1
58022.9
58049.5
58174.6
58485.5
58486.3
58586.9
58723.9
58919.9
59007.4
59021.3
60065.5
63493.1
63500.3
63586.4
63615.9
63681.7
63704
63785
63813.8
63825.5
63827
63901.4
63905.1
63915.4
64046.3
64091.9
64165.6
64213.7
64296.4
64722.9
64844.4
65588.9
69371
71427
71473.1
71476.3
71618
71676.5
71703.5
71844.7
71940.3
72087.4
72724
77943.9
78301.3
78508.7
84292.5
84345.3
84349.2
84480.5
84544.3
84559.8
84568.2
84614.5
84675.1
84690.5
84703.2
84704.7
84839.1
84875.9
84914.1
84930.2
84935.4
84947.7
84965.7
85079.4
85118.1
85128.1
85141.1
87935.6
88818.6
89098.3
89340.5
89358.3
89497.5
89745.7
103705.7
105855.6
107465.2
107531
107581
107667.6
107672.1
107692.3
107695.7
107751.5
107763.4
107771.3
107780
107780.6
107806.6
107812.2
107829.3
108032.6
108124
108918.5
109174.2
109727.4
109872.9
109884.8
109888.6
110007.3
110090.8
110189.7
110276.3
110281.1
110401.9
115583.2
118130.6
121340.7
121375.1
121387.2
121564.7
121601.9
122103.3
122379.2
122748.9
123352.7
123364.5
123573.8
123587.7
123605.9
123735.4
123901.6
124029.2
124203.4
124628.2
125913.2
130050
130110
130305.7
130426.3
130527.2
130592.8
130635.1
130659.8
130670.7
130682.2
130686.9
130689.4
130739.7
130740.2
130900.9
131285
132021.9
140918.4
140962.3
141100.2
141138.7
141171.7
141578.7
141652.8
141692.1
141754.2
143034.6
143259.9
143955.1
144029.9
144937.8
148394.9
159588.5
162307.5
162348.4
162407
162448.4
164766.5
165064.2
165151.3
173028.8
173299.8
173347.7
173387.3
173451.3
174846.9
175011.9
175079.1
175762.7
175937.3
176021.8
176060.5
176125.5
176154.3
176181.6
176184
176195.7
176283.6
176293.4
176296.2
176542.9
176552.9
176614.9
176811.4
179523.4
179710.4
179742.7
179952.2
179954.1
179978.8
180007.1
180124.5
180221.6
180296.1
180327
180327.6
180335.3
180438.2
180518.8
180574
180676.6
184933.4
185036.2
185038.7
185038.8
185197.4
185360.6
185403.4
185409.1
185434.8
185446.2
185504.7
185524
185527.5
186094.1
186355
186829.6
186834.3
189939.4
191026.9
191101.6
191104.1
191114.9
191146.5
191158.1
191166.5
191254
191287.7
191362.6
191442.9
191539
191611.8
191613.6
191700.6
191708.5
191761.5
191910.3
191929
191944.6
191953.3
192024
192027.8
192071.1
192101.8
192102.3
192105.7
192161
192172.4
192200.6
192239.6
192302.7
192343.6
192365.4
192379.4
192405.1
192451.6
193815
195044.8
195050
195075
195076.9
195130.3
195149.1
195177
195216.8
195857.4
196085.7
196390.8
196470
196492.9
196562.2
196607.2
196649.2
196778.8
196814.2
196845
196942.8
197033
197089.4
197097.1
197235.1
197303.6
197325.3
197449.7
197574
197603.3
197638.5
197689
197695.8
197754.4
197756.7
197828.7
197902
197979
198134.7
198172.4
198203.7
198210.3
198250.3
198269.9
198315.2
198332
198349
198357.8
198486.1
198545.1
198605.8
198659
198817
198883
198923.8
210761.5
210786.3
210841.1
210897.9
210979.4
211009.3
211034.9
211261
211271.3
211360.2
212574.6
212647.2
212729.3
213266.5
215993.6
217430.4
217566.4
217718.3
217925.7
218094.7
218884.3
218927.3
219195
219213
220014
220056.6
220111
220290
220308.1
220633.2
220722.9
220798
220811.8
220846
220968.5
220978.5
221014.9
221100.8
221129.3
222135.6
223095.7
223627.1
223658.3
223680.9
223689.1
223707.3
223726.8
223764.6
223838.8
223840.4
223876.8
223893.4
224027
224115.9
224187.2
224215.9
224470.3
224858.7
230116.2
230231.7
230296.7
230907.4
231249.3
232169.9
232213.2
232256.7
232279.6
232402.1
232436.5
232527.5
232846.4
232851.4
232852.3
232870.2
232965.6
233131.4
233379.6
233429
233544.6
233570.3
233784.6
233876.9
235642
235938.1
236443.9
238835.8
238839.7
239057.2
239415.4
239418.2
239486.9
239604.1
239673.7
239917
244029
244068.5
244084.2
244092.8
244276.6
244288.5
244311
244344.8
244430
244451.3
244464.7
244515
244541.2
244552.5
244583.7
244623
244766.4
244947.3
244977.6
245258.5
245295.2
245346.1
245412.1
245427.9
245449.1
245507.7
245529.8
245532.5
245543.4
245586.3
245589.2
245599.6
245668.8
245669.8
245670.1
245684.8
245729.1
245754
245765.1
245816.4
245899.3
245998.3
246008.5
246016.8
246020.8
246038.4
246143
246183.8
246189.8
246327.1
246332.2
246336.8
246337.1
246340.3
246360.6
246378.2
246403.3
246473.1
246492.2
246647.2
247490.6
251641.4
251890
259308.7
259538.1
259603.5
259782
259804.4
259843.9
259844
259875.7
268960.1
269343.2
269345.8
269355.8
270435.9
270540.8
270566.8
270715.8
270813.9
270891.4
271022.8
271230.1
271370.9
271394.9
271499.4
271504.9
271601.9
271765.7
271782.6
272058.3
273037.6
273283.6
273664.4
275615.7
275727
275742.1
275925.9
275968.9
276277.6
276278.7
276286
276335.6
276592.9
276742.1
276775
277051.5
277091
277319.3
277515.5
278107.5
278142.7
278153.5
278217.7
278223.3
280849.7
280858
280949.5
281037.4
281093.3
281314.3
281327.9
281430.2
288176
288396.3
288424.5
288626.6
288662.7
288728.7
288821.8
288837.5
289220.7
289257.9
289297.5
289301.2
289448.1
289499.4
289505.4
289589
289615.8
289619.1
289646
289729.9
290018.1
290136.7
290171.5
290243.9
290324.4
290337.9
290361.6
290365.2
290521.7
290558.2
290634.4
290779.4
290845.4
291004.4
291043.3
291122.6
291148.9
291165.4
291191.9
291249.3
291600.2
291684.1
291701.3
291760.8
292094.9
292124.1
292221.8
292280
292525.5
292693.7
292993.8
293011
293055
293236.7
293273.7
293305.8
293329.8
293340.5
293626.5
293636.7
293670.8
293674.9
293720.9
293728.3
293777.5
293814.6
293815.8
293849.8
294002.7
294017.8
294018.8
294084.7
294321.7
295293.5
295398.2
295721.2
295735.7
299355.4
299432.7
299508.7
299537.6
299541.4
299660
299947
299960.4
300074.2
300103.4
300123.1
300164.5
300232.6
300335.3
300418
300476.6
300489.5
300517.4
300792.7
300796.3
300856.7
300988.8
301200.1
303352.9
303492.9
303501.1
306292.6
306397.1
306547.4
306596.9
306622.3
306664.6
306674.5
306862
306867.6
306969.1
307193.9
307195.8
307212.3
307239.2
307351.1
307358.4
307445.9
307574.6
307601.6
307610.9
307628.6
307647.8
307650.8
307684.9
307704.8
307728.7
307735.1
307744.9
307801.3
307829.5
307852
307859.4
307882.2
307927.2
307965.3
307968.1
307997.4
308095.5
308098.7
308099.8
308116.5
308137.5
308229.2
308257.7
308261.5
308305.7
308365.7
308488.5
308516.4
311130.7
311326.6
311342.7
312116.3
312254.3
312269.9
312270.1
312430
320672.2
321077.7
321632.8
321755.2
321931.4
322204.6
322315
322445
322488.1
322802
322844.9
322923.7
325854.9
326006.6
329726.8
329737.2
329742.7
329853.9
329958.8
329971.6
329983.6
330013.3
330517.5
332368.5
332814.8
334835.5
334845.9
334857.3
334936.3
334944
334961.4
335060
335145.5
335220
335252.8
335376.9
337320.4
338609.2
338701
342461.7
342534
342596.3
342657.8
346962.2
347033.9
347056.5
347300.2
347438.4
347449.4
349193.9
349201.2
349216.7
349318.6
349366.6
349370.6
349445.8
349467.8
349480.8
349490.9
349514.3
349519.9
349544.1
349634.5
349929.2
350489.9
354317.7
354845.7
354955.5
355022.3
355027.5
355218.3
355237.3
355243
355256.3
355286.7
355373
355599.1
355611.5
356443.9
365435.5
365886.6
366633.8
367118.3
367290.9
367326.1
367436.7
367605
367610.9
367644.8
367675.6
367922.6
368028.5
368347.1
368365.2
368405.8
368587.5
368826.6
368964
368994.5
368998
369015.4
369081.6
369332.6
369531
372774.9
374119.4
374339.4
374375.2
374395
374443.7
374449.3
374499.6
374512.8
374621.3
374627.6
374708.1
374802.2
374833.8
374849.4
374928.3
375066.7
375405.4
375883.2
376218.6
376411.9
376644.9
377232.5
377403.6
377676.6
378565.3
378629.1
378917.6
379355.4
380139.6
380879.5
381101.3
381113.9
381410.9
381509.4
381717.2
382046.8
382066.6
382347.9
383485.3
383551
383721.4
384019.9
384669.5
384678
385152.8
385190.5
385956.7
386124
386171.7
386228.3
386350.9
386427.4
386443.3
386471.1
386675.8
386775.9
387721.5
387777.6
387820.9
387824.3
387899.9
387987.5
388585.1
388695.1
388810
388937.6
388943.3
389056.6
389105.2
389341.8
389386.8
389468.8
389565.2
389601.3
389636.2
389642.8
389736.7
389994.2
390032.6
390070.9
390163.2
390180.9
390193.2
390413.1
390571.6
390648.6
390735.3
390769.9
390976.6
391004.9
391302
391342.4
391609.9
391840
391874.5
391954.5
392103.6
392108.6
392248.6
392320.3
392432.8
392463.1
393114.9
393486.8
396989.9
399590.8
399842.4
399857.5
399924
399947.8
400027.5
400052.6
400590.5
400709
400743.1
401308.5
402021
402049.4
404867.3
405045.7
405140.3
405179
405684.9
405759.8
405762.5
405830.4
405950.8
406034.1
406051.5
406078.5
406080.1
406113.7
406135.7
406138.5
406146.6
406187.3
406211.7
406284.5
406321.7
406333.5
406372.7
406419.4
406426.2
406467.8
406473
406558.5
406574.8
406809.3
406921.8
407036.3
407078
407189.1
407225.2
407435.2
407692.6
407917.8
408220.6
408262.8
408438.4
408703.3
408809.2
408875.6
409180.4
409218.5
409436.8
409458.6
409482.6
409500.9
409507
409515.2
409572.2
409622.3
409672.1
409822
409829.1
409997.7
410083.7
410161.3
410163.6
410222.1
410223.8
410312
410345.7
410629.2
411141.3
411270.4
411339.6
411461.1
411609.2
411706.9
411736.5
411834.4
411840.6
411842.2
411899.1
411927
411953.8
412040.3
412040.6
412140.7
412205.4
412239.7
412374.8
412498.8
412508.7
412622.1
412666.7
412788.5
413238
415885.6
416209.1
416291.7
416441
416461.9
416549.9
416739.8
416766.7
416863.6
417140.9
417604.8
417610.4
417801.7
417905.2
422011.2
422094.6
422219.7
422259.5
422277.4
422316.4
422345.1
422399.7
422402.9
422556.6
422612.7
422647.5
422728.1
422728.7
422740.9
422777.4
422780.5
422812.2
422845
422871.4
422942.8
422967
423001.1
423048.9
423111.8
423146.1
423200.8
423260.7
427327.6
427685
428261.7
428390.4
428500.7
428725.8
430256.1
430348.6
430410.3
430467.1
441608
441646.6
441687.4
441701.8
441800
441997.8
442089.8
442158
442814.8
443048.7
443068.9
443171.2
443171.4
443462.7
446889.9
449743
449766.3
450013.5
450594.1
451498.3
453354.4
453673.2
453881.9
456174.7
456258.2
456272.5
456290.7
456351.7
456375.1
456390.6
456453.1
456454.8
456529.5
456919.4
457126.1
458134.9
458152.3
458219.2
458261
458285.2
458318.9
458383.7
458528.9
458533.1
458594.4
458631.7
458657.1
458727.5
458741.9
458764.6
458865.6
458882.1
458959.9
459106
459605.7
461278.1
461349.7
461392.9
461602.1
461678.5
461733.7
461741.8
461753.1
461865.1
461969.9
462077.1
462126.9
462150.3
462300.4
462326.9
462409.6
462468.8
463250.8
464401.6
464540.5
464589.9
464637.1
465055.4
470106.5
470107.3
472954.1
472995.3
472999.4
473179.3
473270.5
473273.3
473304.4
473549.4
473785.1
474192
474260.8
474430.9
482902.8
483423.3
483680.5
483801
484107.3
486159.6
486273.6
486753.3
486851.9
486937.5
487227.9
487788.9
487856.6
487860
487895.3
487989.4
488015.4
488080.8
488118
488191.9
488258.9
488288.6
488526.9
489057.5
489139.2
489315.1
489835.9
489943.7
490461.7
490479.7
490537.5
490632.7
490649.9
491086.5
491416.3
492205
494019.4
494130.4
494279.9
494470.1
494972.4
495033.3
495894.1
495949.9
495983.9
496175.9
496589.8
497100.8
497125.2
497184.5
497233.4
497513.5
497682.4
497918.2
497930.6
498033.2
498082.3
498756.6
498874.3
499040.1
499107.7
499204.4
499353.7
499521.3
500016.4
500034.5
500060
500203.7
500271.8
500753.8
501374.8
501895.2
501994.4
502156.2
502365.4
502484
502578.3
502654.8
502707.7
502781.8
502929.2
502937.9
503062.2
503449.6
503576.4
503645.1
503668.2
503935.1
504075.3
504272.5
504983.8
506485.9
506499.6
507000.3
507012.3
507094
507222.6
507318.6
507450.7
507452.2
507551.1
507745.7
507816.4
512626.9
512746.6
512807.8
512815.1
512816.8
512896
512943.9
512952.4
512964.6
513006.4
513020.5
513069.1
513114.3
513131.6
513140
513140.1
513165.8
513175.9
513194.8
513265.2
513387.6
513464.2
513474.7
513522.3
513577.1
513681.3
513752.9
513767.7
513778
513792.6
513818.4
513834.7
514391.3
514953.7
515294.7
517540.1
525720.2
525956.4
526017
526059
526111.5
526220.4
526417.4
526474.9
526577.5
526641.6
526710.2
526712
526717.4
526728.9
526791.8
526807.8
526818.8
526826
526915.9
526944.1
526964.5
526978
527010.3
527011.2
527071
527142.9
527322.6
527323.2
527444.2
530271.9
530318.4
530348.4
530463.4
530478.5
530506
530624
530630
530678.4
530704.6
530733.1
530742.9
530763.8
530775.4
530883.2
531092.5
531133.3
531161.9
532995.7
533059.4
533102.5
533106.7
533111.9
533116.8
533237.6
533359.8
533554.1
538433
538913.1
539066.5
539763.9
539957.3
540054.2
540069.1
540096.2
540122.8
540182.2
540243.8
540247.4
540254.3
540270.8
540292.9
540302.6
540397.2
540402.8
540513.8
540606.9
540707
540848.2
540863.3
540946.8
541135.2
541262.7
547833.8
547907.5
547914.3
547915.7
547975.3
548063.5
548164.4
548287.2
548377
548384.9
549651.2
549871.9
550019.5
550067.5
550098.7
550164.9
550805.7
550961
551312.6
551384.1
551542.8
551608.4
551612
551671.7
551794.9
559379.3
559403.2
559466.1
559509.1
559627.7
559663.9
559734.3
559796.1
559969.9
559994
560008.4
560014.6
560120.5
560234.7
560286.7
560332.1
560512.1
560536.2
560550.4
560612.2
560706.7
560830.7
560887.1
560911.9
560966.5
561025.9
561124.6
561378.6
562205.6
562441.9
562473.8
562712.7
563426
563639
564236.8
564476.4
564604.7
564607.7
564661.2
564669.7
564681.5
564711.9
564712.1
564726.6
564842
567920.3
568029.4
568048.8
568104.6
568125.8
568185.3
568348
568382.2
568500.7
568951.8
569008.7
569010.6
569025.7
569095.9
569115.9
569175.6
569245.5
569282.4
569473.1
569482.4
569527.1
569600.4
569680.4
569740.8
569763.4
569813.2
569839.8
569903.8
569904.9
569913.7
569960.2
569995.5
570010.1
570098.9
570147
570159.1
570159.9
570182.5
570204.5
570336.9
570362.6
570475.7
570543.1
570577.1
570638.8
575772.9
575822.5
575868.6
575908.2
575920.3
575973.8
575976.6
575987.2
576007.3
576133.9
576161.1
576174.5
576283.5
578312
578361.9
578369.3
578436.1
578439.9
578672.7
578685.3
578723.3
578876.9
580152
581092
581266.8
581414.9
581638.4
581708.9
581716.1
581750.9
581753.2
581931.1
581994.4
582001.9
582034.2
582132.3
582182.7
582193.4
582213.9
582251.6
582291.6
582297.4
582298.7
582357
582411.6
585868.8
587002.8
587459.3
587576.1
587920.6
594775.7
594882.2
596239.4
596280.5
596281.6
596301.6
596344.2
596411.3
596462
598335.5
