1444
1899.1
1948.7
4673.3
4733.9
4777.4
4786.4
4786.5
4800.8
4823.3
4841.1
4872.7
4876.8
4877.9
4878.6
4889.9
4969.4
7717.4
8009.2
8045.8
12005.6
16052
16276
16350.2
16470.5
16529.6
16605.9
16639
16661.9
16718.4
16779
16882.3
16940.4
20507.3
20705.5
20786
20925
24207.7
24287
24302.9
24353.5
24695.9
24732.5
24751.6
24815.7
24861.4
25196.4
25429.1
25431.2
25707.4
25943.2
25991.4
26186.3
26429.5
26649.1
26724.4
27079.7
27232.7
27453.1
27636
27675.8
27698.1
27802.1
28046.3
28122.5
28156.5
28239.8
28413.8
28861
28872.5
28920.5
29215.7
29464.1
29679.7
29788.4
29986.1
30657.3
38964.4
39383.9
39562.4
39581.8
41436.1
41461.7
41524
41672.9
41673.9
41676.4
41762.1
41886.7
41900.9
42018.5
42082.4
42172.1
42270.7
48322.6
49024.9
49206.4
49415.9
49486.2
49832.3
50324.6
50350.6
50374.5
50464.1
50497.1
50498.4
50590.2
50591.3
50649.8
56783.5
56811.1
56853
56899.9
56906.6
56999.6
57057.6
57090.6
57140.3
57251.3
57282.6
57346.3
57481.1
57615.6
57833.1
57985.9
58001.6
58608.1
58645.1
58719.1
59023.8
60290.7
60511.5
60636.9
60671.6
61956.2
62299
69675.5
69870.3
70011.2
70090.5
70147.7
74032.7
74424
74498.5
74597
74603.1
74645.7
74744.8
74783.1
74790.8
74808.3
74813
74834.4
74906.4
74939.3
74970.3
74978
74996.1
75012.9
75040
75072.7
75130.1
75227.7
75303
75390.1
75447.6
75568.9
89952.8
90106.4
90565.9
90659.9
90698.2
90734.1
90784.4
90806.8
90850.8
90925.5
90967.1
91016.8
91027.7
91060.5
91251.1
103775.9
103867.2
104185.8
104789.1
105658.6
105704.4
105984
105985.4
106093.4
106127.5
106142.1
106175.9
106214
106295.7
106337.2
106341.1
106402.7
106407.8
106415.9
106583.7
106611
106636.1
106926.7
106966.3
111349.8
111548.6
111630.2
111725.3
111852.3
111879.4
111879.8
111968.6
112006.8
112022
112026.9
112031.5
112147
112162.8
112184.2
112280.6
112347.9
112370.9
112424.7
112455.7
112688
117907.8
118025.4
118081.6
118230.5
118241.4
118259.4
118262.4
118302
118308.5
118343.6
118345.1
118393.3
118416.4
126936.9
128168.4
133864.8
140304.7
140517.9
141537.3
145073.2
145284.2
146354.6
146579.5
146833.4
147056
147458.3
147909.1
148035.7
148058.1
148126.5
148231.4
148439.1
148619.3
148731.6
148926.7
149036.7
149250.8
149308.1
149337.4
149371.1
150089.5
150387
150744.4
150938.4
151038.9
151147.9
151226.9
151240.1
151377.6
151457
151506.2
151886.1
152080
152598
152693.1
152712.4
153033.7
153186.6
153457.6
153500.1
153936.1
154244
154402.5
154606.2
155168.3
155211.1
155437.7
155529
155621.2
156481.7
156520.6
156678.4
156719.7
157112.2
157200.3
157219.1
157938.6
158238.9
158609.4
158628.1
158745
159230.9
159788.6
160623.8
160645
162323.7
162569.5
162744.3
170217.4
172363.8
172400.3
172562.1
172737.6
172775.7
172829.4
172853
172919.7
173062.6
173175.8
173290
175983.8
176168.1
176337.2
176573.7
176900.9
177018.9
177068.5
177134.3
177147
177197.5
177392.9
183188
183253.3
183406.4
183457.4
183463.2
183491.7
183536.1
183869
184493.5
184763
191177.6
191215.7
192359.2
199536.5
199549.8
199671.2
199712.1
199825.9
199899.4
199949.8
200156.4
200184.9
200223
200467.2
200782.2
200917.9
200947.4
200989.6
201306.5
201363.5
201468.7
201537.6
201717.3
201829.2
201829.9
201891.6
201901.2
201924.2
201966.9
202025.3
202116.4
202158.4
202434.8
202441.6
202451.9
202696
202743.7
202753.7
202778.8
202837.7
202847.4
202984.2
203083.7
203090.1
203172
203179.6
203250.4
203254.6
203390.3
203562.3
203620.1
203776.1
203848.7
204114.3
204420.6
204542.7
204614.3
204698.7
205030.9
205171.8
205258.2
205297.5
205583.6
205873.1
210242.9
210401.8
210437.1
210489.7
210508.4
210630.3
210649.6
210652
210690.4
210691.6
210691.9
210704.9
210707.7
210713.1
210768.6
210895.5
211153.9
211161.6
211290.9
211316.2
211336.4
211493.2
211602.8
211667.5
213830.3
213921.2
220964.8
221203
221476.5
221490.9
221589.3
221614.8
221640.1
221641
221739.6
221821.5
221958.5
223757.6
223758.9
223897.4
223917.5
224220.3
224272
224360.5
224406.2
224526.3
224589.1
224618.7
224688.9
224713.9
224726.4
224751.2
224786.9
224904.3
224946.5
224950.4
224967
224974.5
225009.8
225087.6
225290.9
231013
231427.2
240443.8
240645.9
240803.8
240868
240892.1
241016
241318.2
241436.2
241604.1
241650.5
241758.9
241902.1
241907
241909.6
242030.7
242235.6
242239.2
242341.8
242673.7
243030.5
243090
243108.5
248523.9
248936.6
250914.1
250935
251615.5
251709.5
256263.7
256345.7
256369.8
256865.2
257095.5
257098
257187.3
257199.8
257215.8
257250.3
257455.8
257600
257632.4
257879.1
258251.7
258450.4
258461.2
258501.2
258653.9
258765.9
258887.1
258899.5
258926.9
259289.9
264057
264149.8
264276.5
264350.7
264380
264381.5
264398.2
264412.8
264440.6
264524.9
264529.3
264561.5
264569.5
264610.6
264639
264648.3
264719.2
264738.6
264827.9
264833
264847.5
264896.6
264944.4
265037.4
265041.8
265141.8
265159.3
265306.7
265322.7
265503.3
265781.4
265961.8
266048.5
266052.2
266062.4
266124.4
266159.4
266225.6
266252.4
266353.2
266411.7
266446.7
266451
266510.8
266750.5
266855.7
266897.2
266951.2
266952.4
267063
270919.4
271501.1
271616.1
272375.6
274557.1
274650.3
274666.9
274699.2
274724.3
274858.9
274912.5
274973.4
275122.7
275146.2
275166.2
275229
275291.5
275312.5
275325.2
275350.7
275494.2
275542.3
275656.8
275671.2
275679.1
275771.9
275772.4
275777.8
275859.7
276153
276321.9
276749.2
276925.4
276932.2
277047.9
277075.1
277131.6
277142.1
277279.3
277292.3
277379.5
277446.8
277510.8
277545.3
277564.1
277644.3
277667.5
277704.1
277707.3
277764.6
277764.9
277816.2
277817.1
277869.3
277952.6
278013.8
278037.8
278091.5
278318.1
283018.4
283544.2
284355.6
286810.1
286967.4
286973.6
287056.1
287059.6
287062.6
287098.2
287241.1
287251.5
287560.4
287562.3
287838.8
287923.1
294799.4
299183.4
299839.4
300094.8
300163.7
300268.6
300279.7
300388.3
300394
300457
300654.1
300756
300884.1
301119.1
308759.2
310744.7
310774.1
310952.2
310985.7
311059.9
311072.9
311077.3
311138.8
311148.9
311193.7
311209.3
311267.6
311349
311387.1
311387.7
313312.3
313441.2
313586.2
313641.8
313679.2
313719
313723.9
313740.2
313764.4
313858.6
313858.9
313962.5
314032.5
314066.2
314090.8
314100.8
314253.9
314259
314293
314308.3
314312.2
314374.7
314376.8
314386.7
314456.1
314538.6
314621.5
314622
314676.4
314751.1
314758.1
314793.5
314815.7
314833
314895.3
314949.8
314963.4
315117.5
315145.9
315177.6
315217.3
315243.1
315272.4
315300.5
315321.9
315322.6
315326.1
315397
315402
315548.7
315562.8
315578
315627.3
315644.8
315699.4
315703.2
315704.3
315823
315853.3
315869.1
315933.2
315943.7
316146.9
316236.1
316271.4
316360
316476.1
316639.5
316714.8
316811.6
316843.1
316858.2
316886
317140.9
317145.6
317308.1
317552.2
317573.9
317766.1
318036.7
318087.7
318209.1
318257.1
318341.2
318836.5
318886.1
319088.2
319159.5
319307
319634.6
319785.4
319789.1
319988.4
320016.6
325337.4
325507.4
325601.4
325699.6
325753.7
325758.2
325779.8
325803.5
325846
325861.7
325872.1
325896.3
326097
326448.5
332237.4
332499.2
332513.6
332544.8
332551.6
332579.5
332709.6
332804.2
332990.1
333021.6
333050.1
333057.3
333078.3
333201.1
333217.5
333313.8
333338.5
333396
333511
333595.6
333608.6
334114.4
334142.7
334388.7
334467.6
337116.3
337302.2
337378.7
337401
337413.2
339518.1
339759.3
339879.8
339938.6
340023.8
340101.2
340215.4
340255.8
340344
340466.7
340496.7
340508.2
340525.9
340534.2
340567.5
340589.2
340626.1
340626.4
340822.2
340856.3
340935
340952.1
341023.3
341037.1
341039.9
341077.1
341180.4
341183.4
341194.4
341300.3
341328.5
341361.7
341394.5
341475.6
341501.9
341510.9
341514.5
341557
341607.5
341750
341785.4
341805.6
341859.6
341945.2
341993
342140.2
342179
342516.8
345550.1
347089
347466.6
347549.4
349165.7
349275.4
349326
349830.1
349837.5
349855.9
349881.5
349915.1
349920.6
349965.8
349968.5
349979.2
350003.6
350065
350106.4
350109.2
350192.3
350205.4
350248.1
350286.8
350304.3
350573.9
350771.9
350815.3
350909
353387.5
353779
353824.6
354234.2
370865
371004.2
371048.5
372426.9
372624.3
372665.4
372734.7
372758
372846.7
372942.8
372989.3
372990.2
373205.7
381691.9
384240.4
387016.5
388316.3
419976
421142.8
422473.6
422614.2
422741.6
423110.1
423124.3
423135.2
423159.5
423199.9
423316.7
423594.1
423699.2
423819.1
423905.2
424085.5
424362.3
424422.6
424452.7
424605.6
424735.5
424751.9
424768.8
425004.4
425255.5
430774.6
446155.1
446407.8
446485.2
446600.5
446769.8
446775.8
446821.9
446836.9
446852.6
446931.8
446956.1
446973
446998.1
447025.1
447088.6
447105.9
447165.6
447263
447383.6
447402.8
447426.1
447507
447514.6
447532.2
447583.5
447616.9
447628.2
447783
447872.8
447906.9
447935.8
447952.9
450308.6
450632.1
450713.3
450726.4
450736
450743.6
450839.7
450840.8
450892.5
450977.8
456232.6
458355.7
459166.4
459241.4
459273.1
459352.9
459407.4
459438.1
459500.7
459517.1
459548.5
459624.4
459660.3
459698.2
463898.9
463996.5
464090.3
464108.9
464128
464149.5
464161.2
464215
464223.1
464272.9
464286.4
464314
464333.2
464347.1
464525.4
464544.1
464677.8
465128.4
465192.1
475597.3
476494.7
481248.7
481314.8
481616.4
481635.1
481666.3
481674.9
490477.2
494893.2
502669.4
509743.4
509894.9
510951.3
511188.8
512901.6
512969.7
513054.8
513440.3
513519.4
513569
513812.6
513897.9
513924.7
514007.3
514009.9
514107.1
514146.6
514177
514264.6
515081.8
515935.7
516506
516552.6
516638.8
516646.6
516768
516817.7
516842.3
516966.2
517111.1
517121.2
517122.6
517123.2
517124.1
517158.5
517210.1
517220.4
517277.4
517309
517460
517559.5
517570.5
517664.3
517889.8
530586.2
530608.5
531191.4
531258.3
531371.6
531403
531419.5
531464.7
531687.7
531690.5
531723.5
533500.5
533559.8
533634
533693.6
533708.9
533718.1
533848.9
533903.6
533910.7
533958.5
534082.9
534110.4
534127.1
534138.5
534162.4
534315.8
534438.1
534499.1
534518.7
534577.2
534919.5
539480.8
540135.2
540934.2
541215.1
541293.8
541428.8
547912.1
550260
552198.8
552963.7
554020.4
554291.3
554512.7
554584.4
554676.9
554838.9
554914.3
554919.3
555053.4
555115.7
555117.4
555241.2
555331.9
555352
555384.4
555391.5
555443.3
555454
555654.4
555780.4
555809.4
555873.6
555897.7
555900.9
555914.9
555925.6
555984.3
556012.3
556093.6
556134.1
556149.2
556180
556199.2
556201.9
556259.1
556271
556278.6
556320
556426.3
556502.1
556647.1
556688.1
556859
556859.1
557018.3
557025.1
557041
557087.7
557089.6
557093.8
557148.6
557182.1
557224
557280
557296.3
557298.4
557316.6
557386.2
557478
557531.6
557589.9
557603.7
557650.3
557718.9
557719.2
557798.2
557898.6
557903.6
557906.8
557907.6
557930.2
557933
557945
557989.5
558053.1
558057.1
558138.2
558294.2
558657
562585.8
564377
564750.9
564816.5
564862.8
564913
565316.8
565520.3
566621.3
568137.6
568195.9
568225.4
568270.1
568346.8
568419.1
568438.5
568588.4
568592.3
568619.7
568629.8
568702.9
568903.6
568906
568913.2
569112.4
569171.4
569321.5
569490
569493.3
569498
569504.2
569536.4
569582.8
569621.9
569629.1
569649.5
569689.4
569726.4
569771.7
569809.6
569841.2
569873.4
569899.6
569966.5
570070.4
570109.9
570130.9
570276
570364.8
570417.3
570483
570487
570491.3
570522.4
570584
570679.4
570740.7
570742
570843.8
570902.6
570926.4
570931.6
570958.4
570974
570987.5
571095.4
571120.2
571120.7
571170.3
571412.7
576062.6
576071.5
576109.4
576165.7
576185.4
576423.7
576432.9
577395.7
583189.1
584322.6
585277.9
585639.8
585663
585790.2
585853.1
585993.6
586010.1
586038.4
586162.1
586238.6
586340.9
586371.3
586397.1
586446.3
596406.7
596930.2
