6670.2
12308.6
12700.1
12761.5
12976.8
13082.5
13139.3
13194.5
13202.8
13290
13349.3
13373.5
13430.1
13499.5
13504.9
13581
13593.1
13619.5
13622
13644.7
13799.9
14052
14086.5
14339
14377.3
14810.8
14892.3
15189.3
15268
15338.2
15497.2
15517.8
15576.7
15591.1
18594.7
18682.7
18761.4
18772.7
18808.6
18930.5
18947.4
18990.1
19053.8
19104.3
19108.2
19202.6
19324.8
19373.7
19381.1
19430.7
19458
19474.1
19527.8
19540.7
19563.2
19613.2
19627.1
19670.1
19674.2
19694.5
19745.7
19868.1
19941.5
19986.8
20790.7
20926.8
23049.4
40477.2
40627.1
41723.6
41764.1
41799.5
41813.9
41859.6
41991.6
41995.2
42041.7
42081.5
42099.1
42126.4
42285.7
44274.9
44858.7
44859.1
44898.6
44959.9
45095.4
45101.7
45142
45272
45320.4
51054.7
51117.9
51133.7
51231.4
51490.9
51502
51502.3
51549
51560
51608.9
51727.4
51779.4
51794.3
51869.3
51873.9
51889.6
51918.3
52011.7
52014.6
52028.6
52037.2
52065.6
56795.7
56938.8
56979.2
57010.3
57027.4
57058.7
57112.6
57123.2
57134.7
57165.9
57227.1
57231
57292
57347.8
57380.9
58265.9
58414.2
58475
58676.9
58796.8
58937.4
62849.3
63011.7
63021.3
63177.6
63320.1
63420
67258.6
69111.6
69489.7
70064.6
71337.6
71475
71677
71825
82067.9
92587.2
92595.2
92726
92738.5
92942.9
92990.6
93070.3
93073.7
93163.3
93239.4
93485.8
93568.3
93571.6
93706.4
94326.7
94437.3
94738
95064.1
95267.5
95335.2
95562.3
95666
95753.3
95808.5
95849.4
95952.7
96167
96770.3
96941.6
97025.3
97214.3
97258.9
97342
97427.3
97462.7
97601.7
97607.5
97616.5
97929.4
98051.5
98513.7
98635.4
98640.7
98737.4
98796.5
98887.7
98970.9
99056.4
99056.9
99136.4
99344.8
99568.5
99576.5
99617.5
99701
99818
99833.8
99888.9
99894.5
100058.9
100076.5
100091.9
100118.6
100164.5
100211.5
100411.3
100492.1
100497.4
100727.1
100776
100805.3
100938.3
101012.4
101020.1
101082
101136.8
101204.5
101241.2
101284.9
101347.9
101413
101535.5
101795.4
101803.7
102014.7
102032.4
102097.2
102100.8
102106.9
102204.9
102421.2
102663.3
102758.5
102767.9
102866.2
102968.1
103515.5
115565.3
115653.7
118249.2
118319.8
118350.3
118401.3
118410.3
118451.8
118488.9
118602.7
128936.6
140270.7
144865.8
145975.6
146529.6
146675.2
147166.2
147475.2
147553.3
148006.4
148120.2
148139.2
148284.5
148587.8
148755.4
148944.6
149325.2
149370.2
149457
149496.4
150147.5
150285.4
150728.4
150969.8
151811.8
151955.8
152093
152178.4
152213.6
152295.4
152310
152514.1
152787.7
152936.4
153010.7
153237.3
153557.8
153620.4
153780.9
153877.4
154154.2
154179.7
154300.4
154971.9
156229.3
156360.7
156639.5
156710.4
156729.8
156941.9
157219.1
157750.5
157759
157816.8
158005.9
158618.4
158718.5
161801.8
163221.5
163369.6
163453.5
163566.3
163666.3
163849.2
164187.3
168187.1
168276.3
168358.9
168427.2
168470.5
168511.7
168569.2
168581.1
168678.9
168682.2
168685.5
168788.3
168823.6
168850.6
168865.3
168931.2
168952.2
168960.2
169018
169150.8
169208
169299.7
173574.9
173625.2
173659.9
173678
173890.7
174510.8
175668.4
177699.5
177727
177801.6
177947.9
177984.5
178015.3
178031.8
178952.1
179101.1
179254.8
179265.4
179307.2
179342.2
180711.7
180827.9
180885.2
180994.1
181000.6
181005.1
181104.9
181145.1
181147.3
181315.4
181444.3
181683.9
181685.7
181805.3
181848.8
181872
181922.2
181952.7
181958.1
182018.2
182041.7
182069.8
182269.1
182289.8
182296.4
182342.4
182358.5
182425.4
187401.4
187454.7
187490.2
187538.1
187627.1
187678.3
187721.7
187851.6
187930.6
187960.6
188130.1
188136.8
188220.7
188258.7
188294
190400.6
190497.7
191291.6
194058.8
199462.9
199526.5
199531.1
199579.3
199741.5
199766.6
200006.4
200052.1
200177.3
200242.9
200914.7
200969.1
201009.2
201012.8
201023.3
201103.2
201237.4
201303
201337.7
201391.5
201442.4
201494.1
201517.3
201541.8
201693.1
201849.8
201851.5
201924.9
202219.6
202247.9
202432.6
202612.9
202640.9
202684.1
202815.4
202884.2
202892.1
202957.1
202999.2
203009
203257
203294.8
203355.2
203416.1
203463.8
203481.8
203636.7
204298.9
204367.1
204371.4
204417.7
204450.9
204465
204564.3
204582
204691.3
204840.5
204862.6
204944.8
205007.4
205119.1
205137.8
205166.1
205277.2
205279.8
205446.6
205455.9
210012.6
210373.4
210407.1
210426.7
210431.5
210447.2
210514.9
210515
210596
210611
210669.6
210689.9
210743.3
210864.3
210897.1
212150.2
212562.7
212595.8
212753.4
212757.9
212821.7
213066.9
213181.9
213350.7
213406.9
214523.1
214645.6
214751.8
215245.3
216826.6
216906.5
216961.4
217143.9
217204.4
217232.9
217777
217974.5
218063.2
218203.9
218248.5
219029.2
219123.8
219212
219291.9
219311
222438.9
222540.3
222664.7
222828.3
230145.9
231501.6
240196.8
240348.1
240549.7
240609.4
240664.4
240698.7
240717.6
240987.5
241544.9
241637.3
242059
242155.3
242393.1
242398.9
242478.3
242478.9
242539.8
242549.2
242592
242672.2
243030.2
244720
246186.6
250242.1
250294.9
250553.5
250582.4
250868.9
250891.8
269531.6
271390.1
274360.1
274419.2
274601.4
274618.9
274751.2
274770.7
274781.4
274901.6
274920.4
274974.4
275032.3
275060.9
275102.4
275115.1
275151.1
275151.7
275180.6
275265.3
275305.6
275323
275350.1
275546
275603.7
275727.4
275800.8
277029.2
277156.3
277174.6
277200.8
277291
277396.1
277427.8
277472.1
277490.5
277553.6
277577.6
277622.8
277630.9
277680.2
277710.4
277787.6
277807.5
277837.7
278240.1
278278
279400.9
279543.2
279562.4
279934.2
280549.3
280559.7
280728
281143.7
281523.2
281675.6
281728.1
281749.9
281786.7
282346.9
298688.9
298689.6
299102.1
301420.8
301879
301943.8
302003.1
302192
302208.8
302288.3
302293
302301.4
302318.3
302345.2
302394.2
302396.7
302424
302443.9
302510.4
302692.5
302730.5
302820.1
302908.7
302911.7
302920.4
302971.2
303067.2
303164.7
303404.8
310861.5
310923.8
310932.5
310956.3
310988.7
312114.7
312161
312187.4
312261.3
312261.9
312371.1
312420.4
312529.5
312615.7
312785.2
320351.5
320485.3
320492.1
321054.7
321950.8
321985.9
322160.4
322286.3
322731.1
322777.7
322822.8
323214.9
323225.7
324826.3
325804.2
325805.9
325852.4
325945.8
326228.6
330484.8
330556.2
330612
330726.9
330795.9
331098.4
332539.7
332605
332692
332740.8
332800.7
332850.4
332997.4
335900.2
336058.1
336105.2
336180.9
336187.3
336204.5
336326.6
336341.8
336469.4
336571
336582.7
336755.8
337997.2
338251.8
338266.1
338482.7
348342.2
373458.3
373668.2
373757.1
373806.8
373832.4
373933.2
373936.2
373981
374020.1
374038.7
374103.1
385036.5
419892.5
420372.2
425482.7
425689.9
425706.7
425736.9
425737.8
425778.6
425794.4
425828.3
425842
425935.3
425972.1
425987.9
426052.8
426080.6
426087.4
426133.2
426159.2
426173.3
426271
426359.5
426542.1
426659.3
426676.2
426736
426773.7
427071.9
427111.1
427217.3
427326
427395.9
427406
427576.7
427681.1
442503.7
442727.7
443243.2
443324.4
445992.1
446063.2
446359.2
446406.3
446517.4
446532.6
446548.5
446626.8
446693.9
446698.2
446752.4
446803
446831.7
446918
447015.5
447030.7
447048.3
447132.2
447455
447553.7
449324.1
451046.2
451079.2
451338
451491.9
451856.3
452014.1
453375.9
453388.8
453546.5
456279.9
457632.8
457925.2
457931.1
457988.7
458355.4
458637.5
465499.9
465622.2
465676.2
465704.8
465787.5
465823.1
465859.1
465924.9
465993
465999
466000.2
466002.3
466024.2
466043.2
466208.8
466214.7
466220.7
466283.3
466377.9
466400.7
478039.6
481791.6
517895.1
518041
518918.7
518993.6
519134.4
519143.8
519146.9
519180.8
519210.8
519275.4
519297.7
519490.6
519517.5
519523.7
519572.8
519630.5
519637.2
519674.5
519708.5
519761.7
519827.1
519858.3
519871.7
519886.6
519916.4
520010
520015.1
520071.5
520148
520375.3
520422
520525.9
520730.8
521166
521247.4
521394.1
521639.9
521824.4
521852.7
521950.8
522445.8
522584.5
522858
522956
523210.2
523414.1
523544.3
523588.3
524121.7
524212.4
524229.3
524284.7
524478.2
524498.6
524616.5
524662.7
524793.2
524827.2
524830.2
524915.4
524964.9
525151.2
525167.8
525229.7
526818.8
531188.8
531278.1
531369.9
531475.7
531750.1
535100.2
535852.9
536235.3
546579.2
546591.1
546761.6
546796.1
546875
546975.8
546982.8
547017.5
547023.7
547093.7
547118.2
547154.1
547195
547251.8
547259.6
551487.9
551530.5
551548.3
551609.8
551704.3
551865.7
552113.4
558626.2
558949.5
559142.1
559147
559198
559311
559326.3
559485.5
559486.3
559499.4
559642.5
559655.6
559678.1
559691.1
559726.2
559757.1
559774.2
559776.8
559866.3
559885.9
559891.5
559944.6
559951.8
559969.6
560300.4
560302.8
560321.5
560351.4
560476.8
560503.6
560537.6
560552.5
560567.7
560586.2
560833
560919.6
560969.1
560987.2
561045.4
561118.5
561179.8
561340.8
561399.3
561477.9
561534.6
561560.3
565646.7
572880.4
573745
574151.2
574200.5
574218.7
574364.7
574440.3
574499
574532.2
574612.2
574612.3
574651.7
574652.8
574689.6
574833.8
574854.1
574871
574885.8
574936.5
574986.9
574996
574999.2
575049.5
575071
575184.6
575265.4
575348.4
575375.8
575492.9
575762.4
576962.8
577269.5
577476
577573.9
579629.2
580001.3
580211.4
587073.5
587142.4
587421.3
589644.9
589810.5
589847.6
589875.1
589927.9
590457.7
591355
591361.5
591485.4
591515.6
591518.7
591544.3
591556
591664.5
591674.3
591758.6
591768.4
591819
591852.2
591904.3
591913.4
592077
592248.8
592525.8
592600.8
592708.6
593209.7
593488.1
593563
593658.9
593931.3
594342.7
594544.5
594562.7
594610.7
594630
594631.7
597742.5
598064.2
598076.9
598256.6
598354.2
598438.8
598662.8
598697
