1295.5
1315.3
1327.8
1419.8
1432.5
1433.1
1461.6
1651.2
2627.4
2842.5
2900.6
2913.2
2917.8
2933.5
2991.9
2996.6
3318.3
3341
3383.7
3501.7
3571.1
3578.4
3783.5
3832.4
3905.7
3973
3976.8
4029.7
4548.1
4581.5
4603.4
4604.2
4651.7
4782.2
5206.3
5250
5315
7144.5
7345.1
7348.5
7353.4
7417.7
7458.5
8097.9
8284.1
8342.7
8482.5
8483.7
8533.7
8538.8
8567
8596.5
8661.8
8672.7
8689.6
8741.9
8744.3
8788.6
8833.4
8841.3
8863.8
8872.6
8883.8
8904.5
8912.1
9068.3
9262.8
9402.5
9960.8
9962.2
10041.9
11976.6
12099.1
13215.3
13967.8
14189.7
17174.4
17204.4
17205.4
17206.6
17277.5
17297.7
17318.2
17412.8
17492.4
21983.5
22549.5
22558.3
22605
22615
22689.4
23492.9
23565.7
23577.2
23623.8
23643.8
23717.7
23879
26161.4
34258.7
34322.8
34437.2
34478.8
34590.9
34630.2
34730.3
36323.1
36324.9
36397.3
36489
36562
36623.9
36648.4
36775.4
36870.2
36949.9
37035.7
37105.8
37149.9
37170.2
37185.8
37318.1
37404
37416
37444.8
37537.6
37540.7
37578.8
37672.7
37723.6
37744.5
37751.1
37841.2
37995.4
38019.5
38026.1
38030.3
38107.5
40039.1
40081.3
40146.7
40175.5
40295.4
40417.2
40423
40540.9
40595.4
40685.7
40694.4
40710.1
40728.9
40744.6
40755.9
40879.1
41773.6
41811.7
41832.2
41907.3
41915.5
41924.5
41968
42004.3
42782.6
42816.6
43625.3
43656.4
43671.7
43711.5
43746.2
43764
43894.3
43919.9
43986.5
44033.5
44389.4
44394.8
45371.4
45433.7
45463
45471.9
45481.6
45486.6
45512
45569.9
45573.5
45580
45742.9
45771.9
47737.1
47825.8
47903.8
48060.8
48210.2
48226.3
48265.5
48401
48417.9
48445.5
48449.1
48505.3
48531.6
48535.5
48602.3
48769.9
48788.9
48886.3
48996.6
48996.9
49002.1
49002.2
49018.3
49087.4
49107.9
49114.8
49157.2
49214.4
49232.5
49282.3
49285.4
49340.1
49358.6
49359.3
49505.1
49530.9
49570.7
49582.8
49967.6
50106.8
50139.6
50155.7
50357.3
50423.3
52711.7
52988.8
53217.9
53809.9
54145.3
54197.4
54635.8
54760.1
54789.3
55221.1
55506.2
55581.6
55639.7
55695.1
55699.4
55734.6
55791.7
55794.3
55797.9
55857.5
55867.2
55890.5
55895.2
55970.4
56090.6
57014.3
57020.3
57174.9
57189.4
57207.1
57371.2
57401.3
57428.4
58637.1
58805.5
58955.8
59776.5
59830.7
59844.3
59909.3
60418.6
63887
63913.8
64090.4
64155.9
64163.6
64257.5
64398.1
64400.7
64485.3
64485.9
64564.1
64619.3
64672.4
64697.6
64719.5
64753.4
64884.8
65209.3
66310.2
66336.4
66416.8
66486.6
66639
66711.7
66718.1
66731.1
66825.8
67067.6
67272.2
70597.1
70715.2
70873.5
71048.3
75230.4
75577.2
76009.1
76537.7
76647.4
76658.9
76661.8
76673.4
76894.4
76902.6
76903.9
76907.5
76917.7
76968.2
76970.4
77045.8
77137.7
77153.5
77213.5
77250.3
77360.5
77443.6
77454.3
77482.3
77488.1
77617.6
77670.4
80103.8
80387.4
80392.2
80854.5
80988.7
81028.4
81090.5
81239.4
81303.3
81451.9
81459.7
81488.2
81546.6
81556.2
83722.7
83878.2
84107.5
85295.6
85486.7
85715.6
85786.9
85791
86188
86764.3
86798.8
87027.9
87206.3
89339.3
90755
90822
90838.9
91022.2
91125
92253.9
92307.5
92316
92321.3
92337.4
92340.4
92350
92371
92411
92490.1
94083.1
94193.1
94257.7
94384.1
102421.6
102485
102817.3
106296.2
106443
111412.8
111500.1
111543.2
111560.4
111576.1
111599.3
111613.8
111741.1
111836
111839.2
113083.4
113120.4
113134.6
113149.5
113152
113201.5
113239.9
113241.9
113243.6
113266.3
113285.1
116371.9
116372.5
116405.8
116406.6
116422.2
116589.7
116634.3
116636.5
116764.8
116828.7
116849.4
116893
116916
116987.8
116993.8
117023.5
117037.5
117220.3
117265.7
117294.7
117319.1
117365.5
117467.1
117574.6
117607.1
117619.2
117786.6
118391.9
118457
119324.9
119344.9
119354
119387.1
119477.1
119571.6
119574.1
119635.2
119845
119980
121151.1
121246.2
121271.1
121325.6
121335.8
121347
121501
121506
121549.2
121599.6
121625.7
121626.8
121693.1
121708
121709.4
121714.5
121737.4
121783.1
121810.3
121839.2
121850.6
121907.3
121913.5
122067.3
122134.4
122188.3
122241.2
122468.5
122663.5
122737.9
122810.2
122825.8
122854.3
122916.2
122924.2
123029.4
123084.3
123093.3
123174.6
123177.3
123224.2
123248.3
123302.4
123320.3
123373.3
123386.5
123392.7
123505.9
123524.2
123539.5
123566.9
123658.6
123689
123705.8
123714.4
123793.2
123882.7
123964.1
124050.7
124163.2
124213.6
124230.9
126166.4
130820.2
130874.5
130890
130902.5
130955.9
130968.8
131035.8
131048.6
131061.5
131076.6
131109.3
131139.1
131152.5
131189.9
131213.9
131235.4
131239.2
131266
131305.1
131445.8
137553.6
138078.9
142694
145413.4
153477
160580.6
161968.6
162006.6
162118
162123
162685.6
164144.5
164166.6
164227.2
166366.4
166497.7
166562.6
166828.3
168051.6
170909.4
170928
172325.6
172396.9
172498.5
172534.3
172617.9
172702.2
173672.1
174876.4
174950
175113.3
175232.3
175329.6
175439.1
175451.5
175737
178056.6
179243.4
179990.2
179996.8
180186.5
181130.2
182363.7
182597.1
182767.2
183440.9
183572.3
183596.2
183903.5
186980.4
187089.1
187091.4
187099.2
187144.1
187367.1
189276.9
189364.3
189521
189555.2
189561.9
189604.7
189628.2
189768.5
190219.7
190223.3
190233.4
190255.6
190258.6
190313.1
190373.3
190498.7
190547
194785
195271.2
195336.4
196096.8
196345.4
196401.9
196508.2
196680.4
196681.6
196711.8
196715.5
196724.7
196740.1
196877.6
196879.9
196927.6
196955.2
196969.9
197083.2
197306
197539.8
197654.2
197793.6
197932.6
198102.3
198245.4
198311.3
198344.3
198377.1
198378.6
198452.6
199458.9
199708.7
199834
199844.2
200010.3
200191.1
200210.2
200546.7
200553.4
200663.4
200823.7
201128.9
201149.9
201247.7
201445.2
201471.4
201577.7
201710.8
201782.1
201896.6
201896.7
201902
201922.1
201933.2
201934.3
201998.1
202051
202086.5
202137.2
202225.9
202428
202445.7
202478.7
202713
202884.8
203064.7
203116.6
203204
203265.7
203342.1
203347.4
203428.4
203597.6
203627.2
203749.7
203865.2
203881
203947.2
203978
204078
204152.2
204152.7
204427.3
204542.1
204843.5
204977.8
205103.9
205235.5
207891.1
207953.5
208369.2
208801.1
208921.2
209072
210382
210488
210524.4
210788.2
212010.1
212061.9
212142.4
212151.2
212346.6
213439.7
213516.7
213571.2
213757.3
213764.1
214046.3
214080.8
214133.8
214237.1
214284.1
214341.1
214388.7
214388.9
214404.3
217848
218244.9
218270.7
221256.4
221404.3
221477.9
221515
221730.2
221735.6
221855.6
221892.7
222429
222476.1
222530.9
222579.1
222664.5
223338
230375.8
230389.7
230416.1
230428.7
230448
230467.2
230478.6
230537.1
230628.2
232150
232607.4
232944.7
233098.3
233127.5
233237.6
233307.2
233310
233313
233349.9
233354.5
233473.7
233517
233602.9
233675.4
233748
233969.2
235655.9
235712.1
236399
238271.6
238629.8
238801.9
238923.7
239104.1
240515.3
241380.2
241595.5
242304.8
242716.3
242818.3
242910.3
242912.4
243056.5
243081.1
243123.4
243351.3
243758.7
243943.5
243985.3
245065.5
245281.4
245418.2
245486.9
245535.5
245720.5
245988.3
246036.7
246047.2
246063.4
246493.6
246597.6
246608.9
246618.9
246696.8
246699.6
246712.5
255752
255879.2
255907.3
255976.3
255977.5
255998.8
256280.6
256289.4
256329.2
256356
256407
256431.3
256531.7
256767.7
256863.6
257829.3
257904.4
257979.6
258256.2
258293.5
260147.5
260303.1
260382.8
260498.2
260512.6
260551.9
260605.7
260711.8
260799
260810.2
260840.1
260863.3
260896.3
260925
261045.2
261061.1
261078.7
261099.4
261130.9
261169.7
261193.1
261327.1
261359.5
261380
261401.8
261529.6
261566.1
261576.3
261599.2
261637.9
261721.2
261869
262837.6
263034.7
263066.7
263807.8
263925.9
263926.4
263985.6
264103.7
264149.9
264186.1
264186.7
264215.8
264368.7
264394.2
267232.6
267277.8
267329.7
267413.6
267422.8
267446.9
267450.7
267468.2
267505.9
267926.7
269487.8
269513.8
269537.9
269592.6
269622.7
269651.9
269691
269691.1
269742.9
269887.3
270833.4
271307.5
271440.7
273438.5
273576
273588.3
274346.9
274460.2
274480
274487.7
274516
274592
274638.6
274646.9
274656.7
274724.9
274737.2
274740.9
274773.7
274802.3
274820.8
274825
274881
274960.3
275030.6
275036.4
275095.4
275272.1
275411
275455.3
275495.4
277062
277119.2
277139
277215.3
277244.8
277256
277297.6
277308.8
277414
277483.3
277492.1
277547.9
277638.8
277678.9
277968.7
278856.5
279036.4
279097.1
279121.9
279198.1
279796
280167.5
280200.1
280208
280386.8
280427.6
280501.4
281891.2
281907.4
281978.4
282051.5
282067.8
282106.6
282112.2
282129
282131
282167.3
282212.1
282233
282242.5
283118.3
283226.6
283291.4
283343.6
283354.2
283422.1
283558.4
283606.8
283615.8
283616.9
283652.8
283695.5
283812.1
283937.3
284187.1
284196
284222.9
284409.9
284495.3
284679.2
284685.9
284689.2
284980.5
286651.6
286682.5
286690.2
286732.3
286744.6
286760.4
286794.7
286815.7
286854.2
286892
287120.8
296735.3
296770.7
296883.3
296905.2
296929.1
298065
298799.5
298860.8
298956.1
298956.2
303713.5
303824.6
306571.4
306575.7
306638.5
306681.2
306730.1
306742
306767.9
306839.7
306905.2
306909.1
306924.7
306967.9
306981.9
307120.4
307303.2
307306.7
307381.4
307400.1
307596.1
307697.5
307732.7
307758.1
308190.5
308285.3
310785
310912.7
311094.6
311253.1
312694.9
312866.5
312888.3
312924.6
313139.3
313892.6
314435.3
314605.7
314762.9
314763.6
314769.9
314795.3
314906.6
315092.5
315127.5
315304.5
315618.3
320041.6
320067.3
320088
320146.9
320225.2
320229.8
320251.4
320292.7
320311.9
320434.3
320476.7
323159.8
323472.5
323550.6
324689.8
324880.9
324979.7
324994.4
325047.9
325622.1
325877.8
325996.7
326061
326086.9
326093
326093.4
326231.9
326251.3
326888.2
329432.5
329626.6
329794.3
329984.6
330744
332344.5
332370.9
332528.2
332666.6
332785.7
332868.6
332894.4
332983.5
335310.9
335564.7
335634.7
335719.2
335731.4
336022
337070.7
337964.2
338024.8
339615.6
339805.9
339913.7
339976.6
339995.9
340073.9
340113.6
340121.7
340131.1
340194.9
340267.9
340317.4
340341.5
340376.2
340415.9
340514.1
340661.1
340709
340720
340902.6
340919.1
340978.5
341003.7
341053
341132
341297.1
341343.5
341370.7
341428.8
341462.6
342751.3
342795.8
342975
342977
343013.6
343129.4
343143.2
343239.3
343350.3
343438.5
343541.5
345582.1
348254.5
352825.3
353248.2
353253
353331.8
353473.2
355996.7
356027.7
356115.4
356125
356147.1
356156.3
356193.5
356208.2
356292.2
356518.1
356690.4
356702.3
356791.8
356859.4
356946.7
357088.8
357140.4
357194.6
357226.8
357234.9
357324.6
357367.8
357446.8
357622
357698.7
357768.4
357850.9
357975
358011.4
358334.7
358436.3
358527.9
358606.4
358813.1
358835.1
358840.1
358940.2
359145.2
359369.8
359416.4
359482.4
359570.6
359730.6
359762.3
359773.3
359904.2
360035.9
360119.8
360193.3
360338.1
360488.1
360643
360724
361082
361138.9
361156.3
361180.1
361428.4
361477.6
361650.7
361772.8
362106.2
362339.8
362401.5
362464.7
362481.5
362498.8
362731.5
362746.4
362813.3
362854.7
362870
362901.8
362940
363026
363078.4
363217.5
363528.2
363554.2
363701
363716.8
363772.4
363800.8
364007.2
364312.9
372737.7
372769.8
372803.1
374460.8
374649.7
374650.8
374794.5
374914.5
374938.1
375002.2
375021.2
375132.5
375221.7
375225.5
375373.1
375470.2
389146.7
389624.3
389667.1
389671.7
389773.7
389774
389793.9
389821
389853.1
389975.6
390000.9
390239.1
390273.8
390339.3
390393.2
390580.1
390634.5
390650.3
390672.4
390784.8
390809.8
390834.3
390871.7
390888
390892.1
390950.2
390971.9
391131.1
391142.8
391166.9
391202.2
391232.1
391248.8
391356.2
391398.9
391647.2
391711.7
391730.4
391735.2
391752
391829.7
391876.5
391901.2
391924
391931.5
392120.8
392220.8
392826.4
396772
396935.5
397153.7
397175.2
397207.8
397301.9
397419.5
397589.9
397772.5
397773.4
397793.2
397946.6
397986.9
399411.3
399534.9
399692.4
404971.4
405245.2
405535.2
405980.8
406279.8
406331.2
410066.2
411719.2
411953.6
412055.8
412080.8
412157.7
412202.2
412217
412244.6
412277.4
412292.7
412312.7
412327.9
412382.1
412384.1
412392.4
412400.3
412433.7
412473.7
412521.9
412625.9
412671.8
412764.3
412773.1
412806
412839.6
412840
412922.9
412992.3
413092
413097.6
413116.1
416031.7
416265.1
416477.8
416639
416823.3
420231
420340.5
420359.2
420390.8
421511.7
421530.8
421596.2
421598.6
421777.3
421917.4
422047.5
422330.2
425130.6
425316.7
425320.9
430481.8
430614.6
430671.1
430829.3
432898.9
440644.7
440771.4
440822.2
440840.2
440860.5
441007.7
441172.4
441250.7
441264.1
441478.2
441490.9
441578.9
441630
441635.7
441652.4
446366.8
446527.4
446608.1
446632.3
446644.4
446694
446777.4
446807.1
446854
446888.9
446967.5
447051.5
448752.4
448780.9
448895.3
448897.8
448924.2
448949.5
448979.1
449009
449055.6
449126
449156.3
449175.4
449218.2
449220.1
449399
449426
449486.6
449696.1
451120.1
451181.4
451340.7
451561.8
451660.7
451683.1
451922
453402
453892.5
454078.5
454129.9
454288.2
454334.4
454345.8
454366.1
454379.7
454419.8
457512.6
457537.1
457583.3
457659.3
457678
457754.4
460446
466573
466580.6
466611.2
466814.4
466839.7
466848.9
466867.8
469987.3
472503.9
472868.6
473176.9
473340.4
473450.3
473974.4
481188.7
481389.7
481408.4
482713.9
482880.5
482918.2
482920.1
483132.1
483185.4
483195.9
483213.8
483218.5
483249.7
483254
483310.8
483323.4
483362.8
483386.7
483388.5
483420.6
483459.5
483489.1
483567.2
483591.1
483749.1
483892.1
484011.2
484083.8
484131.9
484167.1
484175.7
484191.5
484216.4
484304.2
484320.1
484357.7
484509.7
485990.2
489122.3
490163.2
490397.9
490780.3
495455.7
496788.9
497674.1
498189.7
498228
498935.7
500527.7
503712.6
506556.6
507212.3
507413.6
507602.2
512045.7
512289.8
512333.3
512482.7
512653.9
515271.6
515287.4
515410.6
515808.9
515917.1
515979.8
516018.1
516155.4
516201.3
520239.3
520423.4
520500.9
520526.4
520566.2
520596.1
520625.9
520640.3
520667.5
520700.1
520735.1
520860.9
520869
520906.2
520936.7
520951.4
521178
521191.9
521198.8
521219.6
521228.3
521311.5
521335.8
521370.6
521428.7
521721.6
521901.4
521960.4
522061.9
522158.9
522254.8
522262.9
522287.2
522357.7
522438.6
522522.2
522571.7
522759.4
522837.8
522856.8
522980.4
523096.9
523147.5
523182.4
523253
523389.3
523460.6
523489
523517.8
523530.2
523670.8
523739.5
523941.7
524010.9
524087.2
524181.1
524605.2
524899.6
529436.3
529590.7
531244.2
532136.4
532231.4
532275
532298.2
532317.6
532478.4
532486.9
532499
532519.3
532520.7
532774
534464.8
535482.8
535596.1
535944.7
535952.9
536045.8
536076.7
536130.5
536258.3
536500
536578.1
536651.6
536657.6
536716.9
536768.5
536780.5
536941.1
539236
539250.1
539273.7
539289.6
539337.9
539401.9
539434.2
539450.8
539534.2
539560.9
539565.3
539616.9
540523.3
540658.9
540661.9
540702.3
543935.7
544701.2
545048.7
545067.2
546117.6
546431.1
546478.8
546518.3
546916.4
546968.4
546986.4
548402.1
549610.1
551065.5
551873.8
551949.9
552004.7
552011.4
552075.1
552210.6
552214.2
552278.9
552390.7
552425.5
552489.8
552559.7
552574.8
552700.3
552787.7
552790.2
552856.3
552895
553369.9
553427.4
553512.3
556845
566282.4
566343.4
566372.5
566597.2
567394.6
571511.5
572216.4
572354.7
572384.7
572490.6
572519.4
572610.6
572615.4
572620.9
572642.6
572660.2
572672
572741.1
572937.6
573015.5
573064.9
573079
573094.4
573169.9
573172.2
573200
573223.4
573266.4
573325.4
573353.2
573529.2
573582.5
573846
573884.3
574039.9
574160.6
574172.4
574443.1
574739.9
574911.9
576716.9
577021.8
577092.7
577115.8
579484
579493.5
579518
579523.2
579570.7
579604.1
579647.3
586461.5
586473.3
586549.5
586609.4
586688.2
586695.9
588164.2
589861.5
589890.8
590077.3
590179.6
590839.2
590947.5
590954.6
590984.3
591008.9
591030.2
591057.6
591227.4
591298.7
592228.9
592278.3
592575.5
593673.6
593690.4
593731.7
593744.3
593819
593879.9
593929.5
593967.2
594003.4
594076.7
594079.9
594083
594084.1
594084.4
594181.9
594205.3
594235.4
594336.3
