1753.6
4180.7
4241.7
4310.9
5075.2
6732.2
6828.1
6829.1
6912.1
6950.5
7021.6
7034.5
7079.4
12790.8
12821
12829.7
12832.9
12868.4
12891.2
12905.6
12942.9
12966.3
13119.9
13136.1
13176.4
13558.7
13636.8
13673.1
13841.5
14120.7
14225.2
14419.6
16565.5
16648.6
16666.5
16718.6
16911.5
16955.2
16964.5
16966.5
16977.8
16988.9
17021.5
17029.8
17084.2
18994.7
19000.6
19092.4
19123.7
19172.4
19204.8
19235.9
19277.5
20780.6
20819
20841.9
20896.1
20902.2
20988.5
20999.8
21005.9
22866.4
22988.8
23018.1
23068.5
23073.7
23134.9
23220.7
23238.5
23317.9
23336.7
23364.8
23415.3
24736.3
34697.6
38173.1
38228.7
38259.8
38273.9
38360.1
38386.7
38424.9
39143.5
40119
40285.2
40286.5
40376
40438.2
40471
40518.8
40544.7
40553.9
40565.8
40566.3
40597.9
40618.4
40653.6
40679
40683.3
40693.3
40695.9
40727
41080.6
41981.3
41982.6
41985.9
41986.4
42019.1
49483.6
50142.2
50476
51220.1
51263.7
51379.3
51445.7
51565.2
51690.8
51805.8
51896.2
51933.1
51961.4
52119.7
56864.9
56901.2
56939.5
56953.2
56964
57058.7
57101.9
57127
57265.6
58713.6
59755.8
65743.9
65765.3
65770.2
65826.9
65891.1
65923.8
66004.8
66060
66492.6
66901.7
66974.6
67335
67433.9
67469.2
67495.9
67581.5
67662.9
67699.3
67701
67703.9
67882.4
68054.8
68151.3
69590
69672.5
69776.3
69780.7
70730.9
70757
70793.3
70927.2
71034.1
71104.1
71167.4
71198.5
71237.7
71239.6
71262.2
71399.5
71469.8
71512
71525.4
71533.8
71536.3
74801.7
74881.5
76114.5
76238.5
79326.2
85867.3
86255.3
86401
86570.8
86650.5
86760.2
86808.1
86887.8
87014.8
87250.7
87313.1
87388
87405.3
87516.4
87669.2
87695
90394.5
90546.8
96201.2
97101.2
97126.8
100897.3
106286.8
106324
106422.5
106502.1
106540.1
106563.4
106590.7
106597.6
106785.1
106903.9
106958.5
106960.9
107203.1
108861
109100.8
109182.6
109209.6
109256.1
109294.2
110762.5
110832.2
110867.7
110919.7
110971.1
111077.2
111146.6
112190.3
112307.6
112331
112373.3
112424.2
112462.4
112550.4
112561.3
112584.6
112595.3
112617.4
112670.6
112675.9
112809.2
112839.3
112969.1
115692.9
115780.9
115788.7
115793.8
115839.8
115898.8
115967.3
116042.1
116044.3
116082.1
117132.8
118310.9
118321.1
118323.1
118347.4
118401.4
118402.4
118465.8
129824.4
146104.9
146289.9
146371.6
148206.9
149114.9
149164.5
149758.7
150198.2
150359.9
150412.5
150502.9
150609.2
151037.2
151156.4
151697.6
151891.2
152344.8
152803.4
153370.6
153488.1
153611.1
153743
154084.7
154293.1
155697.4
155958.6
155975.1
156121
156596.2
156682.9
157073.8
157106.8
158355.3
158736.6
158859.8
158919.2
158949
159892.9
160145.1
160283
160506.6
160815.3
161562.3
161657.2
161670.9
161743.4
161830.1
161960.4
162174.3
163058.2
163467
163506.6
163531
163592.8
163671.2
163676.7
163695.8
163729.1
163773.4
163788
163961.1
164059.3
164074.5
164085.6
164326.2
166412.4
167405.3
167653.1
167727
167741.9
167897.7
167999.8
168030.7
168053.5
168149.9
168316.7
168365.4
168464.6
168538
168555.4
168618.5
168709
168773.9
170496.8
170634.6
170635.4
170645.4
170748.1
170755
170791.4
170839.6
170842.9
170900.4
171041.2
171058.4
171091.4
171524.8
171656.6
171754.5
171970.1
172033.3
172239
173722.3
173740.9
173829.9
173863.7
173885
173995.4
174004.6
179757.8
183770.1
188565.9
188588.4
188650.4
188667.1
188695.4
188780.3
188872.7
188893.8
189364.6
189655.1
190193
190326.6
190656.8
193825.3
193830.2
193846.6
193939.6
193943.8
193959.6
193996.6
194038.6
194061.3
194132.5
194187.4
194298.2
194470.7
194551.7
194585.5
194595.1
194902.6
194976.1
195001.2
195014.9
199399.1
199689.3
199820.2
199900.8
200065.5
200231
200370.9
200405.7
200428.6
200442.6
200873.1
201002.8
201104.9
201232.9
201330.7
201345.3
202029.4
202029.7
202182.9
202206.9
202280.1
202358.5
202361.5
202490.2
202613.2
202693.9
202716.2
202990.5
203086.1
203343.4
203439.3
203520.2
203685.8
204106.8
204172.2
204635.4
204716.3
204873.9
205044.8
205240.9
210333.1
210401.8
210493.5
210550
210576.3
210770.1
212200.6
212239.5
213989.5
215899.5
217159.4
217261.4
217341.8
217375.5
217440.4
217497
217508.5
217746.1
217785.9
217809.2
217841.2
217931.9
218013.5
218075.2
218144.7
218332.3
219026.7
220565.2
220668.2
224923.4
225041.2
225084.9
225091.7
225131.8
225144.7
225214.2
225369.5
225505.4
225625.9
225664.1
226202.2
226233
226321.3
226508.1
226543.2
226589.4
226627.4
226682.8
226819.2
226846.5
226852.6
226861.4
226883
226896.4
226925.8
226927.9
226936.2
226944.4
227046.8
227096.2
227119.2
227170
227181.1
227293.2
227395.4
227427.2
227436.8
227493.7
227500.7
227565.3
227593.3
227633.6
227685
227749.2
227810.4
227828.9
227911.7
227955.3
228015.7
228033
228131
228137.3
228209
228235.7
228243.8
228268.6
228334.1
228338.4
228353.1
228470.3
228513
228603.1
228668.3
228702.8
228873.5
228947.6
228953.6
228998.3
229045.7
229062.9
229145.6
229195
229198.7
229296.4
229303
229418.4
230244.1
230269.5
230354.8
230444.8
230540
230591.5
232400.5
232686.9
240091.8
240313.3
240656.8
240660.4
240710.6
241042.5
241177.1
241212.1
241253.7
241277.5
241589.4
242865.3
249903.7
249913
250009
250015.3
250037.3
250093.3
250100.1
250123.6
250128.3
250187.1
256275.8
257257.6
258369.1
258461.5
258498.8
258805.7
258975.5
259135.9
263361.8
263374
263487.5
263535.9
264712.1
264772.8
264865.8
264922.6
265020.6
265031.4
265032.7
265094.2
265117.2
265218.7
265515.5
265538.8
265551
265563.3
265570.7
265584.9
265587.8
265625.1
265641.6
265646.2
265749.2
265764.2
265788.2
265845.2
265914.5
265923.6
265986.9
266005.7
266042.9
266096.2
266142
266213.4
266224.2
266254.2
266302.2
266351.5
266381.6
266409.4
266553.4
266563.1
266580.1
266587.6
266660.4
266744.7
266775
266792.3
266828.7
266939.3
266955.2
266957
266960.8
267047.6
267053.1
267069.9
267097.4
267156.2
267210.7
267218.2
267342
267403.6
267621.2
269733
269854.5
269935.1
269985.3
269992.6
269999.8
270055.7
270074.6
270120.7
270135.9
270426.9
270482.4
273068.7
274770.7
274926.6
275058.4
275129.4
275172.8
275188.8
275208.3
275247.7
275272.9
275304.7
275309.4
275309.7
275317.1
275369.2
275425.3
275498.3
275538.4
275611.8
277328.3
277596.8
277698.2
277850.2
278934
279107.6
279112.2
279364.4
281108.3
287105.7
287142.2
287156
287246.1
287342.9
287354.9
287602.6
295990.8
296195.1
296398.4
296487.6
296556.5
296661.1
296667.1
296856.9
296896.4
296899.7
296906.2
297542.1
297611.5
297618.3
297632.2
297642.8
297658.4
297717.1
299443.6
302523.1
302726.9
303213.2
303217.2
303400.7
303472.1
313063.5
313304.3
313305.8
313338
313502.9
313638
313683.6
313719.3
313988.7
313997.5
315725.7
315858.1
315925.3
316044.6
316229.9
316243.9
316539.2
316634.8
316729.3
316752.5
316789.6
317006.6
317444.9
317516.4
317608.7
317844.5
318247.3
318249.2
318328.6
318341.1
318550.2
319335.3
319445.7
319503.4
319587
319590.4
319724.5
319728.6
319751
319784.9
319898.5
319956.2
320028.4
320051.8
321035.8
321147
321315.1
322735.9
322740.3
322863
322961.3
322978.3
323047.6
323207.7
323366.7
323682.3
324360.9
324446.7
324479.5
324549.4
324697.1
324726.2
325084.3
325737.6
325994.3
326033.5
326059.5
326158.5
326238.1
330156.9
330199.9
330353.9
330433.4
330451.2
330491.3
330498
330585.4
330641.1
330748.3
330759.7
330762.4
330810.2
330832.3
330834
330855.8
330889
330936.2
330966.2
331004.1
331042.5
331045.1
331052.7
331067.2
331160.6
331192.8
331223.8
331304.9
331328.1
331353.7
331366.3
331557.6
331562.7
331579
331642.7
331653.1
331668.8
332592
332735.5
335298.2
335466
335500.4
335502.7
335620
335653.1
335723
335724.9
335747.2
335760.8
335797.4
335832.5
335841
335972.7
336007.3
336090.9
336099.6
336148.5
336198
336284.4
336641.7
341817.4
343017.5
343182.8
343402.6
343502.2
348017.9
348697
350001.9
353639.7
356992.6
357031.3
357229.3
357237.2
357442.9
357628.6
358074.1
359245.3
359572.4
360494.7
360715
360745.7
360873.8
361247.1
361846.2
362403.4
362590
362655.1
362741
362781.8
362912.9
363063.6
363229.4
363271.6
363512.6
363533.6
363555.5
363869.6
364077.9
364151.3
364333.1
364372.9
364387.9
364616.1
364721.5
364733.5
364816.3
364843.3
364938.5
364968.5
365059.5
365066.8
365110.5
365177
365245.8
365429.2
365463.4
371485.5
371784.9
372087.1
372340.1
372597
372602.8
374196.3
374210.5
409948.8
420609.4
422983.5
423390.8
423480.3
423570
423675.2
423888.4
423895.5
424093.7
424582.9
424696.7
424859.7
424877
425022
425032.8
425043.9
425767.8
425856.5
425877.2
425993.7
426270.4
426281.1
426359.1
426462
426738.7
427812.5
427823.9
427843.8
427867.5
427915.2
427939.2
428116.4
430164.6
430251.3
441849.7
442010.5
442077.2
442196
442397.2
442406.2
442447.3
442501.4
442640.8
442773.8
442775.3
442779.2
442847.4
442901.9
442925.3
442926.8
442979
443087.5
443087.6
443094.1
443142.6
443146.6
443157.4
443216.5
443279.8
443283.7
443356.3
443367.5
443442.3
443496.4
443501.4
443703.8
443732.9
443762.3
443796.8
443819.3
443838
443885.4
443948.8
443962.2
444003.5
444079.3
444090.1
444158.8
444287.5
444289.8
444426.3
444797
446406
446463.9
446623
446749.2
446891.5
446960
447046.6
447728.6
449060.8
449065.8
449135
450883.7
450888.5
453459
453545.8
453568.2
453590.6
453595.2
453629.6
453685.6
453696.9
453797.5
453848.6
453863.9
453872.9
453875.9
453932.6
453966.7
453967.8
454062
454119.1
457012
457478.8
457576
457578.6
457682.1
457704.7
457722.2
457722.3
457723.5
457753.3
457775.6
457828.9
457930
457945.6
458139.5
460602.5
462602.5
462709.2
462738.7
462815.5
462946.4
463288.1
463947.8
463957
464040.8
464108.4
464122.1
466456.3
466778.1
466996.6
467063.7
467128.4
467179.3
467257.6
467259
467344.6
467380
467402.1
467463.9
467499.9
467502.3
467512.3
467544.5
467553.2
467589.7
467656
467683.3
514172.6
514238.4
514545.1
514563.7
514607.4
514746.3
515532.6
515689.9
516451.4
516459.4
516587.6
516600.7
516689.6
516722.4
516823.8
516892
516895.4
516897.6
516945.4
517019.1
517038.4
517224.6
525710.6
529022
529332.1
529337.4
529432.5
529526.4
529545.5
529598
529784.6
532288.9
532329.4
532437.2
532503.4
532630
532745.1
532816
533869.6
548949.3
549052.9
549182.6
549197.5
549248.4
549358.5
549624.3
550777.8
550968.8
551046.3
551054.5
551101.6
551103.1
551146.3
551166
551191.5
551219.5
551342.7
551360.1
551428
552719.8
553028.5
553100.5
553248.5
553390.9
553400.3
553548.7
553609
553649.3
553813.2
553813.7
553826.9
553837.7
553855.7
553900.6
553921.7
554015.5
554109.9
554245.9
554387
554400.8
554411.3
554423.7
554429.2
554437.2
554439.8
554464.8
554560.9
554563.9
554577.8
554623.4
554656
554730.2
554780.3
554806.6
554873.2
554922.2
554969.7
555037.9
555049.2
555129.3
555176.3
555221
555560.1
555951.7
556053.9
556141
556389.7
556459.1
556536.6
556585.6
556596.5
556629.5
556758.6
556783.4
556799.5
556869.7
556955
556967
557069.7
557087
557091
557117
557231.7
557274.2
557286.6
557330.8
557459.6
557488.9
557609.1
557657.3
557726.7
557731.9
557757.7
557804.6
557854.6
557877.1
557933.4
557950.8
558024.2
558028.7
558055.5
558184.5
558310.9
558441.9
560412.8
561183.2
561230.6
561288.6
568113.5
568157.5
568419.1
568485.5
568600.7
568741.2
568821.9
568841.2
569307.1
569308.3
569414.1
569466.2
569625.3
570568.8
570591.1
570648.4
570795.9
570801.2
570834.5
570869.8
570922.6
576229
576355.6
577953.5
577978.9
577999.6
579518
579609.9
579772.4
581160.3
582725.4
585581.8
585779.9
585823.9
585859.3
585883.4
585951.2
586112.6
586119.6
586146.8
586172.5
586225.6
586246.1
586289.2
586398
586509
588225.6
588402.1
588671.8
588995.8
589100.1
589281
589466
589474.5
589947.2
589974.6
590015
590036.1
590069.1
590092.1
590131.7
590234.5
590262.9
590341.6
590355.7
590418
590541.5
591362.3
594643.9
594663
594780.1
594802.2
594964.1
594994
595010.7
595061.6
595082.9
595360.4
598020.5
598524
