0.7
230.8
301
939.9
953.7
1023.8
1064.2
1072.9
1280.8
1305
1306.7
1311.7
1335.4
2088.5
2447
7638.2
7684.7
7748.2
7806.8
14054
14085.7
14741
15567.9
15793
15842.6
15989.4
16051.8
16164.7
16396.2
20639.9
20762.1
20840.6
20892.8
20915.1
23161.6
23290
23432.6
23516.3
23779.3
23844.2
30480.1
31007.1
31245.7
31515.2
32690.7
32801.8
32825.9
33010.8
33352.7
33709
33879.8
33976.2
34071.7
34105
34149.3
35843.8
39299
39405.8
39885.5
39909.9
39932.6
40124.3
40153.6
40160.3
40168.5
40193
40236.9
40438.2
40455.2
42007.1
46166.7
46804.2
47031.1
47257.9
47308.8
47376.2
47454.4
47455.5
47667.2
47917.5
48009
48144.7
48149.7
48416.8
56783.8
59379.7
59504.7
59536.2
59718.3
59843.1
59844
65638.9
65754.8
65803.4
65860.9
65914.3
66051.6
66107.6
66200.6
66307.4
66323.3
66359.2
66365.8
66430.2
66432.1
66446.8
66472.4
66481
66515.5
66546.9
66575.8
66602.7
66667.4
66693.7
66696.7
66798.8
66828
67028.9
67083.4
67137.7
67169.5
67277
67457.9
67624.4
67939.4
68118.8
68316.9
69663.5
69702.3
69908.1
69908.7
69931.3
69942.4
69976.9
70104.2
70282.6
74036
78085.1
78222
78237.6
78255.3
78324.8
78370.3
78485
78487.9
78600.2
78656.1
78728.8
78902.7
79037.5
79096
79123.8
79149.7
79279.7
79306.1
79438.7
79479.1
79626.3
79629.9
79779.3
79887.8
79970.7
79975.7
80152.3
80411.4
80442.4
80650.2
81251.9
81794.7
83019.9
83543.5
83636.5
83797.1
83898.7
84068.4
84177.8
84243
84263.5
84357.2
84360
84378.7
84549.1
84637.8
85018.7
88842.2
89498.9
89523.7
89613
89667.9
89692.9
89829.4
89928.3
89956.5
104672
104937.3
105249.9
105322.9
105538.7
105637.9
107160.6
107269.4
107289.3
107501.1
109729.4
118080.7
118149.8
118236.7
118518.2
129124.2
129142.3
129342.4
129357.3
129367.6
129547.4
161901.7
162054.1
162064.5
162223.7
162408
166027.8
166254
166273.4
166359.3
166366.8
166421.4
166778.9
166779.3
173211.2
173218.7
175156.7
175310.6
175405
175520.2
175798.7
184844.1
185645
186048.7
186304.7
186425.1
186717.8
186789.3
186875.5
186931.9
186957.8
189483.5
189551.9
189668
189710.8
190019.4
190087.8
190112.9
190259.8
190527.6
190652.6
192812
193063.1
194310.7
194351.5
194443.8
194447.5
194449.4
194579
194588.3
194591.6
194642.9
194672.5
194681.8
194716.1
194727.4
194763.4
194807.3
194817.6
194871.5
210441.7
210552
219621.7
219724.7
219825.4
219846.7
219885.2
219928.7
220023.6
220030.8
220112
220164.8
220234.6
220260
220361.2
220379.1
220397.3
220407.2
220536.8
220587.4
220604
220708.6
220737
220758.9
220885
221035.1
225295.9
225561.1
225663.5
225665.5
225744.7
225864.7
225934.3
225965.9
225971.4
225979.3
226023.4
226128.1
226166.6
230405.6
240533.7
250297.4
253249.8
253275.2
253350.6
253402.9
253444.6
253447.7
253500.4
254112.5
255020.5
255204.2
255402.3
255405.8
255514.6
255613.4
255626
255650.4
255749
255824.6
259444.5
259541.3
259758.6
268831.6
268900.2
268951.6
269239.1
269267.1
269619
269737.9
272062.4
272134
272371.2
272734.1
272895
274905.3
277418.5
278988.3
278999.9
279001.2
279030.8
279035.6
279065.3
279089.4
279089.5
279191.7
279219.4
282875.2
282905.8
282914.4
283017.8
283058.2
283074.9
283079.7
283128.2
283138.6
283186.9
283187.5
283267.9
283285.1
283453.1
284161.4
284674.9
284931.7
285012.1
285026
285050.3
285173.2
285260.1
285261.3
285324.5
285355.8
285526
285569.9
285644.5
285669.8
285742.7
285765.4
285798
285858
285880.1
286024.4
286134
286151.7
286193.5
286325.8
286340.8
286396.2
286431.3
286447.2
286492.6
287933.6
287986.3
288137.5
288328
288423.2
288443.5
288448.5
288448.9
288560.7
288691.3
288757
288759.5
288766.8
288850.2
288874.2
288976.2
289025.3
289157.8
289259.5
289385.4
289389.8
289577.8
289653.1
289845.4
289866
289949.1
289956.5
290029.1
290041.2
290167.6
290177.5
290230.7
290334
290389
290406
290532.3
290538
290545.8
290581.2
290869.6
291104.6
291128.7
291157
291329.9
291834.1
291873.8
292021.2
292105.8
292226.1
292261.9
292345.7
292370.7
292466.9
292520.8
292595.3
292605.9
292607.5
292696
292705
292730
292831.1
292900.4
292907.3
292916.5
293091.1
293114.8
293131.3
293324.1
293356.8
293370.2
293447.1
293458
293503.1
293572.1
293638.7
293736.7
293753.3
294061
294154.4
294186.7
294223.8
294362.2
294481.2
294505.4
294549.2
294649.2
294687.2
294700.1
294795.8
294904.7
295088.2
295289.1
295427
295453.7
295487.7
295558.6
325515.5
330402.1
330762.4
331111.1
331607
331741.5
331814.3
332938.3
333501.2
333651.2
335842.1
335917.6
336003.4
336072.8
342234.5
342240.2
342246.9
342257.8
342317.4
342366.6
342394.5
342465.5
342576
342606.4
342616
342617.8
342630.5
342708.5
342907.3
343068.6
343088.2
343450.4
343638.3
351341.2
351469.4
351632.4
351813.1
352570.5
352613.5
352616.8
352632.7
352643.8
352691.1
352719.1
352727.2
352745.7
352754
352755.6
352888.9
353060.7
353257.6
354532.9
354904.1
365908.1
366178.4
366433
366542.2
366659
366720.9
366859.4
366925.2
366966.5
366975.6
367039.2
367159.9
367244.6
367408.6
367459.7
367526.9
367559.6
367604.2
367624.9
367642.6
367657.7
367686.5
367793.3
367852.4
368146.9
368853.6
368929.4
368932.2
369119
369444.6
369768.7
369975.8
370301.4
370357.2
370573.2
370802.3
370865.6
371197.5
371201.1
371763.2
371989.3
372415.8
421217
421295.8
421319
421934.7
422044.6
422113.4
422172.8
424883.6
429915.9
443018.8
443855.5
444995.1
445037.4
445501.4
446951.7
447339.2
447490.8
447600.5
447646.9
447654.1
447674
447720.3
447731.8
447751.6
447810.8
447832.6
447848.4
447868.7
449262.7
449265.2
449429.1
449478.5
449485.4
449489.3
449566.3
449593.5
449596.9
449611.6
449612.6
449654.1
449655.3
449789.7
449801.3
449979.5
457735
457808.6
457862.8
458084.8
458153.7
458191.5
458200.6
458308.3
458313.8
458392.2
458468.7
458491.5
458926.6
459210.5
460784.9
460969.8
461009.7
461198.2
461203.3
461239.4
461547.1
461597.7
461661.8
461922.9
461992.1
462026.3
462074.9
463577.5
463693
463724.9
463771
463785.9
463791.6
466478.7
466520.5
466670.5
466875
466899.6
466989.8
467030.1
467101.5
467108.5
467133.1
467162.4
467211.6
467237.9
467414.6
467550.4
467637.9
512022.8
512118.3
512122.3
512128.9
512166.7
512497.3
512523.7
515529.2
515729.2
516083.8
516131.9
516237.2
516779.8
529148.7
529343.2
529359.3
529381.7
529406.7
529432.4
529487
529531.3
529573.9
529589.5
529594.9
529738.8
529941.7
529949.6
530001.1
530089.9
532583.2
532592.6
532650
532653.3
532659.5
532715.9
532774.6
532795.4
532798.7
532811.5
536733.2
537343.8
537421.1
537540
537647.8
537711.7
537729.2
537750.7
537765.1
537885
537903.2
537964
538084.5
538132.6
538139.1
538277.2
538443.1
538456
538491.4
538579.6
538650.4
538691.5
538700.4
538709.5
538725.9
538817.6
538919.7
539028.5
539120.8
542451.2
548429.6
567094.9
567105.1
567228.3
575631
576760
579498.8
579640.8
579757.1
579949.8
581646.3
581786.9
581876.9
581878
581913.3
582182.2
582252.7
582303.1
582674.6
584434
584747.2
585178.9
585305.8
586580.1
587679
591062.9
591164
594863.3
594993.6
594994.1
595044.1
595052.4
595120.1
595362.6
595577.4
595749.7
