1331.8
1438.3
1483.4
1502.2
1540.3
1557.3
1617.5
1660.6
1716.3
2938.5
4121.1
10003.4
10705.1
10760.2
10783.5
10808.5
10886
10908.1
10934.1
12439.9
21302.4
21426
21514.3
21517.3
21523.1
21733.3
21745.5
21751.2
21807.1
22083.5
22106.9
22201.8
22346.6
23081.1
23138.3
23260.5
23296.3
23300.5
23371.5
23402.3
26073.6
31185.9
34276.7
34288.2
34326.9
34370
34372.5
34400.4
34458.4
34602.4
34636.1
34676.1
34678.8
34686.6
34692.1
37975.9
38518.1
38607.6
41273.1
41323.1
41452.4
41481.5
41482.7
41519.1
41537.9
41573.9
41730.3
41925.7
42336.6
42466.4
42581.1
42742.5
42798.8
43146.9
43197.3
43420.1
47557.8
47796.9
47842.4
47866
47910.7
47922.6
48097
48125.6
48137.2
48211.3
48323
48328.3
48329.8
48457.9
48510
48599.9
48631.2
48770.4
48806
48873.8
48906.3
48931.4
49025.6
49034.9
49058.4
49072.2
49103.2
49129.1
49192.7
49234
49254
49259.9
49296.7
49344.3
49367.9
49396.7
49480.5
49648.5
50344.9
50532.8
50956.4
51167.4
51264.2
51801.7
51825
51878
51957.5
52051.5
52058.4
52142.6
53651.2
54928.5
54998.2
55226.1
55254.1
55585.6
57582.3
57675.7
57681
57691.9
57750.8
57765.4
57776.8
57791.1
57831.5
57843.4
57851.4
57859.4
57886.8
57897.8
57897.9
58005.4
58125.5
58731.2
58885.4
60433.9
65614.3
65714.4
66050
67004.9
67197.5
67210.6
67213.1
67288.9
67304.1
67397
67555.5
67719.6
67740.4
67816.5
69074.4
69107.9
69141.1
69186.4
69235.8
69268.3
76167.8
76183.2
76198.2
76209
76210.8
76213.1
76250.8
76280.1
76280.9
76329.6
76370.5
76621.4
87424.7
91116
95061.4
95362.3
95653.9
98817.3
100171.3
100364
100435.3
101018.3
111187.4
111220
111226.3
111237.5
111247.6
111250.4
111259.9
119648.5
119988.3
120148.5
120282.6
120348.9
120955.1
121081.1
121124.9
124514.4
124550.1
124652.9
125127.7
125272.3
125659.7
127226.2
127349.5
127502.4
127554
127555.3
127621.8
127631.9
128013.3
128040.8
128132.2
131587.9
131641
131796.1
131838.8
131852.7
132005.7
132149.5
132154.9
132221
132380.6
132441.9
132626.2
132713.9
132773.4
132800.3
132801.2
132802
133267.7
133385.5
133389.3
133402
133459.1
133562.8
133596.5
133609.2
133706.1
133708.8
133746.4
133808.1
133834.1
133844.7
133913.4
133941.8
134174.6
134284.9
134314.2
134349.2
134423.3
134425.9
134439.5
134478.6
134540.3
134729
135056.8
135284.4
135337.8
135382.7
135648.2
135774.5
135798.1
136006.4
136042.5
136282.8
136286.8
136297.7
136673.3
136744.1
136839.5
136982.5
137082.3
137605.6
137624.8
137650.5
137687.2
137781.5
137792.7
138006.9
138221.6
138319.9
138468.5
138637.5
138753.6
138813.9
138984.5
139027.4
139052.6
139127.1
139351.3
139694.6
139853.3
139887.1
139901.7
140206.2
140248.5
140290.6
140627.5
140747.8
142174.5
142200.6
142419.9
142643.2
142714.9
142927.6
143086.8
143103.6
143189.4
143337.9
143361.9
143445.3
143468.4
144869.8
145512.4
147235.8
150991.4
152301.8
154602.4
155485.6
158450.8
160911.9
161759.2
161805.3
161834.6
161846.2
162010.9
162056.1
168504
168853.2
168883.5
168895.2
169015.5
169065.6
170762.9
171907.2
172119.5
172204.1
175590.7
175687.3
177004.6
177351.8
183436.6
183454.4
183505.8
183516
183733.4
183736.7
183811.5
183836.3
187370.1
187374.1
187394.6
187404.6
187443
187443.6
187461
187487.2
187492.4
187505
187586.4
187665.3
187726.7
187954.8
188201.4
190921.3
190986.6
191034.6
191044.7
191089.2
191090.3
191162.2
191180.7
191186.2
191279.9
192105
192123.8
192161.3
192186.2
192312.1
192324.4
192392.5
194142.3
194328.3
194389.6
194502
194511.6
194547
194735.2
194842.2
194857.2
194905.5
195011.7
195479.2
195480.3
195491.9
195556.4
195594.7
195616.8
195649.9
195655.9
195672.7
195831.2
195851.2
195865.4
195944.7
196048.6
198112.9
205580.5
205600.3
205634.2
205657.6
205679.4
205701.5
205716.5
205718.3
205734.4
205803.8
205807.8
205862.9
205914.2
205919.6
205926.1
206025.1
206054.3
206097.8
206174.3
206312.1
206363.8
206473.6
206515.5
206561.8
206655.4
206687.6
206816.1
206947.7
206950.4
206962
206967.6
207023.3
207056.7
207102.3
207112.6
207245.8
207285.8
207329.4
207363.8
207458.2
207793.7
207876.4
208040.6
208886.1
209363.4
209465.1
209469.3
210981.6
211037.2
211356.3
222526.5
222664.5
222733.1
222741.8
222749.5
222764.1
222769.6
222786.7
222787.5
222848
223061.6
226900.6
227038.9
227064.8
227117.5
227120.8
227156.9
227253.1
227317.6
227589.1
227718.8
227873.3
229121.1
229254.5
229285.2
229296
230883.3
230999.5
234167.3
234247.4
234289.5
234295.2
234296.3
234324.5
234410.9
234459.6
234599.4
234625.1
235236.3
235494.4
235709.4
235928.7
236053.9
236061.3
236118.6
236192.4
236245
236318
236416.8
236435.4
236499.8
236663
236888.2
237350.7
237373.5
237487.1
237620.5
237719.7
237895.8
237906.4
237959.8
238314.8
238458.9
238854.6
238863.2
239022.4
246947.4
246976
247002.8
247025.6
247035.2
247061.6
247210.1
247286.4
247290.4
247309.2
247312.3
247315.6
247320.2
247350.7
247406.6
247409.1
247419.3
247424
247444.3
247475.5
247478.1
247501.5
247527.8
247675.1
247751.2
247796
247821.5
247830.7
247851.5
247999.9
248044.2
248100
248116.7
248136.5
248137.1
248149.4
248168.5
248177.1
248215.9
248228.5
248306.9
248328.8
248467.5
248567.4
250112
250197.7
250246
250286.1
250335.2
250380.8
250386.2
250437.5
255781.2
255845.4
255853.1
255870.1
255872.9
255918.4
255950.1
256009.1
256079.4
256103.3
256127.8
256231.5
256449.4
256503.9
256658.7
256918.2
257143.2
257163.2
257218.1
257291
257929.2
257936.7
258000.1
258148.2
263144.8
263240.6
263335.4
263351.5
263395.9
263454.8
263500.5
263579
271235.7
271706.3
275716.7
275789.8
275937.1
275963.9
276086.3
276163.6
276180.8
276241.3
276286.9
276337.9
276348.3
276375.6
276436.8
276442.5
276499.8
276520.6
276536.3
276667.9
276680.6
276707
276758.1
276789.6
276791.4
276817.7
276869.7
276889.5
276938
276977.4
277138.1
277968.9
278018.3
278068.2
278106.9
278175.6
278274.6
279139.5
279350.4
279406.1
279444.6
279649.3
283101.8
283186.1
283197.3
283205.9
283263.2
283292.7
283310.3
283321.6
283374
283456.4
283468.8
283500.4
283556
283588.4
283630.3
283741.5
283819.6
283823.7
283825.7
283843
283913.9
283964.9
284167.3
284393.5
284423.8
284746.9
284909.7
284995.6
285001
285100.8
285125.4
285135.3
286512.2
286697.5
286751.6
286796.4
286896.6
296620.9
298742.6
298914.9
298957.1
298960.8
299014.2
299053.1
299088.6
299141.8
299286.4
302667.7
302690.2
303208.7
303246.6
303288.2
304170.6
304185.2
304252.9
304258.1
304436.3
304539.8
304584.1
304596.4
304677.2
304741.7
304847.7
304851.5
304862.2
304990.6
304997.4
305010.3
305061.9
305066.7
305076.1
305098.8
305112.2
305130.7
305164.8
305292.2
305330.2
305404.8
305413.5
305430.4
305470
305513.3
305536.9
305748.4
305758.3
305800.8
305857.6
305905.8
305955.1
305972.4
305993.9
306105.3
306237.5
306368.6
306600.8
309079.4
309585.6
311172.7
325498.1
326754.3
326764.8
326821.4
326969.5
327006.9
327097.7
327132.9
327270.4
327584.6
327602
327653.1
327658.2
327713.9
327813.2
327826.7
327911.7
327962
327995.6
328356.5
328359.2
328366.8
328422.9
328454.4
328467
328522.9
328536.5
328731.3
328736.4
328789.4
328804.5
328837.6
328847.9
328854.7
328882.6
328931.4
328943.6
329029.5
329080.3
329147
329186.5
329361.8
329543.8
330362.6
330579.8
330674.1
330716.1
330723.4
330737.7
330791.1
330799.3
330816.6
330855
330912.1
330943.8
330999.8
331004.2
331029.4
331180
331440.7
331715
331746.4
333396.4
334435.9
334795.4
334928.8
334967
334988.2
334989.3
335019.9
335022.3
335025.5
335083.7
335180.4
335363.2
336392.6
336549.4
336673
336684.9
336758.2
337017.8
337114.9
338144.3
344893.7
345254.6
346715.7
346869
346957.5
346997.1
347045.9
347096.9
347231
347270.9
347361.7
347368.7
347369.5
347518.5
347564.1
347787.5
351260.9
352812.8
352824.9
352941.9
352997.2
353046
353154.4
353185.2
353249.4
353531.5
353681.7
362940.7
363182.6
363393.2
364720.2
365039.4
374057.5
374179.6
375667.8
375686.1
375689.7
375693.8
375766.4
375801.1
375824.6
375827.4
375887.1
375915.5
376209.4
376289.1
376354.7
376406.9
376470.2
376537.6
376887.6
376901.6
376929
377018.6
377210.9
377437.7
377464
377520.6
377980.6
378547.8
378623.9
378687.6
378699.9
378719.9
378854.3
378886
378888.8
379025.1
379139.6
379259.1
379423.9
379445.5
379552
379611.7
379622.4
379678.9
379767.3
379786.8
379836.8
379880.5
379916.5
380083.3
380193.2
380209.7
380362.4
380523.5
380710.6
380799.1
380807.4
380904.3
380978.4
381009.5
381057.2
381088.2
381129.9
381131.2
381541.3
381795.4
381931.1
382076.3
382136.1
382205.1
382402.8
383072.9
383173.7
383176.4
383728.1
383896.7
383906.4
383943
384085.5
384085.8
384817.5
384976.5
385112.7
385246.2
385569.2
385950.7
386057.8
386259.5
386277.6
387922.4
389339.4
390357.4
390816.4
391646.7
392056.5
392300.4
392335.4
392425.3
392634.2
392913.7
393386.4
393455.1
393542.5
394047.3
394106.7
394120.1
394246
394318.8
394571.2
395015.1
395048.7
395160.8
395168.8
395207.1
395363.7
395407.1
395668.6
395709.1
395751.3
395834.4
395986.7
395997
396414.7
396502.7
396540.2
396590.6
396628.9
398454.5
398584.7
398659.7
398661.2
398712.2
398809.4
398904.5
399294.7
399364.4
399459.6
399474.8
399805.3
399858.4
400309.3
400750.1
401027.5
401164.1
401815.4
401854.4
401992.9
402106.4
402156
402287.8
402290.5
402318.3
402331.6
402370
402454.1
402497.3
402612.7
402649.7
402915.5
403092.5
403142.6
403216.5
403278.3
403288.3
403564.3
403604.9
403672.3
403736.9
403819.4
403868
403964
404005.8
404098.6
404105.2
404208.3
404315.5
404457.4
404485
404562.4
404600.2
404616
404699.7
405151.6
405364.4
405492.8
406667.9
413041.4
413282.2
413332.3
413471.6
413511.8
413519
413532.4
413947.8
413986.7
414105.3
414281.5
414403.5
414459.6
414602.9
414613
414647.9
414746.6
414939.8
414976.5
415005.3
415291.8
415329.4
415337.8
415474.5
415713.4
415764.7
415766.5
415802.5
415862.1
415946.2
416081.9
416182.9
416216.8
417175.6
417274.7
417308
417456.8
417696.6
417801.3
417822.9
417895
418043.4
418060.5
418187.4
418211.3
418211.7
418225.1
418392.1
418465.3
418511.3
418512.6
418517.1
418537
418620.5
418639.1
418965.7
425296.6
425298.3
425319.7
425343.3
425345.1
425464.9
425502.2
425648.3
425825.7
425833.2
426620.5
426710.1
426776.6
426808.1
426888.1
427023
427511.4
430857.4
430969.5
431237.1
431413.6
431702.9
431793.2
431821.9
432055.1
432199.2
432409.8
432464.4
432566.9
432573.6
432582.8
432644.7
432674.7
432719.1
432734.3
432835.5
432921.7
432986.3
433086.5
433146
433208.2
433230.8
433255.1
433287.3
433302.2
433428.9
433523.1
433565.3
433590.1
433597.2
433624.1
433674.2
433712.7
433719.1
433807.6
433854.8
433886.9
433999.6
434029.3
434210.7
434313.2
434481.5
434482.7
434517.5
434534.1
434600.6
434610.4
434699.1
434716.3
434749.5
435145.7
435156.2
435419.4
435512
435566
435642
435715.1
435876.5
435883.6
435970.8
436029.2
436048.9
436227.8
436265.4
436288
436748
436792.3
436940
437049.2
437140.4
437233.1
437270.1
437332.4
437360.3
437383.5
437397.6
437405.1
437424.4
437447
437462.9
437497.4
437575.7
437620.6
437822.7
437842.3
437866.9
437909.3
437987.3
438003.9
438051
438110.3
438223.9
438497.5
438499.6
438519.4
438545.4
438683.7
438763.6
438781.3
438786.4
438801
438808.7
438827.4
438951
438981.7
439023.3
439103.6
439112.5
439221.1
439253.3
439263.8
439274.3
439349.8
439378.8
439400.4
439444
439462.1
439557.2
439698.5
439716.1
439753.4
439786.7
439788.4
439830.3
439869.8
439898.6
439930.8
440032.6
440047.2
440104.4
442185
442205.4
442217.2
442416.2
442537
442898.1
443367.6
444010
444027.5
444030.5
444219.4
444368.6
446836.2
455189.4
456164.8
456195
456234.7
456252.2
456361
456415.2
456430.4
456459.6
456561.7
456739
460170.5
466221.7
466249.8
466553.7
466737.5
466816.7
466936.9
466989.8
467010.7
467066.8
467075.6
467092
467127.4
467134.8
467142.9
467154.2
467187.1
467228.4
467382
467383.3
467404.2
467533.2
467691.9
467855.7
470013.5
470625.1
471418.1
471460.8
471474.7
471476.4
471533
471592
471668.5
471729.6
471776.2
471837.4
471972.4
472225.5
472351.6
472621.9
473095.7
473498.6
473852.8
473858.6
473864.4
473924.4
473931.9
474073.3
474114.5
474129.1
474132.6
474220.1
474237
474238.3
474275.5
474294
474373.2
474467.4
474482.2
474507.9
474513.8
474532.7
474561.3
475045.8
475143.8
475344.7
475388.6
475445.4
475670.6
475677.7
476052.8
476344.5
476378.6
476442.8
476471.7
476502.8
476697.2
477232.3
477544
477576.8
477748.5
477780.5
477806.6
477890
477960.7
478067.9
478125.5
478521.5
478548.2
478685.7
478696.5
478706.7
478754.4
478785.3
478798.2
478820.5
478911.4
478931.5
479006.1
479101.5
479236.4
479904.6
481523.6
484929.2
485020.7
485163.5
485234.2
485251.2
485340.6
485352
485366.6
485571.4
485856.3
485956.8
486451.2
486613.7
486657.5
486670.7
486734.5
487317.1
487511.1
487513.1
487882.3
487908.6
487921.9
487974.7
488233.1
488330.9
488384.8
488547.8
488796.7
489049.9
489236.1
489453.3
489774
490736.8
490890.4
490903.3
490982.5
491039.6
491152.6
491155.5
491187.1
491311.7
491378.7
491596.5
491674.7
491742.3
491932
491986.6
492029.9
492169.2
492176
492261.5
492332.9
492630.1
492888.4
492929.3
492947.6
493004.4
493213.1
493236.9
493271.1
493354.3
493406.2
493430.4
493492.1
493521.5
493604.6
493681.2
493689.9
493756.2
493773.4
493807.3
493869.1
493874
493887.5
493907.2
493944
494005.4
494448.5
494783.8
495246
495274.2
495279.9
495405.7
495540
495577.2
495897
496130.5
496303.5
496414.4
496964.7
496968.4
497127
497429.8
497546.8
497630.1
498179.1
498214.4
498248.8
498312.3
498320.2
498537.9
498883.6
498966.2
499219.7
499392.7
499555.6
499575.6
499629.5
499892.6
500054.2
500142.9
500216.8
500881.5
500972.5
501086.6
501148.7
501313.5
501650.7
501780.2
502096.6
502328.4
502368.3
502687.2
502918.6
503140
503243.6
503383.8
503723.1
504052.1
504085.1
504241.3
504329
504405.3
504420.1
504465.7
504524.2
504674
504969.6
505089.8
505112.1
505232.4
505253.4
505268.8
505272.8
505355.2
505378.4
505599.1
505617.4
505637
505637.6
505711.6
505723.5
505871.3
505883.7
505990.4
506326.2
506397.1
506711.8
506781.5
506838.7
506881.4
507116.7
507682.3
507876.2
507883.3
508102.2
508127.9
508133.2
508146.1
508197.3
508235.4
508324.9
508477.6
508546.8
508584.8
508586.2
514692.8
516047.4
519393
519684.5
520121
529338.4
530501.6
530504.4
530504.9
530544.1
530700.1
530779.1
530835.2
530891
531056.5
531102
531152.1
531531.8
531711.4
531805.3
531828.4
531929.5
532043.5
532071.6
536156
536346
536497.5
536610.3
547312.1
547355.6
549808.2
549837.7
549923.6
550247
550262.2
550304.3
550327.8
562193.5
562292.8
562371.1
562441.6
562454
562484.3
562554.7
562561.4
562686.6
562852.9
562878.9
562943.2
562944.5
563287.9
564196.6
564359.4
564443.2
564501.1
564512.3
564531
564665.5
564672
564672.2
564706.1
564713
571028.4
576578.7
576673.6
576913.7
577083.3
577154.6
577175.2
577237.7
577279.4
577308.6
578253.5
578375.3
578398
578446.4
578550.3
578596.4
578700.5
578732.1
578786.6
580028.1
586541.1
586617.9
586749.2
586751.1
588976.3
591214.9
594852.8
595195.1
596160.3
596199
596289.9
596291.7
596302.6
596306.5
596321.7
596375.5
596387.3
596402.4
596434.4
596485.6
