1771.9
1892.6
1894.5
2005.7
2062.1
2179.5
2456
5183.5
5229.7
5291.9
5331.2
5348.2
5495.2
5541.6
5587.6
5594.9
5597.4
5652.2
5774.7
5808.6
5988.9
6047.6
6062.3
6070.6
6076.1
6111.5
6114.3
6143.9
6233.3
6310.1
6391
6407.7
6440.7
6658.8
7859.3
7892.9
7991.1
8121.5
8276
8300.3
8330.1
8356.4
8408.5
8566.9
8603.3
8871.4
8913.3
9003.3
9024.7
9140.9
9171.5
9222.2
9327
9478.5
9588.6
9595.5
9599.1
9613.6
9679.8
9747.2
9770.2
9907.1
10025.7
10060.7
10072.4
10283.4
10299.9
10374.9
10481.7
10489.5
10551.1
10597.9
10641.1
10682.6
10715.3
10726.1
10745.9
10778.9
10790.7
10946
17273.7
17354
17416.5
17436.2
17655
17941.3
17946.5
17952.6
18001.4
18006.9
18058.6
18060.8
18130.7
18152.5
18222.8
18225.5
18247.7
18294.6
18313.3
18314.5
18409.5
18435.6
18448.6
18453.8
18479.1
18635.2
18645.2
18733.6
18747.3
19063.5
19440.9
19454.6
19678.1
19806.4
19970.4
20941.3
20978
21055.2
21081
21101.6
21158
21172.3
21241.1
21248.4
21305
21347.2
21374.3
21532.2
21686.3
21690.7
21934.3
22228.2
24480.8
24605.5
25053.6
25818.1
25919.6
26022.4
26135.3
26317.1
26717.2
26838.8
27083
27275.3
27431.6
27471
27970.8
28773.6
28887.6
34556.9
34867.4
35378.7
36063.2
42162.8
42187.8
42214.7
42383.2
42402.2
42403.5
42404
42418.5
42522.3
42528.2
42546.1
42612.1
42649.4
42689.5
42705.2
42712.9
42859.1
42994.9
43054.9
43203.8
43224
43241.9
43449.3
49893.8
50139.6
50607.4
52601.7
52888.4
52897.4
53856.1
54872.2
55063.3
55069
55174.3
55234.4
55607.1
55670.9
55744.3
56070.4
56116.1
56293.9
56308.1
56328.7
56458.2
56508
56590.7
56746
56791.2
56855.9
56911.9
57103.6
58774.9
60242.7
62228.4
68996.2
69001.4
69026.8
69035.3
69047.5
69100.8
69130.3
69154.1
69200.4
69215
69246.6
69351.6
69417.7
69441.8
69461.1
69664.3
69687.3
69698.6
69741.2
69948.9
72405.1
73355.5
78029
78190.6
78245.8
78355.1
78699
78921.5
79247.5
79286.2
79441.9
79799.7
79801.5
79918.7
79967.8
79986.2
80004.6
80330.9
80385.4
80390.5
80421.2
80456.9
80556.2
80580.2
80689.5
80962.2
81182.2
81253.7
81260.4
81563.6
81710.4
82419.9
82655.9
82967.4
83186.5
83859.5
83944.3
84075.3
84159.1
84485
88396.2
89350.5
89551.6
89579.3
89620.4
89642.5
89686.6
89728.1
89821
89845.6
89917.4
89939.1
89948.3
89994.9
89999.5
90015.5
90057.6
90066
90072.5
90146.8
90272.9
90306
90365.1
90368.4
90563.4
90598.7
90805.6
90883
90907.5
106204.6
106339.7
106360.8
106429.4
106433.2
106575.7
106619.9
106677.4
106692.6
106717.5
106901.7
106941.9
107107.4
107124.1
107187.6
107193.9
107196.3
107293.8
107295.3
107331.9
113287
113308.8
113357.4
113403.7
113415.6
113471.4
113478.8
113518
113564.4
113608.2
113629.3
113642.9
113653.3
113684.5
113726.4
113799.8
113936.2
114131.1
114149.3
114210.4
114224.3
114292.2
114316.3
114407.3
114436.6
114437.4
114467.5
114475.4
114619.8
114814.6
114929
114981
115001.3
115032.5
115149.6
115149.9
115195.4
115247.9
115342.1
115391.9
115433.3
115648
118808.3
118819.9
118959.5
119565.5
120503.5
120897
120956.3
120973.4
121013.2
121016.4
121076.2
121136
121163.7
121239.9
121335.8
121410.9
121429.1
121538.8
121686.7
122261.2
122350.7
122499.9
122565
122597.1
122687
122724.5
122751.1
122855.5
122909
123090.3
123099.9
123119.5
123134.8
123344
123452.4
123455.5
123456.5
123702.2
124091.7
124123.9
124165.9
124244.6
124255.5
124315.7
124454.5
124557.6
124576.8
124730
124874.5
124896.1
125344.4
125645
126639.3
126664.5
127041.1
127064.3
127163.3
127286.9
127392.5
127420.4
127434
127591.6
127823.8
127925.8
127936.8
127937.4
128011.8
128011.9
128056.8
128203.4
128311
128339.5
128368.9
128398
128422.8
128591.7
128602.8
128635.3
128648.7
128650.2
128725.1
128839.4
128857.6
129219.8
129403.5
129637.1
129930.9
129958.8
130087.9
130095.8
130121.4
130140.4
130229.7
130335
130335.1
130404.6
130526.1
130535.1
130536.1
130538.6
130591.3
130592.9
130594.7
130698.9
130765.2
130803.6
130943
130975
131035.4
131198.7
131357.8
131395.8
131426.3
131495.8
131505.1
131588.7
131591.2
131614.1
131687
131701.2
131766.6
131770.1
131783.8
132096.2
132102.9
132332.7
132388.1
132585.8
132923.2
132992.9
133177
133410.8
133440.6
133474.4
133541.8
133642.8
133713
133748.3
133762
133803.1
133868
134043.1
134068
134162.1
134173.9
134419.3
134435.9
134474
134539.3
134634.9
134991.5
135202.6
135233.1
135443.8
135506.1
135914.1
136166.9
136423.5
136541.7
136552.2
136558.1
136706.9
136721.5
136920.4
136935.1
136976.3
137078.1
137107.3
137141.6
137167.7
137245.6
137419.8
137436.6
137445.1
137482.5
137538.6
137588.6
137718.2
137846.5
138060.6
138309.7
138628.7
138636.8
138734.1
138856.6
139022.5
139535.4
139617.4
139663.3
139686.5
139702.7
139710.8
139719.8
139862.3
139948.1
139999.1
140032.6
140148.9
140162.6
140203.4
140316.3
140341.8
140457.6
140471
140526.2
140527.7
140597.3
140626.8
140655.1
140680.5
140694.9
140707.1
140759
140763.8
140790.1
140820.5
140914.7
140934.8
141017.7
141041.1
141054.4
141087
141122
141130.1
141142.4
141178.7
141188.4
141276.3
141550.9
141595.1
141602
141621
141668.5
141695.2
141719
141746.3
141764.6
141869.5
141925.9
141961
142066.9
142125.1
142153.1
142176.2
142210.4
142263.9
142282.7
142295.8
142358.1
142360.3
142394.6
142408.2
142412.8
142413.4
142435.5
142567.1
142613.6
142619.2
142626.2
142641.9
142664.7
142704.7
142734.2
142742.9
142827.7
142851.1
142893
142898.5
142943
142953
143055.6
143086.3
143101.3
143103.4
143137.6
143140.5
143165.4
143191.6
143200.2
143249.8
143325.1
143540.3
143678
143746.4
143746.8
143768.5
143816
143816.7
143836.1
143839.2
143917.8
143996.4
144000.4
144005.4
144093.4
144162.9
144216.1
144465.6
144491.6
144492.5
144630.1
144647.6
144668.5
144670.6
144746.5
144908.5
144952.8
145025.1
145144.2
145165.6
145193.4
145369.7
145596.3
145625.4
145669.7
145720.7
145810.2
145861.2
145906
145906.8
145919.9
145934
146033.4
146092.8
146150.1
146223.8
146305.6
146313.5
146345.8
146498.2
146539.6
146584.9
146792.8
146846.3
146851.7
146887.5
146906.9
146932
146953
146959.6
147056.3
147063.6
147159.5
147310.3
147397.2
147488.1
147510.4
147578.1
147800.4
147818.9
147842
147873.1
147887.5
147933.1
148048.2
148053.4
148070.9
148293.9
148332
148375.9
148539.9
148543.3
148597.7
148669.4
148736.9
148775.1
148786
148794.9
148827
149020.7
149103.9
149171.8
149305.7
149400.6
149656.9
149723.4
149749.9
149784.3
149880.4
149959.5
150096.8
150097.7
150172.6
150237.3
150313.9
150377.1
150522.1
150558.7
150736
150738
150856.6
150858
150925.9
150929.7
150953.8
151008
151081.1
151115.7
151236.1
151290.8
151386.5
151396.8
151420.3
151457.4
151487.9
151584.1
151639.6
151687.3
151738.2
151743
151744.8
151900.1
151933.1
152008.7
152218.2
152227.7
152234.9
152259.9
152285.5
152463.9
152504.2
152582.6
152595.5
152602.1
152637.1
152933.6
153062.4
153203.9
153310.4
153394.8
153429.6
153620.2
153662.8
153679.3
153764.3
153815.9
153839.7
153981.5
154189.5
154284.6
154293.6
154320.5
154593.9
154728.3
154817.5
154992.3
155036.2
155048.9
155163
155195
155289.2
155472
155505.4
155546.3
155606.7
155621.8
155637.9
155661.9
155669.6
155684.4
155801.7
155844.9
155964.1
156092.8
156100.9
156157.7
156192.6
156244.3
156254
156257.2
156271.9
156423.7
156556.2
156630.5
156693.6
156744.3
156893.2
157014
157086.5
157115.3
157299
157368.9
157440.1
157577.3
157636.8
157716.2
157744.3
157871.2
157926.1
158021
158081.8
158094.4
158114.8
158125.4
158237.1
158267.8
158335.2
158384.9
158388.5
158916.4
158936.6
159019.2
159111.8
159316.8
159390.4
159501.3
159579.7
159664.1
159701.7
159749.4
159806.3
159865.5
159881.9
159896
159939.4
159992.7
160008.5
160096.4
160106.5
160197.7
160207.6
160272.4
160275.6
160413.6
160419.3
160453.4
160521.7
160543.2
160591.7
160693.3
160752
160765.6
160822.4
160831.8
160851.6
161006.7
162560.4
168501.6
169034
176214.9
176648.8
183841
184100.4
184356.2
184741.4
185115.4
185301.8
185526.2
186672.7
187127
187186.1
187371.5
195368.4
195618.1
195769
195854.2
195855.1
195888.8
195892
195930
196033.1
196127.9
196154.3
196173.2
196188
196254.1
196281.5
196583
196624.4
196709
196847.5
196849.9
197086.8
197096.7
197122.3
197174.4
197252.2
197253.6
197271.2
197284.7
197377.2
197395.6
197443.3
197503.3
197614.1
197689.2
197746.9
197752.2
197753.8
197764.1
197789.1
197897.1
197897.4
197904.4
198130.2
198161.2
198460
198524.9
198611.8
198631.4
198784.3
198840.1
198923.3
198932.3
199060.7
199161.1
199200.1
199243.2
199338.1
199339.9
199528.6
199634.4
199711.9
199792.7
199937.2
200077.7
200436.7
200482.4
200600.9
200819.6
200980.3
201211.2
201230.1
201291.6
201451
201604.3
201647.1
201779.1
201970.4
202263.7
202282.6
202504.1
202549
202849.3
202900.1
202983.8
202996.1
203227.5
203472.5
203539.5
203747.9
204320.3
204662.4
204865.6
204985.7
205013.7
205182.9
205310.4
205756.7
205774.8
205844.1
205849.6
205869.7
205993.3
206019.2
206043.4
206102.2
206122.9
206150.6
206221.1
206287.9
206360.2
206395.5
206460.5
206521.4
206591.3
206789.7
206811.8
206836.8
206970.5
207002.2
207128.7
207143.4
207173.9
207178.3
207185.7
207188.9
207199.7
207231.9
207287
207318
207345.2
207406.3
207854.6
207924.6
207965.9
208430.4
208448.1
208539.4
208571.1
208669.3
209132.1
209542.5
209555.5
209666.4
209799.7
210000.7
210191.6
210278
210383.4
210502.7
212507
212628.9
212943.8
213299.8
213666.7
213890.4
214099.8
214351.9
214365.2
214396.2
214455.6
214466.8
214491.1
214556.5
214637.2
214660.2
214722.9
214812.8
214905
214972.7
215141.7
215247.1
215253.4
215264.8
215289.6
215324.2
215334.8
215336
215343.5
215471.7
215571.6
215599
215683.4
215701.3
215835.6
215855.6
215906.2
215974.9
215979.4
215987.6
216034.3
216190.4
216211.7
216263.8
216319.3
216349.2
216454.1
216484.9
216495.9
216553.8
216730
216774
216776
216800.2
216930.5
216954.5
217025.6
217264.7
219230.2
222333.3
222896.3
223581.6
223798.9
223994.4
224369.9
225062.6
225070.5
225085.5
225210.4
225308.1
225327.5
225339.2
225354.1
225446.5
225523.6
225535.2
225621.9
225746.9
225774.5
225788.4
225820.6
225842.7
226149.9
226730.4
231716.1
231801.7
233152.1
233922.8
234387.2
234449.8
234617
234659
234716.4
234740.2
234931
234936.2
235110.5
235166.9
235242.3
235296.9
235459.9
235482.5
235488
235549.9
235589.2
235624
235703.8
235781.5
235848.7
235863.6
235864.9
235885.1
235885.2
235907.9
235988.1
236076.1
236077.7
236091.9
236181.9
236203
236276
236288.7
236294
236397.3
236421.3
236452.7
236472
236480.5
236548.4
236549.9
236582.6
236793.1
236868.9
236879.9
237004.7
237164
237226.1
237337.2
237358.5
237387.6
237529.1
237692.4
237880.9
237904.7
237918.5
237952.6
238000.5
238027.6
238170.2
238342.6
238420.1
238445
238447.2
238498.4
238530
238561.5
238565.5
238591.5
238956.8
239087.9
239160.3
239163.3
239231.8
239234.3
239250
239281
239332.8
239348.3
239367
239387.2
239442.2
239454
239613.5
239616.4
239665.6
239740.2
239776.8
239777.5
239829.3
240023.7
240080.7
240097.1
240393.2
240500.4
240846.2
240850.5
240880.6
240923.6
240945.7
240975.6
241038.3
241107.5
241238.2
241293.5
241467.1
242554.1
242818.1
246972.4
247126.4
247136.4
247378
247418.5
247434.2
247446.6
247535.8
247538.3
247565.1
247740.5
247895.4
247939.8
248235.8
248348.7
248396
248431.4
248470.8
248485.7
248489.6
248527.9
248561.6
248757.2
248764
248999.1
249224.1
249328
256706.2
257044.2
257069.7
257800.5
258480.3
258642
258664.3
258940.9
259334.8
259366.4
259426.9
265493.8
267166.6
267360
267437.4
267443
267618.8
267727.7
267903.8
272798.6
272887.4
274298.3
274347.1
274856.1
274873.7
286456.9
287142.4
287252
287265.8
287313.4
287355.9
287521.8
287610.5
287673.9
287697.7
288073.5
288134.2
288193.5
288248.9
288411.2
288502.1
288806.3
288930.3
288937.5
289129.9
289153.6
289263.6
289309.5
289464.9
289622.7
289634
289808.7
289852.3
290106
290284.5
290413.6
290572.4
290923.5
291111.1
291118
291168.7
291267.5
291512.6
291554.4
291622
291719.5
291918.7
291976.5
292011.4
292028.4
292137.6
292138.5
292297.5
292315.7
292363.3
292806.8
292825.7
292962.5
293171.9
293206.8
293415.1
293573.7
293593.4
293801.1
293810.2
293955.9
294254.9
294277.5
294334.6
294450.5
294562.4
294632.3
294661.8
294731
294909.7
294956.6
294977.5
295006.1
295069.5
295441.7
295873.2
296103.7
297950.6
297977
298263.7
298657.4
298727.8
299113
299289.1
299458.4
299668.3
301176.5
303684.1
304118.4
304191.8
304309.2
304407.8
304439.7
304463.7
304582.4
304672.1
304783
304824.9
304911.5
304934.3
304957.2
304971.5
305016.1
305025.1
305325.9
305363.8
305367.8
305385.9
305429.4
305453.1
305562.9
305697.2
305726.8
305753.6
305816.1
305900.4
305974.5
306041.7
306342.3
306427.9
306556.9
306679.2
306711.2
306809.6
306896.9
306943.7
306961.6
307131.8
307286.1
307322
307349.1
307449.4
307602.8
307741.3
307760.3
307830.3
307867.4
307890.6
307965.6
308059.6
308178.9
308197.8
308257.3
308325.5
308369.9
308428.7
308443.8
308470.3
308481.4
308490.4
308501.4
308504.2
308513.6
308578.4
308656.2
308657.2
308671.1
308797.9
308863.3
309016
309064.8
309449.3
309785.1
310382
312377.3
312735.4
312981.7
320277.4
320332.6
320503.1
320554.2
320572.3
320594.9
320612
320631.7
320717.7
320732.4
320733.5
320794.4
320904.5
320986.1
321026.7
321068.4
321108.5
321399.3
321405.5
321426.9
321468
321532.6
321538.9
321539.9
321585.6
321715.4
321742
321999.3
322070.4
322161.6
322796.2
326734.7
327417.3
327442.6
327482.5
327565.2
327629.6
327765.9
327768.6
327778.8
328235.5
328280.9
328341
328372.4
328508.3
328731.7
328750.8
328793.6
328819.6
328853.7
328962.1
329178.9
329417.3
336978.2
336992.2
337015.8
337064
337068.8
337118.9
337426.1
337618
337688.6
337740.3
337897.7
338935.7
348891.5
353624
353656.1
353982.9
354354.6
354373.9
354483.8
354603
354681
354733.4
354810.4
358862.7
363442.6
365662.4
366097.9
366201.3
366370.4
366373.1
366373.4
366623.5
366705.3
366930.6
367084.8
367253.8
367294.2
367310.8
367318.3
367399.3
367607
368075.9
368169.3
368222.7
368516
368571.8
368977.3
369028.5
369057.9
369061.3
369088.1
369196
369200.9
369520.2
369922.6
369996.8
370044.7
370152.5
370181.9
370241.2
370339.6
370427
370867.9
371041.9
371043.6
371095.7
371126.6
371394.5
371400.6
371532
371659.4
371737.8
371845.9
371862.2
371904.1
371913.3
372009.5
372093
372112.8
372113.4
372157.6
372160.7
372179.2
372212.6
372239.1
372266
372268.9
372494.1
372521
372622.2
372713.9
372738.7
372873.7
373028.7
374317.5
375215.6
375647.9
375898
375955
375968.7
375996.2
376014.6
376108.9
376139.2
376231.5
376298.9
376338.7
376393.8
376421.6
376442.5
376457.4
376488
376535.7
376543.4
376575.7
376590.5
376596.1
376609.4
376649
376684.7
376715.8
376724.6
376727.8
376754.2
376766.6
376798.4
376811.8
376817
376865.3
376909.4
376918.4
376921.9
376948.3
377015
377075.4
377077.2
377091.5
377106.5
377199.6
377208.5
377222.3
377238
377311.1
377335.1
377376.5
377383.5
377481.6
377550.2
377593
377628.9
377717.3
377744.8
377754.2
377764.1
377849.1
377878.3
378075
378141.3
378156.8
378178.5
378189.9
378253
378412
378469.4
378542.1
378555.1
378564
378579.4
378673.3
378712
378717.6
378762.5
378828.6
378842.1
378876.9
379035.9
379119.8
379143.5
379173.4
379176.4
379193.8
379221.2
379267.8
379291.5
379343.9
379356
379366.5
379370.5
379648.1
379672.7
379755.8
379773.9
379786.1
379862.7
379898.2
379908.9
379934.1
380012.4
380025.5
380038.3
380176.2
380240.1
380241.1
380260
380264.4
380289.5
380493.4
380519.9
380533.5
380556.2
380652.8
380656
380663.6
380671.1
380683
380721.7
380755.7
381024.4
381181
381185.4
381395
381422.8
381440.3
381456.4
381820
381837.4
381940.4
381990
382070.4
382158.9
382182
382184.4
382206.7
382224.2
382412.4
382488.2
382520.2
382650.3
382668.7
382670.7
382676.7
382800.4
382815.3
382850.4
382855.1
382917.6
382952.6
383189.3
383227.3
383274.7
383282.8
383424.6
383444.6
383469
383504.3
383512.6
383567.8
383596.3
383596.9
383614.7
383655.5
383748.1
383780.7
383781.2
383784.2
383843.7
384034.1
384066.3
384092.3
384147.6
384162
384171
384256.4
384317.2
384327.7
384370.9
384407.7
384579.7
384580.3
384609
384762.9
384828.8
384838.1
384856.5
384865.7
384985.1
384987
385013.3
385021.9
385048
385080.8
385103
385125.6
385144.8
385159.4
385167.1
385224.6
385251
385260.5
385266.9
385268.5
385289.1
385294.9
385305.1
385324.6
385331.3
385373.5
385403.4
385547.6
385575.2
385644.4
385660.3
385666.9
385683.6
385709.9
385775.4
385841.7
385854.1
385910.9
386061.3
386093.6
386104.5
386256
386270.6
386284.3
386323.2
386344.7
386356.3
386383.3
386451.1
386509.5
386510.7
386514.4
386541.3
386629.2
386631.4
386632.7
386694.2
386722.2
386731.8
386799.6
386896.7
386900.2
386907
386924.9
386949.9
386980.6
387060.5
387145.5
387184.1
387209.9
387229.3
387230
387262.6
387355
387384.4
387452.1
387507.9
387513.8
387534.8
387545
387553.7
387556.6
387598.2
387638.8
387736.9
387778.3
387797.2
387808.2
387879.1
387892
387943.6
388014.6
388030.9
388061.9
388065.7
388073.7
388093.7
388104.3
388210.4
388260.9
388271.2
388294.5
388298.6
388303.5
388353.9
388414.7
388506.4
388507.2
388528.8
388617.3
388724.8
388864.6
388886.4
388923.1
388958.5
389008.4
389009.1
389015.9
389061.9
389074
389232.9
389244.3
389290.6
389347.2
389417.6
389454.3
389484.7
389578.2
389664.7
389903.3
390049.6
390154
390248.3
390258.7
390299.8
390380.9
390390.6
390391.6
390421.2
390560.6
390603.9
390629.8
390665.1
390702.1
390707.6
390730.6
390745.8
390771.4
390824.1
390873.5
391088.7
391167.9
391283.8
391286.5
391294.1
391303.3
391400.7
391409.8
391439.8
391486.9
391646.5
391746.4
391791
391800.9
391881.1
391947.4
391959.8
391981.4
391996.4
392074.6
392166.8
392247.3
392308.6
392319.7
392325.3
392330.5
392399.9
392405.5
392412.2
392426.7
392435.8
392436.9
392441.3
392454.8
392514.8
392552.2
392579.9
392665.3
392724.4
392734.4
392735.8
392748.3
392756.5
392811.5
392818.9
392908.2
392912.9
393032.7
393195.6
393300.3
393313.3
393329.9
393380.3
393408.8
393431.4
393446.6
393535.9
393636.9
393673.2
393708.4
393792.5
393804.8
393814.4
393829.7
393850.8
393870.9
393920.8
393949.2
393957.9
393987.8
394073.9
394111.2
394129.7
394146.6
394148.1
394190.5
394201.2
394224.2
394259.5
394437.1
394532.9
394663.6
394664.5
394666
394708.2
394746.9
394804.9
394859.1
394960
395015.9
395032.7
395117.9
395118.4
395170.1
395234.1
395250.4
395272.1
395301.8
395373.3
395438.1
395470
395511.4
395604
395673.8
395773.5
395782.8
395791.6
395792.2
395837.8
395845.2
395904.6
395906.2
395947.2
395984
396028.6
396086
396115.2
396155.7
396161.1
396196.9
396199.9
396315.9
396320.4
396331.4
396513
396528.1
396587.3
396642.6
396718.6
397039.1
397120
397829.9
398720.7
399105.6
399249.2
399382.6
399484.8
399486.9
399717.2
399800.8
399811.9
399865.7
399866
400111.6
400150.2
400199.9
400203.4
400276.5
400282.2
400364.5
400436.3
400469.4
400498.9
400514.7
400533.8
400599.3
400600.5
400624.1
400656.9
400724.1
400727.7
400770.3
400771.3
400793.1
400838.8
400841.2
400948.7
400982
400997.2
401082.1
401152.4
401202.7
401292.9
401336.4
401343.7
401387.5
401391.5
401395.8
401647.3
401656.3
401659
401692.5
401723.6
401733.3
401736.1
401771.7
401814.3
401918.7
401938.3
401984.1
401989.3
402097.9
402126.4
402162.2
402208.3
402251.4
402382.6
402425.6
402509.5
402545.9
402546.4
402624.6
402802.4
402874.3
402881.2
402882
402887.4
403001.5
403005.4
403072.6
403147.5
403269.8
403317.8
403369.6
403598
403600.3
403601.6
403615.2
403676.1
403687.7
403753
403758.6
403759.2
403785
403811.7
403930.7
404072.1
404076.5
404089.2
404137.5
404298.3
404335.7
404374.8
404382.2
404435.6
404494.4
404532
404561.2
404561.5
404571.5
404574.4
404601.7
404630.1
404717.8
404771.1
404873
404910.2
404912.3
404946.8
405100
405167.3
405210.6
405280.5
405376.4
405405.3
405510.7
405558
405608.5
405672.8
405674.2
405718.1
405731
405741
405841
406042.8
406116
406244.3
406311.8
406340.3
406342.4
406403.8
406414.6
406452.9
406460.5
406493.4
406580.6
406622.9
406639.9
406739.8
406751.4
406773.9
406774.1
406785.4
406790.2
406805.6
406989.5
407111.8
407117.2
407125.5
407171
407193.4
407256.8
407282
407298.4
407301
407421.6
407426.5
407449.5
407450.3
407467.4
407477.3
407624.4
407687.3
407750.7
407777.2
407855.7
407909.7
408006.9
408059.3
408063.7
408077.8
408101.2
408128.1
408205
408244.7
408250.9
408288.7
408346.9
408352.1
408368.1
408368.6
408394.6
408407.6
408427.3
408433
408433.2
408541.1
408551.5
408741.2
408886.5
409054.3
409172.8
409177.6
409215.4
409223.9
409333.4
409341.9
409383.3
409405.8
409487
409505.6
409552.4
409578.3
409620.5
409629.5
409718.9
409753
409788.8
409808.9
409818.9
409840.6
409867.7
409958.1
409974.6
410016.2
410036.2
410103.9
410181.9
410219.7
410242.6
410282.2
410321.8
410324.7
410344.2
410379.7
410435.2
410552.3
410561.8
410567.1
410618.9
410670.4
410680.7
410694.1
410702.3
410717.4
410755.7
410831.1
410835.8
410873.8
410949.3
411016.3
411098.3
411171.3
411176.6
411266.1
411330.9
411332.9
411361.2
411379.7
411405.1
411460.6
411537
411549.4
411610.2
411625.3
411630.7
411677.8
411745.6
411750.4
411874.2
412088.3
412092
412235.3
412326
412355.7
412539.6
412540.7
412672.6
412786.4
412846.8
412862.4
412872.3
412983.1
413010
413078.7
413437.3
413480.7
413994.5
414103.3
414157.1
414251.4
414384.2
414552.4
414702.1
414804.5
414851.6
415274.2
415361
415363.6
415410.7
415439.4
415498.3
415516.9
415741.3
415796
415909
415983.8
416047.3
416132.2
416172.6
416239.8
416247.2
416294.3
416376.8
416400.1
416423.8
416686
416761.9
416839.4
416864.2
416868.1
416884.9
416901.4
416938.2
416939.9
416961.8
417034.7
417052.5
417126.2
417130.4
417228.1
417283.8
417294.5
417392.9
417491.7
417496.7
417516.3
417569.3
417595.9
417598.4
417607.5
417677.4
417691
417693.3
417716.5
417749.4
417847.7
418128.5
418142.6
418204.4
418467.9
418476.8
418515.4
418732.2
419389.8
419604.8
419931.5
420069.3
420070.8
420119.5
420606.7
420673.8
423029.1
423202.9
423310.5
423502.1
423569.3
423571.4
423631.6
423657
423657.6
423680.7
423699.1
423818.6
423853.4
423888.5
423908.5
423928.9
423937.3
423948.1
423957.5
423988.1
424014.7
424065.6
424083.5
424128.6
424161.4
424248.8
424249.2
424320.7
424328.4
424328.6
424384.6
424611.1
424669.3
424808.4
424809.5
424823.5
424922.5
425034.7
425163.1
427298.9
427350
427409.7
427572.5
430452.9
430936.9
431192.9
431243.1
431311.5
431673.5
431679.4
431898.8
432071
432179.9
432183.4
432549
432663.5
432701.5
432741.3
432955.8
433042.6
433052.5
433067.6
433343.7
433379.4
433472.4
433550.7
433605.2
433651.7
433705.6
433731.8
433818.1
433927.4
434060.6
434084.7
434287.5
434453.1
434478.1
434584.8
434619.5
434662.1
434670.3
435052
435094.9
435135.2
435334.4
435663.5
435672.7
436108.8
436123.7
436303.1
436392.6
436406
436485
436528.2
436556.7
436574.3
436673.3
436709.8
436871.1
436970.2
437123.5
437216.7
437283.2
437508.8
437533.6
437678
437779.2
437898.2
437932.5
437975.3
438061.6
438210.2
438282.4
438483.4
438683.1
438957.9
439070.6
439329.4
439366.6
439568.3
439675.6
439681.5
439884.3
439924.4
440307.9
440314.7
440555.8
441120.7
446166.9
446263.8
446506.7
446840.1
450848.8
450946.4
451036.4
451061.3
451116.8
451183.7
451235.9
451323
451340.1
451362.4
451380.8
451419.1
451480.9
451541
451556.3
451561.4
451586.5
451588.1
451600.7
451601.1
451618.2
451652.3
451691.5
451724.8
451829.7
451913.4
451930.5
451935
452101
452167.1
452188
452198.8
452206.4
452215.5
452218.6
452225.3
452291.9
452320.5
452346
452352.1
452381.9
452464
452465.3
452514.8
452531.8
452567.7
452605.4
452673.1
452743.6
452819.1
452864.1
453030.8
453045.4
453244.3
453377.5
453589.9
453599.8
453928.5
454115.2
460292.2
460971.7
461366.1
461371.1
461462.8
461475.8
461504.1
461708.4
462228.2
462350.2
463580.5
463705.8
463873.5
463890.6
463910
464014.4
464076.2
464264.8
468549.7
469419.2
469797.3
470641.8
471065.5
471545.5
471604.3
471747.4
471758
471815
472020.4
472120.6
472199.6
472202.1
472256.9
472315.8
472332.1
472364.1
472412.5
472485.2
472527.5
472588.2
472679.5
472692.1
472772
472839
472892.4
472984.9
473028.9
473033.6
473080.3
473109.4
473258.8
473273.2
473325.2
473390.6
473459.5
473509.5
473528.7
473598.7
473626.4
473640
473659.6
473723.8
473747.8
473752.1
473761.2
473773.9
473782.6
473786.7
473799.5
473885.1
473908.4
473992.9
474020
474037.7
474039.5
474054.1
474074.9
474107.8
474120.3
474124.6
474124.9
474214.3
474271.7
474397.4
474426.9
474433.9
474604.1
474666.3
474695
474741.3
474747
474812.7
474990.8
474996
475094.8
475132.4
475152.2
475220.3
475267.6
475272.2
475330.1
475426.5
475461.2
475543.5
475565
475581.5
475670.9
475701.8
475721.6
475913.8
475917.5
475992.7
476079.1
476176.6
476186.7
476246.1
476334.1
476361
476372.7
476389
476538.2
476667.5
476733.3
476769.6
476783.3
477011.5
477077.8
477108.6
477113.3
477239.2
477253.3
477289.6
477327.6
477422.9
477479.5
477562.5
477567.7
477625.2
477653.5
477663.1
477679.5
477785.5
477870.5
477923
477961.3
478220.8
478244.9
478287.3
478318.2
478417.2
478438.4
478470.3
478475.2
478480
478554.3
478577.1
478619.6
478667.1
478675.1
479000.3
479017.8
479156.4
479326.4
479564.2
479603.3
479903.1
480867.1
480914.3
481265
482307.9
482398.3
482562.7
482818.8
484554.6
484726.5
484824.9
485236.7
485263.4
485382.1
485512.2
485586.7
485603.9
485662
485693.3
485854.9
485898.8
486039.7
486074.9
486199.8
486334
486396.3
486494.6
486496
486507.3
486519.4
486553.7
486596.5
486737
486781.7
486836.3
486847.8
486940.6
486955.2
487080.7
487110
487141.9
487147.5
487152.1
487160.7
487208.4
487290.1
487316.5
487322.8
487361.1
487415.6
487417.2
487466.7
487496.8
487544.6
487562
487578.6
487579.6
487584.6
487605.4
487651.7
487725.8
487726.7
487727.3
487727.4
487758
487827.9
487828.2
487901.8
487935.7
487936.6
487948.7
487992
488048.6
488056.8
488189.5
488233.3
488291.7
488329.1
488331.3
488468.5
488556.8
488596.5
488622
488652.2
488680.7
488700
488717.2
488739.6
488827.6
488870.6
489194.6
489203.5
489217.8
489272.4
489294.5
489305.9
489625.8
489638.4
489761.9
489803.5
489839.8
489878.9
489883.1
489884.4
489954
490024.1
490108.3
490109.6
490134.4
490140.4
490185.3
490224.2
490227.3
490235.6
490250.9
490278.2
490291.7
490305.5
490332.9
490368.6
490411.5
490479.7
490493.8
490524.9
490533.2
490571.2
490582.2
490592.7
490670.9
490680.2
490699.1
490771.6
490783.4
490785.1
490826.3
490916.6
490973.7
491064.1
491260.3
491289
491351
491395.9
491410.1
491416.6
491502.1
491632.2
491733.9
491751.4
491777.2
491790.5
491879.1
491908
492015.9
492194.7
492313.9
492435.2
492435.5
492443.6
492541.7
492560.6
492635.2
492658.9
492685.1
492734.5
492816.4
492935.4
493044.9
493059
493065.2
493097.5
493190.2
493191.6
493211
493395
493431.7
493500.7
493732.6
493804.4
493845.9
493861.3
493928.4
493990.6
494207.6
494214.6
494233.4
494245.1
494268.6
494273.1
494337.3
494575.9
494584.7
494619.4
494672.3
494700.9
494733.6
494751.9
494768.3
494865.2
494962.9
494964.7
494986.6
495021.6
495027.8
495037.1
495074
495106.7
495153.7
495158.2
495321.2
495328.5
495333
495353.7
495360
495405.6
495454.9
495494.1
495526.3
495553
495561
495569
495570.8
495688.2
495705
495731.7
495786.1
495807.3
495852.1
495892.9
495919
495930.2
495933.9
495954.5
495959.7
495962.6
496022.6
496076
496112.9
496131.3
496193.3
496236.3
496239.8
496329.6
496391.7
496416.6
496420
496432.4
496490.2
496679.5
496686.7
496714.5
496717.1
496767.7
496786.4
496882.9
496905.5
496984.8
496993.3
497161.9
497200.2
497212
497318.2
497348
497361.4
497364.7
497387.1
497389.4
497393.8
497536.6
497576.6
497581.8
497603.2
497679.8
497719.3
497761.7
497801.2
497840.7
497910
497930.3
497934.5
497941.4
497957.9
497985.9
498123.9
498200.8
498302.4
498308.2
498327.5
498328.5
498339.3
498362.5
498364.5
498373.1
498385.2
498468.9
498499
498507.8
498574
498579.6
498626.9
498642.3
498694.3
498717.6
498756.6
498783.5
498881.7
498889.1
498923.7
498956.4
499009.4
499061.4
499061.9
499079.2
499107.4
499119.9
499127
499146.7
499207.3
499230.8
499255.9
499283.2
499323.5
499377
499430.6
499610.5
499625.5
499666.4
499767.8
499828.7
499935.9
499939.2
500041.3
500064.9
500089.4
500129.9
500158.5
500217.7
500221.9
500260.7
500339.8
500377.2
500400.5
500424
500497
500514.3
500524.4
500527.1
500625.8
500635.4
500654.4
500655.9
500669.8
500681.7
500685.4
500688.8
500829.8
500867
500925.5
500937.1
501045.1
501085.3
501092.5
501136
501178.3
501216.9
501247.2
501247.6
501262.2
501269.4
501276.7
501288.5
501337.9
501370.2
501413.8
501471.7
501558.6
501585.3
501693.1
501708.8
501710.1
501723.9
501730.4
501747.8
501807.9
501816.4
501881.4
501888.4
501951.8
501963.8
502009.6
502010.8
502062.3
502074.9
502127
502195.7
502209.4
502218.8
502237.7
502237.8
502267.8
502307.8
502345.2
502419.2
502517.5
502518.7
502523.4
502576.9
502585.9
502649.4
502691.9
502729.3
502732.9
502755.3
502773.6
502841.9
502854.6
503111.6
503154.3
503184.4
503200.7
503216.1
503232.7
503312.8
503341.9
503374.4
503423.5
503494.2
503513
503647.5
503818.7
503839.4
503861.3
503945.7
504027
504036.6
504064.8
504081.3
504146.7
504192.4
504290.2
504312.2
504401.8
504429.2
504438.1
504472.6
504496.5
504525.7
504580.4
504659.3
504659.4
504705.2
504716.9
504722.9
504766.7
504799.2
504831.7
504873.5
504880.7
504980.7
504996.8
505145.2
505162
505225.5
505245.7
505277.2
505324.9
505378.5
505389.9
505458.1
505494.4
505551.6
505649.1
505821.2
505841.2
505895.7
505978.7
505988.7
506000.7
506082.9
506160.4
506198.3
506364.7
506387.5
506414
506484.6
506517.6
506582.5
506620.2
506645.6
506715.6
506722.1
506761
506777.4
506793.6
506795.2
506856.8
506858.7
506868.9
506886.5
506975.1
507046.1
507050.8
507229.6
507235
507254.6
507358
507384.9
507398.9
507423.5
507428.3
507428.9
507472
507533.4
507586
507612.1
507705.3
507806.6
507839.8
507874.3
507917.6
507939
507951.7
507957.7
507990.7
508042.2
508045.8
508049.9
508184.3
508189
508214.4
508592.8
508600.2
508610.2
508775.9
508823.2
508878.2
508910.6
509212.5
509462.3
509754.4
509994.8
510024.4
510159
510180.5
510410.5
510657.9
510673.8
510841
510977
511038.9
511706.5
512562.7
512849.1
513097.7
513390.3
513537.2
513543.4
513655.3
513726.4
513754.5
513791.2
513843.6
513855.4
513899.9
514035.8
514157.2
514228.7
514242.4
514262.1
514605
514703
514828.6
514865.8
514961.6
515018.5
515111.6
515156.8
515231.6
515236.9
515250.5
515274.1
515323
515393.2
515406.3
515482.5
515588.4
515610.9
515692.6
515701.4
515712
515781.9
515884
515903.2
515913.9
515967
516010.4
516044.8
516064.1
516095.1
516102.3
516170.6
516241.2
516244.4
516263.5
516263.9
516321.6
516435.1
516506.8
516540.3
516562.7
516587.8
516618.1
516671.7
516742.9
516808
516847.2
516967.3
517022.4
527512.1
528033
528633.8
535523.7
535556.4
536091.9
536175.2
536286.1
536639
536651.5
536656
536656.3
536675.4
536690.2
536706.5
536950.2
536964.7
537007.1
537079.1
537511.4
537810.2
537961.6
538173.9
538175.2
538450.8
538660.6
538730.4
538738.6
538765.3
538826.8
538857.4
538894.2
539074.2
539134.4
539253.9
539257.9
539318
539320
539414.7
539426.6
539430.8
539477.4
539602.4
539691.7
539738.8
539796
539849.3
539905.2
539941.7
540028
540396.7
551432.4
551442.6
551614.4
551745.7
551773.2
551854.1
552040.7
552145.9
552185.4
552232
552347.7
552362.7
552408.2
552834.9
552970.9
553115.7
553557.6
553979.7
554104.9
554617.5
558954.2
559201.9
559522
559544.4
559838
560209.9
560328.1
560338.4
560360.1
560405.4
560467.6
560549.3
560556.8
560586.9
560674
560791.5
560792.4
560884.1
560947.6
561021
561079.1
561154.9
566273.3
566432.8
568106.9
568188.7
568307.3
568343.9
568599.5
568664.4
568759.1
568956.8
569042.7
569063.8
569310.1
569524.3
569568.2
569827.6
570464.1
570486.4
570614.2
570797.1
571008.9
576417.6
576489.3
576503
576546
576571.9
576595.2
576640.9
576727.1
576729.2
576865.9
577016.4
577089.6
577093.9
577148.1
577148.2
577159.3
577166.1
577382.4
580614.8
580747
580891.6
582102
582117.2
582181.5
582336.6
582627.3
582791.2
582808.6
582821.2
582834.1
583220.4
583336.8
583597.4
583953.9
583966.6
584411.1
584446.9
584534.1
584550.4
584556.9
584961.1
584961.9
585007.5
585115.8
585125.5
585128
585350.4
585383
585438.3
585525.6
585559.7
585604.7
585617.3
585687.8
585775.7
585792.2
585831.9
585832.9
585882.3
585953
585964.8
586151.8
586162.9
586198.2
586238.5
586291.3
586296.6
586316.8
586333
586428
586732.9
586841.1
589283.8
598246.8
