7416
7459.4
7628.4
12930.4
15173.9
20205.8
20234.4
20560.1
20624.7
20625.5
20679.7
20786
20858.3
24292.8
25068.9
26332.6
26735
26907.3
27638.6
28182.3
41561.6
49835.7
57081.6
57400.7
69765.4
69946.8
69996.2
70050.9
70136.1
70165.8
70195.3
70240.8
70250.5
70291.3
70307.3
70367.4
70462.8
78415.1
78467.7
78832.2
79045.3
79068
79106.6
79122.9
79189.5
79768.1
79879.4
80003.9
80032
80091.2
80124.8
80216.5
80239.2
80393.8
80459.2
80468.5
80492.3
80511.5
80515.3
80536.9
80599.9
80616
80630.2
80650.8
80748.4
80793.5
80809.6
80823.8
80863.9
80921.1
80955.4
80963.2
81019.9
81108.5
81149
81154.7
81209.7
81256.8
81268.5
81285.9
81290.7
81295.9
81410.2
81455.6
81503.5
81513.8
81626.7
81669.2
81702.9
81808.5
81809.6
81853
81906.3
81966.3
82608.2
82762.2
83068
83420.6
83601.7
83687.2
83709.9
83749
83792.8
83876.4
83913.3
83999.5
84019.8
84070.8
84085.6
84126.8
84169.8
84275.1
89015.8
89618.1
90116.5
90160.5
106805.9
107020.9
107651.9
109083.1
116337
116427.3
116486.2
116508.1
117507.9
117952.8
118025
118069.4
118102.8
118183.8
146715
147279
153658.6
155621.4
156203.9
162592.8
168375.4
168700.7
168810.1
168891.1
169037.4
169045.6
169143.2
169207.6
169387.2
169604.1
169797
174537.7
185534.4
185607.4
185680.4
186067.3
186069.4
186885.8
186941.2
186998
187047.9
187110
187123.2
187126
187137.1
187221.8
187267.7
187434.1
187440.3
187545.7
200580.3
211631.5
211785.7
211867.7
211869.3
212055.7
212068.9
212092.6
212320.7
218803
222419.9
222495.7
222509.2
222538.5
222666.4
222721
222753.3
222772.8
223231.4
223459.5
224909.7
225302.1
225374
225429.3
225504.8
225573.1
225622.6
225727
225774.7
225796.8
225867.9
229823.7
240240.4
258813.8
259141.9
259431.5
274995
277280.2
277440.5
287488.1
288178.2
288404
288922.6
290542.6
290566.9
290982.5
291013.2
291013.5
292192.5
292566.7
292666.8
293072.1
293143.8
293356.7
294274.3
294460.3
294703
295032.2
295134.8
295381.3
295402.5
295591.2
295696.3
295741.9
295908.1
295925.7
297750.1
298161.3
298228.7
298464.7
298494.3
298506.9
298648.4
298808
298852.4
298890.5
298962.2
299105.4
299187.3
300359.8
300419.5
323982.6
325133.8
325497.4
325589.2
325628
325662.5
332637.5
333527.6
333564.7
333647.6
333759.7
333879.1
336296.9
336522.2
336669.3
337280
337401
337648.1
337737.1
337825.7
337862.5
337865.2
337926.2
338104.2
338127.7
338512.7
349360.3
354535.9
365539.8
365666.4
365720.9
366145.5
366351
366719.3
367009.3
367054.1
367278.2
367456.8
367460.5
367679.6
369385.6
369944.4
370056.9
370871.8
370923.7
371624.5
371754.5
388991.2
423185.8
423218.7
423356.3
423467.4
423793.2
423841.2
424067.2
424182.1
424190.8
424696.7
424875.7
424975
425047.6
425058.9
425063.3
425078.1
425111.2
425131.9
425139.1
425182.9
425288.3
425333.2
425598.5
426805.4
426976.5
427078
427181.7
427250.2
427592.6
446944.6
447188.5
447299.6
447327.4
447430.2
447547.9
447681
447684.2
447703.8
447783.5
447827.4
454337
454341
454462.8
454509.8
454528.2
454531.9
454539.9
454542.4
454691.6
454793.7
454815.5
454838.7
454904.1
455868.1
455993.4
460086.1
460114.1
460117.8
460302.3
460326.8
460363.9
460429.5
460586.8
460749.8
460938.7
460954.2
461169.4
461551.2
461568.8
461646.3
461752.4
462208
462402.4
463851
463958.7
463989.2
464057
464084.1
464183.3
464204.8
513686.7
513699.8
514202.8
514394.8
514447.5
514460.9
514505.7
514584
514681.1
514763.9
514776.2
514783.1
514795.8
514826.3
514862
514865.8
515027
515247.5
515287.2
515309.5
515329.2
515394.6
515401.3
515431.3
515460.2
515463.2
515505.9
515563.7
515566.8
515702.8
515734.9
515767.8
515807.2
515807.4
515819.6
515829.4
515887.6
515916.4
515925.1
515982.8
515985.2
516027.1
516054.7
516059.9
516065.7
516141.8
516153.9
516192
516211.5
516286.6
516329.2
516358
516406.3
516423.8
516427.1
516457.7
516520.9
531372.2
535115.2
535234.1
535252.1
535362.1
535383.7
535413.2
535471.4
535502
535610.8
535670.3
535728.4
536032.9
536080.2
536105.1
536150.6
536278.8
536288.8
536322.5
536376.9
536404.9
536418.5
536446.6
536455.5
536562.8
536571.5
536620.5
536632.9
536680.4
536712.1
536816.5
536860.7
536868.3
536896.4
536909.8
536915
536949.3
537202.1
537594.4
537666.6
537711.4
537716.5
537736.2
537843.5
537906.1
537924
537973.1
538167.9
538221.3
538460.1
538504.9
538524.7
538573.6
539045.8
539105.4
539118.3
539151.8
539161.1
539213.5
539260.5
539339.9
539345.5
539437.7
539471.7
539630
539675.2
539706.7
540023.3
550380.8
567781.4
568355.5
569945.6
569982.5
570037.3
576230.5
576526.8
576563.7
576603.6
576609.2
576644.6
576706.8
576755.2
576815.3
576948.3
576982
577026.2
577224.8
577289.5
577297.6
577361
577363.1
577377.6
577418.6
577454.6
580423.7
580534.4
580636.4
580968.5
581722.1
585204.4
585506.7
585853.7
586221.8
586225.1
586404.7
586447.7
586450.9
586451.3
586529.3
586545.8
586570.9
586575.8
586587.4
586628.8
586706.6
586713.8
586809.4
586820.2
586860.1
586891.4
587000.8
587169.3
589266.8
589524.7
589772.7
590173.5
596584.8
596611.2
597299.7
