2943.6
3006.9
3055.1
3143.6
3363.5
3385.9
3610.4
3618.7
3661.6
3856.5
3962.9
4017.2
4044.8
4078
4122.4
8659.4
10169.7
10651.1
10875.1
10920.4
11148
12612.4
14872.2
14940.9
15452.1
21323.1
21359.7
21453.3
21459.2
21569.2
21572
21706.4
21762
21783
21820.9
21829.2
21908.2
22012.3
22079.9
22123.1
22228.8
22322.5
22364.4
22467.9
24241.4
24359.3
24392.5
24536.5
24696.7
25197.9
27492.5
27656.6
27970.7
28868.5
28916.6
29097.9
29178.9
29262.4
36518.9
36529.1
36609.1
36710.4
36750.1
36751.5
36829.6
36937.1
37087.4
37128.9
37283.1
37731.1
37913.3
38031.3
43180.5
43270.1
43294
43346.4
43439.7
43447.8
43796.1
44394.1
44542.6
44586.2
44600.9
44618.3
44737.4
44837.6
44866.7
44887.1
44906.7
44959.7
44962.4
45007.2
45009.5
45039.1
45131.7
45165.9
45180.9
45215.4
45260.7
45326.5
45400.3
48692.6
50480.1
50500
50558
50655.9
50673.7
50676.9
51360.1
51436.9
51492.4
51586.8
51622.9
53665.3
53905.7
54812.3
54853.3
54930.1
54934.9
55033.6
55079.3
55130.6
55493.1
56098.2
58245.2
59064.3
59114.4
59176.9
59207.1
59222.3
59230.2
59257.9
59297.6
59298.4
59320.1
59350.5
59451.4
59552.5
59558
59748
60671.2
61834.1
63345.4
63472.6
63699.2
64438.2
65925.7
69002.8
69276.4
76554.2
76571.6
76578.1
76642.6
76668.9
76786.2
76804.8
76957.5
77056.3
77063.7
77180.6
77433.9
77514.2
77518.2
77585.3
77606.1
80740.5
80973.8
81020.1
81249.5
81961.2
82010.6
82415.1
82415.5
82474.6
90849.8
90909.6
90915.1
90966.8
91002.3
91115.1
91137.3
92443.8
92545.4
92924.8
93037.9
94221.4
100796.3
103951.1
105721.4
105727
105851.4
105945.7
105957
106029.7
106049.8
106059.5
106061.8
106140
106164
106173.8
106190
106197.9
106218.5
106284.6
118653.5
118791
119132.5
119921.3
120235.9
120399.8
120414.3
120472.3
120563.6
120569.9
120737.7
120760.1
120855.7
121167.3
122202.4
124610.5
124677.3
124721.9
124862.3
124873.5
124900.4
124971.4
124992.7
125094.4
125165.5
125178.4
126863
127059.7
127200.2
127364.5
127414.3
127493
127512.6
127622
127768.5
131646.4
131679.5
131782.5
131797.2
131925.8
131977.4
131996.8
132024.9
132281
132297.2
132319.5
132338.5
132369.9
132394.2
132400.1
132402.2
132410.5
132444.5
132554.9
132568
132806.9
132876.5
132937
133034.4
133152.7
133342.7
133390.4
133399.7
133436.3
133644.9
133751.5
133755.1
133759.4
133768.8
133790.2
133817.4
133899
134355.4
134357.9
134726.5
134806.2
134856.1
134964
135021.5
135086.7
135399.9
135414.1
135507.2
135547.2
135880.5
135908.5
135920.7
135967.7
136155.1
136256
136423.3
136434.5
136473
136541.6
136619.4
136643.7
136691.4
136732.8
137093.7
137094.2
137138.6
137150.2
137740.1
137771.4
137894.4
137945.6
138011.5
138030.6
138069.9
138099.5
138140.5
138159.8
138182.5
138216.4
138353
138376.1
138443.2
138472
138847
138875.9
138912.1
138922.4
139200.7
139447.4
139454.4
139543.4
139592
139604.7
139788.3
140002.8
140138.8
140503.4
140936.7
142019
142546
143324.6
143660.8
157431.9
161155.3
164580.8
164693.2
164805.2
165014
165185.7
165291.5
165304.8
165353.5
165401
165410.2
165422.3
165510.1
165560.1
165580.5
165607
165684.2
165750.8
165794.2
165821.1
165870.2
165949.6
165957.9
166035.9
166038.7
166072
166106.1
166107.8
166153.8
166155.4
166163.9
166166.1
166201.8
166206.9
166498.9
166630.5
166689.1
166928.2
166993.6
167002.7
167017.5
168843.5
169342.9
169405.5
169458.1
169526.8
169535.5
169555.8
169640.6
171097.1
171754.2
171837.9
171891.9
172009.8
176112.6
176436.3
176447.3
176464.3
176491.8
176761.9
176777.8
176834.7
176871
176884.3
176987.8
177098.8
177115.6
177272.3
177317.5
179348.6
179367.6
179391.9
179416
179418.7
179551
179583.5
179707.2
179839.8
179851.2
180358.7
180397.9
180552.5
180570.9
180630.6
180691
180713
180771.4
180772.8
180868.6
180878.6
180925.2
180957.3
180963.6
181017.2
181118.3
181124.5
181136
181142.5
181190.4
181278.5
181705.7
181827.2
181884.1
181940.4
182140
182267.5
182323.1
182383.3
182429.2
182475.8
183466.7
183467.1
183648.3
187092.3
191545.3
191759.7
192160.9
192507.5
192541.4
195450.9
195548.2
195624.7
195636.5
195642.8
195648.8
195701
195710.8
195731.7
195772.3
195825.5
195923.8
196109.8
196923.1
205644.4
205688.4
205827.5
205858.9
205864
205872.8
205961.4
206136.2
206179.6
206393.1
206394.1
206419.3
206457.6
206501.4
206570.6
206802.2
206821
206897.6
206910
206925.1
206959.1
207001.2
207029.7
207075.6
207172.6
207329.3
207442.9
207567.3
207587.1
207605.5
207652
207654.1
207825.7
207855.8
207867.7
208082.9
208170.4
208240
208273.3
208331.6
208843.1
208934
208981.5
209316.8
209359
222253.4
222281.7
222316.2
222385.1
222398.6
222449.5
222638
224086.2
224093
224109.7
224203.5
224251.8
224414.6
224453.3
224456.7
224462.6
224569.2
224632.4
224882.4
224911.8
224974.6
225028.4
227092.5
229853.5
230076.8
231164.7
231313.8
231327.5
231388.7
231443.7
231466.5
234180.2
234227.7
234250.4
234253.3
234263
234301.9
234309.6
234334.8
234374.6
234419.9
234475.7
234478.6
234486.6
234517.2
234678.8
234759.6
234785.9
234832.3
234866.3
235001.2
235022.7
235488.9
236003
236060.5
236440.1
236464.2
236594.8
236657.8
236761.6
236858.9
236890.5
237009.9
237023.6
237036.3
237075.7
237108.5
237130.3
237261.9
237312
237355.9
237373
237392.2
237399.8
237508.9
237525.1
237574.9
237817.2
237872
237930.3
238006.5
238194.8
238203.6
238362.8
238408.2
238463.2
238480.9
238775
238804.3
244601.8
244665.3
244705
244832.3
245844.8
247063.2
247091.2
247109.1
247127.6
247166.8
247236.6
247261.6
247606.9
247801.5
247877.4
247881
247905.3
247936.3
248078.5
248084.6
248182.9
248227.6
248237.8
248246.3
248278.3
248285.5
248386.7
248486.2
248720.2
248787.3
249044.2
251623.4
257512
260462.7
260519.3
260699.7
260713.7
260849.1
260907.7
260969.8
260970.2
261048.4
261080
261139.9
261144.8
261274.6
261328.1
261381.8
261406.8
261467.9
261504.8
261509.4
261512.6
261564.7
261650.8
261701.4
261704.2
261813.8
261905.2
262000.4
262170.7
262254
262334
262417.7
262825.9
262839.8
262999.3
263003.4
263011.1
263016.5
263085
263127.8
263175.6
263199.7
263210.5
263320.5
270752.7
270880.2
270920.5
270925.8
271150.8
271213.6
271288.3
271289
271382.3
271400.2
271413.3
271424
271758.7
271791.6
271888.4
271893.3
271939.1
272052.7
272173.3
272192.2
272250.8
272280.5
272513.9
278446.1
278494.2
278551.5
278573.8
278583
278688.2
278809.6
278815.7
280528.8
280621.8
280645.3
280732.1
280764.1
280821.3
280934.2
281164.6
281208.1
281342.6
281394.9
281541.9
281577
281601.7
281621.1
281650.2
281681.7
281753.2
281788
281859.1
286827.1
297848.5
297905.2
297980.5
298030.9
298145
298148.5
298353.8
298397.9
298453.3
298485.8
298559.8
298610
298614.1
298640.9
298655.5
298716.1
298847.2
298852.4
298905.7
299997.4
300385.6
301276.8
303814.3
303906.3
303954.1
304051.8
304121.2
304162.9
304167.3
304175.2
304209.1
304268.3
304283.6
304313.4
304329.5
304356.4
304428.9
304460.1
304537.6
304754.9
304806.9
304807.5
304847.6
304893.9
304927.3
304953.4
305007.7
305191.2
305365.4
305384.3
305413
305482.6
305509.7
305665.6
305946.3
306043.4
306214
306236.6
306256.3
306262.2
309001.2
326808.7
326890.9
326929.2
326951
327101.8
327204.4
327236.1
327276
327287.3
327300.2
327363.5
327365.5
327376.2
327376.3
327419.5
327455.8
327469.5
327474.9
327497.5
327574.4
327599.4
327603.9
327615.8
327622.9
327669.6
327760.3
327766.3
328028.5
328047.2
328054.5
328060.6
328107.5
328113.7
328196.1
328199.5
328223
328280.3
328398.8
328418.9
328503.7
328523.4
328532.8
328602
328659.9
328693.9
328704.3
328728.6
328798
328876
328953.3
328957.8
328967.1
329052.6
329153.4
329501.6
329959.1
331120.3
338106.6
338125
338343.4
338425.5
338442.2
338488.6
338529.4
338537.7
338603.9
338644
338678.5
339308.7
339344.5
347568.7
347700
347717.8
347733.2
348528.9
348546.7
349533.5
349555.7
349735.2
349794.3
349794.6
349797
349885.5
350022.8
350030.8
350115.4
350135.2
350141.1
350176.3
350185
350217.4
350261.8
350321.3
350382.2
350392.7
351212.6
353000.5
356325.6
357565.5
357941.6
359222.3
361044.2
361584.1
362831.3
363096.2
363763.8
365530.6
365936.1
366064.6
372751.9
372824.6
373004.5
373009.6
373038.1
373207.2
373876
374029.6
374118.7
375651.1
375700
375747.4
375751.1
375758
375773.4
375808.7
375816.4
375867.7
375916.1
376251.7
376462
376510.5
376722
376839
376875
377361.9
377978.3
378125.5
378170.6
378517.6
378936.5
379428.1
379527.5
379529.1
379711.9
380083.2
380246.6
380597.9
380829.3
381265.4
382911
385039.8
385134
385228.6
391072
392586.5
393015.6
393998
395732.5
395784.4
396254.9
396284.2
396510.3
396849.6
397684.7
398133.5
398193.1
398209.3
398232.7
398301.2
398357.7
398473.2
398515
398546
398579.7
398639.2
398691.5
398733.1
398856.5
398888.7
398893.1
398921.7
399029
399053.1
399061.2
399548.6
401120.7
401510.4
402089.2
402325.7
402426.6
402434.6
402538.2
402549.5
402578.8
402694.2
403333.4
403600.1
403714.3
403850
403898.4
403900.7
404144.3
404294.5
404304.4
404316.1
404506.1
404545.4
404571.3
405081.1
413494.8
413500.3
413506.5
413574.1
413679.8
413722.1
413736.4
413754.5
413884.3
413916.3
413967.7
413980
414022.1
414025
414125.9
414221.5
414244
414311.6
414333.2
414336.7
414364.5
414389.4
414465.5
414534.2
414558.1
414580.1
414654.2
414821.3
414839.6
414920.9
414961
414993.2
414996.7
415022.8
415082.9
415188.5
415250.2
415262.8
415347
415369.4
415418.9
415472.5
415479.7
415634.5
416124
416870.3
417093.9
417216.9
417749.3
417885.9
418179.4
418338
418342.5
418360.5
418404
418467.3
418489.8
418517.5
418520.5
418582.1
418622.5
418728.3
418802.4
421188.8
421191.9
421393.3
422878.8
422906.1
422947.8
426953
427063.7
427107.4
427206.1
427235.3
427321.2
427516.5
427536.4
427538.6
427611.6
428208
428457.8
428525.7
428726.7
428741.1
428810.7
428845
428892.8
428988.6
429004.3
429132.3
429165.1
429249.6
429309.8
429427.7
429555.1
429560
429655.9
429674.2
429728.7
429752.9
430951.6
430986.7
430997.2
431039.6
431072.9
431090.1
431138.2
431177.8
431321.2
431340.5
431354.6
431433.5
431552.2
431562.9
431567.2
431601.5
431607
431622.3
431633
431748.9
431753.7
431845.2
431890.4
431950.2
431980.6
432007.5
432035.9
432134.5
432216.6
432547
432585.1
432611.2
432626.8
432642.9
432757.7
432797.1
432818.5
432824.2
432879.3
432884.7
432922
432938.1
432962.1
432964
432970.7
433051.5
433057.1
433086.2
433096.8
433130.9
433206.9
433221.4
433227.2
433230.5
433267.7
433268.9
433386
433413.8
433439
433465
433509.9
433517.8
433527.9
433591
433600.1
433795.2
433839.4
433886.3
433943.3
433965.3
433966.8
433971.3
433981.1
433989.7
434038.4
434063.2
434093.1
434300.1
434349.4
434384.5
434389.1
434391.5
434430.1
434464.4
434518.3
434694.1
434745.8
434812.1
434825.4
434999.4
435074.2
435079.9
435120.2
435232.1
435239.8
435254.8
435279.5
435319.2
435437
435457.5
435495.8
435499.7
435501.3
435639.1
435662.3
435711.9
435737.7
435865.1
435873
435874.4
435931.1
435933.8
435952.2
435956.4
435960.5
435987.8
436114.8
436244.6
436305
436320.4
436335.8
436356.8
436395.3
436418.5
436431.7
436436.6
436439.2
436536.3
436537.9
436606.7
436611.4
436740.8
436766.7
436789.8
436847.2
436879.1
436924
436958.1
436985.3
436987.8
437079
437092.6
437124.1
437177.1
437179.6
437192.1
437232.9
437249.7
437282.3
437314
437319.5
437328.5
437346.9
437371.5
437442.2
437457.3
437470.4
437472.9
437487.5
437503.8
437518
437532.5
437580
437584.8
437599
437756.6
437846
437884.1
437996.6
438033.9
438091.9
438174.8
438242.9
438332
438387.3
438469.6
438558.5
438592.7
438608.4
438610.1
438627.1
438718.1
438856
438896.1
438906.6
438907.3
438987
439029.9
439040.7
439141.9
439277.6
439280.1
439287.2
439383.5
439390.5
439506.1
439674.6
439679.1
439697.6
439718.6
439718.8
439720.2
439723.4
439734
439820.6
439842.5
439865.3
439916.5
439991.6
440040.8
440125.6
440197.9
440198.1
440254.1
440573.5
441032.6
441390.6
445409.3
445430.6
445673.9
445741.2
445834
456544.8
456706.6
456721.2
456749.5
456796.7
460132.1
460218.3
460332.1
460378.3
460507.7
464520.2
464596.5
464750.5
470426
470433.7
470613.9
470645.2
470684.3
470734.5
470791.1
470792.5
471082.4
471219.3
471259.1
471356.7
471443.2
471635.4
471674.9
471692.3
471740.7
471760.8
471771.3
471829.9
471834.2
471931.1
472006.5
472024.7
472202.7
472249.4
472258.9
472309
472367.1
472492
472731.3
473054.9
473692.8
474004.6
474217
474270.4
474339.6
474405.3
474464.3
474483.4
474593.3
474694.1
475489.5
475815.3
476108.7
477222.1
477342
477691
477847.8
478209.6
478285
478362.2
478533
478860.1
482861.9
484970.9
485018.8
485089.7
485091.6
485117.5
485178.9
485180.6
485205
485279.7
485287.8
485331.9
485483.2
485654.1
485724.4
485728.2
485730.5
485870.7
485954.5
486057.1
486550
487170.9
487387
487521.5
488307.7
488486
489046.3
489346.7
489847.3
491088.1
491254.1
491264.2
491452.5
491609.7
491628.1
491723.4
491833.4
492068.2
492182.9
492250.3
492382.1
492406.8
492445.6
492491.3
492586.5
492952.4
493259.5
493523.5
493953.5
494087.2
494222.4
494589.4
494754.2
497206
497296.7
497470.2
498606.2
498990.8
499243
499516.7
499818.2
500226.2
501264.1
501619.6
502214
502236.5
502466.7
502542.5
502829.8
503781.5
503805.6
504969.4
504987.3
505168.5
505444.4
505590.2
505655.8
505666.5
505743.5
506079.7
506080.8
506152.8
506257.5
507646.9
507887.6
507917.8
508017.2
508058.6
508142.5
508208
508501.7
508514.9
508549.3
508555.1
508629
508787.5
512104.2
512939.4
513345.6
516797
517023
517135.4
517166.6
517171
517176.3
517177.8
517184.1
517444.3
517456.7
519438
519962.6
520001.6
520184.3
520213.8
521107
521404.9
522224.3
522231.7
522283.6
523523.6
524004.3
524314
524426.5
524427.9
524428.5
524452.6
524549.8
524647.1
524659.9
524748.6
524833.3
524833.9
524960.4
525103.1
525138.3
525186.8
525274.8
525276.2
525356
525366.6
525383.2
525387.8
525417.5
525461.6
525481.1
525546.1
525704.6
525994.3
526444.4
526564
528176.8
529055.7
529119.4
529795.7
529934.8
530010.3
530092.8
530212.4
530361.4
535069.1
535098.8
535152.3
535183.4
535251.2
535260.7
535320.2
535356.1
535380.7
535532.5
535544.6
535657.4
535715.8
535862.7
535900.1
535960.2
536080
536107.4
536193.1
536199.2
536530.9
536833.8
547892.7
547980.1
566775.6
566859.5
567091.9
567126.3
567128.3
567313.9
567355.3
568056.8
568778.1
569243.2
569381.5
569596.4
569597.8
570426.6
570689.8
570760.7
570787.6
570853.9
571091.2
571106.4
571165.6
571227.3
571309.1
574311.9
574431.4
574527.5
574600.4
574751.3
574981.9
575416.5
576104.8
577967.7
578144.2
580172.3
580241
580374.1
580534.7
580623.3
586804
586832.8
586886.4
586889.4
586907.8
586909.4
586914.5
586957.7
587009.7
587038.8
587088.2
587165.7
587210.1
587425.6
587440.4
587708.4
587711.7
588365
589319.3
589533.5
589565
589580.3
589583.3
589588.4
589759.5
590746.9
591821.1
591843.2
591861.4
591957.3
592018.4
592163.9
592363.6
592426.3
592497.7
592509.7
592669.1
592686.7
592957.3
593006.9
593011.1
593034.1
593103.5
593133.6
593251.5
593393.7
593414.8
593418.9
593533.5
594405.2
594552.5
595453.7
595623.2
595625
595633.5
595653.6
595660.8
595689.7
595764.6
595887.2
595990
