4421.5
4493.2
4503.3
4504.2
4652.4
5944.8
6592
6594.7
6602.2
6637.6
6671.3
6715.7
6762.1
6871.6
8175.4
9110.9
9284.4
9736.9
10127.2
10177.4
10208.3
10482.1
10541.7
10562.6
10578.5
10722.1
10724.1
19460.2
21129
21141
21210.8
21226.2
21332.6
21376.8
22960.7
24093.3
24174.5
24197.3
24345.4
28430.1
28734.7
28907.6
28928.8
28963.7
28997.9
29116.1
29144.1
29167.4
29208.6
29262
29277
29303.6
29372.1
29379.1
29390.1
29396.2
29409.8
29545.2
29581.9
29638.3
29652.2
29657.9
29762.7
29808
29817.6
29869
29872.8
29939.5
29968.4
30020
30026.7
30080.4
30189.3
30195.9
30196.1
30215.4
30221.1
30239
30462.4
30488.3
30489.4
30790.5
30857.7
30959.3
42337.4
42432.7
42436.3
42444.1
42542.2
42552.5
42586.2
44188.7
44231.5
44236.4
44297.7
44353.8
44442.8
44450.2
44513.7
44637.5
44658
44662.8
44708.5
44838
44969.2
50576.8
50598.8
50829.6
50894
50940.2
51414.1
51570.8
55014
55077.3
56346.9
58089.8
58282.7
58348.8
58365.7
58456.1
59083.1
59174
59264.5
59272.9
59307.2
59386.8
59399.9
59432.2
59453.6
59455.6
59467.3
59488.4
59586.7
59591.6
59684.1
60199.3
60269.4
60447.3
61658.7
61838.4
61855.9
61864.6
61917.2
62086.7
62276.6
62333.4
63235.3
63463.4
63477.3
63497.8
63507.1
63561.4
63614.2
63705.1
63730.9
64162.1
69064.5
69072
69104.5
69206.7
69230.6
69299.4
75514
75599.7
75614.6
75739
75739.3
75846.9
75880.5
75960.7
75964.3
76069.3
80133.7
80668.5
80694.8
81023.2
81078.5
81124.8
81199.8
81242
81357.7
81383.1
81482.5
81546.2
83523.2
83611.1
83721.1
91046.2
91151
91334.1
94652.3
95040.5
95082.6
95781.7
96617.5
98340.9
98706.9
99169.8
103130.5
103389.2
103441.6
103640.3
103681.8
103741.1
103787.4
103829.8
103858.8
103861
103903.5
104056.7
104241.3
104318.3
104379.3
104381
104392.5
104433
105728.2
105868.4
105950.9
106065.1
111089.7
111224.9
111226
111262.3
111266.5
111282.5
111424.5
111426.6
111427.2
111516.2
111580.6
111640.1
111827.3
113640.5
114090.6
115517.9
115525.5
115532.7
115554.2
115594.7
120959.2
121021.2
121048.2
121056.8
121077.6
121406.5
121971.1
123830
127206.7
127456.8
127869.4
127892.6
127904.2
127938.9
127966.3
128224.7
128250.7
128389.9
130507.3
130785.4
131498.6
131531.9
133532.3
133702.3
133850.2
134139
134164.3
134221.8
134369.2
134373.2
134442.8
134517.8
134581.8
135474.9
138272.9
138566
139645.4
139669.7
139868.8
140582
140801.4
140898.8
140911.2
141120.5
141677.9
141798
141988.8
142040.5
142151.6
142179.3
142206.7
142248.7
142273.5
142356
142360.4
142383.1
142384.5
142400.7
142415.4
142428.2
142448.1
142455.3
142494.8
142559.1
142567.1
142660
142672.8
142771.9
142837.7
142894.3
142949.7
142977.1
142999.4
143025.5
143091.9
143095.3
143115.8
143135.5
143217.1
143254.4
143258
143317.2
143359
143359.2
143361.9
143379.7
143470.4
143510.5
143517.9
143627.2
143904.6
144447.5
144677.8
144686.3
145209.2
146500.8
146582.5
147318.2
147414.4
148106.1
148552
149020.5
149741.1
150972.3
151086.8
152023.8
152800.9
153790.5
153808.5
155358.3
156417.7
156544.3
157234
157489.8
158194.2
160375.9
160396
160568.9
160685
164691.2
164735.6
164878.1
165019.2
165047.9
165117.7
165172.3
165269.4
165321.5
165346.3
165534.5
165589.5
165642.6
165713
165744.9
165752.3
165945
166061
166064.2
166075.6
166086.9
166092.5
166096.7
166128.3
166134.6
166309.7
166314
166413.8
166446.6
166764.3
166950.7
166974.7
166989.7
169281.7
169344.8
172286.8
172307.1
172393.5
172396.1
172443.9
176526.9
176643.4
176727.8
176868.7
176900.2
177044.5
177057.4
177182.4
177310.1
177341.1
177352.6
177356.5
177447.7
177479.9
177497.7
177505
177589.7
177630.6
177838.1
178311.9
178461.5
178462.3
178563.7
178806.8
179488.6
179494.5
179495.8
179624.9
179681.2
179719.8
179772.3
179822
179834.4
179866.4
179892.6
179952.9
179978.5
180029.2
180114.8
180146.1
180150.3
180184.2
180287.8
180290.8
180299.4
180389.9
180400.4
180425.4
180582.1
180608.9
180667.1
180802.7
181748.8
183142.7
183166.5
183280.5
183409.3
187192.9
187194.3
187207.5
187229.6
187258.7
187291.7
187519.9
188026.1
191306.7
192576.2
192609.8
192641.8
192825
193877.6
195082.6
195139.2
195676.2
196054.7
196062
197105.8
197194.8
197516.3
197688
198001
198194.6
198422.7
198573.1
198793.2
198925.1
198940.8
199097.9
199121
199216.7
199238.6
199296.3
199415.5
205922.3
206133.2
206242.8
206474.5
206562.1
206617.9
206704
206706.2
206770.9
206986
206989.3
207001.1
207057.8
207101.7
207165.2
207222.1
207329.9
207337.6
209580.6
214815.2
215449.1
215521.9
215786.6
215946.4
215964.6
216919.5
217020.8
217069.6
217098.4
217159.2
217161.8
217183.1
217198.7
217671.9
217780.3
221359.3
222172.6
222512.8
224141.9
224291.5
224298.7
224451.2
224471.5
224592.6
229468.6
231245
231258.9
231266.2
231351.5
231361.6
231414
231444.9
232646.7
233406
233803.4
234194.9
234290.4
234886.5
235577.2
235676.5
235945.3
235999.8
236025.9
236138
236256.5
236327.3
236423.8
236431.8
236465.9
236523.7
237097.9
238145.6
238440.2
238843.2
238960.1
239012.8
239044.9
239171
239194.5
239209.7
239210.9
239334.4
239419.9
239500.8
239502.4
239613.7
241192.6
244289.9
244362
244373.6
244395.1
244443.8
244569.5
244683.8
244718.3
244873.2
244897.4
244914.4
244990.9
245022.1
245068.8
245082.7
245133.6
245404.8
245463.6
245585.6
245591.6
245629.5
245767.8
245835.2
246048.7
246049.1
246220.8
246450.8
246465.4
247248.9
247287.2
247369.4
247435.9
247494
247588.3
247607.1
247611.6
247626.4
247633.6
247789.9
247943.5
248285.5
248431.1
250705.9
250714.3
250721.5
250823.1
250861.7
251002.9
251036.4
251216.1
251354
251364.9
251394.5
251508.1
251515.7
251527.1
251695.5
251754.4
251872.8
251968.8
252081.6
252083.3
252108.8
252198
252217
252272.8
252476.6
252488.7
263670.3
263670.5
263674
263804.1
263808.6
263809.9
263864.4
263890.8
270555.7
270735
270853.6
271072.8
271164.2
271199.1
271200.8
271358.1
271437.5
271739.3
271802.4
271942.1
271947.5
271987
272016.1
272078.5
272081.3
272091.6
272107.3
272147.9
272206
272210.8
272222
272233.1
272265.1
272269.7
272379.4
272426.8
272450.3
272493.7
272503.6
272556.1
272562.2
272570.4
272687
278368.1
278458.8
278544.9
278734.9
278782.9
278826.2
279416.3
280762.4
280894
280943.6
280953.8
281009
281038.5
281075.9
281131.6
281239.1
281252.7
281253
281277.8
281317.6
281376.4
281380.6
281389.6
281390.4
281430.8
281436.1
281443.3
281484.4
281513.5
281542.3
281618.3
298282.5
298881.2
298904
298920.9
298926.6
299021.3
299072.1
300322.9
300350.9
300672.5
300707.1
300710.5
300948.9
301041.5
301070.6
301073.8
301080
301331.7
301361.1
301364.8
301406.3
301428
301444.1
301448
301534.8
301593.3
301593.7
301679.7
301775.1
301838.9
302041.9
304029.9
304948.3
304949.6
305054.4
305126
305431.4
305447.2
305637.4
305723.6
305738.6
305828.7
305847.7
305884.7
305946.9
306021.2
306260.1
306279.3
306852.5
308536.6
314544.4
320716.2
320816
320834.3
320875.8
320900.9
321030.8
321061.6
321167.5
321171.8
321231.6
321323.8
321375.8
321452.9
321453.9
321539.5
321660.2
321754.4
321792.9
321876.8
321885.9
321899.7
321980.1
322010.9
322114.2
322145.4
322239.2
322364.5
322527
322619.3
322670.2
322778.5
322787.8
322831.9
328978.4
330076.5
330170.1
330718.3
330966.2
337113.4
337843.9
337881.3
337894.9
337945.4
337962.2
337980
338027.2
339759.8
339799.4
340144.8
340240.2
340284.8
340771.8
340936.5
340977.8
340993.5
341057
341161.8
341172.6
341193.4
347853.3
349682.3
350265.9
350274.4
350346.8
350434.9
350444
350457
350484.1
350548
350606.9
350630
350686.2
350691.7
350725.9
350729.4
350861.6
351032.3
351087
351142.7
366828.6
373068.3
373207.4
373243.8
373247.1
373282.1
373300.9
373311.5
373358.9
373403.7
373445
373462
373527
374136.5
374187.9
374266.5
374310.4
374354
374363.6
374372.7
374456.1
374642.5
374745.4
374896.9
375075.5
375907.6
375916.6
375916.8
375980.4
376009.7
376016.7
376021.9
376040.3
376051.2
376120.8
376153
376176.8
376188.8
376216.2
376249.1
376289.7
376293.9
376313.9
376328.6
376346.7
376394.1
376413.6
376470.9
376514.3
376518.4
376536.5
376564
376568.1
376598.6
376660.6
376731.3
376742.4
376835.2
376866.2
376937.1
377119.8
377139.3
377158.6
377193.1
377199.3
377232.6
377253.8
377338.6
377440.8
377456.8
377516.4
377533.3
377556.8
377584.9
377613.6
377681.4
377708
377726.4
377727.1
377749.4
377765.9
377766.9
377769.9
377856.9
377865.8
377904
378034.2
378042.6
378095.5
378115.9
378121
378140.2
378241.6
378251.2
378258
378479.8
378500
378523.5
378538
378594.5
378632.7
378636.4
378827.7
378865.8
378949.4
378993.9
378997.7
379055.4
379064.4
379255.6
379272
379272.2
379320.8
379337
379379.1
379397.2
379424.9
379437.3
379500.5
379559.8
379576.7
379599.4
379630.3
379642.4
379702.4
379726.1
379760.5
379833
379853.7
379897.8
379936.2
379938.2
379973.7
380099.4
380202.8
380237.4
380260.9
380331.2
380451.4
380456
380473.4
380663.9
380730
380759.2
380766.3
380769.4
380850.5
380909.5
380988.8
381011.5
381183.5
381212
381263.3
381266.2
381327.4
381354.6
381388.8
381406.7
381407.3
381652.2
381664.6
381895.3
382071.9
382121.7
382144.8
382160
382204.7
382216.7
382221.3
382223.5
382225.5
382242.5
382262.8
382312.6
382339.7
382358.9
382423.3
382467.7
382479.2
382483.2
382582.3
382663.8
382713.8
382720.4
382803.5
382812.3
382819.5
382898.9
382924.1
382930.6
383026.7
383090.4
383140.5
383195.7
383250.8
383300.5
383323.7
383342.8
383382.9
383422.8
383454.7
383463.8
383538.3
383547.8
383566
383575
383577.5
383590.7
383604.7
383725.1
383759.9
383790.9
383805
383809.3
383818.5
383825.8
383863.4
383882.3
383912.6
383929.1
383956.6
384039.2
384084.1
384225.2
384282.8
384289.2
384473
384563.5
384566.2
384590.6
384605.9
384659.5
384731.4
384763.8
384879.5
384907.3
385047.6
385088.8
385162.6
385226.5
385315.3
385391.8
385483.5
385494.4
385497.6
385503.7
385563.6
385608.3
385626.2
385658.6
385689.5
385746.1
385824.6
386090.6
386310.6
386311.3
386397.2
386457.3
386510.2
386615.1
386640.9
386780.3
386916.7
387112.6
387281.4
387616.4
387645.6
387838.4
388020.7
388311.3
388445.1
388514.2
388850.3
389058.3
389161.4
389204.4
389264.2
389326
389368.9
389427.7
389461.8
389629.2
389716
390650.9
391157.4
392044
392068.5
392104.7
392249.3
392305.7
392470.7
392489.7
392526.2
392566.2
392727.1
392733.6
392743.4
392746.7
392790.9
392797.9
392830.8
392905.9
392938
392989.5
393095.9
393098.1
393107.4
393128.8
393197.7
393209.5
393250.1
393363
393465.8
393526.6
393538.5
393618
393660.6
393706.7
393707.3
393742
393742.1
393750
393865.9
393867.6
393872.5
393969.4
394005.9
394024.9
394160.1
394216.9
394223
394227.5
394275.1
394362.8
394384.4
394402.7
394407.7
394488.6
394595.1
394841.9
394874.4
394925.5
394994.8
394996.2
395030
395091.9
395141.1
395384.2
395424.8
395462
395471.8
395472
395478.1
395587
395590.8
395613.9
395618.2
395775.4
395906.8
395916.4
395992.1
396005.7
396111
396324.5
399750.9
399751.2
399866.1
399967.6
400303.8
400379.4
400379.6
400403.7
400450.7
400470.4
400512.6
400540.4
400609.4
400781.9
400799.1
400829.7
400876.2
400885.1
400888.1
400979.9
401028.4
401071.7
401076.9
401137.4
401173.7
401237.7
401337.5
401363.4
401380.9
401428.1
401475.2
401476.8
401477.5
401627.4
401673.4
401676.4
401702.1
401708.4
401778.9
401850.7
402068.6
402124.4
402178.7
402392.7
402509.1
402617.3
402803.8
402968.7
403081.9
403598.5
403698
403883.8
403971.1
404029.3
404521.6
404542.8
404618.1
404712.9
404716.5
404744.5
404781.5
404920.4
404921.2
404949.6
405207.2
405220.6
405223.6
405345.3
405350.4
405439.2
405460.7
405513.5
405548.2
405581.4
405583.8
405592.6
405609.1
405681.7
405734.1
405760
405823.8
405877.3
406492.1
406583.4
406710.6
406803.5
406826.2
406978.7
407163.9
407220.1
407383.6
407489.4
407504.2
407544.4
407565.8
407727.2
408021.7
408039.1
408613.2
408722.9
408748.3
408763.2
408882
409033.2
409081.1
409094.9
409794.4
409800.8
409827.2
409925.6
410053.7
410075.2
410124.7
410177.9
410292.7
410317
410379.2
410514
410517.6
410563.4
410755.6
411004
411027.9
411093.7
411351.4
414603.7
415160.6
415236.7
415341.4
415474.8
415571.8
415576.8
415760.9
415768.6
415823.5
415829.5
415926.9
415983.8
416080.3
416213.5
416382.3
416385.8
416540.4
416577
416613.9
416726.5
416728.6
416761.9
416778.4
416919.2
416969
417234.8
417288.9
417345.9
417393.4
417453
417703.9
417713.4
417837.5
417849.7
417866.8
417891.2
417965.3
418017.3
418066.2
418142.6
420993.3
421212.3
421265.9
421299.9
423865.2
425212.6
425214.9
425218.1
425345.2
425378.5
426659.1
427427.7
428601.9
428781.8
428817.5
428833.3
428846.7
428851.8
428942.3
429063.8
429110.9
429114.5
429121.9
429143.1
429150.6
429192.9
429234.3
429275.6
429310.7
429340.8
429342
429361.2
429435.2
429440
429446.9
429556.7
429644.7
429697
429715.5
432118.2
432225.5
432230.2
432623.5
432748.4
433269.6
433520.1
434005.8
434578.6
435276.6
436276.3
436514
437081.8
437127.3
437716
438306.4
438443.5
439229.8
439494.3
441728.9
442094.9
442174.4
443295.8
445165.7
445176.5
445285.8
445293.3
445340.5
445344.7
445525.7
445584.4
445728.8
445860.3
452820.5
453067
453183
453192.7
457242.6
460297.8
460393.9
460398.4
464874
464934.1
465095.8
465185.2
465203.8
465446.1
465461
471219
472644
472722.3
472843.2
473098.3
473171.7
473229.1
473277.9
473500.3
473533.3
473552.2
473579.5
473745.8
473748.2
473822.3
473873.7
474091.7
474145.7
474150.2
474167.3
474239
474287.4
474430.2
474441.7
474536.7
474570.5
474613.3
474664.9
474685.7
474826
474996.2
474999.4
475063.9
475131.4
475193.5
475311.4
475644
475662.9
475728.2
475839
476130.9
476190.5
476230.4
476267.3
476293.3
476308.2
476350.2
476360.3
476401.4
476439.9
476503.2
476833.5
476886.6
476916
477103.1
477162.9
477180.5
477236
477286.2
477300.6
477334.1
477661.9
477757.5
477805.8
477897.9
477975.4
478085
478098.3
478174.6
478332.3
478481.2
478534.4
478570.8
478614.6
478690.3
484273.8
485939.7
485994.7
486036.1
486039.2
486110.3
486213.7
486270.9
486283.4
486523.4
486529.2
486599.8
486616.9
486617.2
486637.3
486735.4
486754.5
486837.3
486897.1
486954.7
487013.5
487031.3
487106.4
487107.2
487288.2
487292.3
487431.4
487431.6
487435.3
487628.5
487708.9
487807.4
487810.7
487838.6
487870.2
487883
487979.9
488006.4
488049.4
488055.3
488114.2
488167.8
488180.1
488253.8
488257.1
488284.5
488424
488541.8
488590.8
488660.4
488673.8
488687.9
488713.3
488747.2
488811.6
488861.1
488913.1
488935.8
489004.6
489171.9
489196.6
489204.2
489230.1
489239.2
489246.9
489259.1
489477.1
489612.2
489678.3
489700.6
489741.7
489783.6
489803.5
489889
489918.4
489947.1
489998.3
490046.6
490049
490075.1
490174.4
490187.7
490277.7
490412.8
490491
490514.7
490569.5
490766.7
490779.8
490808.1
490909.8
490933.3
491001.7
491006.8
491008.6
491140.1
491155
491157.2
491197.4
491230.3
491235.7
491277.8
491290.5
491308.7
491351.8
491417.4
491468.3
491532.3
491555
491562.7
491603.8
491627.9
491641.5
491647.7
491664.8
491720.7
491728.2
491750.1
491751.7
491777.1
491860.5
491882.7
491928.8
491948.6
491952.7
491955.8
491980.5
492024.2
492042.8
492056
492173.7
492183.4
492238.2
492362.1
492411.4
492414.8
492430.9
492565
492634
492635.1
492675.7
492681.7
492688.2
492731.4
492845
492854.2
492906.8
492923.5
493018.4
493072.3
493147.4
493207.6
493275.4
493289.8
493404.8
493417.6
493442.7
493684.1
493713.3
493742.7
493768.4
493838.1
493840.9
493878.3
493878.5
493940.7
494020.7
494056.5
494110.4
494140.9
494158.6
494212.4
494244.3
494272.4
494328.4
494383.7
494513.1
494523.8
494597.5
494674.4
494810.5
494840.8
494873.2
494890.8
494916.2
495035.8
495042.9
495078
495106.1
495140.8
495222.2
495273.3
495337.4
495366.9
495408.3
495454.6
495490.6
495498.5
495612.4
495671.2
495709.6
495758
495771.8
495795
495841.2
495847.7
495872.1
495880.2
496006.4
496051.8
496106
496117.8
496137.4
496157.2
496194.9
496218.3
496249.7
496283.4
496284.1
496379.9
496453.8
496462.4
496675.8
496745.9
496915.4
496953.1
496954.9
496961
497021.6
497094.7
497203.1
497216
497230.4
497232
497247.1
497259.2
497400.7
497422.3
497434.7
497503.9
497519.7
497575.2
497590.7
497605.3
497606
497760.3
497813.5
497850.3
497920.6
497932.1
497977.2
497984.4
497987.5
498184.9
498315.2
498370.9
498401.7
498409.7
498454.2
498471.6
498511.4
498516.6
498536.7
498547.5
498548
498683.2
498852.5
498875.2
498881.4
498889.7
498911.7
499027.4
499057.6
499067.8
499137.8
499207.3
499260.9
499281.9
499287.7
499378.5
499413
499584.1
499695.1
499698.7
499758.9
499767.4
499856.4
499889
499911.2
499912.7
499919.7
499975.8
500028.3
500083.5
500089.2
500158.5
500201.6
500344.2
500384.2
500438.2
500495.9
500541
500604.1
500630.4
500721.2
500758.6
500791.3
500879.7
500909.1
500925.3
500987.7
501021.4
501035.2
501040.6
501119.7
501127.2
501204.5
501241.7
501274
501293.1
501396.5
501409
501426.3
501479.5
501540.4
501597.2
501664
501692.8
501707.4
501756.6
501817.7
501830.9
501858
501862.9
501881.5
501884.3
501898.8
501901.7
502024.4
502105.1
502198.2
502237.7
502380.2
502420
502453.2
502517.7
502632.3
502680.5
502682.8
502752.1
502788.5
502836.9
502853.5
502870.1
502926.3
502983.9
503075.2
503093.2
503105
503116.2
503136.7
503177.3
503199.5
503204
503252.3
503411.8
503434.3
503442.5
503445.5
503469.2
503521.1
503525.3
503640.3
503765.1
503869
503891.9
503993.2
503996.1
504004.5
504086.1
504176.1
504187.1
504232.4
504239.8
504331.5
504341.6
504346.2
504355.3
504356.6
504379.5
504417.2
504455.1
504527.4
504541.1
504664
504784.4
504821.5
504829.6
504856.1
504921.8
505029.6
505113.6
505114.3
505117.9
505153.4
505189.4
505239.4
505359.5
505418.2
505878.2
505960.8
506028.6
506152.3
506174.2
506175.5
506207.9
506209.9
506344.3
506359.4
506390
506404.9
506419.4
506487.5
506494.9
506525.8
506526.8
506556.2
506556.7
506593.4
506676.6
506682.5
506746.1
506767.8
506823.3
506866.5
506938.9
506943.8
506989.7
507041.2
507302.2
507348.4
507653.3
507712.7
507825.3
507886.8
507950.2
507952.2
507990.7
508098.3
512040.3
514783.4
515408.5
515849.8
516071
516120.2
516217
516543.4
517267
517273.4
517320.1
517337
517430
517511.3
517649.5
517699.7
517760.7
517797.5
517798.5
517838.6
517933.3
517944.7
517944.9
518133.4
518353.9
518636.3
525478.3
525505.9
525586.4
525607.7
525694.6
525748.3
525892.7
525914
526008.9
526091.6
526135
526215.2
526217.7
526225.3
526237.2
526252.2
526279.3
526299.9
526361.2
526390.3
526424.8
526429.4
526445.9
526462.2
526465
526489.8
526598.8
526630.9
526908.7
526917.9
526948.6
526952.4
527072
528927.1
529590.3
529623
529836.7
529881.2
530033.8
530059.9
530082.9
530128.1
530136
530137.9
530186.2
530341
535113.9
535423.2
535459.1
535701.7
535992.2
536079.4
536107
536112.1
536190.2
536251.1
536297.5
536306.8
536307.9
536344.2
536359.5
536362
536408.8
536511.6
536550.4
536566.3
536566.7
536595.1
536602.8
536657.2
536671.3
536771.9
536773.4
536834.4
539234.5
539372.4
539385.5
539558
541143.7
541210.4
541219
541247.3
541250.3
541322.6
541364.6
541378
541391
541582.3
541689.6
541708.6
541921.5
542181.2
542261.9
542268.3
542296.3
542516.2
547517.3
547704.7
547815.5
551236.6
551331.4
551355.1
551450.3
551478.6
551501.6
551535.8
551654.5
560257.7
560307.1
560441.7
560563.6
560607.7
565891
566900.1
567044.4
567143.7
567283.9
567319.5
575545.6
575795
576775.6
576940.3
576968.4
577233.9
577322.3
577377
577433.5
586641.3
586644
586716.9
593046.9
593204.8
595433.5
595527.6
595666.2
595741.5
595762.7
595891.7
596030.4
596047.6
596134.7
596180
