2187.7
2338.8
2347.9
2529.1
4875.4
4888.1
5042.2
5065.9
5078.4
5144.6
5168.8
11733
11821.7
11944.2
13311.6
13720.3
13796.2
13896
13984.2
13993.5
14078.7
14082.8
14162.6
14200
14231.7
14276.5
14290.4
14291.2
14335.6
14346.4
14352.5
14474.8
14610.2
14625.9
14761.6
14901.6
14957.7
15011.3
15011.4
15043.4
15049.9
15076.9
15241.4
15249.6
15335.3
15360.6
15400.3
15480.1
15516.4
15584.3
15594.3
15654.8
16691.7
16837.2
16977.1
17045.2
17069.6
19875.8
19888.3
19973.2
20149
20150.7
20152.8
20203.6
20255.1
21538.3
22155.9
24052.1
24094.2
24179.9
24190.8
24225.9
24289
24424.2
24426.7
24484
24608.4
24644.6
24678.1
24836.6
24878.1
24967.6
25185.3
25185.7
25244.8
25438.2
25442.8
26392.1
26607
26632.8
26942.1
27455.4
27986.8
28027.3
28145.2
28177.7
28241.3
28323.2
28382.7
28435.8
28437.2
28447
28492.2
28547.1
28625.2
28710.2
28715.1
28938.3
28950.6
29048.5
29071.2
29598.8
29767.2
29843.3
35671.3
35728.1
35746.2
35836.6
35849.3
35854.8
35878.4
40273.2
42839.7
43123.6
43160.1
43169.4
43219.8
43228.3
43267.8
50614.7
50646.4
55044.9
55078.6
55231.6
55248.4
56198.7
58130
58185.8
58600.3
58914.3
59026
59145.6
59196.5
59213.1
59271.7
60268.6
60271.4
62117.9
65768.5
67296.6
67941.9
67968
68239.7
68499.2
69120.7
71708.1
71928.6
71972.9
71981.7
72014
72121.3
72123.4
72217.7
72390.6
72412.4
73003.4
73042.5
74685.8
78404.6
79475.7
84263.5
84399.6
84512.7
84651.9
84720.5
84759.4
84778.1
85225.2
87923.7
89428.4
89462.8
89501
89515.1
89594.2
89622.7
89780.2
90140.7
91065.1
91103.9
91122.7
91124.4
91250.3
97997.9
104130.1
104486.6
105974.6
106315
107233.8
107457.5
107463.7
107465.4
107582.7
107623.7
107657.3
107718.1
107796.8
107956.4
108388.9
110067.7
110218.5
111779.4
112046.1
112414.9
112450.3
112450.7
112547.4
112578.3
112583.9
112585.4
112753.2
112771.5
112810
112839.3
112840.2
112886.6
112933.5
112944
120244.7
120349.8
120511.3
120594
120633.9
120663.5
120717.3
120767.8
120768.5
120784
120793.9
120798.3
120814.7
120880.5
120994
121077
121079.7
121131.8
121219.2
121919.2
122793.9
123886.4
124588.8
124639.2
124697
124721.5
124748.9
124815.8
125005.7
125104.4
131248.4
131646
131668.4
131691.7
131782.6
131822.8
131838.3
131873.3
131921.6
131941.5
131948.1
132048.8
132080.7
132440.3
132536.7
132556
132752.3
132754.2
132776
132789.5
132821.6
132830.7
132863.1
132925.3
132958.2
132966
132977
133141.3
133207.2
133292.2
133347.9
133539.6
133581.1
133585
134437.3
134622.8
134768.9
135005.3
135717.9
137326.7
138833.5
162160.1
164877.7
164989.2
165312.1
165331.1
165515.4
165550.6
165814.5
165978.9
166199.5
166472.9
166802.2
168397.5
168767.3
168944.3
168950.4
168952.5
169041.6
169048.4
169081.6
173443.5
173460.1
173610.3
173651.4
175061.4
175765.4
175785.9
175982.3
176012.8
176014.3
176037.1
176046.8
176047.9
176067.6
176108.7
176256.6
176295.6
176349.8
176355
176374
176386
176413.3
176471
176511.3
176529
176546.1
176575.1
176576.9
176621.4
176718.9
176754.7
176766.3
176769.2
176859.7
176946.2
176986.7
176988.1
177063.9
177250.8
177310.4
177399.4
177403.5
177429.7
177451.5
185287.4
185316.2
185438.4
185465.9
185473.5
185521.9
185525.1
185531.8
185533.1
185582.1
185704.4
185719.4
186380.9
186586.1
186896.3
186953.6
189765
190372.6
192418.1
192454.2
192515
192582
192587.7
192685.2
192734.4
192772.8
192875.4
193082.2
194703.6
195486.8
195663.4
195713.8
195819.9
195958.1
196154.5
196164
196294.5
198509
205915.4
206028.8
206187.5
206345.1
206383.1
206591.8
206615.5
207805.9
208972.6
209046.6
211694
212094.6
212198.4
212280.9
212325.5
212367.4
212400.2
212415.8
212442.2
212492
212556.2
214039.7
218213.9
218273.7
218274.5
218292.6
218354
218466.8
218588
218890.1
218931
219006.9
219194.8
220447
220502.4
220835.4
222552.4
223863.5
223873.8
224003
224049
224094
224132.8
224237
224290.7
224336.6
224437.6
224472.5
224589.1
224712.7
224837.7
225850.3
229886.5
230025.5
230365.6
231251.2
231405.3
231418.3
231458.5
231479
234133.7
234253.9
234283.7
234333.7
234352
234456.1
234456.9
234472
234477.9
234504.4
234542.1
234608.6
234637.7
234651.1
234673.7
234764.3
234797.6
234814.9
234821.9
234859.1
235013.4
235016.7
235052.4
235134.9
235289.2
235469.1
235526.3
235715.2
236128.4
236349.6
236407.3
236513.5
236553.8
236677.1
236739.9
236805.8
236885.2
236886.3
236905.9
236914.2
237111.4
237150.9
237163.2
237205.7
237510.2
237572
237608.6
237610.7
237634.1
237647.7
237675.6
237737.2
237796.8
237817.7
237842.7
237875.2
237923.1
237971.5
237976.8
238016
238058.7
238104.4
238129.1
238133.4
238217.3
238251.3
238262.1
238299.7
238300.3
238317.2
238322.2
238372.2
238417.2
238439.6
238516.6
238575.7
238626.8
238714.3
238747.7
238796.5
238832.4
238884.1
238944.9
241854.4
241882.4
241935.4
241999.2
242023.4
242668.5
243539.2
246890
247031.9
247175.2
247205.2
247924.8
247944.1
248142.3
250831.7
250990
250999.9
251094.8
251161.8
251353.7
251534.8
251574.9
251577.1
251661.8
251675
251682.8
251758.5
251814.1
251817
251881.7
252072
259776.8
259779.7
259894.8
264780
264821.9
264842.9
264870.3
264920.5
265010.4
265019.6
265032.6
265083
265090.9
265113.6
265137.9
265147.7
265206.8
265241.6
265280.3
265322.4
265381.4
265468.7
265536.3
265568.5
265632.7
265667.3
265679.9
265711
265745.9
265831.7
265847.1
265860
265883.4
265947.5
265948.4
265986.5
266012.5
266106.5
266134.2
266214.2
266222.3
266243.4
266321
266322.5
266453.4
266519.2
266612.4
266788.2
266791
266793.6
266822.7
266862.8
266877.6
266945.2
267024.1
267034.8
267040.2
267162.4
267275
267357.8
267473.8
267579.8
267706.1
269735.9
270694.2
270919.6
271004.5
271072.7
271110.5
271261.8
271301.1
271318.7
271750.9
271782.9
271983.6
271991.1
272089.8
272104.5
272137
272221.2
272328.1
272392.5
272405.9
272473.6
272483.6
272495.2
272523.1
272646.8
272817.7
272822.2
286884.4
288186
288329.1
288343.6
288377.6
288418.4
288435.9
288450.6
288488.7
288612.6
288615.7
288627.7
288629.1
288639.6
288877.6
288984.9
289012.7
289033.4
289105.3
289149.6
289172.6
289195.3
289210.1
289294
289352.9
289368.3
289431
289463.7
289536.8
289540.3
289789.7
289857.7
289860.8
289877.3
289892.1
290237.7
290340.9
290348.1
290371.5
290419.8
290543.8
290593.8
290597.3
290637.2
290679.3
290679.4
290712
290743.5
290780.2
290783.7
290856.2
290910.5
290967.5
290968.1
291071.1
291083.2
291088
291330.4
291386.7
291392.8
291528.6
291558
291672.5
291872.5
291882.7
291971.5
292014.7
292023.2
292128.9
292180.5
292259.7
292306
292395.8
292429.4
292486.3
292521.8
292655.7
292868.4
293154.5
293373.1
293392.2
293486.3
293715.1
293720.9
293740.8
293764
293905.5
293909.8
293979.2
294009.8
294021.5
294149.3
294671.7
295218.6
295234.6
295253.3
295268
295305.2
295340.3
295827.6
295995.7
296075.4
298501.8
299758.7
300105.9
300162.2
300214.3
300334.5
300341.7
300345
300353.6
300376.6
300378.1
300505.3
300515.7
300577.6
300612.6
300687.5
300714.6
300724.8
300767.6
300806.6
300838
300867.3
301002.1
301034.1
301106.4
301126.4
301229.8
301299.1
303897.6
304036.5
304174
304352.7
306152.6
306212.3
306358.8
310953.3
311731.1
311735.6
311853.3
311857
311864.2
311890.2
311915.5
312025.7
312083.3
312122.7
313319.7
313357.6
313433
313644
314267.9
316063.4
316077.4
316289.6
316302.4
316402.2
316465.1
316512.2
316682.8
316721
316791.4
317353.9
317757.7
318139
318306.9
318472.5
318863.8
319167.6
319181.8
319264
319475.9
319649.5
319715.2
319831.1
319938.5
320132.5
323148.6
323379.4
323404.5
323411
323471.1
323558.4
323606.6
323647.7
323648.7
323747.6
323749.6
323853.4
323916.1
323916.7
324007.6
324086.7
324104.5
324199.2
324238.1
324309
324336.2
324402.4
324771.7
325003.6
326921.6
326957.5
326970.1
327033.8
327080
327119.9
327235.4
327589.2
327886.5
328331.3
328370.8
329354.9
331249.8
331866.2
336143.6
336165.9
336285.9
336444.4
336449.4
338156.5
338237.2
338279.4
338293.3
338779.8
341573.9
344218.8
344259.9
345143.1
345292.1
345564
345568.5
345591.5
345700.8
345805
345870.8
345916.4
345920.2
345965.6
345984
346000.6
346014.5
346126.9
346132.2
346350.5
346419.4
346436
346488.8
346548.7
349463.4
349497.8
349560.2
349590.5
349614.7
349692.8
349720.5
349727.6
349735.3
349760.4
349800.7
349890.2
349909.8
349980.1
350115.2
350122.4
350131.7
350168.7
350212.3
350219.9
350221.8
350282.7
350341.9
350384.3
350385.2
350475.4
350534.2
350539.1
350557.9
350582.7
350640.2
350740.5
350891.4
354647.5
354884.1
354892.3
354903.7
354904.1
354912.2
355007.9
355061.4
355107
367230.1
367341.8
367507.4
367528.3
367820
367903.3
367961.5
368002.6
368050.6
368054.7
368120.2
368121.2
368164.9
368209.2
368286.7
368304.6
368420.4
368422.5
368448.2
368567.1
368587.9
368697.6
368772.2
368847.3
368872.9
368963.4
368984.9
368989.6
369002.3
369086
369217.9
369284.9
369434.5
369640.1
370175.3
370213.1
370225
370342.8
370347.3
370359.8
370455.7
370642
373016.1
373076.6
373221.4
373573.2
375623.9
375691
375792.7
375909.7
376041.3
378644.8
378824.1
379681.1
379914
380893.7
390315.1
390702.1
391461.9
392102.7
392114.8
396796.9
398178.9
398453.5
398596.4
398672.7
398694.5
398760.3
398841.4
398960.3
398964.6
398995.2
399001.2
399026.3
399050
399105.5
399236.9
399256.2
399263.7
399276.8
399285.5
399318.2
399327.3
399345.3
399431.6
399577.2
399793.5
413065.7
413240.3
413281.4
413308.3
413414.8
413475.7
413502.9
413531.4
413554.2
413565.3
413576.4
413673.3
413706
413713.5
413749.7
413813.2
413816.9
413933.3
413966.9
413968.7
414011
414079.7
414136.2
414258.9
414349.7
414379.1
414429.5
414512.5
414521.6
414522.5
414528.6
414659.5
414744.3
414764.3
414796.9
414798.7
414817.2
414869.4
414913.3
414941.2
414944.9
414968.5
414979.9
414987.4
415082.3
415144.7
415270.1
415390.9
415455
415498.9
415547.6
415840
415960.1
416034.9
416127.7
416190
416636.2
417085.1
417767.4
417955.6
418073.1
418093.7
418202.9
418224.5
418251.5
418304.5
418317.4
418375.5
418453.8
420236.7
420855.5
420897.5
420909.6
420913.8
420942.5
420961
420963.7
421106.7
421142.1
421186.1
422576.2
422635
422749.8
422796.4
422840.2
422895
422908.6
422947.3
422986
422990.9
423051.8
423299.4
425610
426028.3
426616.4
426718.9
426723.2
426886
426912.7
427056.4
427079.5
427179.4
427327.3
427506
427799.3
428654.1
428819.1
428842.6
428867
428899.6
429032.5
429155.9
429372.9
429391.1
429426.1
429494.8
429536.9
429754.2
429780.3
429810.6
429824.5
429866.9
429912.9
429934.1
430993.2
430997
431308.9
431474.4
431507.9
431528.3
431563.6
431578.6
431669.5
431779
431815.9
431830.6
431880.5
431895
431929.2
431934.5
431966.5
431981.9
431986.5
432012.7
432036.1
432075.2
432153.2
432160.7
432206.7
432229.6
432273.8
432310.7
432340
432346
432415.3
432429.4
432542.7
432547.9
432599.6
432626.7
432630.5
432670.3
432696.3
432709
432718
432747.9
432748.5
433190.3
433214
433228.4
433312.7
433341.6
433436.6
433462.2
433576.8
433596.5
433627.7
433787
433793.3
433824.6
433861.1
434036
434058.6
434216.6
434225.2
434431.6
434490
434497.6
434518.8
434523.2
434549.1
434675.5
434702.3
434722.2
434724.6
434850.1
434957.1
434977.2
435042.4
435045.8
435139.8
435164.4
435235.9
435279.2
435310
435346.9
435455.7
435542.6
435696.3
435730.5
435799.9
435877
435900.6
435904.8
436049.9
436104.3
436115.7
436209.3
436263.4
436299.5
436356.6
436447.8
436622.1
436629.3
436651
436774.1
436904.5
436954
437003.2
437292
437401.2
437405.7
437455.2
437482.8
437599.6
437601.5
437620.6
437628.7
437657
437685.2
437846
437859.4
437950.1
437969.3
438006.2
438245
438351.9
438951.4
438963.2
439672.6
439746.7
439922.1
440399.8
440536.6
440862.6
445040.6
445077.8
445112
445228.6
445240.7
445276.1
445387.6
445453.3
445483.2
445486
445583
445654.4
445699.4
445705.3
445734.4
445857.8
445891.7
449159
449366.6
450836.1
450972.5
454564.4
454823.8
454842.2
454867.7
455007.7
455032.3
455115.9
455477.9
455486
455563.5
455600.1
455737.4
455754.3
455802.3
457906.6
457942
457980.8
457981.2
458229.3
458390.8
458453.3
458518.5
458579.9
458588
458610
458620.8
458631.1
458632.6
460003.5
461288.6
461490.4
461650.3
461753.5
461889.3
461915.7
461950.9
462028.3
462032.8
462039.9
462047.5
462079.4
462135
462136.2
462201.3
462240.9
462249.4
462252.6
462273.2
462351.3
462364.5
462431.7
462444.8
464199.3
464431.4
464454.3
464489.7
464492.6
464517.4
464520.5
464534.8
464589.7
464715.7
464724.2
464778
464783.7
464800.4
464849
464927.2
464958
465171
465237.5
465240.7
465278.9
470794.7
471035.7
471657.7
471698.8
471731.8
471863.9
471966.8
472291.5
472296.5
472427.1
472430.4
472519.4
472610.7
472635.9
472716.9
472921.9
473328.9
473555.3
484842.8
484936.1
485051.9
485091.9
485127.9
485134.5
485181.5
485197.4
485231.5
485287.9
485436.4
485475.1
485482.4
485627.2
485677.7
485711.7
485794.3
485883.5
485987.1
486182.6
486445.1
486729.2
488340
489234.5
489872.1
490017.4
491250.6
492370.7
492460.1
493930.5
496599.6
497833.8
498415.9
500124.7
501189.8
502170.2
502804.7
503387.3
504012.2
504361
504986.2
506642.7
507495
510989.1
511676.3
511885.4
511978.2
512797.5
512896.5
512968.6
513075
513244.6
513796.2
517210.5
517317.8
517355.1
517402
517500
517502.8
517557.6
517592.5
517673.4
527980.8
528770.2
528894.2
528970.2
529129.9
529257.6
529842.9
530061.7
532982.1
533031.4
533107.7
533154.5
533891.9
535011.3
536244.3
538194.7
538220.3
538348.5
538633.5
538868.2
538875.7
538930.3
538994.9
540064.5
540090.3
540099.6
540105.1
540229.7
540324.8
540651.2
540897.6
541003.4
541065.9
541105.7
541163.6
541186.4
541191.1
541225
547812.7
547821.3
547866.4
547887.1
547909.2
547924.3
547925.9
547950.2
548056.7
548068.8
548107.5
548137.4
548263.3
548280.7
550465.8
550516.6
550539.6
550549.3
550550.5
550585.4
550611.5
550621.9
550669.9
550726.5
550790.9
550804
552846.6
553022
553090.4
553107.4
553460.5
553486.1
553542.2
553578.9
553616.3
553670.3
553676.8
553745.5
553799.1
553827.8
553876.5
553887.6
553983
554003
554015.1
554064.9
554070.5
554124.9
554155.5
554170.4
554178.3
554192.6
554297.6
554301.9
554335.5
554364.9
554367.6
554407.9
554410.4
554430.4
554474.8
554707.4
554760.4
554785.8
554813.2
554817.7
554819.1
554852.7
554865.3
554910.6
554934.3
555033.5
555049.3
555070.1
555076.5
555141.6
555196
555330.2
555520.5
555549.6
555678.6
555724.7
555834.3
556132.3
556265.6
556330.8
556337.2
556418.4
556460.7
556467
556552.6
556636.2
556672.3
556767
556792
556863.9
556892.1
557041.9
557046.3
557127.7
557405.2
557491.6
557634.1
557637.8
557674.4
557702
557708.3
557735
557745.6
557796.3
557900.9
558032.7
558113.1
558257.3
561151.5
561341.3
561471.1
561474.9
561494.7
561502.4
561519.7
561614.7
561618.2
561619.4
561625.6
564804
564889.1
564938.4
564949.5
564979.3
565133.5
565296.9
565297.3
565309.9
565376.5
565616.1
565632.9
565824.9
565886.7
565893.5
565941.6
566016.6
566028.5
566332.2
566757.9
567021.2
567086.1
568234.5
568498.1
568593.1
568827.1
569052.3
569086.6
569219.1
569229.6
569289.5
569340.8
569341.7
569558.6
569644.2
569749.5
569928.6
569967.1
570447.6
571044.7
571073.2
571109.9
571165.6
575868.3
576007.1
576036.9
576052.7
576112.3
579832.7
579937.9
579984.3
580024.8
580063
580120.2
580179.2
580207.3
581189.6
581565
581850.7
581865.3
581882
581942.8
581969.2
581969.7
581984.9
582005.4
582039.7
582170
582186.1
582193.7
582310
582345
582431.8
582483.7
582498.6
582519.6
587238.2
587761.8
595130.2
595219.5
595227.8
595280.6
595418.5
595452.3
595457.4
595555.4
595681.1
597200.5
597227.6
597320.7
597335.1
597345.8
597360
597384.8
597415.5
597486.4
597526
597578.1
597585.2
597595.7
597603.5
597743.5
597783.9
597821.4
597868
597880.3
598011.3
598063.4
598148.5
598240.3
598323.4
598359.9
598434.7
598632.3
598687.8
598744.2
598794.2
598802.6
598852.4
598861.7
598890.9
598912.5
598939.6
598953.5
598955
598995.4
598999
599100.9
599141
599160.6
599169.3
599207.2
599342.9
599509.9
599648.6
599720
599765.4
599845.4
599892.5
599939.7
599941.2
599942.1
