13708.3
15173.1
15334.3
15713.5
23400.1
23676.6
23693.7
23747.8
23768.8
23791.2
23855
23873.8
23887.7
23888
23965.9
24038.6
24181.8
24203.5
24241.8
24387.4
24388.4
24440.6
24508.8
24676.5
24702.2
24865.6
24874
24882.9
24900.4
24922.7
24939.2
24963.5
24979.1
25045.2
25086.2
25107.7
25294.5
25327.9
25369.8
25437.5
25460.6
25479.1
25502.4
25646.6
25678.6
25679.6
25721
25765.8
25801.7
25802.4
25812.9
25862
25862.5
25866.9
25921
25971.7
26014.5
26235.5
26280.8
26311.8
26323.4
26372.2
26381.4
26410.3
26412.5
26427.5
26453.7
26508.2
26541.4
26557.3
26558.5
26607.3
26616.9
26644
26656.2
26750.5
26761.4
26789.9
26804.7
26858.5
26931.5
26933.9
26937.1
26954.3
26959.2
26988
27023.3
27040.8
27086
27117.9
27124.5
27147.6
27158.4
27179.6
27265.9
27335.5
27393.5
27469
27486
27607.8
27666.9
27697
27732.9
27744.5
27780.7
27833.9
27874.2
27892.9
27895.8
27958.3
28083.9
28108.5
28129.7
28135.3
28172.2
28181.4
28236.4
28286.2
28382.5
28436.4
28509.1
28713.5
28830.8
28947.8
28984.1
29072.5
29143.8
29185
29241.4
29373.4
29576
29608.5
29877.8
34251.4
40335.1
45252.4
50488.6
50662.5
50757.7
50849.1
50874.9
51279.3
58180.6
59310.5
59456.2
59561.9
59658.3
59761.8
59781.7
59845.1
59916.4
60060.6
60125
60136.5
60204.4
60277.7
60320.4
60921.2
61585.7
61887.2
62109.6
62262.1
62376.4
62588.8
66061
66121.3
66202.4
66288.4
66680.3
66774.5
66831.2
66910.8
66998.6
67484.9
67707.9
67856.2
67914.8
81076.5
90167.5
90635.5
90939.1
90944.6
91053.4
91128
91264.7
93293.3
93447.2
93754.1
93796.8
94592.2
94961.5
95041.9
95082.9
95601
95608.9
95615.8
95620.6
95748.5
95782
96054.5
96118.7
96411.8
96478.1
96663.9
96946.4
97080.5
97130
97391
98028.3
98034.9
98207.3
98208.5
98241.3
98276.3
98739.3
98766
98781.5
98797.3
98880.1
98920.4
98948.5
98971.9
99126.6
99394.4
99427.7
99758.6
99896.3
99925.1
100265.4
100306.7
100476.1
100608.2
101217.5
101348.1
101349.2
101719.7
101768.8
101888.2
102037.4
102229
102809.3
103162.6
103610.7
103665.4
103766.2
103872.7
103990.2
104000.9
104148.2
104195.2
104206.1
104322.6
105905.9
106084.2
106262.8
106462.7
106543.8
106885
126980
161878.5
161899.5
161982
162016.1
162019
162330.8
162383
162455.7
162501.3
162518.8
162649
162715.8
162769.5
162814.2
162856.5
162938.8
163246.2
163594.3
164012.6
164435.2
164628
166359.9
167283
168168.7
169025.8
174000.2
174193.5
174404.8
174595.5
174676.4
174726.2
174790.3
174841.1
174861.7
174931.1
174980.9
175006.4
175018.5
175038.4
175076.7
175102.6
175128.3
175133
175139.5
175372.2
175390.5
175409.1
175488.4
175586.2
175590.3
175591
175604.8
175625.1
175661.1
175695.2
175730.9
175808.9
175880.4
175912.6
175926.3
175987.4
176039.3
176054.9
176132.9
176138.3
176160.8
176163.2
176199.9
176223.7
176274.3
176307.4
176314.5
176345.3
176366.7
176387.5
176450.9
176454.6
176660.6
176701
176714.7
176825.1
176866.5
176916.6
176937.4
176952.4
176957.5
177162.9
177200.3
177431.1
177458.8
177578.8
177772.4
178359.8
178766.3
178851
179204.9
183336
183369.3
183379.6
183848.4
187797.3
188160.6
188322.7
188537.8
188563.3
192067.2
193212.3
194402.2
194789.8
194811.7
194845.2
194967.4
222485.3
222799.5
222839.9
222854.2
223107.3
223157.9
223241.8
223258.4
223320.7
223414.5
223449.1
223487.7
223509.7
223566.5
223581.9
223663.1
223707
223715.2
223720.1
223742.8
223784
223808.1
223816.6
223959
223970.5
223992.7
224056.9
224083.8
224114.1
224120.5
224454.7
224554.7
224601.2
224772.4
224779.6
225020.3
225271.5
232505.4
244634.1
244917.6
249971.5
250324.5
250726.2
250727.2
250771.6
250910.6
250990.5
251079
251282.5
251335.4
251444.7
251471.5
251482.6
251527.8
251557.4
251603
251662.5
251677
251706.4
251740.4
251893
251933.6
251946
251946.8
251950.8
251968.6
252050.8
252168.5
252487.4
258299.4
258677.5
258750.2
259414.8
270606.9
272224.5
272279.5
278637.5
278654.4
278687.9
278758.4
278862
279036.2
279064.7
279265.4
279298.8
279345.3
286909.6
286980.9
287051.2
287576.3
287692.9
294855.7
298885.1
299010
299227.7
299272.7
299331
299334.5
299356
299489
299509.9
299513
299550.5
299617.7
299644
299654.6
299677.6
299793.7
299841.9
299902.8
299902.9
299912
299922.5
300006.6
300059.5
300060.2
300138.1
300161.7
300163
300402.1
300409.1
300472
300565.4
300570.5
300655.2
300732.5
300763.7
300892.2
300923.1
300940
301157
301175.2
301364.5
301534.3
301650
301735.6
301797.6
301866.1
301985.9
302012.8
302055.5
302152.2
302604.8
302709.2
303033.1
303082.5
303122.5
330511.8
331214.1
331514.3
331565.3
331659.7
332039.1
336353.7
336381.3
336703.8
336759.7
337024
337227.8
337286.2
337319.4
337362.4
337363.6
337419
337491.7
337551.2
337608.4
337659.5
337699
337879.2
337944.6
348239.6
348338.6
348552.6
348753.6
348771.3
348777
348858.1
349001.2
349015.4
349051.2
349137.4
349174.2
349262.4
349280.9
349281.7
349286.8
349318.9
349322
349366.2
349372.5
349459
349592.4
350038.9
350108
350230.4
350259.3
350294.3
350331.7
350372.7
350377
350379.1
350545.9
350546.7
350561.1
350774.6
351013.5
351370.8
372614.3
373030.4
373168.4
373173.6
373213.3
373373.5
373543.3
373826.4
374345.7
421265.2
421405.2
421411.4
421499.2
421536.7
421581.9
421612.1
421638.7
421718.4
421762.8
421767.4
421820.1
421874.1
421891.8
421898.1
421915.5
421922.2
421932
421934.7
421965.1
421976.5
422007.5
422132.5
422199.2
422221.3
422221.5
422231.8
422249.9
422297.7
422314.6
422318.7
422364.7
422368.2
422372.5
422398.4
422429.2
422465.6
422559.2
422566.3
422583.6
422600.7
422628.9
422692.1
422772.8
422775.4
422787.6
422943.6
422945.8
422968.4
422987.1
423016.1
423036.5
423099.4
423128.7
423169.3
423182.3
423357.8
423437.7
423580.7
423784.6
423853.6
424168.3
424699.8
424718.6
425040.9
425918.7
425999.9
427646.1
427689.4
427813.8
428616.5
428668.6
428876.1
429744.4
442735.7
442918.7
443150.8
443436.1
443762.6
444028.4
444118.8
445610.8
463733.4
464395.3
464524.1
464619.4
464629.1
464633.8
464783.3
464831.6
464837.1
464846.1
464946.3
464958
464994.6
464997.4
465118.3
465156.4
465162.6
465197.7
465229.1
465326.6
465450.8
465504.7
465590.7
465595.8
466249.4
466630.5
466698.2
466835.9
467181.8
467680.8
467782.4
512074.3
512090.4
512094.5
512137.7
512417.6
512467
512520.3
512575.5
512644.8
512651.2
512654.8
512805.5
512820.9
512864.5
512889.2
512892.2
512955.2
512955.4
512961.3
513015.7
513028.5
513109.2
513112.5
513140.5
513174.9
513210.4
513421.4
513432.4
513478.2
513535.1
513535.7
513550.8
513617.7
513723.4
513747.9
513905.2
513924.6
513964.8
514068
514234.2
514313.2
514391.2
514419.2
514540.2
514565
514584.1
514612.5
514899.2
514944.1
515124.8
515235.7
515237.9
515644.5
515744.4
516130.9
516313.5
516637.1
516782.3
516999.3
517013.2
517164.2
517189.5
517189.6
517222.9
517272
517303.1
517319.5
517321
517461
517472.3
517565.1
517762.4
518037.5
518154.1
518513.6
519205.6
522081.7
523782.2
524307.1
525534.2
525869.5
529420.7
529549
529767.8
530167
530881.3
539618
539622.2
539654.2
539716.4
539720.1
539795.4
539940.3
539954.9
539960.3
539976.3
540110.6
540136.3
540138.6
540150
540262.9
540270.8
540356.1
540366.1
540373.1
540394.6
540420.5
540495.9
540499
540560.8
540567.3
540582.4
540590.9
540614.5
540619.1
540648.5
540700.1
540719.8
540806.8
540815.2
540832
540872
540905.7
541049.8
541121.7
541165.1
541311.1
541546
541569.3
541582.6
542212.8
547419
547540.4
547714.8
547735.7
547750.8
547767.2
547774.7
547802.6
547903
548054.5
548159.8
548171.3
548176
548178
548203.7
548280.7
548298.9
548300.9
548341.9
548406.3
548463.8
548476.3
548558.1
548564.5
548573.1
548905.2
548937.9
549012.2
565762.2
567278.8
567307
567467.6
567573
567601.6
567662.2
567769.4
567798.8
567821.3
567837.9
567841
567878.5
567982.2
567986.7
567987.2
567992.1
568089.7
568116.8
568147.4
568229.1
568260.8
568267.3
568348.7
568349.6
568427.5
568640.4
568674.8
568682.3
568737.9
568780.3
568859.6
569102.9
569134.2
569161.3
569292.4
569309.2
569382
569386.3
569469.7
569537.6
569650.6
569665.5
569715.5
569719.2
569750.8
569756.8
569766.5
569791.9
569797.5
569941.6
569997
570022.6
570031.1
570044.5
570091.1
570105.6
570113.2
570152
570152.7
570191.5
570223.1
570254.7
570264.4
570285.5
570303.8
570319.1
570451.8
570491.9
570528.6
570530.2
570631
570710.7
570947.1
570986.3
570988
571052.9
571180.7
571318.6
574905.5
575502
575657.4
575777.4
575788.8
575806.1
575926.3
576048.2
576105.6
576109.9
576181.4
576280.3
576285.9
576483
576953.4
577094
577139.9
577155.8
577420.3
577488.6
577519.1
577637.3
577726.2
577761.6
577845.2
577961.1
584114.9
585862.8
585958.4
585979.6
586139
586241.9
586244.8
586287.8
586396.3
587247.3
590776.5
590861.5
591085.4
591095.1
591137.5
591159.1
591163.7
591286.4
591311.6
594978.7
595096.8
595123.7
595746.5
595917.8
595991.4
