1082.4
1267.1
1316.8
1401.2
1435.4
1613.9
6986.7
7089.2
7158.5
7164.7
7291.8
7306.5
7342.1
7352.6
7457.2
7531.7
7574.7
7687.4
18698.1
19415.1
19803
19841.6
19927
19995.6
20105.9
20133.3
20204.6
20397.7
20404.2
20444.5
20479.5
20508.9
20614.7
23444.3
23798.5
23948.6
23995.7
24039.1
24152.9
24195.6
24346.3
24394
24465.7
24523
24580.9
24775.2
24878.9
24880.2
24954.9
25001
25087
25132
25168.6
25213.6
25322.9
25442.5
25465.7
25927.4
26250.5
27022.1
27873
28019.1
28025.8
28040.4
28308.5
28400.8
28540.5
28551.1
28555.9
28577.7
28680.4
28720.9
28774
28781.8
28869.4
28884.2
28906.7
28924
28965.5
29004.4
29066.7
29071.3
29103.4
29117.9
29202.4
29208.2
29301.8
29303.2
29389.7
29390
29443.1
29498.5
29517
29558.9
29577.6
29586.2
29735.5
29749.3
29840
30044.6
30048.4
30048.6
30072.2
30107.3
30158.3
30208.1
30255.8
30322.4
30336.1
30368.7
30385.8
30392.3
30544.4
30553.2
30809.6
30845.4
30917.1
31023.5
31065.4
31105.4
31250.8
31603.1
31609.4
31834.8
31934.4
32163.6
32175.5
33599.9
33789.7
34205.2
34635.7
34809.7
34860.4
45860.9
47451.3
47693.2
47768.5
47838.6
47938.6
48305.7
48399.7
48411.3
48417.4
48500.4
48560.9
48596.3
48647.1
48667
48919.9
49598.4
49602.9
50018.3
50154.4
50388.8
50441.5
50443.9
50527.3
50539.9
50601.4
50619.2
50811.4
50815.5
50828.3
50852.6
59965.3
60050
60091.4
60102.2
60244.9
60311.6
60438.3
60456.2
60489.7
60498.1
60519.3
60544
60598.5
60626.5
60683.6
60718.3
60721.3
60825.6
60835.6
60874.1
60896.9
61113.9
61383.3
61422.7
61504.8
61615.2
61676.6
61773.7
61809.5
61902.7
61963.3
62000.6
62020.5
62035.7
62042.6
62053.3
62060.6
62088.1
62110.6
62132
62157.3
62176.1
62204.2
62229
62287.8
62304.5
62420.1
62426.3
62432.3
62515.2
62626
62865.4
63083.7
70416.7
70744.2
70780.7
70791.4
70845.9
70951.5
70997.5
71041.9
71047.8
71160.9
71166.1
71227.9
71281.7
71327.9
71335.2
71381.2
71412.6
71439.6
71465.3
71528.4
71681.4
71752.5
71770.8
71855.8
72082
72242.4
72283.7
72474.4
72589.2
73333.4
90716.1
90769.2
90922.4
90974.5
90979.3
91040.7
91052.4
91087.3
91092.4
91152.8
91188.4
91221
91284.7
91335.3
91354.6
91476.8
91554
91763.2
93433.2
93463.5
93669.5
93909.2
94002
94476.7
94742.8
94878.5
95450.5
95469.8
95540.1
95638.6
95648.8
95745
95764.7
95921.1
96275.2
96467.8
96589.4
96708.3
96864.4
96886.3
97053.4
97569
97572.5
97618.6
97756
97850.3
97976.9
97997.2
98002.2
98042.9
98102
98255.5
98334.4
98474.7
98486.8
98500.3
98511.7
98561.7
98724.3
99341
100331.4
100534.4
100550.5
100746.7
100782.5
101381.8
101525.5
101607.6
101719.7
101856.2
101958.2
102084.9
102591
102800.1
102838.5
102914.6
102937.9
103241.5
103475
103516.8
103544.4
103545.6
103608.9
103629.7
103680.9
103695.8
103734.4
103748.7
103867.8
103996.7
104087.4
104110.8
104116.6
104119.4
104144.1
104171.7
104239.7
104288.9
104368.8
104413.3
104443.1
104484.4
104495.6
104719.4
104751.6
104832.1
105307.7
105527.2
105660.1
105683.8
105798.9
105815.5
105861.3
105875.1
105896.7
105918.2
106030.5
106045.2
106082.8
106119.4
106146.9
106196.9
106241.6
106292.1
106294.4
106434.3
115635.2
115697.2
115889.7
115957
115962.7
116123.9
116142.6
116188.4
116255.5
116267.2
116275.1
116298.6
116338.8
116370.3
116371
116383.1
116392.3
116406.3
116415.8
116416.9
116447.5
116448.1
116489.8
116505.6
116528.1
116534.3
116541.3
116621.7
116657.8
116726.8
116745.6
116781.8
116835.3
116847.4
116906.1
116932.3
116963.2
117010.6
117046.6
117122.5
117129.7
117164.1
117198.6
117201.1
117260.2
117309
117325.5
117330.1
117457.3
117532.6
117586.7
117605.3
117615.5
117629.4
117679.8
117699.2
117756.9
117762.6
117897
117911.8
162112.8
162286.9
162322.7
174632.7
175951.4
175952.6
176061.1
176072.7
176107.7
176118.9
176154.7
176160.9
176184.5
176197.3
176201.7
176228.6
176285.5
176411.2
176435.7
176585.2
176597
176697.1
176699.2
176708.3
176720.3
176798.6
176800.8
176916.6
176924.6
177048
177110.3
177130.5
177131.2
177155.3
177163.4
177182.6
177226
177257.3
177286
177307.4
177327.3
177357
177379
177380.4
177407.8
177414.8
177423.5
177506.5
177515.6
177520.7
177550.5
177583.5
177590
177683.2
177697.5
177733
178103.4
178205.2
178371.6
178439.2
178491.6
178705.3
178791.8
178817.8
178843.1
178909.4
178965.1
179052.9
182008.6
182745.3
182920.3
183076.3
183084.8
183119.1
183159.5
183244.1
183309.6
183338.8
183363.1
183436
183446.4
183449.2
183474.7
183510.3
183592.3
183632.9
183701.9
183721.4
183728.9
211272
211429.4
211505.6
211704.5
211709.9
211799.7
211816.7
211818.5
211820.5
211859
211924.5
212034.2
212040
212083.1
212246.3
212402.2
212405.1
212408.9
212498.9
212560
212676.9
212721.6
212850.8
212862.9
212903.2
217121.9
217283.7
217327.4
217435.8
217506
217543.5
217584
217843.8
217868.3
217913.2
218006.4
218115.7
218125.7
218150.7
218179.2
218232.6
218288.1
218290.9
218344.6
218393.3
218399.3
218483.3
218503.3
218552.4
218621.6
218704.6
218803.4
218927.5
218996.7
219099.9
223775.1
223875.3
223877.2
224002.9
224043.4
224241
224298
224330.8
224375.3
224406.9
224465.3
224465.9
224643.1
224652.2
224756.4
224767.9
224868.6
224979.3
225041.9
250304.5
250566.4
250691.3
250691.6
250692.1
250815.8
250835
250922.7
251038.6
251106.3
251308.7
251339.1
251341.5
251511.7
251655.9
251697.1
251791.2
251795.5
252068.7
252210.2
252239.7
252305.4
252436
252567.8
252586.6
252640.6
252640.9
252853.1
253032.8
253775.7
253888.5
254303.9
254332
254554.1
254728
255037.4
255489.4
255612.6
255635.5
255637.5
255678.1
255684.3
255709
256001.3
256137.8
256235.9
256422.5
256557.9
257078
257159.6
257172.7
257723.3
257787.4
267719
279001.9
279992.7
282414.5
282952
283252.5
283367.7
283539.1
283703.7
283755.4
283799
283828.1
284258.3
284484.2
284535.1
284651.5
284724.9
284842.1
284917.3
284955.7
285063.5
285095.8
285408.1
285589.9
285620.5
286240.1
286568.9
286708.3
286719.4
286747.7
286830.3
286837.2
286907.5
287219.4
287250.1
287587.3
299785.4
300101.4
300112
300320.8
300341.1
300440.1
300534.6
300573.5
300615.6
300623.2
300655.6
300707.2
300748.1
300770.8
300858.1
300861.2
301069.7
301109.6
301149.8
301238.3
301282.9
301528.6
301569.7
301623.4
301725.4
301765.7
301857.7
302048.4
302157.5
311608.1
311636.6
311679.6
311787.1
311811.6
311846.1
311935.1
312072.8
312092.2
312115.4
312172.9
312200.3
320755
320781.7
321092.1
321816.2
323020.5
323042.7
323059.9
323166.3
323285.3
323361.1
323518.2
323524.6
323675.8
323704.5
323735
323774.9
323948.5
324049.5
324095.9
324107.4
324108.5
324169.1
324175.7
324235.8
324311.7
324331.9
324377
324414.6
324427.2
324532.1
324563.7
324702.9
324731.8
324776.1
324776.2
324814.6
324971.2
325045.6
325076.4
325169.8
325199.9
325286.7
325392.6
325419.7
333249.9
333796
334428.8
334628.5
337439.9
337498.3
344429
344622.4
345015
345766.5
345924.4
346322.8
346372.8
349341.6
349377.8
349486.2
349584.2
349604.7
349647
349735.6
349865.3
349866.2
349892.1
349967.2
349985.7
350053.2
350090.5
350095.9
350116
350260.1
350260.4
350327.7
350358.6
350422.7
350435.3
350516.4
350676.2
350722.8
350737.7
350748.7
350793.4
350884.4
350898.1
350924.6
350945.8
351015.7
351029.9
351116.9
351154.1
351173.6
351203.7
351257.5
351393.4
352882
352938
353091.1
353160.4
353206.7
353235.3
353465.2
354016
372586
372741.8
372802.1
372833
372864.3
372955.5
373031
373044.2
373057.9
373061.9
373163.5
373273.6
373282.7
373282.8
373285.8
373359.3
373361.4
373419.9
373434.1
373535.5
373567.9
421354.4
422095.1
422401.4
422620.2
422641.1
422740.8
422953.6
423009.4
423567.4
423709.5
423778.7
447310.3
447369.4
447877.7
448196.4
453244.8
453299.3
453390.5
453482.2
453640.2
453640.7
453783.3
453835.2
454060.3
454080
454122.4
454238.2
454299
454310.8
454364.4
454411.6
454451.5
454531.5
454540.1
454554.5
454662.6
454691.4
454737.7
454839.8
455310.4
455341.1
455685.4
455754.2
455863.8
456075.6
464442.2
464493.4
464573.3
464580.6
464611.8
464872.7
464967.4
464973.8
465001.3
465004.1
465117.2
465130.2
465280.3
465360.9
465475.6
465523.3
465525.2
512432.1
512440.7
512671.7
513348.4
513496.8
513661
513826.2
513871.6
514130.2
514226.3
516902.8
517182.5
517218.9
517338
517605.1
517637.6
517707
517728.3
517739
517744.7
517745.8
517826.4
517856.9
517866.5
517874.4
517969.1
518024
518126.7
518220
518341.8
518547.6
518746.9
518753.8
518855.3
518875.1
518883.5
519057.2
519258.1
531418.9
540110.7
540137.3
540356.3
540480.7
540679.5
540787.1
540913.7
540976.4
541036.3
541126.2
541176.4
541187.1
541204.7
541209.6
541237.4
541309.5
541589.2
541634.8
541650.7
541823.3
541835.5
542020.4
542243.4
542278.6
542291.1
542429.3
542443.7
542477.1
542550.1
542592.4
542597.5
542644.2
542739.2
543329.3
543923.2
545366.7
545403.3
545434.6
546848.5
547675.4
547878.4
547926.8
547975.2
548002.2
548035.9
548097.9
550280.7
550339.1
550506.2
550628.3
550630.8
550634.6
550684.8
550700
550705.4
550713.5
550847.6
550949.8
550992.4
551089.7
551439.6
559531.5
559700.8
559795.3
560214
560569.4
560740.4
560980.4
560985.9
561146.6
561557.4
562023.3
562305.3
563444.1
568224.9
568264.7
568416.6
568418.2
568544.9
568695.2
569104.8
569139.6
569261.2
569305.9
569395.8
569508.5
569524.4
569561.6
569637.3
569641.9
569702
569756.9
569853.4
570342.4
570788
570895.8
571142.4
571156.9
571240.7
571252.8
571253.6
571341.4
571345.2
571357.2
571391.8
571392
571397.9
571447.3
571451.5
571474.4
571572.8
571581.1
571603.9
571711.7
572381
572573.2
573408.1
573543.8
573584.3
573593.9
573923.5
574412.6
575631.8
575665.7
575669.7
575701.5
575715.1
575953.6
575960.1
575971.4
576029.9
576095.1
576129.3
576276.7
576286.1
585683.1
586167.3
586317.8
586389.9
586407.4
586409.5
591110.8
591231.9
591408.4
591479.4
591911.9
596761.7
597446.3
597478.1
597782.2
598004.2
598162.5
598651.4
599079.6
599128.7
599184.5
599216.3
599303.5
599655.7
599704.4
599858.5
599869.6
599928.6
