1187.5
1305.3
1346.3
1357
1370.6
1425.1
1541.3
1722.1
5255.1
5446.8
12447.6
12453.4
12489.6
17897.6
19635
31152
33968.3
34148.9
34244.7
34265.3
34280.8
34281.9
34297.7
34433.8
34674.2
34712.2
35063.8
38549.6
38562.5
38581.7
38656.7
47796.6
47821
47900.9
47956.6
48005.9
48044.4
48148
48171.4
48172
48177.6
48219.5
48254.2
48347.2
48431.9
48437.8
48475.2
48558.7
48596.9
48599.6
48685.1
48734.7
48743.6
48783.4
48803.9
48826.2
48931.6
49007.8
49029.3
49054.9
49055.5
49115.9
49141.6
49344.5
49347.2
49361.3
49406.2
49418.5
49490.2
49555.1
49556.8
49658.3
49696.5
49738.5
49740.6
49817.4
50011.6
50057.3
50099.3
58245.2
59114.6
59200.7
59222.2
59236.7
59245.1
59271.4
59316.3
59375.7
59396.2
59413.7
59461.7
59592.1
59597.8
60596.1
61423.1
61718.9
65786.5
66110.4
66267.9
66481.6
66528.1
66625.7
66932
67887.1
67931.2
67993.9
68204.7
68237.5
72407
72488.4
72757.3
72794.2
73435
73555.8
73578.7
73848.7
73866.6
73921.3
78513.5
78795.9
78898.4
79170.6
79349.1
79401.8
79507.5
79561.4
79682.8
79717.6
79935.9
80023.8
80049.4
80128
80138.1
80203.2
80238.4
80539.5
80578.6
81718.2
81819.5
81851.1
81969.3
82177.5
82226.9
82237.9
82308.7
82462.3
82492.8
82496.8
82658.1
82669.2
82692.4
82753.1
82773.2
82775.4
82776
82908.1
82979.9
83060.4
83144.4
83191
83226.9
83289.2
83372.4
83374.3
83378.5
83436.6
83539.8
83557.5
83584.2
83703.8
83712.6
85667.5
85965.2
86535.7
86544.7
86969.9
87027.4
87208.9
87289.7
90649.6
91149.7
105913.9
108128.8
108142.4
108321.6
108867.5
109217.7
109432.9
110886.3
110991.8
111056.3
112994.7
113303.7
161626.7
161807.9
162799.5
162958.5
163452.5
164695.6
164926.3
165017.2
165055.3
165127.5
165138.3
165179
165195.1
165304.4
165400.2
165410.3
165445.1
165461.8
165493.4
165507.5
165631
165800.9
165820.1
165876.3
165916.5
165948.9
165956.2
165957.7
166008.9
166016.4
166069.7
166132.3
166153.3
166239.7
166249.3
166252.4
166334.4
166445.6
166634
166643.6
166925.1
166974.4
167032.9
167945.4
169709
169786.7
169868
169939.5
170029.2
170098.6
170124.3
170214.7
170283.2
170298.2
170321.1
170360.1
170427.5
170471.4
170635.1
170781.1
170842.5
170918.4
171361.2
174175.6
174244.5
177508.8
183431.2
183500.8
183724.5
183764.8
186459.1
186574.9
186768.6
190994.6
191162.2
191246.3
191277.8
191570.7
191723.3
191858.5
192325.2
192422.7
192541.7
192630.8
192762.2
194295.2
212562.2
212690.5
212713.2
212857.8
212889.6
212942.2
212968.1
213010.6
213015.1
213041.5
213160.3
213190.9
213264.8
213330.8
213334.6
213409.9
213434.7
213519.3
213644
213693
213699.7
214009
214158.9
214184.1
214200.6
214221.1
214420.1
214551.1
219207.7
219271.9
219350.7
219385.8
219422
219434.1
219545.7
222034.2
222038.7
222135.9
222477.7
224851.1
226094.4
226246.9
226283.8
226292.3
226298.1
226328.6
226674.5
226723.4
226870.2
227291.5
227395.1
227558.4
227602.9
227762.6
228067.2
228071.6
228152.1
228202.3
228234.7
228603.6
228796.4
228851.3
228935.1
228943.1
228951
228953.2
228996.3
229044.4
229280.5
229315.5
229322.5
229330.7
229331.3
229335.6
229358.5
229400.5
229478.7
229506.9
231428.8
242051.5
242103.4
253296.1
255561.5
255676.3
255773.6
255829.8
255834.4
255871.9
255911.1
255954.5
255969.5
256005.5
256028.8
256089
256230.2
256281.3
256740.4
257083
257127.7
257345.8
257603.6
257767.5
257913
257934.4
258116.6
258169
258219.6
258481.4
258548
258796.2
260086.8
267571.5
267730.1
267995.5
268069.5
268092.6
268151.6
268229.4
268268.8
268271.7
268272.9
268284.1
268377
268528.9
268539.5
268543.2
268646.3
270544
270646.8
270657.3
270712.6
270794.3
270845.2
271062.4
271093.2
271096
271241
271410.4
271461.6
271756.5
271757.3
271790.1
271819.5
271826.6
271910.2
272014
272043.3
272161
272230.3
272247.7
272260.3
272510
272722.4
272726.7
278324.1
278436.7
278498.9
278697.7
278751.4
283084.8
283135
283157.9
283281.2
283383.9
283461.8
283533
283549.7
283612.3
283625.8
283806.5
283827.9
283916.5
284015.3
284055.5
284123.2
284179.7
284242
284262.9
284357.2
284425.1
284516
284540.7
284545.3
284662.5
284669.8
284676.6
284681.5
284701.7
284764.3
284812.5
284857.7
285151.2
285162.7
285242.6
285276.9
285319
285542.7
285599.4
285699.5
285782
285784.5
285803.2
285902.2
286098.6
286128.4
286570.7
286607.9
286612.7
286699.6
286734.3
286857.2
286858.1
286893.9
287019.4
289117.2
295486.3
295740.1
295993.9
296221.6
296270.9
296357.1
297217.8
297572
297651.5
297715.4
297770.3
297770.8
298053.4
298146.9
298337.1
298653.4
312447.9
312515.2
312565.3
312615.6
312657.3
312714.4
312800.6
312826
312836.7
312895.9
312921.3
313024.3
313071.6
313198.6
316594.6
317348.9
319572.4
320203.9
320261.4
320292.2
320412.1
320457
322574.4
322784
326293.3
331352.6
331601.1
331973
338968
338985.3
339259.6
339271.2
346734.4
346886.9
347296.3
347757.9
348134.9
348376.6
348466.9
348553.8
348616.4
351115.8
351137.8
352743.8
352829.1
352867.9
352909.6
352980.1
353029.1
353058.5
353119.8
353157.3
353179.3
353184
353204.7
353262.9
353357.8
353368.6
353498.4
353516
353772.2
355087.4
356353.7
360194.7
361331.6
362630
363012.5
364742.5
364859.6
364946
365058
365156.4
365199.2
365202.6
365290.9
365436.2
365481.6
365539.4
365548.7
365681.8
365688.5
366008.7
366623.5
366777.9
366785.6
366853.8
366938
367367
372785.1
421183.7
421258.9
421271.3
421313.2
421478.6
428248.5
428590.8
428611.4
428858.2
428889.9
428941.2
428962.5
428962.6
428971.4
428989.5
429046.4
429060.8
429099.8
429210.7
429225.4
429229.9
429265.9
429278.6
429283.8
429363.6
429372.3
429395.3
429455.5
429488.8
429635.1
429704.9
429709.7
429711.1
429744.7
429995
430061.7
444906
445209.4
445231.2
445235.9
445371.9
445426.1
445504.6
445508.4
445519.4
445705
445776.2
445936
450971.8
451020.8
451055.7
451083.8
451178.8
451205.9
451212.3
451341.7
451378.9
451381.4
451449.1
456500.2
456794.7
457011.8
457077.1
460084.4
460096.7
460230.7
460312.4
460394.4
460535.8
460560.5
460739.9
460770.2
460836.4
460858.7
461891.1
462549.7
462835.3
462943.1
463025.3
463262.8
463288.3
463636.4
466610.3
509359.9
509401.7
511894.9
511905.7
511965.4
512013
529412.3
529659.5
529694.1
529767.1
529855.4
529861.1
529926
530029.3
530090.5
530120.3
530142.3
530213.5
530234.6
530247.2
530257.5
530301
530327.9
530345
530392.9
530399.1
535385.1
535418.4
535535.4
535546.4
535557.4
535781.3
536916.2
536916.9
536961.4
537054.1
537061.8
537250.5
537274.6
537317.8
537385.8
537438.6
537492.5
538138.5
538464.2
542702.4
549855.5
551754.4
551881.7
551970.5
552113.4
552152
552259.4
552523
552753.4
553817
553918.2
555120.1
558355.2
558726.9
558738
558754.8
558796.7
558983.3
559041.8
559062.7
559066.8
559130.9
559161.5
559162.5
559199.5
559255.2
559264.1
559292.6
559330.7
559357
559415.2
559418.5
559462.8
559579.5
559597.2
559793.6
559816.3
559864.8
560031.7
560067.7
560091.8
560200.4
560302.2
561215.7
561220.3
565130.2
565191.3
565386.8
565400.6
565536.3
565668.9
566017.7
566039
566885.7
566921.4
566998.9
567136
567185.2
567228.3
567264
567278.1
567369.6
567419.4
567422.1
571130.8
571245.1
571406.6
577930.1
578057.1
580333.6
580340.2
580366.5
580610.1
580691.9
580735.4
580754.9
580814.1
580821.1
580868.4
580870.8
580912.9
580960.2
581057
581230.6
581643
581806.4
587080.7
588165.6
588197.2
588231.9
588237.4
588263.1
588374.2
588417
588432.4
588454.6
588480
588513.7
588538.9
588542.8
588555.4
588567.4
588589
588589.5
588685.7
588716.8
588758.3
588780.5
588801.4
588868.3
588871.7
588886
588888
588892.3
588906.7
588924
588929.2
588941.2
589011.5
589034.8
589054.3
589107.2
589140.3
589189.6
589201.9
589229.1
589319.2
589349.9
589437.2
595341.9
595351.3
595395.4
595653.6
595656.9
595669
595863.3
595889.4
595891.5
595896.8
598372.8
