11444.2
11826.4
11956.6
12158.9
12161.4
12236.6
12271.3
12285.5
12311.6
12360.2
12469.8
12477.5
14119
14313
14543.9
14889.1
14918
15077.6
15168.2
15283.6
18847.6
18910.3
18912.6
18978.6
18986.4
18987.1
19102.6
19164.6
19229.5
19245.5
19367.3
19470.3
19576.1
19577.9
19598.5
19648.6
19661
19731.9
19752.3
19762.7
19898
20037.9
20117.3
23867
24313.9
25176.6
28030.8
28792.1
28832.4
28895.6
29054.7
29100.3
29197.3
29209.6
29254.6
29288.3
29296.7
29397.2
29399.9
29489.1
29640.8
29672.2
29678
29753.1
29800.9
29857.6
29888.7
29952
29957.5
30125.5
30147
30157.8
30207.3
30210.2
30266.2
30384.5
30459.4
30494.8
30494.9
30497.4
30531.3
30660
30665.5
30672.8
30678.1
30825.7
30841.4
30872.2
31130.5
31179.4
31230.5
41709.5
41728
41730.1
41794.7
42180.8
50574.6
50609.1
50637.7
50713.4
50717
52836.8
57113.3
57557.4
57569.3
57604.7
57727
58048.8
58172.6
58185.4
58198.9
58216.5
58216.6
58251.6
58300.5
58300.6
58309.9
58327.7
58354
58414.1
58438.1
58473.4
58522.7
58560.2
58612.5
58622.9
58627.5
58688.1
58690.8
58710.9
58724.9
58742.5
58780.1
58810.5
58833.1
58855
58902.8
58903.6
58910
58911.6
58999.8
59076.5
59160.4
59188.3
60062.9
60083.8
60128.8
60149.1
60151.8
60235.3
60336.3
60352
60353.3
60353.6
60555.3
60765
60998.2
61028.1
61045
61239
61273.3
61347.7
61501.6
61510.4
61542.1
61599.9
61632.8
61701.9
61731.3
61807.2
61822.2
61882.6
61895.1
61904.4
61927.1
61953.6
61954.1
62125.7
62138
62217.4
62222.4
62266.5
62288.8
62372.3
62410.6
62456.6
62508.9
62602.3
62643.3
62804.8
68056
71526.8
71583.4
71838.5
72192.7
72452.7
72764.2
72859.4
72862.4
72892.4
78903.5
80397.3
80408.2
80572.5
80681.1
80768.6
80931
81016
81035
81148.4
81229.8
81241.2
81795.9
81969.4
81975.4
82158.2
82218.1
82240.6
83513.7
83545.5
91046.9
91138.8
91156.2
91184.1
91190.4
91213.2
91214.1
91242.6
91322
91367
91387.1
91461.1
91612.4
93541.6
93638.5
94770.6
95054.3
95134.1
95279.8
95317.8
95370.8
95385.7
95395.1
95502.3
95504.2
95556
95757.5
95875.1
95923.7
96260.8
96493.1
96608.5
96772.9
96970.1
97267.9
97518.4
99086.1
99107.8
99185.2
99283.7
101302
101535.2
101820.1
101943
103386
103415.9
103547.5
103565.8
103655.9
103665
103753.7
103868.1
103911.5
104003.5
104008.5
104060.7
104063
104138.4
104149.2
104172.7
104193.2
104199.4
104243.6
104261.7
104301.4
104315.7
104487.9
104585.9
104598.5
104650.3
104671.8
104676.7
104747.7
105199.3
105441.8
105466.4
105590.5
105592
105643.6
105698
105718.3
105743.5
105757.5
105771.7
105882.1
105886.3
105946
106074.9
106232.4
111062.3
113682.2
118354.3
118525.6
126696.6
126801.2
127028.5
140349.5
154399.8
155498.6
157476.3
158731
161005.6
165430.6
165682.2
168987.8
169318.3
169401.8
169411.1
169427.1
169451.3
169503.1
169608
169956.6
173444.1
173496.8
176054
176131.7
176134.1
176328.8
176482.9
176504
176552.9
176635.4
176754.5
176773.6
177156.4
177195.4
177246.9
177278.1
177357.1
177408.5
177465.9
177496.2
177518.2
177539.8
177547.5
177646.8
178328.3
178329.7
178382
178596.4
178768.9
178877.3
183075.7
183198.5
183283.8
183297.2
183361.6
183366.9
183427.3
183432.6
187666
191256.8
191866.2
192325.8
192405.2
192478.2
192592.3
193121.9
199551.7
199556.3
199716.7
199726.6
199857.7
199892
199977.6
200080.7
200324.5
200477.9
200585.9
200655.8
200666
200834.1
200868.9
201021.1
201075
201179.9
201297.8
201396.5
201598.2
201729.3
201920
201968.2
202215.3
202363.8
202688.4
202706
202751.2
202908.3
202965.6
202984.1
203148.5
203269.6
203339.1
203573.1
203834.8
203976.7
204184.6
204384.7
204569.6
204640.7
204665.3
204715.8
204802.9
205070.2
205074.7
205179.8
205222.7
209757.4
209821.7
210142.4
210333.1
210635.3
210769.4
212349.8
212609.5
212642
212671.7
212741.1
212819.1
212987.6
213217.6
213253
214860.5
218164.9
218204.7
218526.2
218880.5
218998.1
219085.5
219093.8
219143.7
219283.2
222225
222302.5
222322.2
222337.7
222366.9
222422.5
222453.1
222478.2
222560.8
224147.7
224309.5
224343.6
224366.4
224530.6
224544.6
224546.5
224585.6
224729.3
229589.7
229865.9
229952.2
229992.4
230036.8
231114.5
231357.3
231414.7
231479.1
231479.7
231508.3
240738.5
241472.1
241668.4
241680.7
241705.5
241745.5
241748.4
241809.3
241836.7
242156.3
242165.6
242187.5
242274.5
242297.9
242332.5
242409.4
242442.8
242496.2
242599.3
242659.6
242839.8
242870.7
242885.2
243272.6
243286.4
243385.8
243413.7
250510.6
250667.2
250667.6
250899.7
251119.7
251225.7
251259.8
251303.1
251388.3
251498.4
251541.9
251551.2
251695.9
251885.5
251943.8
251946.4
251988.6
252133.8
252165.8
252277.6
252328.9
252334.8
252514.3
252517.2
267818.3
268356.3
271143.4
271243
271461
271624.4
271662.1
272692.1
274183.2
274250.3
274367.6
274445
274517.8
274565.6
274632
274677.1
274757.4
274825.6
275054.3
275288.2
275340
275579.6
276340.7
276595
277107.5
277345.3
277367.5
277467.3
277525.6
277534.3
277571.1
277583.3
277624.2
277725.9
277937.6
278274
278346
282955.1
283676.3
286811.9
298314.2
298365
298375.4
298435.7
298443.9
298460.9
298514
298518.9
298632.4
298877.4
300459.3
300535.4
300544.7
300616.7
300685.7
300806.1
300811.9
300821.4
300834.6
300883.5
300987.1
301064.5
301091.3
301177.1
301199
301267.7
301281.3
301376.8
301472.2
301509.7
301650.4
302156
309585.6
309650.1
310743.1
310861.5
310875.8
311076.2
311092.7
311132.5
311241.8
312091.9
312151.5
312154.7
312159.4
312172.1
312230.4
312262.5
312301.5
312375.6
312395.1
312431.6
312478.4
320625
320769.2
321990.3
322351.5
322500.5
322605
322622.9
322779.8
322817.9
322846.8
322932
323501.2
325742.1
326115.9
326198.9
326239.5
326274.5
326407.7
326447.7
326518
331616.1
332132
332192.4
332268.8
332304.2
332327
332350.8
332376.3
332376.7
332404.2
332488.4
332502.1
332540.9
332588.3
332623.1
332631.1
332642.4
334863.8
336410.5
338151.2
338233.9
338305.8
338312.4
338379.8
338387.4
338516.8
338541.5
338560.2
338670.7
338741.7
338834.6
338897
339340.5
339359.9
345838.1
347053.1
349669
349755.4
349828
349895.2
349915
350026.2
350149.4
350176.1
350275
350455.6
350540.2
350547.3
350701.6
350816.1
350898.9
351071.4
351076.8
351111.6
372934.8
372987.5
373041
373045.6
373049.8
373161
373163.9
373310.9
373354.3
373378.6
373391.5
373442.6
373524.7
373536.1
420056.5
420235.4
420618
420852.1
420922.6
420975.4
425560.7
427125.3
427183.9
427242.4
427289.1
427292.3
427369.2
427413.4
427457.9
427476.9
427698
428804.8
428887.5
429040.1
429056.5
445026.3
445386.3
445429.7
445598.6
445651
445657.9
445810.8
445823
445917.6
445923.3
446022.5
446034.6
446085.2
446251.9
446257.4
446302.3
446431.8
446501.9
446645.3
446737.3
447075.8
451227.5
451286.2
451349.3
451399.9
453357.2
453464.5
454080.7
454410
456402.7
456513.9
457984.2
458393.9
458727.3
458903.1
460071.5
460193.5
460295.7
460677.4
464656.6
464685.9
464986.7
465009.8
465021.3
465571.2
466293.4
479206.5
481198.5
481250.7
481295.7
481335
481353.6
481445.2
481503.9
481514.2
481853.6
481861.9
482012.8
482067
482208.3
482255.2
482336.1
509439.1
509469.9
509545.9
509546.9
509557.9
510993.4
511241.4
511295.6
511337.6
511682.7
513145.2
517341.4
517764.5
517830.4
518030.6
518048.2
518104.3
518199.2
518200.2
518211.2
518331.9
518585.1
518629.7
527764.6
528396.8
530170.7
530282.3
530525.2
531329.8
534764.3
534918.9
535069.6
535145.9
535167.6
535200.3
535213
535220.1
535234
535465.4
535496.4
535499.8
535550.7
535573.4
535819
536157.4
537126.4
540960.8
541006.8
541077.9
541118.8
541146.4
541158.1
541188.2
541228.4
541469.5
541480.5
541526.1
541585.4
541657.8
541756.8
541786.8
541860.3
541884
541898
541940.5
541997.6
542006.7
542012.9
542083.4
542106.7
542122.7
542164.4
542177.7
542200
542294.5
542306.9
542370
542461.8
542497.7
542588.1
547204.1
547546.4
547705.3
547800.3
550925.4
551122
551215.8
551571.2
551698.7
551729.1
551744.3
551794.4
551801.2
552019.1
552025.9
558813
559340.7
559345.7
559368.2
559416.7
559468
559544.1
559581.8
559590.3
559595.9
559622.9
559690.2
559731.5
559749.2
559750.9
559785.8
559841.2
559931
559947
560038.3
560057.5
560261
560382
560400.3
560734.3
560763.7
560804.1
561003.2
561141.2
561143.2
561204.9
561355.9
561385.3
561502.5
561511.3
564586.5
564635.5
564664.6
564818.7
564900
564983.7
565004.9
565061.5
565068.8
565119
565119.1
565189.5
565252.8
565273.8
565448.8
565460.2
565466.8
565731.5
565821.1
565826
565887.1
566087.7
566114.2
566183.4
566226.8
566290.7
566495
566664.5
566678.1
566745.6
566753.4
566831.4
566855.3
571063
571149.1
571173.2
571246.8
571316.6
571351.4
571365.6
571840.5
572050.8
573601.6
573639.4
575660.7
576783
579878.7
579989.5
580008.1
580025.9
580031.4
580055.9
580099.6
580106.5
580112.4
580148.2
580181.6
580229.9
580262
580346.4
580434.4
580557.1
580558.9
580633.5
586728.7
586796.1
586811.6
586984.4
587005.2
587040.4
587242.2
587272.5
587276.9
587398.1
587446
587545.1
587552
587565.9
587956.8
588031.3
588033.3
588042.8
588067.6
588179.9
588479.5
588921.1
589021.2
589264.1
589641.6
591221.2
597413.2
598004.1
598150.3
598253.1
598396.5
598615.6
