5169.8
5182.4
5221.2
5238.5
11474.9
11985.1
12075.7
12090.8
12125.8
12175.2
12253.2
12335.2
12586.6
15267.9
17381
17963.4
18755.5
28944.2
29276.1
29580.6
29591
29883.8
30012.1
30031.2
30041.9
30057.1
30087.9
30111.8
30269.4
30332.7
30497.1
30528.1
30529.4
30706.6
30722.2
30726.7
30845.9
30857.6
30907.5
31041.1
31078
31216.9
31443.2
39362
39395.9
39414.3
39436.3
39489.5
39607.8
39617.8
39753.5
40906.9
41388
41442.6
41508.2
41617.9
41620.9
41731.1
42006.6
45417.8
45636.1
50779.3
50845.5
50897.4
57264.6
57382.1
57453.6
57534.6
57580.6
58077.8
58079.6
58131.2
58157.2
58212.3
58329.9
58366.6
58379.5
58389.3
58399.6
58546.9
58656.8
58660.8
58673.6
58709.5
58785.9
58922.7
58924.2
58925
58945.3
59034.3
59125.2
59286
60159.8
61000.7
61247.5
61363.6
61412.6
61472.4
61565.5
61572.7
62123.7
62352.4
62406.6
62415.4
62637.9
62811.7
62867.1
62882.5
62886.4
62887.5
62925
73139.7
73632.6
73637.3
73644.4
73744.2
73797.7
73801.8
73886.2
73905.9
73912.7
73921.4
73954.3
73961.1
73989.4
79651.2
79968
80037.4
80101.9
80192.2
80240.1
80302.6
80398.3
80518.4
80520.9
80693.2
80716.1
80744.6
80820
80852.2
80989.1
81064.9
81100.5
81101.4
81132.2
81134.7
81159
81161.2
81196.5
81203.8
81570.3
81699
81707
81711.8
81714.1
81725
81739.3
81795
81803.8
81827.9
82086.4
82204.6
82264.4
82522.4
82530.5
82690.7
82845.6
83191.3
83375.2
83530.5
83604.8
83621.6
83630.4
83639.3
83648.3
83739.2
83751.3
83764.5
83781.7
83852.8
83880.4
83914.4
84189
91671.8
92078.1
92256.7
93211.4
93393.2
93418.9
93573
93621.1
93744.1
93943.2
93947.9
93972.8
93990.2
94068.4
94195
94217
94300.3
94328
94328.7
94330.1
94426.3
94466.2
94641.4
94646.7
94716.8
94791.3
94895.3
94906.3
94945.1
95064.1
95424.8
95448.8
95470.7
95552
95617.5
95734.7
95796.4
95810.7
95827.4
95867
95896.4
95939.3
95981.7
96088.8
96152.4
96233.6
96375.2
96451.9
96469
96510.9
96695.7
96774.6
96840.7
97359.7
97473.8
97566.1
97677
97839
97922.5
97958.1
98129.9
98382.5
98429.3
98539.4
98595.2
98745.3
98765.7
98875.6
98887.1
99268.6
99271.7
99447
99451.2
99566.4
99942.4
100022.4
100047.5
100153.7
100376.8
100946.4
101150.8
101288.2
101422.9
101440.4
101631.3
101816.1
102151.5
102171.2
102201.4
102214.4
102253.4
102333.3
102403.8
102425.4
102576.4
102597.6
102627.1
102811.3
102840.4
102853.3
102886.1
102941.9
102948.8
102994.3
103000.6
103057.6
103102.8
103127.4
103186.3
103274.2
103278.6
103389.6
103406.4
103488.6
103561.5
103612.5
103625.5
103707.6
103905.3
103922.8
103967.9
104056.7
104086.8
104407.9
104411.3
104499.3
104523.6
104614.6
104620.6
105141.9
105310.1
105389.6
105419.6
105462.1
105483.8
105705.4
105710
105786.1
112461.6
112957.7
113041
113101.9
113123.5
113131.9
164668.1
164709.5
164809.3
164966.2
165151.8
165385.2
165495.9
165614
165714.8
165920.8
167642.9
169144.5
169329.7
169599.2
169898.5
175655.2
177609.4
177630.7
177644
177667
177692.4
177745.7
177788.2
177801.2
177848.1
177848.9
177884.6
177896.9
177977.5
177986.4
178016.9
178058.2
178257
178266.5
178349.1
178388.5
178409.8
178437.7
178475.4
178476.9
178635.1
178640.3
178692.5
178738.6
178800
178856.5
178871.9
178910.9
178911.4
178960.3
178967.9
178990.3
179064.7
179068.8
182557.1
182772.3
183007.6
183009.4
183161.3
183247.2
186411.1
186543
186844
187064.3
187075.1
187125.4
187163
187196.2
187221.1
187252.7
187331.6
191151.1
191224.6
191251.5
191262.9
191276.8
191305.9
191511.6
191512
191596.7
191880.8
191986.9
192040
192094.1
192269.9
192279.4
192330
192381.7
192493.4
192548.3
192592.9
192609.7
192614.9
192783.9
193003.6
199773.1
200061.8
200938.9
201088.6
201246
202065.7
210746.9
210917.7
212828.8
213101.8
213107
213189.4
213215.6
213263.3
213370.5
213384.9
213419.8
213488.2
213528.4
213534.8
213571.5
213619
213689.4
213708.1
213751.7
213762.7
213797.3
213863.2
213865.5
213888.4
213909.2
213925.6
213992.4
214038.8
214055.7
214134.4
214289.3
214546.4
219263.1
219534.8
219553.3
219567.1
219644.6
222419.8
222430.9
222553.5
224480.2
224508.3
225969.5
231141
231204
231249.2
231263.3
231328.6
231334.4
231345.2
231425.5
231499.9
231542.6
231739.9
241674.6
241687.9
241933.4
242009.7
242020.9
242145.3
242147.2
242201.4
242230.9
242236
242269
242316.7
242341.9
242359.1
250562.5
250593.6
250655.4
250684
250740.6
250756.5
250763.2
250923.5
251002.7
251067
251134.4
251219.7
251247.7
251253.6
251341.6
251668.8
252116
252219.6
252267.1
252379.9
252384.1
252416
252669.8
252686.3
252955.6
253053.8
254725.6
265115.8
266829.8
267390.7
267664.6
267670.9
267675
267872.2
267873
267881.3
267973.6
267985.6
268037
268082.1
268087.8
268166.9
268233.3
268561.4
268576.1
268610.2
268635.3
268740.9
269399.2
270333.2
270425.1
270716.5
270733
270958.7
271041.4
271049.1
271055.7
271137.7
271158.5
271234.4
271249.9
271285.8
271376.3
271389.8
271395.2
271472.9
271473.2
271474.9
271478.6
271485.1
271529.5
271562.2
271671.1
271787.7
271794.9
271864
271881.2
271889.1
272332.8
274232.8
274518.7
274620.4
274662.6
274698.5
274728
275789.4
276443.6
276577.8
277107.6
277308.8
277963.7
278069.4
278108.8
278187
278347.8
278383.4
279525.8
279590.9
279712.8
279763.4
279870.9
280005.1
281942
282090.4
282201.7
292589.2
295699.7
295991.4
297832
297942.1
298039.2
298068
298076.3
298165.3
298171.5
298336.6
298396.6
298547.5
298595.1
298601.8
298859.3
298910
298913
298929.2
298961
300375
300735.9
300737.8
300828.2
301275.8
301399.6
301412.9
301554.8
301651.6
301670.6
301792
301834.4
302031.1
302050.9
302101.7
302242.9
302252.4
302298.1
302393.6
302624.9
302650.9
302693.7
310715.5
310795
310817.2
310859.1
310911.5
310928.9
311021.9
311065.6
311091.5
311208.7
312502.9
312640.8
312704.3
312716.8
312732.1
312811.7
312821.4
312841
312882.6
312895.5
312993.2
313120.5
313127.6
313166.8
313176.5
316025.7
316442
316578.6
316692.2
316835.7
316855.2
317120.5
317484
317486.5
317505.5
317716.6
317877.5
317980.7
318179.9
318282.1
318334.2
318666.8
318713
318761.7
318872.6
318916.4
319118.6
319316.7
319499.8
319617.2
319726.2
319799.4
319870.4
319953.3
320057.9
320211.8
326095.1
326316.6
326393.4
326436.6
332370.3
332680.8
332919.2
337954.7
338031.1
338055.3
342084.5
346884.2
346885.2
347087.7
347194.7
347317.3
347333.4
347481.3
347696.6
347848.1
350424
350444.4
350511.3
350895.8
365904.6
365935
366199
366318.3
366361.1
366660.4
366754.7
366910.2
366918
366982
367029
367100.9
367326.9
373192.6
373196.8
373253
373306.4
373345.7
373403.4
373501
373568.9
373569.1
373592.9
373597
373629.7
373702.2
373734.3
420365.6
420490.9
420963.3
421133.9
421184
423760.1
423862.4
424769.2
425165.9
425192.7
425302.3
425417.3
425441.6
427196.1
427373.9
427380.6
427491.2
428473.9
428487.8
428560.9
428699.5
428983.7
429047.4
429314.1
429467.2
429497.1
445423.6
445505
445592.4
445669.6
445755
445892.9
445926
446003.3
446059
446859.7
447310
450782.4
450912.7
450912.9
450941.2
450989.2
451017
451046.2
451089.7
451110.4
451130.8
451147.6
451233.1
451279.2
456448.3
456456.1
456524.7
457023.7
460267.2
460279.8
460310.3
460354.4
460394.5
460394.7
460431.8
460842.6
460842.9
461069.6
461487.6
463746.4
463831.8
463883.5
465082.4
465083.7
465243.5
465260.8
465404.6
465702.2
465852.9
466250.7
468185.6
475527.5
481149.3
481669.2
481766.3
481975.7
481996.4
508949.6
511502.8
514671.5
515691.6
515786.7
515872.5
515906.5
515961.1
515992.9
516175.5
516351.1
517006
517414.7
517752.7
517903.8
517948.1
517988.2
518049.3
518050.7
518111.1
518192.3
518218.7
518223.7
518268.7
518304.5
518319
518328.5
518457
518471.7
518498.3
518524
518526
518592.9
518654.6
518659.4
518668.2
518687
518704.9
518736.3
518887.7
519072.9
519143.3
519264.7
519459
519805.6
520006.6
521329.3
521876.2
522022.7
523083.5
523485
523703.3
530111.1
530207.7
530419.8
530503.1
530513.5
530529.2
530538.9
530615.5
530672
530737
531413.7
531559.5
535072.6
535240.8
535294.5
535331.8
535386.3
535414
535484.3
535574.3
535649.9
535660.7
535783.6
535809.5
535904.7
536004.2
536010.8
536152.9
536156
536223.8
536267.9
536276.2
536356.8
536402.1
536409
536480.1
536507.5
536628.1
536733.9
536744.3
536783.1
536813
536842.5
536868.3
536891.1
536916.7
536930.3
537059.1
537083.9
537107.1
537255.4
537264.8
537265.4
537434.5
537560.6
537607.5
537882.4
538459.7
538780.8
539388.7
539465.3
539678.6
541518
541552.1
541619.1
541795.4
541843.2
541941.6
541946
541993
541998
542046
542112.8
542287.8
542288.1
542310.6
542380.4
542403.5
542494.1
542528.7
542540.6
542632.2
542643.7
542702.5
542710.3
542717.8
542766.5
542923.6
543506.5
543582.9
544536.8
545342.1
545600.4
546220.1
546534.6
546577.7
546723.2
546818.1
547191.7
547364.6
547469.3
547472.4
547515.5
547545.6
547596.1
547696.6
547893.6
551882.4
552041.8
552042.8
552136.2
552211.9
552212.1
552449.9
552577.4
552627.8
552756.9
552797.3
553046.9
553097.1
553265.6
553266.4
553631.8
553746.7
553780.1
553782.5
557838.8
558008
558174.1
558271.1
558319.3
558399.1
558440.8
558488.8
558491.6
558544.8
558548
558570.4
558656.4
558691.2
558724.5
558797.9
558821.5
558849.2
558870.5
558874.4
558920.3
558945.5
559046.5
559049.8
559183.9
559332.6
560777.2
561004.5
562638.9
563055.3
564436.3
564547.8
564561.7
564725.5
564789.8
564808
564907.8
565094.6
565135.2
565684.8
565817.7
565893.6
565917.1
566077
566305.3
566863.9
566983
571479.9
571879.8
571991.8
572026.5
572053.9
572204.9
572274.4
572389.1
572489.9
572558.1
572650.1
572742.4
572900.7
573150.2
573445.8
573533.6
573665.6
573834.2
573850.7
573998.7
574012.8
574077.7
574198.2
574243.1
574253.3
574926
575113.4
575115.1
575300.4
575387.4
575465.2
575542.1
575567
575604.5
576659.6
576916.5
577173.3
578238.9
580523.9
580531.5
580661
586518.5
586533
586680
586684.9
586689.6
586706.9
586764.6
586784.1
586831.9
586851.3
587253.1
588914.7
588961.6
589034.4
589430.8
589484.5
589553.5
593627.1
593974.7
596112.5
596221.2
596280
