1696.1
1806.4
1831.4
1868
2426.4
7865.5
7904.4
7905
7929.9
7932.5
7934.2
7934.5
7950.9
11375.4
11429.1
11796.6
15761.8
15839.5
15839.6
15862.3
15966.7
16022.2
16039.4
16203.1
16235.5
16256.3
16276.2
17535.2
17854.9
17944.8
18690
18697.2
18899.4
19582.7
19674.4
19765.2
19773.5
19823.4
19827.3
20973.3
26116.1
26837.1
29737
29817.9
29900.3
30159.9
30740.9
34504.3
34656.7
34738.6
34795.6
34822.9
34877.3
34950.7
35024.2
35025
35115
35172.8
35218.5
35360
38958.9
38998.3
39002.3
39032.9
39045.9
39085
41149.9
41177.9
41183.6
41245.1
41269.8
41272.1
41301
41353.8
41458.4
49593.4
49627.4
49656.3
49733
49741.9
49764.2
49910.6
49924.2
50016.3
50107.4
50161
50202.8
50203.3
51107.1
52775.5
53300.8
56603.4
56682.5
56751.5
56769.2
57781.4
62793.1
62858.2
62867.7
62931.1
62961.8
65369.7
65489.6
65627.4
65769.1
65997.3
67431.1
68258.6
68390.9
68423.4
68431.5
68478.6
68483.2
68512.5
68524.6
68547.4
68574.1
68686.1
74125.9
74162.3
74259.1
74494.4
78253.2
78258
78325.7
78397.5
78400.6
78418.2
78495.7
78722.8
78872
78888.9
78898.1
79151.7
79242.6
79242.8
79306.4
79445.7
79633.8
79774.3
79861.9
79955.9
80077.5
80142.4
80190.2
80532.6
82680.4
82764
82818.9
82885.1
82968.7
82969.4
82971.1
82984.5
83022.6
83112.9
83115.4
83223.3
83231.6
83253.6
83262.6
83283
83303.6
83411
83437.7
88156.9
88526.7
88607.5
88660.8
89096.3
89191.4
90378.5
90483.2
90558.9
90561
90658.2
92504.1
93084
93245.4
93275.5
93280.7
93427
93456
93506.5
93594.2
93654.4
93668
93807.5
93809.1
93810.2
93906
94071.5
94320.3
94370.5
94468.9
94715.5
94763.4
94763.6
94927.9
94935.3
95014.7
95044.9
95064.5
95105.9
95111.2
95187.4
95381.7
95419.9
95423.8
95424.1
95427.9
95459
95466.1
95480.8
95520
95619.3
95648.7
95700.1
95867.6
95906.5
95980.6
96131.9
96405.7
96409.4
96447.9
96505.1
96539.7
96687.9
96792.5
96820.8
96826.9
96829.7
96911.1
96937.3
97054.2
97067.7
97242.6
97275.1
97289.9
97451.4
97542.9
97773.9
97873.4
97882.3
97894.3
97909.5
97920.6
98084.8
98122.7
98237.5
98247.4
98262.9
98283.9
98368.9
98388.5
98595.4
98771.6
98805.1
98818.4
98854.7
99023.1
99030.2
99039.9
99116.2
99277.8
99295.3
99337
99446.5
99527.9
99702.7
100049.9
100066.4
100153.3
100265.7
100386.8
100524.3
100811.2
100864
100871.8
101088.7
101262.2
101361.6
101397.2
101399.9
101478.3
101501.6
101566.1
101632.9
101751.7
101779.6
101937.6
101948.2
102039.8
102217.4
102261.7
102326.8
102370.6
102371.5
102388.5
102568.5
102733
102856.4
102868.7
102953.6
103106.5
103110
103163.6
103182.5
103214.5
103225.3
103278.4
103343.1
103382.8
103386.1
103467.3
103508.1
103525.9
103547.4
103611.8
103634.3
103706.8
104791.7
104850.9
106690.4
106749.1
107005.4
107061.3
108261.9
108727.4
108732.4
108895.5
108945.5
109382.1
109567.6
113230.9
113399.4
113465.2
113468.2
126296.6
128701.6
128728.9
128838.2
128862.1
128868.1
128880.5
128965.5
128998.8
129036.1
129062.6
129077.2
129166.7
129174.6
129184.3
129223.6
129232.5
129268.3
129303.6
129310.6
129407.2
129459.4
129472.9
129481
129489.4
129537.3
129578.8
129657.8
129659.2
129691.3
129747.9
130081.1
141452.2
141592.9
147586.8
159081.2
159334.7
159481
159496.8
159564.2
159666.9
160019.4
161337.6
161355.2
161407.4
161532.4
162691.3
162812.2
162856.6
163047.1
166310.9
168653.9
168680.3
171239.8
172619.9
172859.3
172882.3
172957.2
173015.1
173057.4
173095.8
173170.3
173250.8
173332.7
173387.8
174388.4
174471.6
174514.9
174556.1
175429.3
177743.4
177787
177814.9
177837.7
178043.5
178073.6
178088.6
178100.5
178123.7
178160.7
178252
178257.9
178262.2
178283.1
178342.1
178350.8
178493.9
178536.6
178574.1
178577.4
178594.3
178646.7
178714.5
178803.2
178804.3
178805.4
178823.8
178829.1
178950.2
179039.7
179068.7
179090.5
182914.7
183748.7
183820.2
183848.8
183850.6
183890.4
183927.3
183929.4
183932
183946.6
184074.4
184079.5
184114.2
184149.3
184254
184472.7
186114.9
186205.2
186357.4
186391.2
186619.2
186712.5
186951.7
187365.4
187473.3
187655.5
187676.2
187689.6
188147.9
188287.8
188427.6
189400
190887
192193.2
192673.4
193009.4
193023.3
193153.3
193173.2
193224
193265.4
193436.3
193462.8
193465.1
193507.7
193586.3
194890.2
194927.3
211012.3
211247.4
211449.5
214410.4
214678.9
215006.3
215546
220807.7
221020.2
221151.4
221154.4
221160.1
221167.1
221203.3
221241.7
222757.3
222795.4
222839.4
222911.8
222989.6
223008.8
223016.4
223069
223077
223237
223315.5
223470.3
223511.2
223659.5
225345.6
225896.9
226099.1
226105.7
226126.2
226136.6
226178.2
226188.5
226370.8
227822.1
227932.5
228149.9
228522.3
228668
228836.6
228857.3
228870.8
228911.2
231654.4
231675.4
231696.7
231765.2
231772.6
231856.3
232543.8
239894.4
239933.8
240008.8
240010.4
240045.7
240062.3
240098.4
240101.5
240120.7
240165.1
240238.2
240241.4
243633.6
249472.8
249484.1
249614
249657.5
249870.9
250417.3
250637.4
250691.4
250710.7
250737.2
250747.7
250865.9
251251.4
252266.8
252292.6
252362.9
255973.1
255976.9
256123.5
256214.4
256363.4
256397
256423.3
256511.7
256530.4
256551.1
256633.7
256691.3
256732.3
256735.1
256794
256797.7
256829.8
256857.1
256882.5
256961.6
256972.5
257031
257080.4
257098.9
257137.3
257156
257163.5
257176.7
257184.6
257237
257239.6
257255
257288.2
257360.8
257452.5
257524
257527.3
257557.2
257581.5
257586.6
257591.4
257634
257634.6
257639.3
257662.6
257692.5
257695.1
257818.7
257836.2
257849.1
257861.1
257966.8
257978.2
258027.5
258030.9
258057.6
258102.1
258174.2
258309.7
258331.2
258385.5
258392.8
258401
258422.1
258440.4
258469.4
258487.6
258531.3
258566.6
258597.5
258785.3
258806.3
258879.8
259106.7
269324.2
269403.5
272725.4
272865.3
272912.6
272932.9
272944.3
272972.6
273026.5
273051.4
273077.8
274175.9
275691.5
276107.1
276163.9
276227.2
276348.2
276480.2
276503.1
276588.1
276719.3
276833.5
278124.6
279587.9
279600
279601.1
279646.3
279647.3
279737.2
280018.5
280428.2
286720.8
287028.1
287066.8
287195.7
287240.8
287260.9
287280.5
295476.6
295782.6
295788.1
295845
295899.7
295935.4
295940.6
295976.8
295996.7
296041
296080.2
296163.5
296169.4
296187.9
297613.7
297747.4
297857.4
297883.3
297922.1
299202.6
299292.2
299570.3
301416.6
301554.3
301557.1
301676.3
301687.9
301702.8
301876.6
301891.9
302061.9
302291.6
302476
302852
309111.3
309167.3
309357.8
309377.4
309424.1
309907.7
309972
310033
310129.7
310131.7
310464
310611.4
311403.5
311474.4
311515.5
311576.1
311590.5
311596.4
312275.8
312399.3
314919.3
315310.7
315597.4
320571.6
320618.8
320965.4
321630.7
321683.7
321772.6
322089.2
322308
322327.4
331451.6
331578
331854.7
331918.8
332024.1
332051.8
332065.1
332125.8
333892.5
333914.2
334030.8
334093.6
334825.4
334859.2
334859.7
334947.6
334950.2
335062.7
335123.3
336637.2
336780.9
336842.3
336911.3
341507.3
341694.2
341729.1
341927.5
342066.9
342188.9
342298
344339.1
344558
344826.4
344849.9
344853.8
344878.1
345071.5
345114.1
345295
345360.6
345402
346593.6
346642.4
346673.8
346714.1
346865
346959.8
347077.2
347088.3
347108.6
347369.2
348635.2
348752.6
348834.9
348868.9
348883.4
348981.6
349027.3
349048.7
353289
353421.7
353545.8
353572.8
353599
353628.9
353660
353740.9
353782.6
353794.9
353843.6
353868
354022.9
354047.4
354084.3
354116.4
354231.3
364838.7
365146.2
365213.1
365249.8
365306.1
365344.1
365385.7
365485.8
365499.7
365515.8
365526.6
365551.1
365571
365587
365597.7
365666.4
365679.1
365732.6
365775.5
365823.5
365861.9
365919.2
365927.5
366097.4
366370.1
366467.5
366545.8
366582.9
366754.6
366765.8
366852.8
366878.9
366912.4
366975.9
367065.9
367067.1
367096.9
367176.4
367193.2
367251.7
367316
367379.4
371672.3
372543.4
373429.9
373441.9
373446
373686.9
373692.7
373706
388321.5
419468.8
421016.6
421111.5
425528.2
425705.8
426037
426448.4
429800.2
429809.9
429921.1
430017.5
430196.4
430260.6
430326
430359.9
444735.2
444797.6
444856.3
444882.4
444889.8
444938.5
445257.9
445440.6
445920.9
448203.2
448393.3
448419.8
448433.4
448579.6
448582.3
449829.6
449892.3
449896.4
449992.2
450023.8
450024.8
450042.8
450111.1
450156.8
450180.8
450241.7
450296.3
450408.1
450431.6
450468
450503.1
450548.2
450549.3
450555.5
450563.6
451179.3
451327.2
451474.6
452267.9
454831.3
455233.5
455982.7
456161
456179.4
456222.5
458486.9
458559.5
458635.3
458739.5
458801.9
458882.5
458947
458960.1
458962.7
458964.4
459022.9
459029.2
459038.5
459061.3
459092.3
459142.2
459144.6
459191.2
459193.6
459564.8
459669.7
460330.6
460745.1
460757.9
460793.7
460873.8
460902.2
460921.6
460936.9
460946.6
461002.9
461007.3
461083.4
461119.8
461576.7
461609.9
462167.4
462436.1
462463.9
462555.4
462580.8
463219.9
463388.1
463526.2
464982.9
465470.3
465611.8
465631.7
465634.7
465749.5
466215.6
466219.4
468050.2
468186.7
468294.2
468447.4
468483.2
468534.3
468564.8
468813.2
469050.7
469237.9
469246.9
469341.8
469613.1
469640.9
479791.5
480960.4
509636
509790.5
509872.8
509901.1
510973
510976.1
511043.2
511260.8
511524.8
511551.2
511696.5
511769.4
511906.8
513915.9
517602.3
517775.9
517835.4
517943.4
518273.3
518300.1
518379.9
518493.7
518677.7
518686
518697.3
518697.7
518711.3
518758.1
518914.7
518933.6
518991.3
519238.9
519893.3
521604
521875.5
527528.1
527666.7
527740.9
527909.2
528685.4
528688.2
528915.3
528916.2
528951.2
528953.1
528967.6
529012.1
529087.9
529094.6
529366.8
529421.7
530681.3
530703.9
530789.4
530962.3
530993.2
531024.3
531725.1
531728.6
531738.6
531783
531790
531791.9
531846.1
531888.4
531907.3
531977.8
532030.9
532062.1
532100.3
532128.9
533258
533323.4
533331.9
533394.1
533428.6
533454.8
533537.5
533562.2
533622.9
534226.9
534806.4
535909
537041.6
537115.4
537163
537185.2
537250
537379.5
537445.7
537458.2
537581.7
537970.8
538092.5
538515.6
541313
547234.6
547408.1
547429.6
547546.5
547571
548573.8
548603.6
549628.5
549760.9
549782.5
549845.2
549940.9
549968
549977.7
549986.9
550061.5
550199
550251.4
550264
550289.4
550333.2
551682.8
551696.5
551785.2
551902.2
551953.5
559173.4
559183.9
559497.6
559683.2
559984.6
560100.8
560136.1
560147.9
560232.1
560298.7
560399
560437.9
560510.1
560567.6
560632.5
560884.1
561005.5
561068.3
561148
561806.9
561996.3
562037.3
562044.4
562056.7
562072.4
562350.9
562430
562431.4
562456.9
562469.9
562479.2
562496.2
562550.6
562588.6
562593.6
562803.6
562931.3
562978.5
562988.7
563045.7
563075
563087
563122.6
563150.8
563455.4
563498
563506.9
563525.9
563547.9
563699.5
563731.9
563921.4
565295.6
565315.7
565649
565676.5
565880.9
565925.6
566155.5
566741.6
566822.4
566870.6
566945.3
567663.5
567810.8
570960.7
572310.3
573481.3
573488.3
573874.4
573953.5
574233.2
574264.2
574373.7
574456.9
575224.1
575416.3
577440.3
577528.1
577539.5
577544
577548.7
577603.8
578519.3
578519.6
578554.9
578818.4
578869.7
578998.7
579083.3
579101.2
579101.5
579124.5
579131.9
579152.8
579158.2
579199.5
580822.9
580828
580870.7
580897.7
580901.4
580959
580959.2
581223.8
581499.3
581571.5
581613.5
581669.5
583227.8
583251.9
584059.1
585365.1
587922.3
588525.7
588721.5
588733.9
588815.6
590499
591473.6
591501.3
591564.9
591651.9
595053.3
595077.5
596379
596401.3
596415.7
596419.4
596433.4
596444.5
596452.8
596570.3
596572
596618.7
596998.3
597052.2
599061.8
599158.8
599362.1
599803.3
