1970.4
1987.7
2048.2
2089.7
2796.1
5061.9
5102.9
7335.6
7434.4
11005.8
11028
11070.5
11294.5
11721.4
12747.8
12764.9
12798.4
12875.5
12918.8
12949
13017.3
13089.4
13098.1
13098.2
13121.6
13232.7
13333.3
13418.1
13425.2
13692.4
13900.8
17197.6
20242.1
20363.1
20438.3
20448.6
20484.7
20595.1
21349
21495.5
22081.2
22277.2
22291.8
22331.8
30527.1
35053.6
35306.1
35405.8
35416.8
35433.3
35556.4
35623.2
38227.8
38299.2
38325
38369.9
38370.8
38442.2
38464.5
38489.7
38494
38516
38565
38569.1
38589.4
39376.4
40278
40602.3
40771.4
45321.9
50950.9
51090.4
51095.1
51252.1
53052
54866.8
62786.8
62901.1
62951.3
63056.9
63440.6
68542
68690.2
68861.4
68896.3
68947.9
68964
68970.9
68972.7
69068.6
70558.1
70728.4
71818.8
73805.4
76317.9
76351.1
79975.3
82487.1
82829
82884
86169.6
86526.6
86590.3
86845.1
86910.9
86992.6
87209.4
87382.3
87410
87561.3
87572.9
89809.5
89861.7
89937.1
89990.3
90112.6
90210.8
90298.9
90301.7
90422.5
90459.1
90496.9
90619.2
90640.2
92938.9
92993.5
93000.9
93016.6
93022.4
93069
93113.5
93114.4
93155.7
93224.8
93255.8
93294.3
93306
93367.7
93583
93619.5
93678.3
93689.8
93724.2
93795.1
93891.4
93907.3
93909.2
93918
93996.4
94038.4
94119.9
94301.8
94316.4
94336.8
94418.9
94744.6
94829.8
94892.3
94940
95022.4
95027.5
95045.7
95081
95231.3
95373.2
95433.3
95451.1
95490.6
95770.3
96105.3
96105.9
96166.2
96189.8
96253.2
96441.6
96456.2
96530.5
96545.8
96726.7
96756.1
96858.1
96945.1
96975
97049.2
97055.3
97113.7
97144.9
97168.2
97282.1
97352.8
97354
97582.5
97647.4
97705.8
97870.8
97885.6
97886.3
97933.4
97977.5
97978.9
97997.6
98058.8
98196.7
98305.2
98317.7
98381.9
98416.1
98425.5
98427.6
98435.5
98471.8
98533.7
98584.6
98610.3
98668
98692.4
98754.6
98825.6
98864.7
98888.8
98889.8
98922
98953.1
98994.3
99029.5
99147.1
99173.1
99242.4
99255.1
99348.3
99356.9
99443.6
99547.8
99579.9
99583.7
99637.6
99647.7
99802.7
99864.5
99999.8
100113.4
100134.5
100170.9
100182
100202.5
100216.5
100222.2
100249.4
100294.4
100336.2
100344.2
100347.3
100365.3
100494.5
100526.9
100537.9
100585.2
100706
100748
100753.5
100790.8
101089.9
101188.2
101192.4
101345.3
101348.4
101367
101371.2
101376.1
101409.7
101514.1
101562.5
101773.9
101774.1
101899.1
101913.2
101950.6
101959.8
101972.3
102005.1
102087.4
102219.1
102240.1
102276
102352.4
102382.1
102499.5
102571.6
102798.9
102864.1
102875.1
102879.4
102936.1
102940.8
102948.4
103088.8
103115.2
103117.2
103128.7
103159
103305.5
106582.2
106636.9
106643.8
106670.3
106711.5
106713.5
106792
106830.3
106858.9
106904.1
106912
106943.9
106954
107045.3
107126.8
107131
107165.1
108607.4
110898.9
111018.9
111043.2
111051.5
111057.2
111087.4
111108.6
111119.6
111137.1
111171.1
112456.8
112572.9
112620.9
112811.1
113030.1
113036
113127.7
116319.9
116473.1
116563.8
116565.6
116673
116689.5
116689.7
116714.4
116732.7
116777.3
116788.9
116821.6
116860.3
116869.2
116917.7
116987
117350.2
117589.1
117658.3
117667.4
117888.8
117891.5
118598.1
118625.8
118699.9
118713.2
118735.3
118914.9
124934.8
125581.9
125688.3
125926.8
126042.6
126338.5
126637.5
126688.9
126690.4
126695.7
126722.5
126755.4
126767.3
126771.5
126782.4
126833.6
126884.3
126905.6
126919.9
126958.9
126966
127052
127053.5
127119
127172.7
127199.2
127296.8
127300.3
127376.4
127706.8
127892
128011.5
133623.2
133722
133821.7
133855.7
133944.6
133954.1
134084.8
134155.8
134214.3
134221
134251
134256.3
134272.7
134428.9
134508
134567.1
134607.6
134962
135270.4
135289.5
135305.8
135464.4
135561.9
136027.2
136065.5
136109.5
136161
136613.8
136860.2
136866.5
137080
137248.9
137444.1
137681.2
137770
138148.9
138449.3
139109.3
139296.8
139473.7
139566.7
139584.1
139985.9
139990.9
140039
140043.8
140157.9
140182.3
140238.6
140261.4
140294.3
140312.2
140491.4
140509.2
140521.3
140539.7
140560.4
140571.6
140655.1
140681.1
140698
140907.4
141947.2
142579.1
145178.3
146655.8
147122.9
147673.2
147735.5
147981.3
148056.2
148552.2
148879.9
149035.5
149178
149401.2
150605.3
150822.6
150888.5
151392.5
151747.7
152307.6
152442.4
152670.5
154252.9
154773.7
154895.5
155011.7
155052.1
155121.4
155172.1
155225.2
155585.7
155734.3
155934.3
155951.1
156180.3
156990.2
157189.1
157369.4
157518.4
157660.3
157726.8
157907.9
158136.5
158283.9
158757.8
160204.4
160334.3
160943.5
161004.8
161138.3
161162
163163.8
163279.8
163405.3
163415.6
163545.7
163561.2
163590.5
163613.5
163745.8
163902
163975.5
164047.2
164144
164165.9
164178.6
164179.6
164241.9
164317.5
164712.8
167038.8
167061.3
167217.3
167228.8
167317.3
167418.5
167420.4
167508.3
168118.2
168161.9
168190.8
168191
168280.8
168299.5
168306.8
168432
168481.1
168518.9
168523.1
168578.3
169649.8
169750.7
169907.4
169946.7
170102.8
170373
170412.5
170439.2
170446
170545
170546.4
170573.4
170592.1
170615.4
170653.4
170662.5
170829.7
170837.1
170948.5
170965.4
171469.6
171706.8
172168.8
172253.9
172288.9
172311.6
173860.7
173983.4
174031.5
174082.5
174095.7
174164
174196.7
174209
174254.2
174282.2
174347.5
174510.3
174636.1
175145.1
177785
177893.6
177968.1
178076.4
178101.5
178123.1
178171.4
178179
178616.7
178618.6
178898.4
178944.4
178946.8
179037
179040
179094
179107.9
179111.4
179140
179153.2
179157.2
179194
179235.8
179257.8
181186.3
181458.6
181569.8
181797.7
183645.9
183878.3
183882.7
184038.7
184049.8
184325.1
184393.1
184488.6
184673.5
187961.8
188118.7
188192.2
188295.8
188321.8
188418.6
188431.3
188441.2
188448.6
188544.3
188551.6
188590.9
188640.9
188647.6
188691.3
188694.9
188735.3
188873.8
188972
190449.5
199175.2
199182
199706.8
199749.6
199764.3
199868.3
199968.8
200274
200655.2
200674.9
200855.4
200962.1
201076
201281.4
201425.9
201687.5
201837.2
202170.9
202591.4
202659.8
202748.2
202883.8
202900.7
203307.1
203418.6
203481.5
203515.9
203562.1
203569.8
203915.6
204417
204577.6
204729.3
204756.1
205401.7
205417.2
205434
205519.7
205527.8
205542.5
205558.7
205574.7
205637.1
205871.3
205977.2
205983.7
206052.5
206119.2
206294.5
206502
206558.1
207015.4
207315.5
207365
207397.6
207404.3
207581.4
207672.8
208349
209490.8
209542.3
209589.1
209662.2
209728.3
209775.3
209843.9
209865.6
209918.3
210051.5
210086.6
211544.1
211656.7
211663.1
211663.2
211778.9
211801.2
211803.7
211823.4
211846.3
211862.2
211869.2
211881.8
211942.1
211945.9
211969.5
211984.9
212051
213285.4
213674.8
213707.5
213746.3
213797.9
213800.4
213917.3
213947.6
213963.1
213999
214010.6
214019.2
214053.3
214062.8
218177.9
219618.6
223027.3
225068
225109
225327.6
225339.9
225404.8
226184.3
226449.1
226496.6
226664.2
226996.2
227000.9
227010.3
227033.7
227081.4
227111.8
227129.4
227253.7
227264.5
227364.9
227401.7
227413.4
227461.1
227490.7
227494.3
227515.7
227546.4
227740.6
227789.8
227988.6
228041
228108.5
228208
228290.6
228385.9
228474.3
228797.9
229152.2
229153
229155.9
229182.2
229276.7
229313.9
229326.4
229430.2
230204.3
230428.7
230453.7
230458.5
230520.6
231737.3
231791
231807.7
236362.1
240497.4
240499.8
240574.9
240582.3
240607.5
240758.8
240921.3
240927.7
241319.5
241671.4
242655.1
243062
243103.9
243160.9
246933.7
248313.7
248383.6
248401.4
248434.8
248492
248627.4
248653.3
248655.1
248738.6
248777
248800.7
248824.8
248841
248845
248985.9
249024.8
249036.3
249150
249176.4
249231
249310
249394.4
250368.4
250378.6
250418.8
250428.5
250475.6
250484
250542
250575.8
250676.1
250703.8
250724.5
250787.4
250844.9
250848
251029.6
251043.5
251517.9
252277.4
256189
256262.7
256295.1
256688.2
256903.2
257025.1
257313.1
257328.6
257443.8
257538.7
257637.8
257764.1
257819.7
258089.7
258119.2
258294.7
258467.6
258481.2
258484.7
258516.8
258663.8
258756.4
258829.9
258841.5
258924.2
259007.6
259082.1
259111.5
259117.9
259219.2
259268.3
259514.6
263392.8
263443.2
265105.8
265310.9
265365.1
265412.5
265553.3
265606.5
265612.4
265637.1
265779.1
265784.4
265804.4
265856.3
265867.2
265890.5
266020.2
266177.2
266259.4
266417.5
266420.5
266425.3
266447.3
266487.4
266663.7
266700.7
266843.7
267026.4
267055.7
267126.7
267208.2
267347.1
267461.9
267493.5
267582
267600
267637.7
267644.9
267659.1
267663
267736.1
267738.4
267745.4
267759.2
267842.7
267850.8
267859
267872
268012.6
268122.7
268136.6
268628.3
269903.4
269923.3
270093
270212.7
270236.5
273966.9
274066.1
274213.5
274331
274563.9
279323.9
279354.3
279367
279443
279479.9
279498.8
279575.7
279629.8
279636.1
279693.4
279697
279767.1
279771.8
280029.9
280171.4
282039
287066.1
287101
287206.5
287217.1
287264
287274.9
287303.4
287314.1
287322.7
287343.2
287391.8
287404.9
287447.2
287524.1
287535.7
287756
287766.6
287859.2
290394
290519.9
294462.5
294869.5
294994.9
296059
296371.5
296397
296480.1
296634.3
296958.4
297217.6
297567
297657.4
301401.1
301793.3
301988.7
302013.5
302060.6
302125
302207.3
302280.4
302311.9
302386.6
302464.1
302673.5
302739.4
302744
302883.9
302912.3
302930.4
302934.5
302971.3
303082.2
303090.6
303880.5
304079.8
304427.3
304453.9
304551.4
304867.9
304893
304901.7
304929.6
305037.9
305190.2
305211
305666.8
305760
305801.8
305811.6
308619.2
308635.8
308733.1
308768.1
308826.7
308833.2
308878
308884.2
308899.9
308950.9
308957.7
309023.3
309071.1
309125.2
309126.7
309241.3
309248.4
309251.8
309257.8
309267.5
309586.9
309770.5
309808.4
309940.2
310177.7
310332.3
310519
310813.3
310829.9
310841
312800.6
312888.4
312944.5
313042.6
313102.3
313115.7
313140.9
313141.3
313211.5
313291.4
313432.9
316150.2
316221.3
316230.5
316376.4
316461.4
316463
316467.3
316643.5
316827.3
316874.2
317014.1
317059.6
317117
317150.2
317184.6
317272.4
317406
317440.2
317507.5
317573.7
317577.8
317845.2
317998.5
318126.7
318196.9
318261.5
318285.1
318318.9
318492.7
318809
318922
319309.5
319462.2
319505.8
319649.5
319653.3
319887.4
319908.7
319915.8
320007.1
320011.2
320145
323019.4
323035.5
323082.6
323535.1
323536.5
323615.1
323694
323703.6
323849.1
323984.6
324025.9
324482.8
324735
324933.6
324952.1
324963.2
325080.4
325148.7
325385.5
326357.8
326490.2
326528.4
326555.3
326721.8
327857.6
328024.3
328537.6
328738.6
328772.7
328787.9
328801.9
328940.2
328977.2
328994.7
329033.9
329183
330579.7
334401.8
334482.6
334647.8
335549.2
335682.7
335772
335772.4
335881.1
335893.5
335911
336110.1
336342.4
336372.4
336461.4
339177.1
347850.5
347920.4
348032.3
348064.5
348100.8
348120.4
348130.3
348220
348234.6
348301.2
348303.6
353381.5
353864.1
353991.4
354061.4
354237
354248.9
354648
356378.6
358453.1
360173
362392.9
362567.6
362660.1
362795.5
363461.5
364455.1
364533.6
364632.3
364767.5
364883.7
364883.9
364977.5
365084.8
365569
365695.7
365699
369548.6
369624.3
369694.5
369850.2
369964
370081.6
370642.4
370708.5
370854.8
370856.5
371069.9
371233.6
371352.1
371610.6
371633.9
371680.9
371900.9
371936.6
372020.4
372059.7
372199.6
372245.7
372276.5
372277.5
372294.2
372385.7
372433.8
372456.8
372479.1
372533.8
372592
373653.3
373692.5
373906.9
382295.2
383025.4
383044.4
383080.8
383322.9
383419.2
384790.8
385153.1
393059.3
393185.1
394213.2
394386.4
394595.8
394661.2
394744.9
394862.3
394880.5
394950
395229.4
395243.3
395459.3
395543.5
395597.5
395627.7
396011.5
396249.7
396393.1
396614.9
396869.1
400631
400744.9
402062.8
402238
402597.2
402686
402867.4
402912.2
402944.1
402952.2
402960.8
403108.1
403131.4
403181.6
403403.9
403427.7
403554.5
403587.5
403599.5
403626.5
403723.4
403975.2
403985
403988
404013.3
404055.4
404087.2
404164
404373.8
404388.1
404491
404495.3
404553.8
410932.1
418441.9
418674.7
418763.9
418900.3
419349.3
419386.8
419697.4
419712.1
419751.2
419752.7
419768.4
419773.4
419845.4
419877.7
419892.4
419915.8
420061.1
420083.5
420108.9
420144.4
420198.6
420261.2
420390
420489.4
420491.2
420529.1
420540.1
420587.4
420606.9
423974.5
424031.2
424204
424428.9
424484.6
424535.1
424558.8
424618
424654.1
424713.2
424723.9
424796.2
424797.4
424824.4
424848.7
424886.2
425561.8
425767.8
425919.3
425919.8
426006.1
426099.9
426209.3
426244.7
426263.9
426330.3
426389.3
426390.9
426518
427787.7
427819
428000.6
428007.7
428042
428077
428211.4
428236.9
433059.1
433203.1
438652.4
439714.4
439738.8
446009.9
446106
446116.6
446128.2
446200.1
446236.8
446242.1
448963.5
449046.3
449049.7
450847
450861.9
450907.2
450986.1
451021.9
451031
451110.8
451157.1
454346.2
454392.4
454397.3
454457.4
454473.1
454492
454505.6
454575.9
454600.8
454652.1
454678.8
454970.5
455192.9
457564.2
460865.9
462864.5
463320.1
463498.5
465412.3
465508.8
465545.5
465633.9
465647.3
465653.5
465677.6
465684.1
465709.1
465767.9
465782.6
465864.4
465922.3
465948.2
465951.3
466001.5
466014
466036.9
466054.3
466054.9
466193.9
466261.9
466296.3
466312.4
466318.5
467229.9
468490.4
468502.9
468741.5
469146.8
469404
469975.1
474823.9
474870.4
474945.4
475013.7
475186.3
475227.7
475439.1
475483.9
475509.3
475591.8
475730.4
475746.8
475753.1
475802.5
475916.8
476043.2
476052.3
476068.5
476072.2
476143.4
476152.4
476165.3
476178.9
476218.5
476363.3
476388.6
476599.1
476634.4
476833.5
477026.3
477189.5
477214.5
477265.6
477399.2
477549.2
477575.7
477587.7
478042.7
478159.2
478214.8
478218.5
478366.8
478490.6
478633.8
478639.3
478648
478711.2
478808.5
478944.8
478949.4
478999.9
479030.1
479076.5
479084
479142.4
479208.1
479232.9
479256.4
479287.4
479303.5
479388.4
479401.7
479432
479515.3
479554.6
479698.4
479763.8
479768.9
479812.8
479814.1
479821.3
479849.2
479858.8
479925.5
479996.9
480120.2
480265.1
480294.4
480307.2
480416.7
480416.8
480425
480429.4
480500.2
480562.9
480572.1
480778.6
480787
480933.2
480945.1
481012.3
481072.5
481219
481275
481405.3
481451.6
481515.8
481538.3
481568.6
481643.2
481921
482192.3
482235.4
482269.4
482320.2
482397.4
482414
482531.4
486914.3
487556.3
491175.1
491220.1
491449.1
491489.1
491916
493300.6
493560
494184.1
494953.7
497110.7
505088.4
505377.6
505424.4
505454.5
505499.2
505583
506083.3
506093.4
506134
508294.4
508326.9
508367.9
508377.6
508405.6
508466.6
508557.7
508560.6
508605.1
508619.2
508652.1
508655.3
508718.7
508829.8
508904.3
508908.3
508951
508991.6
509018.2
509024.4
509082.8
509100.1
509154
509189.5
509235.7
509255.9
509474
509516.1
509522.3
509545.3
509556.6
509619.4
509801.2
509866
509889
509894.6
509958.6
510013.4
510145.3
510513.5
510607.2
510729
510744.9
510826.8
510940
511211.6
511253.4
511354.2
511363.4
511391.1
511393.3
511634
516542.9
516796.5
517718.8
517947.3
518392
518665.4
518733.7
518739
518835.6
518941.2
519022.5
519061.1
519137.9
519189.2
519227.7
519236.7
519314.6
519331.8
519339.1
519366
519372
519594.2
519694.4
519735.1
519742.6
519759.9
519794.8
519865
519938.9
520032
520155.3
520220.4
520234.5
520237.1
520317.7
520321.9
520347.7
520526.9
520734.8
520758.5
520938.4
521239.3
521348.9
521398.3
521417.2
521514.8
522000.9
523044.5
523684.2
524497.5
525070
527984.6
528244.2
528299.4
528355.3
528428
528450.1
528552.6
528564.5
528591.4
528638.8
528688
532422.3
532444.2
546788.5
547028.9
547073.1
547125.1
547126.5
547139.3
547272.8
547306.7
547317.4
547354.4
547499.5
547562
548849.8
548876.1
548977.9
549049
549084.6
549086.6
549140.2
549269.5
549272
549426.2
549584.4
550663.7
552352.2
552356.2
552367.4
552600.4
553080
553242.7
553269.1
553517.1
553591
553892.8
554024.6
554196.9
554463.6
554876.4
555280.7
555719.3
555928.4
556404.3
557845.1
558100.4
558177.1
558197
558351.9
558475.4
558698.4
558723.9
558783.2
558887.2
559083.9
564950.1
565018.9
565466.5
565688
566147.8
566557.7
566651.3
566657.4
570610.4
570663.1
570764.7
570828.9
572607.5
573264.1
573419.3
573423.9
574288.1
574325.2
574445.6
574511.6
574671.3
574714.4
575004.4
575038
575049.5
575166.2
575209.4
575299.1
575301.2
575348.2
575372.8
575393.1
575475.9
575504.1
575542.4
575589.9
577853.4
577869.4
577990
579931.6
580807.3
582526
582645.2
582789.3
582850.8
582980.8
583179.5
583269.5
583352.8
583462.3
583618.4
583719.7
583813.1
583865.7
583957.7
584081.9
584202.1
584355.4
584382.3
584616.4
584954.7
585194.1
585248.5
585266.4
585336.9
585366
585379.3
585467.4
585482.7
585518.6
585523.4
585565.3
585627.3
585714.2
588224.9
588253.7
588372.5
588433.8
588594.3
588710.6
588835
588848.9
589000
589171.2
589301.5
589794.4
590032.5
590124.3
590179.4
590180.8
590193.1
590266.2
590294.2
590316.2
590366.2
590373.3
590374
590440.5
590464.7
590589.9
590763
591371
591423.3
591442.2
591480.5
591504
591512.1
591527.9
591613.3
591617
591636.6
591703.7
591709.4
591821.6
592267.1
592376.6
593499
593634
593635.7
594320.3
594458.8
596101.8
596927.1
599502.1
599871.4
599943.1
