44.1
2139.2
2242.5
2253.9
2767.3
2876.1
2938.3
2998.6
2999.9
3061
3063.4
3064.1
3147.5
3155.9
3310.7
3355
3381.8
3423.9
3441.3
3459.5
3498.6
3531.8
3605.5
3788
3796.1
3803.1
3917.8
3929.3
3949.7
3981.2
4051.9
4083.8
7502.1
7567.5
7648.8
8044.3
8064.1
8166.6
8299.6
8316.3
8358.3
8372.7
8378.8
8389.5
8410.1
8574.6
9061
9130.8
9140.6
9261.2
9311.5
9477.7
9669.2
9708.6
9766
9822
9883.6
9909
9919.1
9943.3
10276.2
10376.6
10408
10472.5
10522.6
10563.6
10638.7
10661.7
10728.5
14643.1
14660.5
14798.2
15782.9
15837.9
15901.2
16003.4
16029.6
16084.9
16111.5
16238.1
16275
16288.4
16373.2
20221.2
20420.7
21009.5
21054.7
21136.6
21144.2
21189
21250.2
21487.7
29990.4
30091
30563.6
30754.5
31068.3
31135.7
31140
31145.5
31161
31213.3
31284.1
31323.2
31433.6
31540.2
31546
31553.8
31593.4
31643.9
32002.3
32075
32104.6
32198.8
32676.3
32846.5
32959.1
32960.9
33290.7
33301.8
33316.3
33328.8
33355.7
33760.2
33823.6
33975.3
35227.7
35294.6
35403.7
35522.9
35526.4
35578.5
35689.8
35692.1
36499.9
36731.7
36779.8
36781.3
36812.3
36827.2
36856.7
37072.1
37112.6
37182.7
37218.6
37218.9
37395.3
37580.1
37605.9
37612.1
37784.7
37860.7
37948.8
37965.3
37978.9
38038.4
38218.8
38805.8
38928.6
38940.1
39100.5
39135
39188.2
39211.4
39410.3
39491.3
39941.1
40007.9
40235.7
42328.2
42398
42405
42430.3
42447.5
42460
42501
42536.4
42644.4
45745.6
45932.2
45991.4
46002.6
46113.4
46348.2
46551.7
46803
47259.6
47334.5
47539.8
55455.9
56296.5
56384.4
56550.4
56616.1
59091.6
59235.9
59315.6
59385.3
59386.5
59485.2
59499.5
59512
59523.6
59525.6
59539.1
59564.1
59699.2
60780.9
60879.8
60885.8
60934.5
60982.6
61063.2
61126.2
61180.7
61222.6
61559.8
62481.5
62524.4
62623.5
62745.1
62789.3
65863.1
66044.1
66143.2
66272.3
66308.8
66351.2
66660.2
66726.5
66750.4
66901.8
66950
66987.5
67886.7
68065.9
69252.4
69257.7
69265.5
69268.7
69391.9
69430.8
69479.5
69734.1
70463.8
70482.7
70554.7
70589.1
70736.3
70920.2
74240.4
74543.8
76674.1
76700.6
76766.7
76792.2
76799.2
76828.8
76845.7
76901.2
76905.5
76979.4
76998.9
77013.9
77018.3
77061.2
77093.2
77221.7
77291.1
77305.8
77340.9
77380
77484
77626.9
80548.5
86476.9
87506.3
89580.8
89722.8
89775.9
89822.9
89842.3
89891.8
89969.3
90007.6
90095.7
90139.6
90160.5
90210.6
90431.6
90441.9
90442.5
91238.5
91299.1
91462.7
91495.8
91531.5
91553.6
91667
91673.9
91746.9
91792.3
91865.8
91913.3
92006.5
92012.8
104227.1
104523.5
104636.2
104652.1
104804.8
104821.5
104847.6
104854.1
104878.1
104900.7
104905.4
104910.2
104939.9
104950.3
104961.4
105079.4
105101.7
105108.3
105193.2
105251.9
105253.2
105257.4
105289.9
105292
105625.8
106867.7
107060.5
107062.5
107103.7
107162.5
107174.4
107178.5
107320.3
109637.8
110481.9
116395.5
116490
116509.2
116518.9
116566.3
116617.7
116667.5
116670.6
116774.6
116845.1
116849.9
116869
116932.3
117038.1
117425
117461.9
117608.8
117619.7
117637
117638.4
117648.1
117649.5
117693.4
117762
117771.2
117781.8
117790.9
117820.8
117862.7
117970.9
120323.3
122907.8
123224.6
124078.5
127941.2
127990.1
128109.7
128185.6
128195.8
128477.6
128493.7
128506.6
128538.6
128561
128598.9
128654.2
128657.2
128675.8
128724.5
128834.8
129828.8
129834.4
129935.2
129939.4
129979.4
129997.7
130001
130056.8
130182.4
130183.1
130340.9
130383.5
130398.1
130464.4
130596
130691.6
131488.4
133908.4
134438
140478.8
140524.7
140681.1
140704.5
140935.9
140963.3
140967.6
141008
141017.8
141080.7
141106.5
141134
141338.8
141441.1
141484.6
141488.8
141526.3
141528.8
141556.5
141556.7
141645.7
141681.6
141709.7
141721.2
141740.7
141764.6
141769.7
141838.7
141855.4
141959.7
141977
141978.6
142016.4
142186.5
142209.1
142263.2
142383.1
142442.2
142558
142566.8
142629.7
142680.5
142734.2
142769.7
142788.3
142805.2
142850.8
142930.6
143017.5
143135.2
143137.5
143192.1
143220.6
143328.3
143349.4
143364.2
143405.1
143465.3
143540.5
143582.2
143594.5
143607.4
143615.2
143669.2
143688
143689.6
143871.7
143876.4
143887.5
143939.3
143947.1
144021.5
144059.3
144107
144117.4
144166.8
144232.9
144248.5
144283.4
144285
144286.2
144304
144306.7
144314.7
144324.9
144347.3
144474.8
144508.5
144508.8
144557.4
144568.4
144672.4
144712.2
144737.3
144885.1
144938.5
145082.9
145382.3
145615.5
145698.6
145759.8
145882.2
145907.9
146003.8
146102.7
146225.6
146303.9
146673.8
146685.3
146917.7
147128.5
147229.6
147340
147570.7
148041
148062
148066
148302.5
148311.3
148459.8
148470.6
148942
149079.3
149293.5
149457.7
149547.7
149674.4
149732.6
150030.5
150182.4
150306.1
150330.6
150437.7
150699.2
150797.2
150856.3
152103.9
152119.2
152135.7
152472.1
152479.8
153236.1
153315.1
153572.8
153673.5
153760.1
154023.4
154133.3
154135.2
154311.4
155145.7
155712.9
155745.9
155854.1
155935.8
156211.8
156270.1
156435.1
156476.5
156525.4
156607.3
156812.3
157016.4
157528.4
157808.8
158246.5
158519.9
158728.6
158742.8
159142.6
159156.2
159176.8
159229.5
159312
159486.2
159560.8
159684
159707.8
159744.9
159970.7
159975.5
160083.2
160318
160546.2
160790.9
162967.9
164731.7
164793.9
164947.8
165278.6
165408.6
165592.3
165644.4
165756.8
165864.7
165922.8
165923.5
165925.4
165959
165998.3
166050.6
166192.8
166245.7
166278.2
166390.2
166448.4
166453.9
166565.1
166655.8
166661
166687.4
166749.7
166881
166951.7
166982.6
171809
171812.6
171845.2
171864.2
172067.8
172599.5
172667.3
172701.4
172749.3
172848.8
172922.7
172956.3
172989.7
173063.3
173070.1
173090
173130.2
173143.2
173149.4
173187.1
173204.8
173275.1
173285.9
173605.4
174520.3
178307.9
178524.8
182810.9
182902.2
182908.4
183034.3
183038.9
184110
184198.5
184483.5
184884.7
184916.3
184935.2
185231.3
185321.4
185363.1
192624.3
194260.6
194667.1
196118.7
196131.4
196321.1
196470.7
196948.5
197024.4
197049.7
197127.9
197363.1
197406.5
197580.1
197673.1
197714.2
197845.6
197923.6
198051.3
198053.3
198114.1
198131.6
198213.8
198222.8
198249.3
198291
198347.2
198476.3
198484.1
198533.3
198724.3
198735.2
198736.6
198768.6
198818.5
198822.2
198870.5
198945.7
198967.9
198993.7
199084.3
199157.6
199171.5
199295.3
203953.5
205430.6
205568.8
205901.6
205995
206029.7
206069.9
206713.4
210112.4
211612.2
211659.1
211789.6
211886.4
211897.8
211953.2
212004.8
212049.5
212051.9
212110.1
212260.8
212279.9
212280.7
212519.7
218036.8
219820.3
219823.4
220125.3
220464.4
220888.1
220931.6
220942.5
220947.7
221007.7
221145.7
221193.3
221194.1
221221.6
221235.2
221376
221722.6
222037.3
223089.6
225241.2
225283.8
225363.7
225587.4
225624.3
225645.5
225671.5
225735.9
225779.6
225783.5
231264.5
231398.3
234459.1
234960.7
235722.2
235893.4
235944.5
235971.1
236008
236240.4
236390
236396.4
238024.2
238842.2
239008.8
239046.6
239154.1
239276.7
239288.4
239307.9
239321.6
239345.9
239346.5
239350.8
239404.3
239407.8
239410.3
239412.8
239490.4
239676.7
239704.2
239712.7
239998
240238.5
240496.1
240856.1
240856.6
247367.4
247534.8
247550.5
247588.8
247631.9
247645
247745.7
247954.7
252275.9
252297.4
252553.7
252573.3
252615.7
252659.6
252742.7
252844
252889.9
252931.8
252954
252966
252999.6
253082.1
253092.8
253098
253250.5
253418.2
254136
254326.1
254546.3
254671.4
254726.8
254809.4
254979.6
254988
255011.3
255031.2
255109.7
255311.6
255368.6
255393.4
255395.7
258127.4
258847.8
258865.8
258918.9
258936.7
259032.8
259038.1
259158.1
259231.9
259288.6
259427.4
259519.9
259601.2
260177.8
260187
260382.1
260404.2
260406.1
260444.6
260459
260526.9
260536.4
260643.1
260704.4
260728.8
260768.2
260784.5
260855.6
260863.9
260906.2
260955.6
261022.2
261090.4
261091.8
261198
261250.1
261266.9
261287.7
261322.1
261384.2
261422.5
261474.9
261477.5
261549.3
261648.7
261693
261721.5
261724
261758.9
261842.4
261914.2
261919.6
261938.5
261984.8
262016.2
262058.1
262232.3
262275.1
262338.8
262376.6
262444.2
262488.8
262492.6
262825.8
262894
262985.7
262996.9
263060.7
263062.9
263066.5
263127.3
263129.8
263162.4
269158.5
269231.6
271094.9
271910.3
272002.7
272007.5
272261.6
272269.8
272441.8
272541.9
272573.7
272603.6
272701.5
278346.4
278562.3
278776.1
278810.9
278816.8
278831.2
278839.9
278847.8
278873.9
278992.6
282365.9
282569
282586.1
282607.6
282737.1
283813.5
287232.1
287331.9
287349.1
287598.5
287682
287715.5
287730.4
287751.6
287818.1
287851.5
287899.3
287929.8
287947.5
288115.6
288184.6
288296.6
288404
288539.2
288707.6
288842.8
288938.2
288964.3
289065.8
289122.5
289476.2
289495.5
289554.5
289600.5
289699.1
289900.8
289983.6
290212.1
290296.9
290519.4
290609.7
291108.7
291192.2
291475
291491.8
291978.4
292076.2
292402.2
292464
292558.1
292621.9
292632
292643
292686.6
292697.1
292784
292794.1
292898.9
292929.3
293085
293419
293494.5
293590.8
293715.6
294019.2
294032.3
294089.9
294298.5
294300.2
294514.7
294520
294573.3
294690.6
294695.7
294749.8
294831.9
294859.3
294933.6
294970.7
294981.4
295092.1
295102.7
295148.6
295163.2
295252.1
295468.7
304061.5
304589
304916.8
306525.8
306973.5
307081.8
307110.5
307221.1
307224.2
307251.2
307372.6
307412.5
307686.1
307772.8
307775.2
307846.1
307956.7
308010.1
308077.5
308077.9
308121.2
308230.3
308270.5
308413.5
308446.7
308475.3
308579.6
311562.8
311860.3
317241.6
323154.1
323458.8
323486
323503.7
323620.1
323624.4
323751.5
323787.3
323795.9
323811.3
323830.9
323858.4
323951.8
324020.7
324081.7
324140.6
324193.4
324256.5
324271.6
324396.8
324474.7
324535
324546
324618.9
324673.1
324719.3
324806.7
325020.3
325041.1
325056.3
325211.1
325234
325389.2
325485.2
327847.7
331331.1
333779.3
334335.9
338598.3
338708.7
339468.5
339523.2
339846.9
341552.4
342163.6
342196.4
342204.7
342224.7
342246.7
342252.4
342363.5
342481.1
342553.3
345815.9
348848.5
348934.1
351415.6
352006.9
352242.9
352628.5
354278
354318.3
354323.6
354336.7
354667.7
355458.2
356033.7
356376.3
356691.2
357204
357607
358450.2
358468.6
360146.3
360183.3
360380.4
360545.7
360649.3
360718.7
360797.4
361000.4
361289.9
361464.2
362142.4
362744.3
363484.8
363833.3
363919.5
363973
364602.5
365178.2
367759.9
367855.8
368052
368123.9
368216.2
368232.9
368252.8
368507.1
368556.8
368623.5
368932.8
368971.5
369439.4
369443.7
369496
369645.2
369645.9
369744.1
369827.3
369856.9
369858.1
369871.8
369922.7
369927.4
369946.8
369986
370004.5
370007.9
370025.3
370025.4
370112.5
370172.7
370225.6
370234.2
370288.6
370301.2
370311.5
370405.3
370478.2
370619.2
370741.2
370753
371004.9
371144.6
371227.7
371247.5
371267.6
371271.7
371272.1
371279.2
371297.5
371391.6
371416.6
371611.9
371619.5
371729.2
371770.6
371800.9
371809.8
371922.7
371941.5
371976.6
371989.1
371990.2
372015.3
372025.9
372121.9
372122.6
372146
372207.2
372241
372304.4
372386.7
372572.3
373080.6
376158
376258.7
376272.5
376431.2
376467.6
376594.4
376638.5
376745.1
376869.4
376893.8
376908.3
376936.8
377023.9
377033.4
377050.4
377054.4
377237.1
377320.4
377453.3
377594.5
377652.6
377708.5
378012.7
378030.9
378056
378065.5
378075.7
378090.4
378164
378164.8
378171.9
378200.6
378237
378796.4
379275.7
379688.2
379796.7
379802.2
380160.6
380180
380288.2
380304.3
380419.4
380501.4
380654.3
380737.6
380745
380758.3
380804.4
380809.2
380830.3
380948.8
381133.5
381283.4
381462.3
381476.1
381522.6
381537.6
381561.2
381600
381624.2
381659.8
381732.6
381753.8
381852.5
381874.7
381926.7
381931.2
381938.6
382016.2
382046.5
382141.2
382229.4
382304.7
382385.3
382388.2
382415.9
382448.3
382451.7
382503.9
382524.8
382699.5
382805.3
382822.2
382829.6
382928.2
383006.8
383045.1
383059.7
383113.7
383170.4
383293.1
383367.2
383380.8
383429.7
383433.4
383438.2
383462.3
383500.7
383535.4
383589.5
383651.3
383656.4
383666.3
383666.9
383687.8
383707.2
383739.7
383746.4
383814.2
383825.9
383864.1
383884.6
384012
384114.7
384150.5
384225
384229.7
384267.7
384273.6
384368.1
384382.9
384401.5
384557.1
384584.6
384711
384810.1
384866.3
384971.1
384988
385004.9
385072
385101.4
385103.7
385153.1
385194.2
385241.1
385252.5
385269.8
385523.4
385596.6
385734
385775.7
385780.5
385881.6
385889.9
385907.6
385928.3
386021
386046.5
386050.7
386108
386150.7
386243.4
386275
386291.7
386361.4
386399.6
386410.2
386433.4
386443.4
386451.5
386553.1
386556.8
386557.1
386641.1
386661.8
386704
386724.7
386729.7
386769.6
386892.2
387052.7
387135.5
387189
387198.4
387201.5
387205.3
387210.2
387215.9
387228.8
387253.7
387262
387279.1
387292.8
387333.2
387336.9
387364.6
387443.6
387506.9
387561.2
387570.5
387738
387750.6
387752.2
387803.1
387814.6
387819.1
387853.1
387879.2
387929.8
387955.2
388002
388010.3
388022.1
388083.3
388124.2
388145.2
388184.4
388253.1
388271.1
388288.9
388296.6
388380.5
388513.7
388516.3
388557
388616
388637.7
388770.4
388775
388820
388857.7
388862.5
388886.1
388937.3
388953.4
389146.2
389171.8
389243.4
389251.8
389282.5
389367.9
389376.7
389390.5
389422.1
389504.5
389507.4
389620.6
389631
389745
390153.9
391468.9
392045.4
392051.7
392054.5
392565.8
392708.5
392747.3
392852.6
392884.3
393005.9
393086.6
393119.4
393134
393167.4
393338
393382.6
393443.3
393550.1
393574.6
393775.2
393781.7
393865.3
394095.5
394448.2
394459.3
394522.9
394542.8
394548.4
394676.7
394718.2
394879.1
394942
395170.9
395176.2
395231.2
395232.2
395376.6
395634.3
395673.9
395693.7
395885.9
396016.8
396427.2
399557
399597.3
399804
399989.4
399991.5
400012.3
400067.8
400200
400208.8
400215.7
400248.1
400250.8
400272.1
400297.4
400302.7
400488
400496.8
400546.9
400566.1
400576.4
400576.9
400647.1
400647.6
400763.8
400824.4
400844.9
400928.2
400999.8
401025
401059.5
401062.9
401074.2
401147.5
401279.3
401309.4
401312.1
401316.4
401333.1
401397.8
401454.5
401601
401765.3
401780.5
401843.3
401920.8
401945.9
402000.8
402063
402174.2
402180.6
402237.7
402243.1
403063.3
403433.3
403886
404678.1
404688.6
404709.6
404734
404755.2
404816.8
404816.9
404896.3
404946.8
404962.6
404997.7
405003.6
405015.5
405036.9
405097.3
405108.3
405139.5
405343.3
405381.1
405398.4
405461.3
405542.2
405574.7
405581.9
405626
405697.7
405728.7
405903.4
405909.6
405993.5
405999.8
406031.6
406081.2
406090.1
406099.9
406112.9
406121.7
406284.2
406393.7
406509.5
406550.6
406618.5
406737
406778.9
406785.3
406884.9
406893.5
407010.4
407020.6
407038.3
407060
407065.9
407073.9
407087.8
407089.3
407281.3
407348.8
407435.7
407457.5
407480.9
407515.4
407600.1
407660.3
407724.2
407781.2
407786.3
407792.9
407834.4
407917.9
408012
408014.9
408024.8
408036.9
408047.7
408048.8
408134.8
408200.8
408252.4
408275.5
408279.1
408310.5
408323.3
408399.6
408413.8
408433.2
408443.7
408489
408514.2
408534.9
408548.5
408577.1
408582.1
408825
408856.2
408879.2
408884.9
408918.4
408969.8
408975.9
408976.7
409002.7
409055.9
409179.3
409228.6
409300.3
409385
409411.6
409488
409492.4
409503.5
409592.3
409626.7
409690.1
409739.9
409741.2
409749.8
409842.4
409889.1
409889.5
409926.8
409980.6
409993.2
410109.2
410123.6
410126.5
410303.1
410305
410344.5
410510.1
410517
410523.7
410525.8
410529.2
410597.1
410645.9
410695.3
410835.8
410870.1
410880
410918
410979.5
411071.4
411105.5
411118.6
411132.2
411144.9
411175.3
411188.2
411268.9
411304.9
411425.4
411573.6
411674.1
411690.4
411924.1
412019.1
412191.8
412439.6
412699.2
414754.7
415271.5
415616.2
415794.9
415890.6
415918.8
415961.5
416010.4
416194.5
416864
416908.5
416967.1
416968
417018.6
417244.1
417262.9
417405.5
417412.4
417517.8
417605.1
417607.2
418038.2
418086.9
420962.7
420968.8
420995.5
420999.7
421104.4
421173.8
421176.4
421224.7
421247.1
421252.7
421260.1
421298.1
421316.1
421319.8
421398.1
421405.5
421525.1
422211
423455.8
423733.4
424089.9
424187.8
424381
424384.7
424390
424441.5
424514
424545.9
424576.4
424633.1
424666.2
424688.1
424902.5
424976.1
424994
425062.6
428821.6
428848.5
428865.3
428979.2
429139.1
429212.8
429274
429297.5
429475
429526.3
429559.3
429771.9
429827.1
434389.1
435337.1
437114.6
445078.1
445192.6
445405
445454.3
445575.1
445738.9
445828.7
448365.2
449731.4
449791.6
449862.5
449981.6
450023.7
450115
450203.5
450474.1
450618
450757.4
454346
454446.5
454490
454502.2
454549.5
454564.4
454619.4
454666
454727.8
454733.3
454760
454770.1
454833.8
454953.6
454978.6
455057.2
455098
455098.6
455194.5
455197.6
455218.1
455445
455650.7
457943.1
458462.5
458682.1
458752.2
458811.9
458836
458922.1
458923.5
458982.2
459046.9
459128.8
459230.4
459279.5
459457.4
459737.6
459819.5
466795.3
466799.7
472773.5
472796.3
472806.7
472930.6
473081.6
473153.1
473163.7
473548.5
473579
473594
473608.1
473678.7
473713.8
474087.6
474112.1
474321.8
474443.9
474784.6
475473.7
476451.8
476567.5
476601.1
476658.4
476783.6
476822.9
476928.5
477016.1
477379.6
477435.8
477475.8
477519.7
477754.6
477981.3
478017.3
478055.8
486193.7
486242.9
486269.6
486323.1
486353.5
486638.8
486665.3
486675.6
486724
486768
486840.1
486919.8
486970.8
487017
487056.3
487057.8
487086.2
487195.2
487199
487322.7
487337.3
487343.1
487378
487385.8
487454.9
487458
487476.9
487577.3
487613.1
487619.7
487627
487753.1
487769.7
487790.9
487809.7
487832.1
487847.9
487862.7
487937.9
487944.3
487988.2
488018.3
488031.7
488092
488102.8
488138.7
488180.1
488182.3
488205.4
488220.9
488221.4
488384.4
488711.9
488716.7
488832.4
488919.9
488954.4
488990.6
489118.5
489237.8
489248.4
489260.9
489332.8
489397.8
489453.9
489458.7
489501.8
489528.6
489575.9
489613.9
489656
489661.1
489673
489692.6
489772
489816.2
489942
489952.2
489989.1
490036.9
490039.2
490078.5
490119.1
490124.8
490160.7
490200.5
490217.5
490233.5
490279.5
490301.2
490317.3
490355.4
490369.8
490382.9
490398
490407.4
490544
490652.5
490661.3
490752.2
490787.9
490865.2
490992.3
491024.8
491026.2
491230.6
491313.6
491375.7
491474.9
491674.9
491687.9
491986.1
492006.2
492227.9
492280.7
492666.9
492780.7
492847.2
492893.5
492965.4
492977.6
493032.3
493206.1
493305.9
493380.4
493580.6
493590.3
493629.9
493728.6
493775.2
493804
493805.2
493867.3
494312.9
494344.5
494386
494478.3
494481.4
494666.5
494707.9
494740.7
494953
495056.6
495088.6
495090
495160.8
495214.9
495217.1
495235.2
495239.2
495412
495471.7
495576.2
495658.1
495798.1
495817.8
495953.1
496190.2
496253.4
496288.4
496298.3
496384.5
496398.2
496562.9
496773.5
496789
496811.9
496875.2
496932.4
496985.9
497044.1
497284.7
497429.8
497527.2
497538.5
497670.5
497693.3
497783.9
497805.5
497817.6
497866.5
497899.5
497962.1
498017.7
498064.3
498085.1
498152.1
498238.5
498281
498293.5
498304
498392.7
498472.8
498550.7
498604.6
498735
498795
498854.3
498855.7
498904.4
498989.2
499134.9
499248.4
499266.4
499285.8
499326.8
499454.4
499455.7
499500.1
499544.4
499652.9
499723.6
499736.8
499741.2
499744.7
499874.1
499998.7
500083.5
500137.3
500241.3
500251.1
500324.9
500344.1
500493.6
500494.1
500534.2
500556.6
500566.6
500646.4
500863.5
500867.2
500918.8
500956.4
501020.7
501118
501241.4
501418.1
501545.2
501668.7
501753.3
501869.2
501882.8
501911.1
501993.5
502002.1
502006
502130.1
502249.5
502257
502338.1
502367.3
502586.6
502605.3
502674.6
502695.3
502697
502958.7
503101.6
503130.4
503164.1
503308.2
503402.3
503528.8
503536.8
503744.6
503813.3
503841
504139.8
504164.8
504284
504330.2
504366.7
504389.9
504403.3
504446.6
504539.4
504554.4
504669.6
504702.7
504910.9
505224.9
505597.1
505795.7
506136.6
506151.8
506173.8
506209.8
506257.8
506266.7
506373.4
506406.3
506475.5
506603.8
506627.2
506628.4
506642.7
506724.6
506834.4
506918.5
506944.1
507015
507122.4
507392.4
507473.9
507540.9
507586.9
507667.9
507734.1
507741.8
507775.8
507831.5
507833.5
507872.3
507933
507972
508074.6
511971.8
512137.5
512186.2
512501.5
516356
516688.7
518273.8
518377.6
520373.1
529014.6
529108.1
529182.5
529431.5
529560.5
529677.4
529735.9
529832.6
529899.7
529922.5
530156.5
530246.7
532980.8
533093.9
533154.7
533296
533305.7
533316.6
533349
533406
533494.8
533508.8
533676.1
533706.8
533867
534036.2
534143.4
534492.3
534661
534676.5
537681.3
537693.8
537755.4
538072.7
538412.9
538485.1
538511
538578.6
538802
538828
538877.6
538897.2
539136.2
541876.9
541900.3
542198.1
542252.4
542451
542467.4
542583.5
542667.6
542776.1
542831.4
542846.7
542933.9
542961.8
543049.3
543080.2
543085.4
543337.3
543391.7
543599.6
543661.4
543867.4
544022.7
544088.9
544363
544442.7
544618.7
544683.9
544720.4
544749.5
544797.1
544861.7
544935.9
545080.6
545255.9
545626.4
545641.1
545726.9
546016.2
546134.1
546202
546226.4
550526.7
550538.3
565374
565653.2
567221.4
567224.1
567237.2
567310
567399.5
567420.7
567427.7
571245.9
571371.4
571573.3
571675.3
571770.9
571797.8
571813.9
571838
571862.6
571894.9
571913.9
572014.4
572026.5
572097.3
572101.4
572212
572384.6
572417.1
573002.3
573236.4
573724.3
573796.6
573919.1
574010.5
577831.1
577853.4
577978.5
580115.4
582145.4
582490.7
582585.7
582586.6
582593.9
582656.7
582736.3
582903.6
582942.9
583171.1
583526.4
583630
583765.5
583958
584000
584266.8
584323.1
584349.1
584446.9
584451.2
584581.1
584608.5
584865.5
585084.3
585094.2
585212.5
585319.4
585323.2
585435.9
585482.9
585483.2
585644.5
585919.6
587232.1
587546.3
587594
588024.2
588066.8
590422.1
590616
595296.1
595329.7
595338.8
595410.9
595417.8
595493.9
595521.4
595556.2
595560.2
595579.4
595585.2
595600.5
595642.7
595644.2
595764.5
595779.8
595834.6
595920
597050.7
597347.7
598616.7
599102.6
599180.2
599328.8
599501.4
