2141.9
2217.1
2232.7
4126.7
4196
4247.2
4316.4
4491.3
4518.9
5095.4
5122
5199.4
7394.9
7427.6
7453.6
11225.6
11510.7
11512
11541.1
11657.4
11705.8
11727
11771.8
11798.9
11867.1
11916.9
11972.3
11989.3
12135.2
12280.2
12743.3
12898.1
13000
13061.9
13078.2
13158.7
13174.4
13179.2
13189.6
13204.4
13269.6
13362.3
13390.2
13460.3
13505.3
13532.6
13698.4
13769.3
13829.7
13890
13955.5
14316.4
15504.5
16863.7
17066.4
17164.5
17244.7
17287.7
20223.2
20242.6
20295.8
20305.4
20373.9
20511
20584.4
21430.2
21670.8
22174.6
24038.6
24607.8
28938.9
29025.4
29090.5
29102.7
29112
29327.7
29373.1
29374.1
29485.6
29502.1
29555.9
29682.9
29815.5
30033.7
30084.4
30178.5
30295.7
30391.8
30661.4
30956.5
35396.9
35482.4
35492.1
35523.1
35596.7
35616.7
35745.2
35795.5
38453.1
38461.8
38622.9
39469.4
40260.8
40375.5
40412.9
40565.3
40693.2
50632.9
50736
50801.8
50846.2
50912.4
50919
50935.8
50939.4
50942.8
52997.5
53490.4
53878.8
54131.2
54285.2
54702.8
54733
60248.7
61818.9
62324.8
62474.9
68138.4
68700.1
68702.9
68714.5
68830.8
68868.2
68896.4
68972.6
73873.5
75474.9
75714
75731.8
75872.7
75946.3
75968.5
75997.3
76104.9
84157.9
89644.6
89670.9
89708.8
89782.6
89813
89890.3
89948.3
89966
89985.7
90117.1
90233.4
90242.1
90275.6
90297.9
91310.6
91314.3
91489.1
93328.7
93412.7
93801.3
93825.5
93868.6
94625.5
94767.8
94846.9
94852
94852.6
94855.8
95028.4
95072.1
95183
95186.3
95322
95359.3
95384.8
95499.4
95600.5
95606.9
95664.4
95750.5
95761.1
95821.3
95833.5
95857.3
95865.8
95887.6
95929
95997.8
96044.1
96226.9
96236.7
96251.2
96298.7
96318.2
96325.3
96382.5
96426.2
96452.4
96517.7
96586.5
96616.5
96746.7
96771.2
96789
96839.6
96973.2
96973.7
96985.8
96990.8
97039.8
97123.6
97367.4
97445.4
97601.1
97602.9
97632.5
97641.9
97768.1
97782.5
97788.7
97801.3
98038.1
98081.7
98101.9
98130.5
98205.9
98216.1
98223.8
98309.5
98317.3
98325.5
98342
98356.4
98362.3
98589.1
98597
98623.3
98632.4
98642.5
98765.6
98801.1
99045.3
99107.1
99140.9
99193.9
99247.6
99258.1
99265.3
99288.4
99371.7
99398.6
99414.8
99851.5
99887.1
100478
100509.8
100581.2
100891.8
100922.5
101016
101224.4
101294.5
101298.3
101300.8
101371.2
101403.3
101445
101509.8
101512.4
101651.7
101655.9
101681.2
101773.7
101801.6
101831.1
102254.3
102311.8
102358.7
102558.1
102621.7
102767.7
103249.2
103266.8
103358.5
103418.7
103451.7
103461.5
103485.4
103516.9
103565.7
103674
103710.7
103745.1
103763.6
103896.2
103932
104088.4
104647.4
104928.3
106062.8
106770.3
107154.8
107162.6
107185.5
107235.8
107326.7
107345.8
107370.9
107387.7
107410.5
107512.2
107605.5
107611.4
107773.4
111077.6
111112.6
111143.1
111161.7
111472.3
113035.8
113053
113054.1
116404.5
116517
116577
116636.7
116676.6
116798.3
117786.9
117788.8
117827.2
117833.5
117836.8
117846.2
117870.6
117995.8
118627.3
118628
118694.7
118771.2
118838.7
119775.7
125482.5
125684.4
125969.6
126431
126498.5
126581.3
126581.5
126838.7
127017.4
127169.9
127228.2
127641.6
135467.7
135694.8
135822.8
136091.6
138393.8
138470.7
138711.1
139348
139484.6
139736.6
139957.4
139992.3
140566.9
140610.6
154202.6
158596.5
160778.1
161038.5
161042.4
161145.9
161192.2
161221.7
161222
161240.8
161356.6
162155.6
162255.4
163079.4
163117.3
163140.5
163151.4
163257.8
163305.2
163311.2
163365.9
163403.7
163512.9
163549.5
163588.8
163630.8
163647
163687.5
163771.9
163819.4
163852.8
163859.7
163869.6
163896.5
163932.9
164011.2
164020.7
164111.8
164123.4
164248.1
164272.6
164291.3
164310.9
164401.8
167303.2
167433
167564.7
167905.8
168072.6
168102
168167.1
168188.1
168190.8
168203.9
168213.5
168229.7
168247.2
168281.4
168318.1
168393.5
168409.7
168416.7
168421.2
168579.8
168633.7
168654.5
168805.8
168835.4
168853.9
169105.8
170520.6
170661.8
172161.6
172218.1
172282.6
172293.9
172307.2
172365.8
173667.4
173674.6
173693.7
173776.9
173818.1
173957
173963.7
174014
174062.4
174129.8
174213
174465.6
175815.9
176419
177509.7
177540.7
177559.5
177636.4
177700.5
177758.6
177769.8
177887.7
177910.2
178013.9
178043.9
178204.5
178230.9
178408.1
178471.1
178510.6
178563.4
178674.2
178683.2
178683.5
178688.2
178712.4
178726.9
178737.8
178838.9
178925.3
178958.6
178973.5
184436.8
184449.5
184515.5
184629.9
184645.5
184750.8
184917.5
184924.6
184973.6
185115.5
187620.4
187777.8
187891.3
187926
187970.3
187975.7
188005.3
188119.2
188129.9
188175.1
188176.6
188206.6
188240.9
188352
188390.7
188428.9
188437.3
188461.7
188483.1
188486.3
188489.5
188499.3
188541.7
188592.2
188597.3
188716.5
188748.2
188919
189314.3
190497.9
190535
193177.8
193436.5
193625.1
201184.6
201351.3
202020
202747
202910.2
203056.4
204181.3
204389.5
205454.1
205503.1
205548
206796.4
207064
207130.2
209393
209559.8
209599.7
209764.9
211639.9
211642.6
211716.3
211740.7
211743.9
211817.3
211828
211849.9
211997.6
212065.7
212819.2
213146.3
213354.3
213395.9
213479.7
213566.4
213610.7
213673.5
213681.8
213689.7
213690.2
213770.3
213821.5
213866.1
213931.8
213974.8
213999.2
214072.6
214134.4
214140.7
214194.5
214240.6
218487.1
219466.2
224358
224411.5
225256.2
225347.7
225448.6
227298.4
227458.5
229273.1
230417.1
230455.1
230582.4
230670.7
230672.1
230674.8
231523.3
231713.5
231736.4
231792.4
231794.1
232723.6
241519
242512.6
242619.8
242718.9
242732.6
242845.9
243283.5
243491
243714.4
243792
243831.2
243874.4
243924.3
248701.6
248825.6
248936.2
248963.8
248976.1
249060.3
249104.3
249207.2
249249.5
249273.3
249296.8
249301
249353.8
249552.2
249621.4
250571.7
250601.9
250728.2
250806.2
250886.8
250909.8
250977
250999.5
251015.8
251168.9
251180.1
251231.8
251254.8
251305.9
251368.9
251485.5
251492.4
251530.1
251552.3
251582.6
251659.7
251998.7
252031.7
252109.3
252141.5
252180.1
252260.4
252280.2
252323.3
259115.2
259250.7
259295.8
259413.3
259438.1
259483.1
259537
263338.6
263409.2
263416.6
263603
263608.9
263619.8
263632.8
263656.2
263701.4
265539.1
265663.3
265815
265950.5
266624.9
267069.7
267160.1
267204.8
267243.3
267252.8
267332.8
267415.3
267439.9
267477.3
267497.8
267503.1
267548.7
267574.5
267592.7
267598.6
267635.1
267711.2
267762.2
267776.9
267806.9
268053.1
268118.4
268123.3
268169
268205.8
268216.8
268268.4
268338.5
268382.6
269840.4
269884.1
270029.2
270122.5
273190.3
273209
273535
274164.3
274215.6
274232.7
274323.6
279141.1
279318.6
279347.5
279354.5
279561.7
279807.5
287381.1
287609.9
287614.3
287664.5
287719.1
287736.4
287808.6
287850
287894.4
287920.5
287946.7
287952.7
288004.4
288010.1
288014.9
288026
288050.7
288081.7
288082.8
288125.4
288291.8
288304.3
288337.2
288342.7
288373.1
288559.6
288693
288722.2
288899.2
288927.5
288957.4
289034.3
289126.8
289142.2
289221.7
289253.6
289277.8
289284.4
289303.6
289375.4
289391.2
289423.8
289443.3
289479.9
289609.7
289618.7
289812.6
289836.1
289887.7
289916.9
290047
290064.2
290244.9
290344.1
290348.6
290383.7
290528.2
290583.4
290667.9
290670
290992.5
291061.8
291068.9
291261.4
291525.4
291761.7
291781.4
291878.7
291892.6
291910.1
292178.6
292245.4
292489.2
292499.9
292531.9
292616.7
292787.3
292790.7
292843.9
293022.9
293051.5
293114.5
293118.5
293125.1
293249.9
293280.6
293339.5
293369.6
293470.8
293508.6
293516.6
293767.7
293912.4
293956.4
293971.2
294012.6
294061.5
294079.5
294155.6
294158.9
294234.9
294264.2
294314.4
294364.8
294421
294423.9
294446.7
294455.7
294526.9
294546.3
294591.9
294670.6
294708.7
294716
294754.9
294838.7
294854.6
294881.6
294948.5
295016.7
295099.2
295128.6
295159
295229
295238.8
295249.1
295278.8
300684.1
300689.1
300845.2
300900.3
301046.3
301231.1
301256.1
301329.5
301409.6
301480.1
301497.2
301515.8
301582
301674
301712.2
301753.3
301784.7
301852.1
301991.7
302099.4
302100.1
302241.8
302356.6
302486.6
302730.5
302783.5
302887.3
304214.5
305231.3
305553.5
308906.9
309024.8
309070.2
309075.9
309111.4
309148.6
309261.5
309319.4
309324.2
309357.6
309407.2
309414.8
309468
309476.5
309477.6
309485.1
309510.8
309586.8
309598.3
309625.5
309636.8
309678.1
309692.3
309786.9
309972.2
309981.4
309982.2
309997.5
310015.9
310065.6
310078
310233.9
310360
310373.5
310403.6
310424.4
310461.8
310484.7
310501.4
310538.4
310609.7
310654.2
310717.9
310808.5
311632.4
311734.5
312708.6
312731.7
312808.7
312814.7
312830.9
312876.7
312930.4
312936.4
312968.1
313045.3
313050.4
313091
313108.6
313117
313117.9
313211.7
313223.8
313302.7
316578.7
316797.3
316813.4
317441
317443.8
317492.9
317746.5
318101.9
318161
318289.5
318303.3
318346.1
318365.6
318892.7
318990.1
319353.5
319634
319946.6
320026.8
320061.9
320069.2
320170.1
320249.9
320307.4
320362
324074.3
324079.2
324639
325114.8
325155.7
325253.1
325264.3
325296.8
325318.3
326412.2
326415.8
326464.2
326530.2
326660
326665.9
333413
333560.1
333752.8
333771
334375.3
334632.9
335495.9
335694.2
335830.3
335924.1
336103.6
336147.9
336176.7
336204.8
336226.3
336562.8
338958.7
339327.4
340162
341126
350292.2
350532.6
350748.2
351217.1
354313.3
354357
354405.7
354492.8
354675.3
354749.8
354935.8
354942.2
364658
367776.2
367786
367856.3
368083.6
368088.3
368090.3
368100.7
368332.2
368336.6
368346.2
368416.2
368429.6
368438.1
368483.4
368506.3
368687.8
368741.9
368851.2
368912.4
369104.2
369113.6
369118
369175.7
369264.4
369329.9
369558.1
369568.6
369570
369662.4
369713.9
369748.3
369760.7
369766.9
369800
369838.1
369857.6
369863.4
369931.5
369937.2
369952.9
369957.6
370070.7
370109.2
370142.7
370313.2
370382.1
370568.7
370580.9
370711.3
370720.4
370721.1
370737.1
370739.6
370764
370802.8
370812
370897.7
370908.6
370944.2
371075.3
371084
371124.6
371154.9
371173.9
371201.5
371344.3
371426.2
371466.2
371469.6
371496.6
371538.4
371583
371599.8
371655.6
371789.3
371815.8
371816.1
371892.1
371917.9
372172.3
372208.7
372242.6
372317.5
373159.9
373321
373384.6
373489.6
373490.6
373491.2
373528.2
373571.6
373584.6
394309.3
394560.6
394772.8
395900.9
396886.1
402391.1
402403.9
402602.6
402646.8
402652.3
402925.1
403052.3
403097.1
403498
404219
404284.9
418051.5
418896
419121.1
419196.8
419306.3
419318.4
419405.4
419707.9
419838.2
420030.9
420209.2
420290.1
420588.4
420634.8
420738.9
424518.1
424747.4
425442.7
425530.9
425580.6
425602.2
425627.7
425890.4
425995.1
426032.7
426111.8
426134.4
426152.2
426178.7
426204.1
426204.2
426210
426261.2
426295.8
426338.5
426384.8
426468.5
426497
426497.1
426500.1
426632.6
426648.3
426670.8
426728.1
426755.6
426777.1
426888.2
427763.3
427799.7
427825.4
427831.9
427847.8
427866
427871.7
427961.3
428058.5
428108.6
430284.6
430494.9
445862.2
446131.3
448075.7
448104.8
448165.7
448180.5
449137.8
449143.4
450947.3
450952.7
451022.3
451087.2
451117.6
451218.4
451301.8
451357.9
451382.8
454456.8
454468.2
454523.7
454545.1
454576.5
454580.7
454598.8
454661.6
454737
455372.9
456962.4
457234.2
457521.9
457736.2
457746
457866.1
461445.1
461549.5
462073.5
462322.6
465159
465253.3
465283.5
465489.4
465641.1
465767.7
468036.9
468154.8
468206.2
468222.8
468226.9
468255.9
468332.6
468344.3
468367.1
468394.1
468403.5
468440.2
468480.4
468526.9
468596
468752.4
468761.9
468789.9
468834
468904.1
469055.7
469114.8
469118.1
469146
469159.5
469286.5
469288.6
469290.8
469304.5
469370.6
469392.4
469444.6
469520.2
469791.3
469792.4
469822.3
469911.3
469940.2
469967.1
469982.5
470374.8
475237.3
476720.7
477129.7
477250.9
479186.3
479265.2
479265.9
479343.7
479356.9
479421.8
479525.2
479558.9
479563.7
479598.7
479643.8
479653.9
479667.5
479704
479713.8
479731.6
479772.9
479791.9
479885.4
479888.3
479931.5
479948.6
479968.7
480020.5
480131.8
480224.8
480250.2
480277.2
480283.3
480284.3
480346.9
480417.9
480434.7
480487.3
480630.2
480678.3
480768.1
480787.9
480797.6
480826.6
480856.3
480892.9
480947.7
481002.2
481008.6
481074.6
481134.5
481137.8
481140.1
481221.5
481319.4
481412.8
481503.9
481519.2
481527.3
481670.9
481673.5
481690.8
481693.9
481746.7
481761.9
481795.5
481919.6
481954.9
482015.3
482055.2
482113.2
482124.9
482127.7
482180.3
482247
482286.3
482299.5
482329
482360.6
482452.6
482453.8
482626.3
482642.8
492600.5
505175.5
505633.2
505683.7
505716.5
508338.3
508600.1
508714.1
508970.9
509003.4
509027
509093
509156.4
509163.5
509331.9
509399.8
509404.1
509426
509514.5
509587.7
509598.6
509612.4
509626.8
509674
509718.1
509752
509752.5
509771.9
509896.6
509949.8
509957.8
510001.5
510079.5
510079.8
510156.2
510248.6
510249.8
510335.1
510434.1
510497.7
510521.8
510524.9
510539.4
510556.4
510559.8
510566.9
510618.7
510640.5
510651.3
510720.3
510822.6
510855.6
510865.8
510878.8
510902.1
510916
510938.8
510979.6
511007.2
511044.7
511093.8
511146.1
511177.6
511201.6
511254.3
511359.9
511427.7
511544.3
511553.4
511584.7
517407
517508
517530.8
517569.9
517592.2
517643.2
517687.8
517814.4
517845.4
517946.8
518058.7
518098.8
518211.1
518253.5
518479.3
518525.8
518639.9
518709
518735.1
518812.4
527599.3
527611.5
527957
527979.6
527993
528040.2
528113
528142.9
528170.3
528197.1
528220.5
528232.3
528247.7
528325.7
528338.5
528370.7
528387.2
528387.4
528466.2
528490.2
528519.6
528537.4
528587.8
528608.9
528696.1
528794.3
528824.8
528942.2
529081.4
537561.1
538183.9
538326.8
538474.1
538540.1
538661.4
538784.2
538850.2
538958.4
538996
540921.4
541020.5
541041.4
541236.1
541245.4
541678.3
541895.1
542232.4
542295.9
542345.4
547128.4
547368.1
547428.3
547487
547497.1
547554.4
547569.5
547578.9
547590.3
547649
547739.5
547810.9
548788
548892.6
549160.4
549260
549382.7
550273.4
552021.1
552147
552357.4
552408.2
552453.1
552753
552791
552842.9
553134.3
553447.3
553570.7
553584.9
553627.4
553696.4
553923.9
554017.5
554108.1
554234.4
554463
554521.1
554535.6
558372.3
558425.2
558522.5
558525.2
558531
558581.4
558599.3
558601.1
558619.6
558653.8
558736.4
558750.3
558938.2
558944.7
558971.2
558972.4
559077.4
559109.2
559123.6
565044.5
565082.7
565167.1
565168.4
565215.9
565258.4
565365.6
565667.5
566046
566270.3
566522.7
566603.8
575443.9
575482.9
575488
575499.1
575534.2
575576.7
575637.7
575734.8
577764.1
579471.5
579779.9
579917.3
582009.5
582326.3
582367.3
582401.1
582465.9
582495.2
582511.5
582529
582594.5
582698.4
582703.5
582811.3
582833.3
582837.5
582876.6
583643.5
583665
583794.5
584077.1
584183.3
584188.5
584214.4
584271.6
584353
584361.5
584494.7
584551.1
584616.5
584641.9
584753.8
584841.3
584932.7
584961.4
584982
585032.3
585067.5
585099.3
585149.1
585192
585412
586481.6
589936
590035.9
590133
590167.1
590177.2
590256.1
590276.4
590282.7
590306
590313.2
590413.9
590486.1
591202.7
591438.8
597613.5
599335
599454.4
599966.6
