1.2
20.8
570.8
700.7
1106.4
1115.3
1226.4
1282
1297.8
1393.6
2240.9
2242.1
2439
14130.2
14209.9
16033
16185
16286.7
23387.7
23524.8
23680.1
23803.7
31105
31525.6
31725.5
32858.5
32892.4
33203.1
33331.2
33575.9
34138
34213.8
34262.2
39049.8
39160.3
39308.8
39331.5
39349.8
39541.4
39546.4
39642.1
39786
39788.6
39826.5
39832.6
39879.4
39888
39934.5
39958.6
40039.1
40131
40235.6
40491
40738.8
47143.7
47373.8
47408.7
47475.4
47487.5
47513.4
47540.7
47555.4
47560.2
47615
47641.1
47770.6
47777.4
47823.1
47831.4
47860.5
47861.1
47890.7
47929.4
47974.6
47998.9
48007
48113.6
48122.1
48127.1
48188.3
48196
48987.6
49278.4
59299.6
59499.9
59504.8
59507.4
59550.6
59601.5
59608.8
59666.9
59731
59749.3
59771.8
59803.1
59829.1
60674
60794.3
60841.1
65750.1
65821.5
65925.9
66202.1
66327
66341.5
66395.7
66443.3
66455.9
66459.8
66556.1
66568.8
66643.9
66657
66683.2
66724.6
66751.3
66769.9
66926.3
67144.7
67193.7
67709.9
67950.3
68171.9
73233.5
73238.3
73956.6
74012
78312.4
78511.8
78613.4
78619.6
78749.7
78827.8
78923.3
78932.4
78934.8
79024.3
79041.6
79055.1
79149
79226.7
79247.5
79275.3
79280.3
79506.9
79532.5
79638.5
79748.7
79761.5
79837.1
79842.9
79855.9
79898.1
79910.5
79921.7
79934.5
79959.7
79968.4
79999.6
80004.3
80071.6
80087.2
80115.5
80248.2
80255.3
80443.1
80460.9
80471.6
80542.9
80573.8
80588
80600.5
80721.9
80769.3
80778.6
80780.7
80847.2
80928.8
80993.9
81188.9
81233.7
81284.1
81298.6
81336.1
81498
81599.3
82305.1
82665.1
82959.4
83008.1
83638.9
83793
83850.4
83910.8
83916.7
83919.4
83973.6
84071.6
84091.9
84104.9
84160.2
84205
84206
84241.7
84282.9
84503.4
89359.3
89403.1
89421.8
89577.1
89731.7
104607.2
104802.7
107470.9
107524.1
107723.6
109748.1
164609.2
165334.2
165432
165542
165615.5
165819.3
165904.6
165991.5
166098
166138.5
166172.4
166173.4
166191.4
166280.1
166335.6
166341.3
166455.1
166500.5
166511.1
166515.4
166516.6
166540.6
166569.7
166624.8
166648.9
166652.3
166692.8
166717.8
166723.4
166732
166778.8
166822.8
166836.8
166853.4
172842.1
173340.6
175631
175695.2
185148.6
185785.7
186207.9
186387.5
186593.8
186928.6
186932.1
186974.6
186977
187032.4
187032.7
187115.2
189532.5
189781.5
189860.4
190010.1
190047.8
190097.4
190114.5
190130.1
192778.5
192968.4
194162.9
194379.9
194420.6
194459.3
194476.1
194530.5
194773.6
194776.1
212921.7
213014.6
219519.3
219523.8
219603.5
219715
219768.3
219918.3
219996.2
220032.6
220087.8
220148.9
220178.6
220179.2
220430.5
220676.9
220710.5
221017.3
225664.9
225715
225772.2
225775
225876.3
225903
226043.1
226043.4
226044.7
252878.4
252970.1
252988.3
253213.8
253370.6
254100.6
254445.4
255073.9
255255.1
255551.7
255554.6
255571.7
255593.2
255645
255728.5
255820.8
255838.7
259387.3
259437.8
259588.5
259600.6
259733
267809.5
268461.4
268673.2
268755.7
268836
268878.9
269001.9
269034.9
269082.3
269355.9
269363.2
269440.7
269452.4
271800.4
271929.9
272214.6
272335.8
272459.5
272469.1
272509.1
272674.8
278779.7
278822.8
278898.9
278938.1
278967.3
279013.7
282764.4
282849.6
282886.2
282886.7
282888.3
282908.6
282914
283008.8
283048.2
283067.6
283072.1
283079.8
283103.5
283131.9
283145.5
283250
283301.7
283308.8
283531.3
283643.2
283697.9
283814.5
284124.7
284165.7
284457.2
284483.5
284582.3
284600
284625.7
284671.2
284814.9
284867
284885.7
284940.1
284975.6
285013.4
285044.1
285088.8
285115.4
285235.5
285272.8
285366.9
285379.9
285500.2
285544.4
285621.4
285629
285674.2
285787.8
285865.5
285894.6
285952.9
286006.3
286013.1
286106.7
286131.2
286173.3
286219.7
286235.5
286267.8
286303.2
286324.5
286342
286353.5
286355.2
286387.8
286500.3
286570.8
286885.6
287884.7
287919
288386.1
288579.8
288592.4
289026.6
289519.4
289805.8
289890.5
289912.1
290182.9
290190.2
290256.3
290574.7
290605.3
290623
290760.1
291131.9
291665.1
292326.9
292426.1
292494.4
292715.6
292812.7
293250.7
293379.8
293490.3
293512.6
293657.5
294134.8
294392.4
294415.4
294579.3
295345.1
295380.7
295548.5
295621.5
295637.6
295715
295740.3
295775.8
295802.3
295813.9
297891.5
297961
316854.6
317749.6
318864.3
319445.6
331296
341694.9
342324.6
342400
342912.7
342983.9
351168.8
351257.6
351319
351382.1
351454.9
351542.6
351552.3
351574.7
351605.3
352648.2
352727
352791.8
352797.2
352819.4
352891.6
352900.8
352919.8
352930.5
352954.6
352987
352994.7
353120.2
353121.9
354714.7
365303
365345.5
365655.6
365687.4
365718.7
365872.4
365954.7
365999.8
366028.3
366076.1
366086.6
366104.6
366151.3
366178.4
366392.5
366444.4
366594.8
366605.9
366677.6
366765.2
366829.9
366872.1
366878.4
366883.7
367000.8
367085.8
367150
367294.7
367298.1
367311.1
367333.4
367369.1
367379.8
367382.3
367423
367431.6
367464
367475.1
367488.5
367534.7
367673.8
367689.2
367702.4
367848.3
367983.6
369331.8
370168.2
371471.6
372191.8
372235.1
420959.7
421110
421190.5
421198.5
421271.7
421336.6
421341.6
421347.1
421372.9
421541.4
421871.6
422184.2
423766.7
424218.3
424394.7
424536.2
425037.9
425104.5
428687.9
428928.5
429022
429188.3
429254.1
429286
429332.4
429466.7
429614.2
429621.5
429638.8
429647.2
429718.6
429757.6
429788.6
429873.1
443173.4
444319.2
445041.2
445194.1
445281.7
445405.1
445670.7
449593.7
449780
449830.6
449834.5
449955.1
458131
458271.9
458636
458826.1
458933.1
458968.1
460205.6
460590.8
460977.4
461051.5
461053.4
461157.8
461374
461419.1
461512
461529.1
461645
461662.8
461676.9
461856.8
461922.4
462066.6
462343.5
462372.9
462504.4
463707.7
466645
511983.8
512059.3
512090.2
512110
512186
512197.6
512259.5
512273.6
512341.2
512430.6
515942
516275.4
529115.7
529138.2
529171.8
529194.2
529301.8
529302.7
529302.9
529342.2
529365.6
529556.8
529611.6
529638.3
529644.3
529698.5
529746.9
529759.2
529880.5
529882.4
529888.4
529917.6
530057.4
532642.7
532657.8
532723.1
533045.1
533156.3
535315.1
536361.5
536527.5
536639.2
536817.8
536985.7
537077.6
537117.7
537256
537316.4
537323.9
537404.6
537458.4
537487
537505.7
537517.8
537601.7
537618
537622.6
537668.6
537674.6
537744
537782.6
537814
537827.7
537854.2
537897
537899.4
538041
538054.5
538079.3
538103.9
538149.4
538149.7
538210.9
538232.1
538451.8
538488.9
538533.9
538540
538577.7
538730.9
538930.6
538959.3
539087.1
539117.7
539152.4
539197.9
539214.8
539411.1
540690.3
567044.3
567152.9
567248.4
567484.6
571343.8
571417.6
571451.4
571452.8
571549.4
571744
581719.8
581751.4
581850.7
581931
582546.2
585386.7
585506.4
585514.8
590851.5
590948.3
595096.3
595163
595201.7
595284.8
595332.8
595360.2
595555
595586.4
595632.3
595694.6
595724.7
595778.2
595863.4
595875.8
595879.4
595965.3
