12892.6
12898.5
12972.4
13191.1
13239.2
13290.3
13329.3
13350.3
13476.1
13512.1
13542.9
13793.7
13836.4
13879.8
13935.4
13968.9
14004.3
14164.6
14251.4
14301.3
14339.2
14516.9
14681.7
15094.1
15181.4
15217.1
15245.4
15465.7
15522.8
15570.6
15665.7
15722.9
16045.9
23623.8
24506.5
24991.3
25046
25428.8
25579
26576.1
26825.9
27141.8
27499.4
27508.4
27708.2
27728.9
27806.4
27907.4
28846
40137
40631.6
40759.1
67379.1
78910.6
78937.7
79681.2
80402.4
80546.1
80589.8
80720.5
80820.1
80962.5
81122.2
83827.2
83855
162227.1
162555.9
162666.1
162869.8
162916.2
162932.6
163112.4
163161.1
163161.8
163205.4
163361.3
163455.9
163480.4
163532.9
163693.6
163718.3
163720.3
163800.2
163890.9
163948
164075.4
164127
164237.5
164341.9
164342.2
164594.2
165401.1
165803.9
166934.3
167157.2
167157.5
167177
167179.4
167205.3
167406.8
167511.2
167903.7
168001.5
168179.4
168297
168493.4
168540.8
168555.4
168555.8
168588.3
168612.3
168636
168706.5
168726.4
168809.4
168843.2
168845.3
168868.4
168901.9
168980.8
169251.9
169627.4
169636.4
173429.5
173482.6
174023.6
174341.7
174366.5
174423.8
174429.2
174431.1
174466.9
174492.3
174532
174563
174568.2
174578.4
174689.7
174854.4
174896.4
175975.3
187168.3
187222.3
187223.4
187243.9
187263.9
187300.8
187361.7
187373.3
187432.2
187444.1
187463.4
187470.6
187471.5
187502.6
187601.5
187609.7
187630.9
187730
187745.9
187750.2
187764.4
187920.4
187925.6
187962.8
187980.4
188089.3
188185.8
188205
188236.4
188251.7
188274.8
188324.4
188359.3
188504.6
188537.3
188565.1
188620.8
188678.6
189617.7
190472
190644.5
190697.3
191707.4
220296.9
220783.5
222270.6
222443.6
222542.1
222719.1
222812.3
222865.8
222948.1
222961.2
222976.5
223045.9
223081.1
223093.2
223142.9
223222.9
223302.5
223361
223366.3
223448.8
223644.6
223710.6
223760.9
225211.7
225593
229562.9
229601.5
229814.7
229918.8
230040.4
230095.8
230132
230288.2
230586.2
251498.7
257243.6
269301.6
269978.1
271017
271961.1
287157.4
287516.6
287845.1
295934.1
297889.2
298090.6
298558.3
298814.1
298852.2
298864.6
298970.1
298975.1
299134.8
299190.5
299377.6
299395.9
299628.1
299658.7
299846.8
301269.8
335714.2
335748.6
335818.1
335889.9
336352
336355.4
336381.9
336615.3
336616.7
336657.6
336675.7
336825.6
336837.7
336843.3
336860.2
336879.6
336882.6
336917.2
336981.5
337042.9
337045.3
337048.5
337173.2
337199.3
337258.5
337409.5
337409.8
337429.5
337430.7
337511.2
337681.5
337924.3
337950.9
337972.4
338257.7
338368.9
338386.3
338436.9
339979.3
342704.8
342744.4
343197.8
347862.4
348031
348293.5
348518.6
348597.1
348649.6
348696.7
348764.6
348820.1
348956.1
348980.4
349143.3
349384.9
366620.1
421335.5
422428
422478.9
422491.1
422494.6
422553.5
423102.7
423182.9
423291.4
423636.3
424030
424416.8
425242.4
425307.1
425309.2
425456.8
425538.7
425563
425572.7
425640.7
425658.2
425747
425756.5
425756.9
425769.3
425769.8
425805.2
426002.4
426080.1
426088.6
426170.7
426175
426333.7
426403.4
426407.5
426486.9
426548.2
426573.6
426601.4
426625.4
426683.8
426708.3
426849
426905.5
426956.9
426973.2
426990.1
426998.2
427010.8
427118.1
427146.8
427293.9
427322.1
427397
427645.5
427650
427756.3
427759.2
427760.6
427811
427923.5
427945.7
428377
448857.7
449022.3
450315.5
457073.2
457266
457735.5
458210.4
458392.6
458516.4
458567.1
459688.4
459956.3
460145.3
460227.5
460229.6
460239.9
460319.5
460703.6
462893.5
463935
464025.5
513332.8
513344.1
513680.8
513712.2
513791.7
513823.6
513941.7
513955.3
514028
514044.9
514156.4
514629.6
514712.9
514749.1
515123.1
515199.1
515216
515304.3
515357
515418.7
515460
515659
515695.1
516082.9
516278.1
516338.7
516341.2
516425.4
516432.8
516734.5
532429.7
532669.9
533058.7
533085.7
534900.7
535016.8
535130.8
535145.2
535248.3
535254.8
535330.2
535342
535371.1
535376.9
535393.6
535555.7
535666
535696.3
535740.9
535750.3
535775.4
535806.9
535940.9
536077.4
536089.4
536313.2
536356.3
536374.6
536518.3
536771.6
536841.3
536886.2
536936
537217
537333.9
537810.9
538705.9
539333.2
539482.6
539544.2
539548.2
539566.4
539590.7
539640.5
539683.4
539780.5
539890
540615.5
540639.5
540841.6
541076.8
548109
548332.4
548480.6
548619.3
548686.9
548817.6
548830.4
549089.4
549231
549303.2
549427.2
549463.1
567625.7
567630.2
567736.7
567760.7
567761.5
567776.6
567776.8
567871.4
568071.3
568255.6
568607.1
568757.5
568810.9
569720.2
569987.4
570233.9
570364.9
570660.4
576200.2
576220.8
576389.8
576486.9
576494.6
576553.5
576747.6
576773.5
576788.6
576955.3
576961
576992.2
577079.6
577122.6
577151.3
577217.9
577269.7
577299.2
577328.7
577373.2
577374.8
577429.3
577460.6
577592.1
577606.7
577670.6
577710.6
577766.8
577933.8
579614.1
579660.7
579942.3
580015.9
580026.7
580077.7
580103.9
580149.9
580172.3
580234.1
580356
585880.9
585889.7
586582
586629.8
586913.6
587110.6
587141.3
587259.5
587430.3
587923.1
588008.5
588102.7
589630.9
589637.7
589710.1
589756.6
589757.2
589809.7
589811.3
589818.6
589853.6
589932.6
590014
590039.8
590063.1
590146.7
590190
590308.5
590397.5
590418.3
590747.2
590783.8
