2009.6
2527
2561.7
2650.5
4105.5
5348.8
5375.3
5412
5507.4
5610.6
6634.4
7624
8363.9
8532.5
8537
8580.1
8589.6
8602.9
8606.1
8625.3
8649.3
8713.4
8809.7
8826.2
9030.1
9230.9
9306.3
9371
9439.3
9519.1
9684.8
9767.4
9784.2
9791.9
9870.2
9957.5
9971.1
9974.7
10002.6
10064.3
10093.5
10136.7
10211.8
10513
13047.5
13234.6
13414.5
13492.1
13536.9
13568.8
13595.8
13605.3
13724.5
13745.2
13794.6
13890.7
13944.1
13976.5
14075.5
14125.5
14126.3
14173.7
14250.9
14492.4
14602.4
14604.1
14717
14753.5
14994.8
15022.5
15151.5
15417.7
15534.9
15561.2
15563.9
15667.9
15673.3
17355.6
17391.3
17481.9
17577.7
17607.5
17768.4
17787
17909.4
18043.8
18414.3
18471.1
18604.2
18619.8
18667.3
18856.8
19355.6
19682.1
20383.4
20412.2
20479.2
20523.9
20537.8
20543.3
20567.5
20696.2
20700.4
20701
20819.4
22935.1
22937.7
23137.8
23358.8
23466.4
28519.3
35066.4
36270.8
36589.1
37396.8
37403.3
37557.7
37773.3
38131.5
38215
38222.9
38246.6
38259
40099.3
40148.5
40189.7
40374.9
40401.8
40409
40497.4
40599.7
41573.6
41712.3
42684.9
42690.8
42763.6
42919.7
43141.8
43156.9
50301.3
50517.9
50648.9
55259.1
55293.4
55505.8
55541.5
55560.6
55566.8
55607.1
55679.7
55687.8
55714.3
55741.2
55886.3
55901.2
55960
55974
56030.5
56032.5
56041.8
56083.9
56090.5
56121.8
56146.8
56153.7
56194.5
56248
56316.9
56369
56954.4
56997
59461.1
65315.8
65325.7
65382.5
65652.5
65688.7
65693.6
65791.2
65844
65846.6
65880.2
65881.4
65893.4
66146.9
66250.1
66468.3
66554.6
66579.9
66816.1
67053.5
67074.5
67089.1
67144.6
67477.6
67537.7
67567.9
67572.7
67634.4
67643.1
67673.4
67685.9
67760.5
67766.2
67772.1
67811.6
67830.9
67969.3
68013.7
68094.2
68129.4
68267.6
68466.4
69258.8
69409.2
70064.8
70182.1
71633.5
76223.5
76373.4
76653.4
76966.5
77809.2
77822.3
77886.8
77945.1
78275.6
79723.4
82670.7
83009.6
83249.2
85325.5
85387.1
85481.6
85511.4
85572.1
85630
85678
85730.2
85765
85963.2
85981.6
86029.7
86188
86237.3
86281
86293.8
86304.9
86316.1
86331.2
86393.6
86431.9
86457.5
86479
86501.5
86521.5
86525.5
86568.9
86615.6
86619.8
86650
86672.7
86687.3
86771.9
86781.4
86781.9
86837.4
86843.4
86880.2
86919.5
86971.4
86983.7
87050.2
87066.4
87092.3
87105.7
87144.1
87191.1
87311.2
87414.4
87432.6
87446.1
87483.2
87502.2
87508.2
87521.1
87527.6
87537.7
87551.7
87646.8
87669.4
87674.5
87753
87753.8
87838
88109.4
88342.9
88475.3
88590.8
88605.3
88651.8
88673.8
88782.7
88924.6
88974.8
88977.3
89040.1
89041.1
89046.1
89085
89150.1
89984.2
90541.5
90615.6
106170
106231.6
106311.1
106329.2
106393.7
106416.5
106468
106517.4
106541.9
106621.3
106794.9
106872.2
107839.8
107912.6
107951.7
107965.3
108115.4
108188.3
108197.9
108285.6
108287.4
108402.4
108444.4
108505.2
108513.4
108549.1
108610
108635.4
108674.6
108698.9
108750.4
108762.1
108892.3
108901.7
108935.3
108978.4
108996.9
109010
109040.8
109083
109097.4
109196.9
109238.7
109270.6
109325.9
109327
109372.8
109471.8
109501.3
109509.9
109543.8
109597.3
109670.3
109935.9
110155.8
110206.1
110686.9
110760.9
110814.9
110856.8
110960.4
113268
113364.3
114807
114999.6
115362.5
117860.7
117950.2
118031.6
118033.3
118050.4
118075
118139.4
118168
118186.7
118209.1
118216.6
120639.5
120807.5
120825.1
121076.1
121136.4
121265.1
121354.5
121475.3
121599
121605.1
121606.8
121683.4
121712.4
121716.7
121742.6
121791.1
121847.8
121868.2
121893.4
121904.5
121917
121949.5
121998.3
121998.9
122047.6
122079.3
122120.6
122139.6
122159.3
122178.3
122363.7
122376.5
122417.8
122586.8
122666.9
122704.2
122747.4
122760.4
122795.4
122816.3
122818.9
122935.2
122954.4
123167.9
123185.3
123280.9
123397.2
123404.9
123474.4
123505.1
123519.5
123550.8
123592.7
123628.5
123637.7
123644.4
123666
123723.3
123744.8
123777.7
123803.1
123805.9
123910.5
124051.2
124081.4
124131.5
124211.7
124219.3
124253
124272.4
124286.2
124301.2
124376.3
124557.5
128440.7
128624
130221.7
130377.7
130611.8
130880.1
130883.8
130886.1
130933.4
131114.3
131161.7
131256.6
131341.7
131345.3
131362.6
131408.3
131472.3
131478.6
131566.9
131872.9
141554.9
141841.1
141984.8
142286.2
142746.1
143066.8
143722.3
161395.3
161480.3
161714
161805.8
161847.6
163627.8
163854.5
163910
164146
166349.3
166592.2
166902.3
168140.8
168234.7
168529.2
170703.3
170736.2
170745.5
170843.7
170953.6
170954
170984.5
170991.1
171022.7
171030.1
171048.2
171093.8
171105.4
171134.4
171158.4
171160.9
171226.3
171232.2
171297.3
171404.9
171408.2
171464.4
171504.1
173496.9
173566
173584.6
173626.7
173630.1
173680.1
173833.5
173854
176980.9
177123.4
177409.4
185941.7
185975.5
186276.4
188494
188594
189530.4
189710.4
189774.8
189786.2
189786.4
189896.1
189924.3
190188.5
190305.3
190331.6
190349
190421.8
190454.7
190481.6
192800.1
192808.5
192937.3
192974.9
192987.5
192992.8
193800.4
194049.2
194294.9
194439.9
194668.3
194873.9
194897.7
195954.6
196053.7
196091.3
196172.6
196224.6
196328.6
196362.8
196460.7
196478.6
196478.9
196521
196567.9
196581.9
196586.6
196703.9
196816.4
196819.8
196874.6
196933
196987.5
197013
197083.7
197141.5
197161.8
197235.1
197264.7
197436
197518.1
197577.8
197722.7
197832.3
197851.3
197919.6
197920.7
197938.3
197958.6
197993
198017.9
198032.3
198132
198250.9
198287.6
198421.5
198485.5
198506.4
198526.6
206381.1
210673.7
210683.2
211370.8
211702
213100.1
214465
214597.2
214608.2
214680.6
214682.5
214725.8
214801.2
214831
214980.6
215099.9
215141
215143.1
215206.4
215213.7
215346.9
215447.8
215454.3
215558.5
215994.6
216016.1
216106.5
216674.2
216870.8
217018.9
219901.4
220007.6
220044.7
220104.6
220169.3
220371.1
220416.7
220441.9
220545.8
220584.2
220600.8
220601.1
220610.7
220630.7
220643.5
220651.7
220746.7
220815.7
224636.8
224813.1
224919.1
224961.1
225015.4
225099.8
225124.6
225166.1
225173.7
225335
226093.8
226211.2
226261.5
226415.5
226540.8
226550.5
226568.4
226636.8
226760.2
226831
226979.9
227043.8
227192.8
227566.2
227632.4
227632.7
227684.3
227697.1
227708.4
227763.9
227802.6
227869.3
227989.3
228001.1
228044.8
228059.4
228137.9
228184
228234.7
228320.4
228361.6
228383.1
228391
228393.3
228402.4
228422.3
228632.1
228711.5
228760.1
228819.4
228821.4
229028.5
229051.9
229190.3
229227.6
230074.9
230214.4
230231
230242.5
230258.3
230281.4
230327.9
230398.6
232739.2
233946.2
234325.7
234828.6
235032
235172.4
235209.5
235251.9
235298.3
235302.9
235343.7
235403.1
235415.4
235518.1
235600.8
235689.1
235720.6
235798.5
235818.8
235874.8
236157.1
236190.8
236305.4
236349.7
236466.4
236658.5
236763.4
236776.1
237116.1
237767
238061.9
238173.6
238188.5
238200
238208
238320.1
238370.4
238404.9
238677.1
238706.7
238756.1
238852.1
238853.8
238955
238962.8
238998.7
239430.8
239644.5
245212.6
247590.6
247675.6
249713.7
249793
249848.1
250009.3
257058
258137.2
258272.1
258297.7
258791.9
258823.6
260071.8
260111.2
260218.3
260320.1
260350.4
260363.9
260396.7
260706.7
269063.4
269289.9
269479.4
269515.2
269557.6
272306.1
272667.3
275810.5
276496.9
276650.9
277038.9
278967.1
287012.6
287103.1
287202.8
295795
296442.5
296443.8
296453.2
296453.9
296484
296521.5
296592.5
296632.2
296697.6
296981.4
296988.9
297067.1
297142.7
297250.2
297285.7
297295.2
297395.3
297501.7
297530.8
297531.8
297542.7
297580.7
297625.1
297629.5
297743.4
303538.2
305192.4
305276.8
306170.2
306370
306431.1
306446.7
306523.5
306647.8
306666.7
306683.6
306715.2
306761.7
306782
306832.4
306847.6
306901.9
307046.2
307254.5
307382.7
307453.9
307514.5
307569.1
307606.4
307633.4
307786.2
310501.3
311432.4
320291.7
320388.2
320449
320517.7
320521.2
320620.9
320654
320674.7
320677.6
320703.8
320719.9
320865.2
320924.5
321431.4
322218.1
322334.6
322371
322540.8
322643.6
325335.7
325360.6
325381
325408.9
325415.3
325427.2
325444.4
325456.5
325509.6
325602.9
325607.5
325655.2
329341.6
330512.1
330568.7
330606.4
330716.7
330931.5
330969.7
331145.3
331152.6
331157.3
331179.2
331223.3
331229.5
331270.4
331272.8
331289.6
331317.6
331322.6
331349.8
331357.6
331416
331433
331517.7
331540.9
331563.8
331604.7
331641.2
331715.8
331746.1
331791.8
331831
331862.2
331914.9
331958.4
332025.8
332068.5
332149.4
332973.7
333249.2
333284.9
333299.6
333321.3
333332.1
333370.2
333399.3
333492.7
333549.6
333588.7
333662.2
333666.9
333668.5
333692.3
333765.9
333898.6
333925.4
334007.1
334068.2
334086
334512.6
335930.8
335940.6
335977.8
335988.1
336026
336126.2
336186.3
336214.5
336250.1
336281.2
336332.6
336353.9
338239.3
342400.2
342414.7
342664.4
342682.7
342731.5
342803.9
342846.7
342957.3
342962.6
342993.3
343037.9
343071.9
349497.8
349923.4
350293.4
350302.7
353533.3
353678.8
355452.3
355567.3
355590.4
355614.5
355691.9
355786.4
355823.5
356360.1
356538.4
356542.9
356574
356578.5
356628.5
356861.5
356913.7
357006.6
357025.9
357139.4
357237.4
357367
357403.2
357430.1
357465.6
357479.5
357489.1
357501.6
357631.2
357832.6
357910.3
358008.1
358120.4
358122.7
358186.4
358188.9
358197.9
358235.1
358430.8
358433.7
358445.3
358520.3
358572
358667.3
358671.9
358678.6
358806.4
358912.7
358936.7
358938
358955.1
359067.1
359097
359103.3
359238.4
359252.1
359254.3
359449.7
359532.9
359763.5
359775.5
359887.1
359919.8
359939.5
359947.3
359963
359992.7
360041.6
360105.8
360112.7
360264.1
360319.1
360338.9
360413.3
360656.1
360679.6
360699
360905.6
360913.8
360919.4
360991.6
361028.2
361137.7
361178.7
361205
361254.9
361259.7
361326.8
361331.5
361448.1
361479.2
361576.7
361623.3
361759.9
361843.4
361992.3
362116.5
362170.9
362269.5
362283.4
362301.1
362413.9
362438
362448.9
362469.9
362839.2
362929.2
362936.1
363114.6
363124.7
363168
363240.8
363257.7
363273.6
363280.9
363550.6
363572.5
363630.3
363641.8
363643.4
363691.2
363765.6
363856.7
363937.5
364016.4
364067.5
364136.3
364155
364293.8
364557.6
364693
364734.8
364763.7
364816
364844.6
364879.4
364942.3
364963.2
364975.5
365080.4
365100.7
365162
365313.8
365379
365584.9
365645.3
371712.7
371881.4
371885.3
371896.9
371916.5
372685.7
372705.1
372734.3
372748.9
372866.5
372887.2
372938.3
374590.1
375897.4
375937.9
376253.2
376333.4
376344.6
376929.4
377547.1
377632.2
377783.1
377814.6
377826.3
378075.7
378516
378774.2
379142.9
379159.5
379332.5
379426.3
379658.6
379664
379709
379768.7
379839.1
380002.7
380026.6
380168
380203.8
380258.6
380320.3
380700.7
380848.6
380945.8
381400.2
382576.8
383047.4
383272.4
383511
383794.5
384620.8
384751
385970.4
386437.6
386724.4
387748.5
388472.9
388971.2
389419.9
389520.3
389521.4
389587.2
389680.6
389769.2
389857.4
389893.1
389906
389990.7
390101.6
390116.6
390162.8
390196.7
390222.5
390239.8
390277.2
390332.8
390350.8
390447.2
390462.9
390591
390609.6
390650.1
390693.6
390854.4
390865.3
390882.1
390957.9
390972.1
390978
390992.6
390995.1
391039.8
391046.7
391047.2
391056.5
391163.9
391184.2
391232.2
391289.8
391347.2
391371.5
391431.2
391469.9
391546.3
391632.3
391636.6
391643
391707.5
391714.7
391717.6
391796.2
391854.8
391881.3
391976.7
391979.9
391999.5
392056.7
392059.7
392067.6
392126.2
392163.8
392177.8
392342.7
392381.6
392428.6
393057
399135.4
399242.3
399489.7
399510.3
399558.1
399626.9
399717.7
399759.2
399768.1
399772.2
399779.7
399792
399792.5
399806.2
399809.8
399811.3
399816.1
399817.7
399927.2
399933.5
399964.4
400012.5
400103.3
400788
400865.5
401184.3
404870.1
405039.6
405135.1
405159.1
405481.5
405548.2
405599.2
405625.7
405770.4
405771.9
405828.9
405871.2
405874.7
405880.6
405890.8
405957.4
406085
406085.4
406098
406222.3
406227.2
406328.6
406387
406427.9
406492.5
406544.2
406633.6
406714.5
407264.9
408539
409058
409504.8
410975.8
411676.2
412027.9
412059.2
412074.4
412191.7
412196.2
412215.4
412228.1
412242.9
412328.8
412332.6
412351.2
412352.9
412367.3
412398.6
412426.4
412434.2
412538.4
412605.3
412626.8
412719
412742.1
412745
412763
412820.6
412832.7
412854.9
412867.5
412886.7
412992.8
413006.5
413020.6
413032.3
413053.6
413176.2
413186.5
413287.2
413353.9
413455.2
414730.4
414741.5
414807.6
414943.9
415406.2
415579.9
415605
415665
415792.8
415796.9
415842
415866.8
415879.1
416053.2
416058
416132.1
416163.7
416212.7
416223.9
416225.8
416236.7
416349.7
416399.1
416704.1
416912.6
416948.9
416981.6
416982
416983.3
417013.6
417019.3
417072.3
417204.5
417258.6
417271.8
417285.6
417351.7
417376.6
417467.2
417474.5
417495.2
417566.8
417770.9
418028
422985.9
423680.2
423749.3
423944.1
424451
424769.9
425703.3
425756.8
425810.2
426482.9
426767.6
427831.1
427882.4
429691.6
429748.5
430017.5
430027.2
430053.2
430061.4
431994.5
432063.5
432306.8
434774.4
434822.6
435805.6
442218.8
442522.9
442674.2
442722.5
442784.2
442878.2
442964.3
443489
443520.5
443689.2
443829.9
443911.5
443953.5
444317.2
444437.2
444551.9
444555.7
444611.5
444679.9
444690.5
444797.5
444853.1
444875.5
444926.3
444945.5
444982.3
445308.3
445352.1
445796.5
447217.8
447240.9
447296.9
447500.1
447538.1
447612.8
447614.2
447704.7
447780.2
447786.1
447788.5
447791.5
447883.4
447891.5
447905.6
447922.6
447942.2
447953.5
448042.9
448128.9
449073.7
449215.1
449257.2
449403.3
449534.5
449570.5
449570.7
449657.4
451109.9
451171.8
451201.4
451356.7
451369.4
451409.9
451514.2
451544.7
451550
451595.4
451708.5
451721.9
451821.2
451914.5
451968.6
452095
452096.3
452254.1
452281.7
452340.9
452367.2
452374.4
453169.2
453228.1
453245.6
453628.3
455161.4
457593.5
457611.4
457802.5
457806.5
457848.3
457964.6
458031.8
458079.8
458083.1
458094.1
458117.4
458367.8
458398.4
458409.3
458523.9
458559.7
458682.7
458737.9
462487.2
462590.9
462686.5
462918.4
462927.3
462938.9
462962.4
462964.3
463012.7
463028.3
463053.8
463108.9
463235.1
463257.3
463261.4
463293.3
463658.2
464175.7
464195
464230.7
464235.2
464398.3
466914
466970.8
467012.8
467181
467371.7
467464.7
467497.2
467545.6
467556.6
467603.2
467690
467826.7
467831.2
467965.3
471286.8
472411.5
472772.9
472790.4
472957.9
472978.8
472980.7
472995.7
473023.3
473107.9
473134.2
473172.8
473238.4
473254.2
473265.5
473397.3
473500.8
473528.2
473622.4
473732.8
473783.4
473789
473873.1
474266.2
474270
474337.9
474369.6
474559.2
480012.4
485254.8
485711.2
485760.6
485867.7
485915.1
485950.2
486173.7
486185.5
486347.3
486360.6
486747.4
486885.2
486986.8
487024.8
487392
487484.2
487554.6
487760.6
487786.3
488155.6
488438.8
488499.3
488671.5
488859.4
488962.8
489021.5
489025.4
489060.8
489070.6
489089.8
489105.2
489109.7
489132.8
489218.2
489321.8
489404.2
489765
489846
489965.8
489988.2
490234.3
490494
490635.1
491379.2
492623.6
492907.2
493356.2
493542.4
493685.1
493850.4
494187.3
494305.4
494376.6
494461.2
494584.6
494661
494786.7
494835.1
494882.8
494896.9
494961.3
494995.9
495031.9
495054.7
495102.8
495118.4
495204
495366.2
495449.3
495500.2
495556.7
495674.2
495710.6
495832.6
495949.4
496062.7
496065.4
496100.9
496214.5
496519.3
496666.2
496690.4
496858.7
496982.4
497006.2
497149.3
497168.9
497281.3
497482
497490.8
497986.1
498003.5
498022
498338.4
498504.2
498760.4
498818.1
498967.2
499144.3
499351.7
499623.5
499725.4
500137.3
500232.8
500294.8
500487.8
500506.4
500625.8
501161.8
501203.1
501267.8
501271.1
501372.1
501428.9
501485.1
501900.8
502046.2
502059.3
502236.3
502401
502523
502793.1
502816
503113.2
503316.3
503403
503634.2
503786
503801.7
503958.7
504008.6
504313.6
504357.8
504489.9
504504
504692.4
504868.1
505042.8
505078.8
506329.8
506499.9
506832
507138.9
507298.9
507334.4
507349
507519.2
507697.9
511704.4
511888.4
511891.5
511957.6
512075.5
513165.3
513837.8
513919.6
513942.9
514048.3
515013
515411.1
516530.2
516558.5
516622.5
516644.2
516835.6
516838.4
516838.5
516858.3
516864.2
516884.8
516938.8
516998
517007.3
517021
517068.5
517112.2
517119.7
517135.1
527643.3
527734.2
528278.8
528919.5
528964.4
529006.1
529069.1
529089
529218.6
529233.8
529400
529494
529554.5
529807.4
529844.5
529894.5
529918.4
529991
531553
532354.2
532471.3
532624.3
532633.6
532747.4
532751.1
532824
532861.9
532917.4
532967.6
533042.2
537567.1
548023.7
549039.1
549047.1
551773.9
551784
551864.2
551872.2
551919.9
552696.3
559254.3
559397.3
559739.8
559846
560120.7
560163.8
560197.3
560294.4
560312.9
560357.4
560710.2
560790.8
560815.3
560851.2
565240.2
565419.5
567000.6
567012
568171.1
568222.1
568270.1
568349.4
568385.8
568398.8
568408
568411.3
568523.1
568548.4
568634.6
568659.6
568672.4
568836.8
568855.6
569044
569224
569399.8
569419.6
569646.9
569672.9
570391.6
570585.6
570619.7
570643.6
570702.9
570748.2
570802.9
570829.2
570991.2
571162.2
571466.7
576236.7
576590.1
579666.7
579732.1
579734.4
579781.9
579822.1
579871.1
579928.6
580121
580194.7
580940.3
581007.7
581096.5
581250.5
581283.7
581290.7
581545.2
581569
581575.7
585404.1
585516.8
585571.3
585606.9
585617.7
585967.6
586068.1
586082.1
586125.4
586192.5
586269.1
586301.1
589355.5
589844.1
589875.9
589975.2
589985
590109.2
590266.7
594673
594928.3
595030.7
595036.8
595043.1
595065.2
595116.4
595240
595304.5
595351.1
595432.5
595454.8
