1852.9
13023.2
14459.2
15645.8
23309.6
23336.2
23439.6
23451.4
23476.7
23578.8
23583.7
23618.7
23715.9
23771.1
23851.6
23867.7
23890.4
24001
24014.1
24041.5
24481.6
24593.3
24637
24649.7
24670.5
24741.3
24819.5
24853
24854.5
24875.6
25057
25127.1
25181.3
25188.2
25198.5
25206.2
25228.2
25248.6
25254.6
25300.8
25319.8
25336.4
25397.3
25419.7
25492.8
25546.2
25549
25592.3
25750.5
25849.5
26019.5
26028
26058.8
26074.3
26102.9
26145.1
26204.9
26209.7
26238.2
26246.2
26291.2
26292.4
26294.7
26306.6
26475.1
26481.5
26527.6
26528.7
26545.3
26569.5
26647.2
26649.8
26714.3
26767.4
26770
26810.8
26815.9
26883.6
26905.5
26933.6
26945.7
26976
26988.2
26994.1
27002.6
27023.2
27040.8
27098.1
27158.7
27160.9
27163.6
27301.5
27355.9
27364.3
27410.7
27428.8
27430.3
27462
27522.8
27527
27582.1
27615.7
27633.3
27658.3
27711
27717.2
27755.7
27775.2
27782.4
27800.1
27808.7
27922.5
27997.3
28005.9
28055.7
28106.3
28162.5
28194
28352.1
28408.2
28472.1
28530.9
28536.7
28567.2
28574.8
28593.5
28626.1
28664.3
28727
28762.5
28789.8
28793.5
28878.5
28902.5
28938.9
29270.3
29301.3
29316.6
29369.6
29379.5
29431.6
29513.5
29706.1
29775.4
29916.1
29974.5
30009
30065.1
30092.9
30129.2
30206.4
30367.9
30532.1
30873.8
31468
31525
34770
47918
48909.2
49804.2
50005.3
50573.9
50636.2
50660.7
51003.4
51031.6
51088.8
51754.5
58389.8
58897.5
59430.2
59611.7
59702.7
59890.6
59948.9
60044.8
60096.2
60099
60207
60375.2
60435.6
60473.1
60498.1
60546.5
61653.2
62131
62187.5
62484.4
62499.2
65999.5
66043.8
66202.2
66202.6
66321.1
66446.2
66581.6
66701.5
66742.7
66833.7
66839.8
66907.9
66909.8
66924.3
66941.5
67009.3
67045.1
67094.7
67163.8
67629.9
67718.7
80418.7
80706.9
80831
90256.9
90896.5
90959
91054.9
93180.1
93203.9
93346
93378.4
93524.6
93897.2
94160.6
94392.6
94520.3
94740.4
94947.5
95263.8
95317.6
95393.8
95536.5
95606.6
95658.3
95874.8
96062.6
96113.7
96283.7
96385.5
96410
96748.2
96752.4
96775
96891.6
96956.5
96986.1
96998.5
97012.5
97023.3
97080.3
97124.6
97161.6
97297.3
97308.3
97442.9
98004.1
98110.1
98128.5
98462.7
98607.3
98767.3
99001.1
99188.1
99592.5
99670.7
99926.5
100076.6
100079.5
100333.2
100455.9
100472.4
100713.3
100889.8
101582
101861.3
102995.7
103537.7
103779.7
103786.5
103795.6
103870.9
103968.2
104264.4
104397.4
105677.8
105980.6
106105.4
106265.3
106298.2
106370.1
106385.1
106503.9
106637.6
106912.5
161893.8
161957.1
162151.5
162258.8
162354.9
162375.8
162438.1
162504
162533.4
162557.9
162563.2
162585.3
162615
162637.8
162692.3
162705.1
162723.7
162837.1
163041.4
163047.1
163331.9
163350.6
164722.1
165139.8
165676.2
166067.9
166208.6
166242.1
166458.9
166654.8
166883.1
166990.5
168556.2
169028
173845.6
174326.2
174409.2
174486.9
174522.1
174559.1
174562.9
174705.7
174707.7
174744.4
174888.3
174888.7
174901.1
174927.9
174989.2
174998.4
175015.4
175088.3
175095.6
175137.8
175226.4
175231.1
175243.3
175261
175261.3
175265.1
175351.6
175383.8
175391.2
175433.3
175487.8
175512.1
175649
175652.2
175713
175792.7
175795.5
175833.1
175924.2
175940.6
175979.6
176054.1
176163.7
176182.8
176208.4
176209.1
176223.8
176286.6
176297.1
176323.5
176323.6
176348.4
176443.7
176504
176514.2
176740.1
176757.7
176942.7
177093.4
177285.1
177336.2
177385.4
177479
177561.2
177575.1
177589.3
177708.7
177948
178525.8
178652.7
178783.1
178948.8
180011.8
182850.8
182939.6
183360.4
183457.9
183510.8
183522.4
183905.9
183967.3
187144.9
187271.3
187484.9
187508.5
187531
187564.3
187639.8
187678.2
187681
187736.7
187785.2
187853.2
188348.7
188373.4
189117
191793.6
192649
194567
194750.1
194751.2
194852.3
194861.9
194866.6
222767.3
222819.5
222865.4
222886.8
222996.4
223033.1
223092.6
223369.5
223373.1
223382.6
223384.3
223387.8
223573.9
223617.3
223683.1
223684.7
223771.5
223871.6
223895.4
223907.8
223924.7
223974.2
224150.7
224210.7
224281.4
224284.5
224402
224468.7
224494.3
224622.2
224733.1
224754
224855.2
224890.4
225139.9
230028.6
250284
250504.2
250547.8
250931.2
251048.9
251089.7
251121.5
251214
251264
251308
251347.6
251416.5
251511.4
251550.2
251587.1
251635.2
251712.6
251726.1
251912.8
252080.2
252106
252120.5
252196
252430.3
252645
252883.2
256082.4
256544.4
256684.9
258689.9
259070.4
270650.6
271507.1
271803
271872.4
272065.4
272182.1
272270.3
272686.4
273632.3
278640.6
278672.6
278787.6
278816.7
278963.5
278973.5
279012.7
279091.6
279133
279201.6
279303.2
279466
279486.8
279566.3
280752.6
282354.5
284409.7
287261.9
287431.3
288160
290657.5
298184.5
299093.5
299283.1
299301
299302.4
299383.5
299412.1
299463.9
299573.4
299614.5
299693.9
299716.8
299790.3
299812.1
299820.6
299851.4
299864.5
299927.6
299953.6
300142.2
300158.2
300167.9
300207.2
300248.9
300311.7
300354.2
300390.2
300414.7
300476.5
300585.3
300624.7
300634.2
300657.6
300704.3
300745.9
300835.1
300896.2
300965.1
301030
301208.8
301286.6
301445.6
301524.2
301661.4
301681.8
301702.4
301971.1
301991.2
302177
302434.1
302777.3
303024.5
303520.3
310120.7
330301.9
330502.8
330548.9
331128.5
331530.6
331654.3
332001.1
335561.1
336819.9
336888.6
336997.5
337017.2
337052
337088.9
337140.5
337172.2
337277.8
337364
337595.2
337609.3
337649.7
338060.3
338630.6
348605.4
348726.3
348809.2
348910.4
349034
349037.1
349141.4
349141.5
349179.1
349228.6
349279.3
349322.2
349365.9
349370
349469.9
349537.4
349561.1
349800.8
349818.8
349974.6
350047.8
350084.2
350194.5
350286.1
350341.3
350369
350454.9
350550.7
350582
350704
350727.8
350729.4
351162.1
353502.9
367331.1
369977.3
371804.2
372038.8
372642.7
372700.1
372785.9
372796.7
372886.9
372926.5
372964
373182
373249.4
373294.5
373473.5
373528.8
373762.4
421161
421384
421526.1
421546.1
421587.1
421604.4
421633.7
421684.9
421698.7
421706.7
421710.6
421773
421821.9
421959.9
421960.9
421986.4
421995.4
422002.3
422134.7
422241.5
422281.9
422308.5
422391
422419.2
422427.2
422511.9
422537.2
422546.2
422547.5
422563.3
422612.1
422774.3
422808
422808.2
423154.8
423187.4
423284.7
423493.3
423568.4
423645.8
423675.6
423721.5
423756.3
423864.1
423879.9
423934.2
424168.1
424445.1
424953.1
425022.3
425151.1
425153.3
425779.1
425921.9
426271.4
426425.7
429110
429719.8
430102.4
441820.3
442498.9
442631.6
443314.9
443941.4
445685.8
445813.6
456975.6
457279.8
457516.4
463772.3
464133.9
464255.2
464297.5
464346.2
464368.7
464422.9
464455.3
464524.8
464542.3
464753.3
464918.6
464937.1
465021.8
465072.1
465090.5
465181.9
465297.4
465350.6
465385.1
465388.4
465495.6
465639.1
465656.4
465942.7
466032.3
466301.4
466343
466539
466689.5
467031.7
467037
467183
467513
467641.6
467895.9
467964.9
481315.8
510101.3
510610.5
511162.5
511935.4
512127.4
512186.9
512210.9
512320.8
512323.5
512325.6
512488.8
512490.7
512569.7
512614
512646.4
512658.3
512661.6
512678.5
512741
512742.2
512763.2
512845.4
512863.9
512915.1
512947.2
512995.4
513078.9
513104.6
513167.7
513168.4
513181.1
513340.1
513346.9
513363.6
513377.3
513393.7
513448.5
513448.9
513465.8
513544.7
513613.7
513675.1
513798.1
514163.7
514315.8
514374.6
514492.4
514544.7
514630.3
514798.9
514874
514956.9
515004.1
515056.6
515093.2
515095.1
515157.2
515506.9
515616.9
515769.8
515854.5
516327.4
516368.8
516540.2
516546.2
516617.9
516786.7
516953.1
517205
517228.2
517304.7
517321.9
517477.9
517483.9
517521.1
517570.4
517576.1
517603.4
517619.4
517940.3
518097
518135.7
518513.5
518611.1
518658.8
519044.9
519058
519396.2
519519.6
520382.7
520767.1
521074.3
523127.4
524144.1
529778.4
529916.4
535415.6
535560.2
536204.5
539153.9
539583
539752.1
539767.7
539801.6
539814.1
539821.9
539847.6
539874.8
539886.7
539916.7
540009.4
540038.2
540150
540160.6
540421.2
540452.4
540462.2
540519
540539.7
540543.7
540552.8
540610.7
540710.9
540753.8
540754.2
540783.1
540838
540873.2
540880.5
540987.5
541122.3
541170.5
541205.2
541414
541496.3
541752.3
542062.5
542565.2
542708.8
546931.7
547619.4
547670.9
547767.4
547787.8
547790.4
547802.9
547809.4
547844.4
547859.2
547942
547958.7
547986.6
547987.6
548017.7
548106.3
548165.7
548198.4
548226.3
548243.1
548261.1
548276.1
548310.8
548337.9
548375.6
548410.9
548459.2
548466.4
548474.8
548783.8
567103.3
567210.4
567264.8
567389.3
567389.8
567474.4
567478.4
567550.5
567566.9
567638.9
567669.3
567678.7
567778.1
567844.4
567861.7
567869.2
567980.7
568028.3
568112.9
568129.6
568170.1
568219.8
568373.2
568405.6
568465
568564.6
568702.3
568861.3
568942.9
568983.5
569148.2
569259.9
569276.7
569300.9
569309.1
569319.8
569322.8
569401.4
569877.3
569937.4
569937.9
569982.4
570045.1
570131.4
570138
570163.9
570196.9
570259
570259.5
570263.8
570306
570329.9
570364.8
570369.7
570485
570492.7
570557.8
570635
570664.3
570712.3
570740.5
570787.5
571021.6
571110.5
571628.5
572306.1
573870
574601.4
575506.7
575508
575589.2
575679.9
575683.3
575804.4
576029.8
576037.5
576072.7
576078.9
576094.4
576118.3
576146.3
576158.5
576188.5
576333.4
576370.8
576481.6
576515.1
576540.8
576728.6
576925.3
577410.1
577430.3
577443.6
577670.6
577731.4
577822.9
578116.8
585815.8
585928.6
586012.5
586024.3
586259.2
586682.1
586698.8
590021.8
590358.1
590393.1
590617.5
590687.4
590811.5
590812.4
590900.6
590981.9
591005
591014.7
591197.9
591209.3
591373.6
591429.8
594766.9
595043.9
595447.5
595467
595523.9
595552.3
595705.4
595826.5
595879
596120.7
