310.6
954.9
1124.9
1153.5
1159.6
1194.6
1267.9
1329.6
1350.3
1373.1
1470.9
1493.6
2144.8
22964.8
23034.1
23064.4
31382.7
32125.2
33180.2
33722.9
34048.6
34063.1
34102.6
34105.3
34159.2
34250.5
34257.1
34391.5
34502.8
34639.1
34675
34837.2
39373.1
39452.3
40089.9
40527.4
47496.6
47659.7
47673.7
47730.6
47739.3
47745.3
47784.1
47830.5
47830.6
47838.1
47859.5
47889
47896.5
47978.1
48004.8
48013.2
48083.9
48107.5
48131
48140
48143.6
48163.9
48166.9
48179.7
48260.3
48361.4
48387.9
48565.2
48567.7
48732.3
48783.5
48965.4
49044.2
49175.7
49177.3
51070.9
51956.3
52249
52924.3
54209.1
59345.8
59394.2
59615
59668.1
59744.8
59820.2
59830.2
59846.7
60479.7
60576.6
60639.5
61701.2
61729.4
62249.9
65190.7
65337.4
65347.7
65404.7
65441.4
65493.9
65581.7
65693.8
65714.9
65763.6
65819.4
65824.1
65861.9
65885.4
65897.6
65914
65914.6
65952.7
66000.3
66019.7
66026.5
66185.8
66366
66608.3
66722
66762.6
66976.5
67009.3
67081.3
67137.1
67240.2
67296.6
67309.4
67338.7
67376.2
67430.1
67478.3
67619.5
67683.9
67734.7
67752.5
67763.8
67764.2
67777.4
67815.5
68025
68106.1
68139.4
68174.8
68183
68190.3
68199.9
68321.6
68540.4
68551.8
71956.7
72009.4
72071.6
72102.7
72131.8
72305.7
72351.2
72384.7
72406.4
72537.3
72584.8
72612.5
72613.9
72615.9
72616.3
72630.2
72641.1
72662
72725.1
72857.3
72898.8
72905.4
72935
73115.2
73166.2
73179.6
73184.7
73242.4
73259.5
73301.6
73310.2
73441.5
73478.2
73530.2
73547.5
73548.5
73583.2
73735.8
78229.3
78284.4
78373.8
78530.1
78630.2
78724.8
78761.9
78774.2
78848.8
78893.9
79164.4
79213.6
79324.5
79391
79404.3
79408.2
79419.9
79449.3
79480.1
79490.4
79496.2
79514.3
79539.7
79549.9
79563.2
79568
79587.7
79590
79607.1
79634.7
79636.9
79638.5
79693.6
79737.8
79753.7
79763.2
79777.8
79779.3
79867.7
79922.8
79967.7
79992.6
80004.3
80059.6
80079.4
80080.7
80143.3
80150.8
80188.6
80209.4
80213.8
80257
80475.8
80504.2
80524.1
80527.2
80741.2
80750.2
80807.2
80831.6
80868.5
80898.5
80932.5
81018.1
81132.9
81179.3
81281.7
81313.3
81465.1
81482.3
81497.1
81577.8
81693.5
81802.4
81803.4
81833.6
81901.3
81924
81937.2
81994.3
82105.1
82117.5
82214.8
82542.9
82639.4
82682.4
82735
82889.7
82917.1
82961.3
82965.6
82968
83221.7
83274.6
83335.7
83337.7
83373.9
83397.9
83502.1
83510.5
83579
83584.9
83727.6
83728.1
83788.2
83794.9
83808.7
83837.7
83911.2
83970.6
83987.4
84046.1
84106.4
84112.7
84238.6
84312.8
88486.6
88565
88965.7
89349.3
89478
89829.3
91135.6
104899.2
108631.1
108882.6
108963.8
109038.9
109127.3
109440.4
126019.9
161377.8
161675
161737.8
161799
165879.6
165896.8
165985.1
166029
166040.6
166264.4
166301.2
166374.5
166509.2
166564.7
166686.9
166731.6
166736.8
166787.1
166958.5
169570.8
169636.3
169820
169828.3
170537.8
170667.5
171469.1
175218.7
175455.5
185836.7
185909.4
186174.4
186194.8
186311.5
186407.2
186458.8
186488.6
186742.4
186831
186845.4
186862.1
186862.5
186874.2
187055.1
187122.9
187132.6
187142.6
187230.4
187243
192620.6
192719.6
192731.1
192780.1
192798.5
192960.1
193031.5
193034.9
193050.8
193074.2
193313.4
193313.5
193887.6
194030.9
194331.1
194581.2
194741.5
194771.5
194920
194930.2
195086.5
195095.5
212492.7
212601.5
212608.5
212660.6
212690.9
212725.8
212729.6
212825
212847.3
213044.7
213137.6
213380.4
214047.3
218626.2
218657.6
218664.6
218871.6
218913.1
219077.2
219155.7
219209.6
219251.1
219334.6
219343.8
219416.4
219588.8
219695.4
225713.9
225769.4
225919.6
225922.9
225954
225959.5
225962.3
225978.8
226099
226144.5
226189.5
226354.9
226464.6
227766
227876.8
228186.5
228529.9
228748.9
229814.9
231749.8
231894.8
231960.1
232044.4
232593.7
241894.2
243885.8
249562.8
249674.4
250055.8
250068.7
250105.6
250108.1
250538.4
253114.3
253351.2
254079.8
254333.3
254722.2
254848.4
255507.9
255565.9
255678.7
255729.3
255775.1
255807.5
255813.7
255845.6
255910.6
255924.8
255983.1
256040.4
257156.7
257456.8
259621.4
259752.1
259815.6
259824.5
268337.8
268398.4
268635.9
268733.9
268804.9
271961.3
271983.1
272004.5
272352.5
272559.6
272660.5
272702.7
272755.5
272978.5
273106.8
278824.1
278991.3
279053.5
279055.3
279064.3
279139.4
279228.9
279254.4
282686.6
282801
282914.7
282970.6
282991.5
282996.9
283001.7
283044.7
283063.9
283064.7
283079.1
283082
283186.5
283208.2
283277.2
283306.1
283448.8
283449
283484
283489.3
283514.2
283597.3
283606.6
283607.5
283744.1
283776.5
283796.1
283848.8
283968.8
284029.6
284056.2
284066.8
284092.6
284112.4
284144.3
284203.1
284275.7
284317.1
284400.5
284414.9
284472.8
284603.8
284675.8
284759.8
284773.7
284782.6
284819.2
284863.8
284990.2
284994.6
285016.9
285020.9
285063.5
285071.3
285094.2
285191.7
285191.9
285211
285226.7
285303.4
285308.1
285373.3
285384.4
285465.9
285513.9
285699.3
285706.8
285712
285932.6
286062.1
286168.2
286296.5
286300.2
286404.6
286502.6
286568.9
286633.4
286671.6
287958.8
288321.6
288812.6
288929.3
288955.4
290477.7
290650.1
290868.1
291103.4
291232.4
291447.7
291517.4
291733.2
291957.2
293156.9
293270.5
293327.6
295481.2
295498.2
295550.6
295577.4
295580.2
295626.4
295638.7
295769.1
295841.2
295935.1
296017.3
296037.6
296045.4
296169.6
297856.6
297867.7
297891.8
298000.5
298004.1
298078.3
298087.1
298116
298232.9
298256.5
298299.1
298349
298424.4
298439.5
298954.5
301869.3
303316.4
309935.1
310529.8
311676.7
311728.1
311759.6
311853.9
312281.6
312310.1
312491.8
323861.1
324462.8
324471.7
324544.8
330336.3
330367.8
330457.3
330527.6
330551.6
330788.4
330924.6
331135.9
331207.9
331264.2
331435.1
331528.3
331691.7
331736.3
331747.1
331816.5
331825.4
331967
332067.1
332108.4
342647
343382.3
343793.3
344003.6
344017.8
344047.4
344165.5
344232.2
344286.1
344452.8
344495.1
344532.6
345235.9
345364.5
345584.3
345782.4
345785.1
345808.5
345845.5
345852.4
345929.7
345995.3
346041
346184.6
346211.4
346314.2
346384.9
346396.8
346649.3
351235.6
351357.5
351399.1
352328.5
352672.4
352759.8
352796
352831.7
352836.1
352837.9
352864.7
352888.1
352925.1
352947.6
353037.1
353049.4
353058.4
353147.6
353290.3
353308.3
353323.2
353372.3
355590.8
356180.4
363795.3
365198.6
365282.8
365412
365413.7
365489.3
365630.5
365755.3
365760.8
365769.9
365786.2
365797.2
365959.6
365993
366006.1
366050.5
366059.6
366149.8
366231.4
366326.3
366598.3
366625
366692.7
366700.4
366706.2
366751.3
366760.7
366793.1
366850.2
366864
366988.2
367024.6
367064.2
367273.9
367324.9
367348.3
367477
372716.5
420843.4
420885.3
420928.6
420936.3
421033
421115.7
421118.9
421215.1
421234
421249.4
421346.2
421501.3
425082.8
428914.9
428924.3
429000.8
429586.6
429676.1
429827.5
429999.3
430038
430072.1
430115.9
430124.6
430278.8
442071.1
442420.2
442508.4
442654
442718.9
442788.7
443082.6
443123.3
443344.7
443469.1
444179.2
444274.1
444443.8
444458.8
444616.6
444627.4
444636.8
444659.9
444691.2
444745.6
444840.6
444915.9
444995
445126.3
445153
445193.5
445207.6
445262.8
445291.1
445358.4
445387.1
445389.1
445599.5
448396.2
448572.4
449674.8
455449.4
455554.9
455730.2
455788.6
456082.6
460151.8
460303.7
460481.8
460588.8
460607
460730.2
461045.2
461170
461211.6
461417.2
461425
461465.6
461708.1
462273.2
462609.3
463323.7
463594
463621.5
466631.5
466846.7
467075.5
467237.7
467243.6
467374.9
467432.8
467518.3
467534
467547.1
467797.7
467816.4
467817.2
467868.4
467929.9
467993.2
468131.8
468174.1
511748.2
511882.6
511893.8
512038.2
512125.5
512147.4
512198.1
512205.2
512235.1
512295.2
514692.1
519639.2
527827.4
528005.8
528888
528897.2
529002.4
529057.1
529063.9
529085.3
529102.6
529116.9
529148.2
529182
529254.1
529348.5
529418.2
529421.4
529438.9
529527.1
529613.7
529672.2
529741.8
529801.4
529867.1
529945
530072.7
530111.7
530158.6
531935.6
532641.8
535550.1
535644.5
535666.3
535685.9
535755.5
535834.3
535893.9
535906.5
535908.8
536066.2
536269.6
536363.7
536430
536919.9
536954.8
537051.1
537060.6
537068
537078.5
537089.8
537096.3
537123.1
537133.4
537218.5
537252.5
537325
537328.7
537398.7
537415.8
537519.7
537551.3
537575.2
537588
537635.9
537665.9
537745.9
537773.6
537805
537835.3
537842.4
537924.6
537925.3
538013.6
538250.7
538593.6
538599.5
538670.2
538966.2
539114.4
539114.9
539268.2
542605.4
559097.6
559234.2
559370.3
559540
559774.2
559883.9
559926.3
561170.1
561170.3
561274.2
561394.3
561416.4
561456
561467.2
561620
561642.4
563126.2
565173.3
565273
565712.6
565714.5
566026.6
566067.6
566137.1
566758.1
566933.7
566967.1
567045.5
567058.8
567065.9
567087.5
567165.5
571235.9
571542.6
571663.6
571733.9
571908.3
572416.6
578700.9
579267
580443.2
580567.7
580640.6
580803.3
580899
580917.3
581698.6
581802
587061.6
588312.1
588682.6
588727.7
588780.7
588830.3
588883.2
588964.4
588985.1
589121.6
589126.8
589138.2
589211.5
594719.8
594747.1
594910.7
594959.2
595019.8
595083.3
595164.9
595165.6
595212.6
595282
595294.3
595310.8
595323.2
595339.9
595475.4
595564.3
595607.6
595784.8
595932.4
597097.4
597241.8
597330.8
597382.9
597534.8
597550.1
597574.6
597592.5
597821.6
598315.8
598352.9
598638.7
598890.3
598898.7
599186.6
599273.9
599558.2
599684.2
599759.2
