1306.9
1451.1
1474.6
1488.3
1511.3
1661.8
1669.6
1679
1689.4
1739.2
1790
1804
1861.1
1881.6
1903.9
1929.5
4554.8
6573.6
6586.3
6614.5
6640.2
6671.4
6711.6
6715.1
6756.7
6791.2
6994.9
7024
7033.3
7112.5
11474.9
11921.1
11951.6
11985.1
11999.8
12075.7
12090.8
12125.8
12175.2
12253.2
14686.7
15027.5
15267.9
16047.6
17963.4
18357.5
18755.5
18817.9
18888.7
18921.3
18966.6
19351.8
19627
19646.6
19849.5
34188.1
34398.5
34433.4
34621
34734.4
34832.2
34855.3
34878.2
34959.6
34968.3
35023.4
35039.5
35132.3
35135.2
35168.9
35173.4
35261.9
35346.7
38600.2
38738.3
38874
38964.8
38989
39050
40906.9
41731.1
42006.6
48421.2
48485.2
48821.8
48992.9
49034.8
49097.9
49421.4
49461.2
49503.3
49531.8
49544.8
49548.9
49565
49598.7
49607.5
49627.2
49659.5
49698.3
49740
49768.3
49919.5
49936.7
50008.1
50011.7
50055
50181.9
50206
50222.3
50228.9
50436.9
50510.6
58131.2
58212.3
58329.9
58366.6
58379.5
58389.3
58399.6
58785.9
58922.7
58924.2
58925
58945.3
59125.2
59286
59308.7
59317.8
59339
59377.1
65708.5
67087.5
67985.7
68105.9
68527.6
70638.3
70795
70924.9
71086.2
71097.2
71137.7
71310.7
71387.1
71456.6
71475.8
71479.9
71514.9
71529.8
71532.6
71617.7
71704.2
71709.6
71715.6
74515.2
75315.3
75779.3
90405.4
90505.8
90510.1
90533.3
90565
90589.4
90713.1
90741
90779.4
90806.4
90816.5
90854.7
90912.1
105786.1
106093.7
106346.9
106415.9
106556
106648.4
106686.4
106997.8
111253
111535.2
111623
111873.9
111948.5
115457.4
115574.4
115690.4
115737.5
115741.2
115753
115810.2
115911.3
115961.3
115979.8
115994.5
116047
116054
116074.7
116205.2
116378.3
117060.5
117153.5
117557.4
117722.2
126119.4
147617.9
161206.2
161253.7
164668.1
164709.5
164809.3
164966.2
165151.8
165382.4
165385.2
165475.9
165495.9
165614
165714.8
165722.4
165770.4
165920.8
165984.1
166051.1
166145.6
166454.9
166534.9
166553.2
166805.2
167642.9
169329.7
169898.5
170116.5
170119.5
170148.4
170195.9
170196.5
172422.8
172477.4
172478.4
172484.4
172504.6
172802
172812.7
172818.4
173003
173111
173192.6
173243.9
176936.7
183691.7
183726.6
183732.5
183751.4
183760.5
183783.5
183787.4
183819.8
183828.3
183952.3
183957
184024.8
184111.2
184114.2
184524.7
191276.8
191511.6
191512
191880.8
192040
192269.9
192279.4
192493.4
192548.3
192592.9
192609.7
192614.9
192653.9
192713.9
192755.6
192757
192783.9
192940.1
192952.2
193003.6
193026
193115.9
199546.7
199773.1
200061.8
200938.9
200965.2
201088.6
201165.7
201246
201744
202065.7
203621.3
204526.5
204656.5
204698.6
205421
209910.3
210076.3
214513.7
214546.4
215095.5
215530.3
215649.1
215673.8
216048.4
216642.5
217080.1
217151.2
217174.2
217177.1
217283.4
217346.2
217389.9
217431.1
217453.4
217466.8
217482.8
217596.2
217597.3
217620.2
217624.8
217633
217663.6
217673.6
217675.4
217713.3
217723
217752.6
217755.7
217814.8
217864.3
217900.7
217907.5
217909.1
218059.7
218079.6
218222.4
218622.3
218651.8
219093.5
221039.4
221150.6
221157.4
221201.2
221273.6
221273.7
221315.4
221354.2
221402.9
221412.9
221492.2
221515.9
221766.6
221827.8
221831
221858.4
222016.2
225139.3
225359
229386.1
230003.3
230006
230011.6
231141
231204
231249.2
231328.6
231334.4
231345.2
231425.5
231463.5
231482.9
231499.9
231536.2
231542.6
231614
231739.9
241674.6
241687.9
241933.4
242020.9
242147.2
242201.4
242230.9
242236
242269
242316.7
242341.9
242359.1
243406.5
243622.4
243627.7
255962.6
256029.9
256048.6
256081.6
256222.6
256300
256349.1
256356.8
256391.5
256400.1
256463.3
256476.5
256545.7
256604.4
256703.9
256812.5
256854.4
256902
256915.8
256925.1
256931.6
257031.8
257042.1
257049.7
257053.3
257068.6
257071
257108.7
257169.6
257231.8
257251.4
257286.4
257383.4
257394.6
257400.5
257407.9
257434
257479.1
257535.1
257544.9
257548.1
257550.8
257603.8
257681.8
257737.4
257836.5
257853.6
257855.1
257877.4
257943.3
257960.4
257976.1
257985.7
258034.1
258066.7
258073.5
258131.1
258138.9
258196.4
258200.9
258218.6
258334.7
258341.8
258346.1
258411.3
258430.4
258435.3
258441
258454.1
258614.2
258675.2
258690.7
258811.4
258859
258861.9
258890.3
259013.6
259251.5
263875.9
263900.1
263991.3
264034
264099.6
264168.7
264474.5
264594.2
269382.2
269398.8
269399.2
270333.2
270425.1
270716.5
270733
270958.7
271049.1
271055.7
271137.7
271158.5
271234.4
271285.8
271389.8
271395.2
271473.2
271485.1
271529.5
271562.2
271671.1
271787.7
271794.9
271845.8
271860.6
271864
271875.9
271881.2
271889.1
271909.9
271919.7
271982.3
272127.3
272169.2
272332.8
272405
272448.1
272502.2
273093
274161.6
274170.4
274232.8
274301.6
274319.1
274518.7
274620.4
274662.6
274698.5
274728
275789.4
277107.6
277308.8
278069.4
278108.8
278347.8
278383.4
283258.7
283545.2
284140.4
284658.2
286638.5
286698.3
286716.3
286832.6
286915
286917.4
286964.5
287005.3
287020.9
287056.8
287076.2
287155.2
287161.1
287184.4
287294.2
287538.9
287647.8
287728.1
294642
294815
298601.8
300735.9
300737.8
309791.9
310183.8
310218.6
310666.6
310679.2
310715.5
310795
310817.2
310859.1
310911.5
310928.9
311091.5
311208.7
313831.8
313950.3
314051.8
314274.8
314544.7
315033
315305.7
315380.4
315578.6
315588
315641.4
315692.9
316855.2
317120.5
320846.1
320865.9
320868.9
320876.3
320877.9
320891.6
320986.1
320999.9
321057.2
321118
321127.6
321200.4
321212.1
321416.8
321475.4
321482.2
321590.1
321678.9
321723.7
321786.3
321861.8
321902.3
322083
322255.5
322328.9
322467.2
322558
322579.4
322606
322701.6
322703.3
322708.9
322750.4
322784.6
322814.8
322820.3
322854.6
322862.9
322896
322902.2
322923.7
322978.8
323116.7
323125.9
323346.9
323594.9
324668.2
324959.8
326095.1
326316.6
326377.9
326393.4
326436.6
331877.2
331925.8
332064.4
332223.1
332260.7
332370.3
332680.8
332919.2
338768.1
339022.4
339092
339308.5
339324.3
339357.8
339374.4
339431.8
339496.3
339535.7
339545.8
339610.8
339646.9
339684.6
339697.5
339737.1
339785.7
339827.9
339869.9
339959.4
340013
340057.6
340112.6
340141.3
340318.8
340335.4
340447.5
340678.8
341318.6
341339.3
341367.8
341458.3
341494.6
341738.7
341758.6
342084.5
342262.6
342296.3
347481.3
347696.6
347848.1
348478.5
350895.8
352829.7
353151.4
353358.9
353370.1
353444
353466.9
353520.2
353559.4
353671.2
353712.2
353723.7
353731.8
353877
353946.5
353971.4
353989.4
354082.1
354130
354492.6
370152.5
370339
370431.9
370826.2
372036.9
372552.3
372570.5
372595
372595.7
372599.3
372614.8
372660.4
372720.2
372757.6
372768.7
372783.5
372816.4
372961.3
420222.3
420365.6
420367.8
420490.9
420742.7
420785.2
420963.3
420995
421133.9
421184
421217.2
423081.6
423760.1
423862.4
424590.8
424628.8
424661.8
424769.2
428473.9
428487.8
428699.5
428711.7
428785.1
428983.7
429047.4
429101.8
429314.1
429447.6
429465.3
429467.2
429495.9
429497.1
429630.4
429753.9
430057.4
430209
444649.7
444655.9
444922.3
445023.5
445031.8
445054.3
445141.7
445254.7
445381.2
445417.6
445423.6
445433
445502.2
445505
445592.4
445669.6
445677.6
445728.3
445755
445892.9
445913.6
445926
445940.9
445994
446003.3
446059
446158.7
447310
449994.9
450051.8
450470.7
450470.9
450511.8
450524.1
450544.6
450556
452904
453122.8
453214
453225.3
453267
453269.3
453280.8
453294.6
453301.3
453311.7
453325.5
453329.4
453517.6
453706.3
453749.5
453902.1
454052.4
454077.4
454105.6
454107.7
454110.9
454337.3
456456.1
456524.7
458333.7
458349.4
458670
458729.1
459330.4
459452.2
459475
459528.9
459648.7
459662.4
459682.4
459736.5
459921.8
467995.2
468185.6
468320.4
468490.9
469925.5
475527.5
480173.5
480716.2
480797.6
481011.6
481149.3
481360.1
481669.2
481674.5
481766.3
481813.5
481975.7
481996.4
482274.6
508949.6
509001.8
509988.9
510012.6
510112
510352.8
510383.5
510395
510439.1
510479.2
510970.4
511429.3
511502.8
511533.8
512145.8
512309.5
516664.3
516696.6
516708.2
516841.9
516994.9
517006
527758.8
527907.6
528224.5
528493.8
528831.8
529051.4
529100
529144.9
529824.8
529838.1
529871.2
529962.5
530103.3
530111.1
530207.7
530419.8
530538.9
530615.5
530737
531413.7
531559.5
533238.9
533247.7
533281
533299.6
533436.7
533568.8
533645
533966.9
534355.2
534385.3
534405.5
534430.3
534621.5
534659.6
534737.6
534757.6
534814.5
534858.4
534867.5
534912.8
535072.6
551058.8
551140.8
551172.1
551172.3
551195.9
551281.4
551384.4
551444.5
551453.1
551499.8
551538
551554.4
551627
551641.4
551642.5
551643.4
551686
557838.8
560376.9
560381.1
560406.3
560482.7
560499.1
560585.4
560602.8
560701.5
560777.2
560832.8
560860
561004.5
561004.8
561006.3
561227.2
561325.9
562638.9
564436.3
564725.5
564789.8
564808
564907.8
565087.5
565094.6
565135.2
565186.8
565302.7
565434.9
565486.7
565498.1
565671.1
565684.8
565699.9
565751.5
565769.2
565817.7
565893.6
565917.1
565979.8
566077
566090.8
566110.4
566275.5
566305.3
566576.8
566794.9
566825.1
566825.6
566837.7
566863.9
566891.3
566900.1
566983
567360.9
568299.8
568314.2
568420.1
568428.7
568973.3
569323.1
570837.6
582736.8
582860.7
583750.7
584159.9
584164.6
584493.3
584769.7
584816.8
584867.5
585213.6
585615.3
585714.9
587253.1
587448.2
587537
587575.1
587846.8
587931.5
588011.2
588130.5
588176.5
588961.6
589430.8
589484.5
589553.5
595096.1
595107.2
595119.9
595491.9
596112.5
596221.2
598321.3
