1451.4
1560.5
1584.2
1671
1724
1742
1755.7
1775.9
1791.6
1838.9
1994.3
2590.8
2618.4
2765.1
2765.9
3809.5
3961.5
5345.5
5362.1
5387.1
5424.2
5451.9
5712.2
5777
5935
6137.7
6155.3
6450.3
6637.4
7663.5
7746.4
8351
8354.3
8435.2
8460.3
8546.2
8576.9
8592.8
8608
8629.7
8640.5
8654.8
8714.3
8727.2
8794.9
8858.3
8893.9
9024.4
9102.2
9112.2
9120
9172
9391.6
9421
9626.2
9638.1
9647
9727.9
9826.1
9991.7
10014.3
10097.6
10201.8
10279.8
10301.2
11436.7
12729.8
12855.9
12923.7
12937.8
13032.3
13130.6
13234.1
13292.2
13320.8
13391.9
13478.6
13482.3
13501.6
13525.9
13537.1
13548.4
13570.4
13726.3
13757.5
13783.9
13825.1
13833.3
13905.3
13934.7
13980.2
14046.9
14085
14163.3
14183.1
14192.9
14209.8
14269.2
14321.6
14326.3
14354.8
14414.4
14416.3
14450
14518
14569.7
14589.1
14663.5
14669.8
14759.6
14995.2
15092.2
15187.6
15199.7
15429.8
15467.7
15471.1
15496.8
15624.7
15665.4
15790.3
15905.1
15919.1
17407.6
17414.8
17519.1
17604.3
17655.5
17656.7
17965.9
17974.2
18057
18083.6
18350.1
18387.8
18412.8
18585.6
18588.5
18656.3
18675.5
18699
18734.4
18810.6
18876
19516.6
19666.4
20551.6
20563.9
20610.6
20653.3
20702.5
20745.8
20783.4
20848.1
20910.6
22774.7
22904.4
23052.3
23209.2
23276.8
23322.1
34596.6
34619.4
34623.6
34642.8
34715
34765.5
34903.9
34930.7
35005
35082
35185.8
35197.9
35243.5
35316.8
35998.2
36346.4
36403.6
36763.6
36850.2
36940
37047
37205.8
37316.8
37345.1
37393.2
37402.6
37475.9
37482.9
37610.3
37650.1
37749.9
37845
37876.1
37901.7
37915.5
37962.8
37975.3
38025.8
42739.5
42871.9
42967.1
43024
48361.1
48374.5
49015.8
49039.3
49142.5
49287
49291.7
49425.5
49443.3
49494.4
49622.1
49625.5
49655.5
49682.4
49728.2
49825
49835.9
49836
49948.3
50002.8
50004
50010.4
50034.9
50048.6
50061.9
50068.3
50074.8
50109.4
50127.3
50154.1
50246.2
50264.7
50276.5
50347.9
50412.8
50457.7
51214.2
51317.2
51415.5
51570.1
51673.1
51939.8
52000.8
52191.1
53338.9
53940.6
54342.4
54562.6
55333.8
55340.8
55380.1
55382.9
55459
55482.3
55524.2
55576.1
55678.8
55842.8
55978.4
55990.6
56078.1
56131.6
56147
56364.6
57195.1
57250.1
63826.4
63828.4
64015.6
65118
65187.3
65245.8
65378.8
65435.1
65575.6
65631.7
65704.1
65707.5
65831.9
65858.3
66429.6
66519.4
67108.5
67198.8
67217
67218.6
67266.7
67324.1
67370.2
67406.9
67415.1
67415.2
67420.1
67458.5
67462.1
67487
67556.6
67570.2
67705.2
67768.8
67812
67870
68081.7
68207.3
68612.8
68635.3
69788.3
69836.4
69865.4
69910
69973
70010.1
70132.8
70376.3
76626.9
76637.1
76754.1
76920.3
76961.9
77131.9
77403.4
77639.6
77697.9
77709.2
77801.4
77809.5
77891.3
77941.4
77946.3
77953.6
77977.1
78068
78087.6
85244
85392.9
85481.6
85488.2
85541.5
85692.3
85701.8
85783.6
85829.1
85834.7
85885.3
85918.7
86006.8
86045.7
86102.6
86198
86300.1
86336.3
86339.1
86346
86389.9
86419.1
86451.1
86549.4
86558.2
86595
86620.1
86620.6
86642
86661.8
86741.1
86741.4
86744.2
86838.2
86886.5
86975.4
87181.3
87237.6
87277.1
87416.1
87531.8
87669.6
87687.3
87726.8
87735.9
87754.8
87814.3
87919.8
88124
88181.9
88502.2
88526.9
89072.5
90359.6
90572.3
90581.3
90581.6
90602.8
90651.3
90718
90752.2
90856.7
100862.4
101439.6
106284.5
106349.4
106572.1
106600
106627.4
106847.9
106982.6
108146.3
108289.2
108302.5
108359.2
108403.9
108434.2
108496.1
108663.6
108711.9
108771.2
108807.3
108843.7
108913.7
108951.8
109024.2
109186.5
109364.2
109481.7
109648
109710
109749.7
110452.1
110550.3
110578.2
110604
110878.1
113335.3
113377.5
113388.9
113409.9
113446.3
113463.6
113493.8
113502.1
113604.1
113614.7
113673.1
113689.1
113908.3
114073.4
114500.5
114764.9
114787.2
117976.4
118035.1
118051.5
118063.8
118076.4
118080.6
118151.2
118162.3
118219.4
118259.1
118283.8
121274.9
121275.7
121277.1
121349.7
121360.3
121389.9
121401.2
121452.1
121656.5
121677.2
121679.3
121745.9
121803.3
121896.2
122037.9
122068.3
122147.1
122225.2
122234.6
122245.4
122314.8
122359
122479.4
122487.7
122504.6
122537.4
122600.3
122606.9
122672.3
122677.7
122693.5
122713.9
122845.7
122902.7
122904.2
122913.8
122921.2
122923.8
122960.4
122960.6
122972.4
123010.9
123015.6
123031
123066.1
123110.5
123126.9
123174.6
123202.1
123211
123226.4
123312.2
123368.1
123453.5
123465.8
123468.3
123491.8
123520.4
123525.1
123575
123624.8
123654.6
123721.9
123757.9
123762.8
123776.9
124067
124090.3
124140.9
124159.2
124265.7
124386.2
124508.5
124561.5
126383.5
130739.3
130857.9
130887.8
130927.7
130987.7
131164.2
131175.2
131228.8
131272.8
131294.9
131331.4
131457.3
131461.3
131547.5
142422.2
142659.6
161281.5
161332.4
161489.8
161640
161661.6
161893.7
161909.9
161942.8
162733
163097.6
163568.6
163812.1
163814.4
163821.1
163824
164069.7
164203.4
168284.9
168432.8
168549.3
168677.2
168824.6
168872.4
168910.6
168953.7
169033
169191.4
169369.3
169390.9
170727.4
170795.4
171139.7
171231.4
171258.6
171405.2
171411.6
171580.5
171789.5
171934.7
173289.9
173313.9
173338.1
173408.1
173415
173487.6
173586
173611.9
173912.5
174461.4
179952.3
180579.2
181690.4
183565.5
183572.4
183635.7
183724.1
183780.5
183885.1
183896.8
183921.9
184052
184093
184256.4
184432.9
184750
186015
186229.9
186737.9
186865.2
188119.4
188720.2
189644.6
189693.4
189940.5
189941.4
190016.9
190073.8
190088.7
190243.1
190317.5
190552.2
192948.6
192976.3
193023.1
193107.6
193362.4
193388.4
193422.2
193613.3
193736.8
193737.1
193743.7
193743.8
193791
193826.8
193837.9
193843.5
193883.3
193893.7
193910
193922.5
193935
193986.5
193992.5
194042.1
194045.9
194098.7
194140.8
194186.9
194188.8
194235.7
194375.3
194580.5
194821.7
194835.1
194894.6
194912.8
194925
195014.1
195046.6
195182.1
195652.1
195859.1
196091.1
196204.3
196273.7
196292.5
196304.1
196367.5
196426.5
196440.6
196442.8
196552.2
196634.8
196654.6
196774.7
196781.3
196814.8
196881
196891.4
196897.8
196915.9
196925.3
197078.5
197164.3
197326.9
197399.5
197428.7
197434.2
197638
197926.9
197940.4
198016.5
198176.2
198420.3
198482.7
198774.8
210397.1
210665
210673.1
210749.8
214245.1
214376.1
214385.4
214393.9
214400.2
214419.3
214439.6
214457.1
214531.5
214636.4
214657.4
214781
214836.6
214850.9
214940.6
214948.7
214976.1
215170.3
215259.3
215337.6
215358
215493.2
215518.4
215716.8
216141.2
216320
216472.4
216555.4
216574.2
216604.6
216608.3
216684.3
216729.7
216765
216867
216902.8
216909.5
216961.3
216989.5
217020.7
217033.4
217381.5
217783
219723.5
220027
220127.3
220146.3
220166.8
220174.7
220300.2
220311.1
220393.6
220427
220460.4
220496.3
220549.2
220585.2
220648.8
220666.4
220694.4
220708.5
220710.3
220831.1
220890.1
223035.4
224982.5
225112.6
225270.3
226529.2
226599.8
226675.6
226764.1
227481.4
227633.6
227701.7
228063.7
228357.7
228833.5
228894.4
229121.4
230088.3
230147.5
230149.4
230154.7
230187.8
230260.4
230272.6
230287.7
230303.5
230378.4
230381.6
230424.8
230743.4
232158.6
232296.4
232338
232486.6
232580.7
232778.2
233660
234542.5
234648.4
234651.1
234950.6
235030.6
235041.6
235069.2
235140.8
235226.3
235368.8
235412.1
235468.1
235559.7
235576.4
235701.6
235716.9
236565.9
236611.9
236732.3
236874.2
237798
238241.3
238406
238473
238635.2
239195.1
244185.5
244284
244575.9
245035.8
245227.1
245385.4
245930.5
246039.3
247256.3
247439.6
247516.3
247576.7
247632.1
247926.9
249938.3
250029.4
250038
250086.7
250097
250135.8
250190.8
250205.2
255938.9
255966.6
256114.4
256117.2
256123.4
256291.4
256362.3
256405
256417.6
256546.4
256554.1
256611.3
256747
256776.3
256799
256857.8
256973.6
256974.9
257101.1
257161.4
257255.2
257264.8
257294.4
257294.7
257304.6
257311.8
257364.4
257368.2
257395.4
257503.7
257536.8
257543.3
257599.6
257606.3
257637.9
257684.7
257812.9
257825.7
257838.3
257859.5
257859.8
257863.2
257905.2
257910.4
258001.9
258116.3
258180.8
258269.8
258275.5
258292.8
258303
258347.1
258549.7
258639.1
258648.8
258684.2
258745.8
258776.5
258788.4
258904.8
258925.6
258940.9
258948.1
259930.4
260068
260170.1
260270.5
260314.8
260415.4
260448.8
260753.1
261201.7
262033.7
263028.5
263048.3
263294.9
269045.9
269179
269273.8
269369.1
269411
269415.3
269535.9
269544.2
269557.6
269586.6
269613.2
269745
269790.8
269868.8
272448.7
272987.7
273113.8
273127.6
274778.2
275304.4
275361
275439.6
275598
275817.7
278119
278918.8
279058.1
279491.6
281469.1
283103.2
283458.1
283569
286824.9
286883.4
286917.7
286958.3
286963.5
286976.6
286998.7
287015.2
287063.5
287077.6
287150.4
287179.4
287336.9
296186.6
296379.7
296499.4
296518.6
296617.3
296724.7
296736.7
296796.7
296931.1
297034.9
297044
297095
297103.2
297156.3
297171.1
297172.8
297188.6
297197.5
297277.7
297307
297351.8
297367.9
297391.6
297427.3
297443.7
302913.9
303181.8
306120.1
306376.1
306401.3
306586.6
306633.7
306911.6
306972.7
307166.2
307246
307523.7
307596.7
307633.7
307770.4
307969.2
308881.5
311484.3
320412.8
320416.9
320460.8
320478.7
320505.9
320559.4
320636.6
320668.1
320680.5
320714.9
320718.8
320819.6
320902.5
320912.4
320935.6
321621.4
321795.4
321904.5
322015.3
322069.8
322291.2
322323.9
322398.9
322419.5
322430.3
322492.4
322509.4
322632.2
325234
325307.9
325482.4
325504.3
325550
325644.9
325826.2
329749.5
329995.6
330061
330086.9
330132.2
330164.9
330187.8
330191
330305.1
330307.5
330354.2
330393.4
330463.6
330467.4
330488.6
330531.7
330550
330720
330720.8
330739.1
330783.4
330899.3
330902.6
330908.6
330940.2
330943.5
331036.8
331038
331195.8
331199.4
331217.1
331264
331302.2
331332.1
331343.6
331436.3
331437.5
331484.8
331503.1
331557.5
331560.1
331561.5
331584.3
331608
331608.3
331625.6
331630.4
331633.7
331635.7
331698.8
331699.6
331833.7
331839
331842.2
331875.7
331976.8
332978.6
333193.8
333392.6
333785.8
334019.5
334123.2
334426.7
334585.6
335642.5
335743.8
335789.2
335897.2
335948.9
335965.5
335996.3
336019.2
336070.1
336081.9
336084
338153.5
342530.1
342588.9
342619.5
342630.6
342656.8
343096
343319.7
350086.6
353404.8
353410.8
353496.6
353579
353589.6
353620.5
353646.8
353813.3
353813.8
354088.4
355248.1
355279.3
355424.6
355613.6
355704.4
355706
355725.5
355818.1
355833.3
356005.3
356085.9
356165.8
356177.9
356196.6
356318.3
356358.8
356399.3
356402
356428.2
356436.9
356521.5
356581.6
356622.2
356647.4
356657.5
356668.9
356674.7
356677.6
356694.9
356704.3
356919
356933.6
356935.5
356952.2
356977.9
357046.7
357049.1
357062.8
357072.7
357081.6
357136
357151.9
357197.5
357223.1
357254.3
357260.8
357265.4
357285
357287.9
357314.3
357354.7
357376.7
357394.8
357481.7
357521.2
357590.4
357639.8
357643.1
357646.1
357701.2
357722.4
357785.3
357813.4
357822.8
357861.4
357879.9
357925.4
357995.4
358187
358200.6
358221.8
358278.3
358310.2
358328.9
358447.7
358463
358557.6
358633.3
358693.4
358704.1
358797.4
358819.3
358852
358936.6
359075.7
359103.8
359149.9
359165.9
359201.7
359235.7
359281.4
359453.1
359481
359516
359630
359640.5
359664.8
359711.4
359712
359827.1
359966.3
359971.7
359974
360041.7
360055.4
360078
360094.6
360111.6
360160.6
360238.9
360244.2
360322.4
360344.7
360351.3
360367.5
360422.4
360422.9
360468.2
360534.8
360562.8
360660.7
360712.8
360733.6
360771.2
360816.3
360905
360909.3
360917.6
360920.9
360941.7
360949.8
360969.1
361012.9
361119.4
361189.7
361209.4
361292.1
361321.8
361391.3
361398.8
361432.6
361533.6
361597.6
361602.6
361662.6
361717.3
361717.4
361757.2
361858.3
361873.3
361934.9
362012.7
362060.9
362085.8
362107.3
362256.6
362424.1
362672.6
362710.9
362716.2
362994.6
363106.1
363126.2
363239.9
363246
363261
363368
363371.9
363556
363584.3
363585.4
363773.5
363781.6
363789.2
363862.7
363864.6
363885.2
363891.2
363935.7
363942.9
364077.5
364115.1
364140.8
364158.9
364186
364445.8
364495.3
364540.8
364563.5
364805.2
364870.8
365044.3
365136.6
365195.3
365208.9
365304.4
371956.4
372248.5
372575.5
372589.2
372698.7
373847.3
374718.1
376158.2
376981.3
377910.5
378098
379638.1
380762.6
380922
381085.4
381185.3
383530.5
385185
386664
389486.6
389537.9
389589.8
389678
389693.1
389715.3
389730.2
389780.5
389827.8
389872.1
389898.8
389925.4
389940.2
389997.7
390022.4
390079.8
390130.2
390217.9
390266.1
390352.5
390381.3
390428.2
390434.5
390471.7
390641
390676.9
390758.9
390798.9
390868.1
390877.5
390974.7
390993.7
391031.2
391104.7
391209.9
391235.2
391276.9
391313.2
391358.6
391494.5
391524.6
391527.9
391581
391616.4
391681.5
391726.2
391750.4
391833.1
391927.4
392029.8
392035.6
392293.7
392552.5
392982.8
399123.6
399615.9
399672
399803.5
399968.7
399991.7
400896.8
405046.3
405293.2
405534.6
405936.9
405996.1
406062.3
406072.6
406170.2
406336.3
406679.1
407089.9
408641.5
409185.9
412146
412149.7
412190
412227.1
412232.1
412254.4
412339.4
412410.1
412415.3
412462.7
412518.6
412578
412596.6
412655.8
412656.3
412716.6
412799.1
412805.3
412818.1
412834.7
412881
412900.7
412945.1
412969.4
412981.5
412983.6
413011.3
413021.4
413027.3
413129.9
413256.6
413417.6
416055.7
416106.3
416137.5
416199.8
416209.5
416481.3
416511.9
416677.7
416771.9
416893.3
416966
417333.1
417658.5
417690
417876.1
418147.4
420921.8
423157
424198.8
424785.4
425788.7
425793.8
425828
426016
426305.3
426328.7
426548.6
426827.9
426832.7
426855.1
426881.9
427190.1
427666.5
427905.1
427936.1
429789.6
429953.7
430282.5
430295.5
432124.2
432166.3
432223.4
432671
434700.4
434705.9
436105.3
441807.7
441838.9
441957.7
441977.2
442016
442161.4
442225
442241.2
442316.1
442318.3
442396.5
442409.9
442513.4
442706.2
442721.3
442758
442802.9
442807.6
442820.5
443055.5
443143.7
443220.5
443241.9
443283.7
443323.6
443333.4
443356.8
443375.7
443490.6
443501.1
443526.8
443591.6
443635.2
443644.5
443690
443774.1
443782.1
443803.8
443825.7
443949.9
443966.4
443973.9
444097.6
444101.1
444129.8
444193
444195.4
444206.7
444251.6
444358
444381.4
444384.1
444534.7
444572.6
444979.8
445250.2
445903.5
447056
447088.8
447324.5
447359.9
447430
447461.7
447543.6
447575.4
447722.1
447812.8
447853.2
447868.6
447871.9
447903
448188
449292.9
449546.1
449617.5
449628.6
451345.4
451439.6
451557
451639.4
451745.5
451776.4
451848.4
451924.1
451964
451988.2
452093.8
452207.5
452263.4
452419.1
452526.7
452547.3
452552
452668.8
452704.5
452720.7
452810.9
452889.5
452927.7
452958.2
453068.5
453093.8
453158.3
457761.8
457828.6
457862.4
457880.3
457961.2
457966.9
457985.8
458044.4
458196.4
458249.6
458259.2
458400.5
458447.1
458492.9
458561.9
458656.7
460974.7
462636
462646.1
462662.9
462722.8
462841.4
462969.8
462986.9
463228.7
463397.4
463405.5
463496.7
463540.3
464108.7
466652
467004.2
467084
467126
467130.2
467144.8
467150.8
467158.8
467311.1
467433.3
467527.4
467545.3
467558.5
467558.6
467578
467708.8
467720.2
467762.6
467798.7
467845.2
467905.2
468078
472635.7
472652.6
472803
473159.2
473255.9
473323.1
473437
473802.9
474020.3
474058.2
476668.9
477227.5
477302.2
486205.8
486627.8
487251.3
488628.1
489095.1
489128.8
489222.2
489802.9
489827
490023.6
490649.1
490686.9
490700
492610.7
493056.1
494308.9
494567.6
495244.9
495750.5
496126.9
496229.2
496297.8
496807.2
497083.5
497261.1
497681.7
497706.1
497740.8
497953.7
498115.5
498172.7
498351.8
498388.5
498418
498780.1
498847.5
499368.3
499492
500386
500749
500809.5
501034.3
501163.4
501592
501710.7
501821.8
502225.4
503069.5
503409.4
506146.9
507221.3
507292.3
507300.4
507311.3
507341.4
507432
507579.6
512095.2
512267.4
516850.8
517080.8
526841.5
527351.9
527578
527668.8
527678.8
527690.7
527771.3
528992.3
529005.2
529147.1
529407.8
529421.6
529638.9
532192.5
532363.5
532494.1
532585.3
532632.3
532794.2
532840.2
532848.4
532859.7
532883.6
532920.8
532992.6
533081.6
533108.9
548964.6
551698
551791.3
551848.7
559779
560318.4
560491.9
560523.8
560680.9
561045.9
565937
566897.8
568294.3
568556.2
568619.1
570431
570507.3
570841.7
570859.5
570904.5
570999.4
579769.7
579771.3
579842
579850.2
579866.6
580006.1
580111.4
580203.3
581020.5
581067
581256.4
581390.8
581450.9
581479.8
581621.4
582930.8
583340.3
583616.8
583754.1
584175.9
584823.1
585326.1
585567.5
586037.6
589718.1
589962.8
594630.4
594718.7
594802.4
594805.1
594906.8
594920.8
594965.9
594970.1
594978.3
595062.9
595073
595074.8
595215.9
595518.6
596768.8
