3960.8
6771.6
6791.7
7778.6
7804.2
8459.8
8468.5
8595.3
8658.5
8659.5
8706.7
8960.9
9056.3
9145.5
9295.6
9342.9
9377.1
9413.8
9424.7
9562.4
9575.7
9593.3
9600.1
9619.7
9644
9692.8
9808.3
9838
9887.6
9942
9964.4
10029.7
10060.2
10076
10177.5
10225.1
10279.9
10341.2
10544.8
10632.9
10744.2
10806.9
12803.4
12931.3
13133.5
13263.9
13351.5
13757.6
13984.6
14110.5
15343.1
15783.5
18760.3
18792.7
18826.7
19002.7
19399.4
19439.5
19543.8
19596
19744
20647.6
20659.7
20704
20712.3
20713.6
20769.5
20771.2
21196.9
24789.6
25739
38208.1
38449
38477
38510.9
40055.3
40056.4
40191.3
40263.7
40292.6
40326.1
40328.9
40376.1
40401.2
40432.1
40518.9
40540
42652.6
42730.7
42766.8
42786.7
42859.5
42873
42885.5
42995.3
43046.9
43188.5
43200.1
43248.9
45433.9
45444.9
45485.2
45502.7
45588.2
45629.6
45637.5
45678.7
45709.6
45757.9
45835.7
52365.6
55145.4
55210.7
55215.9
55262.4
55298.4
55382.5
55387.6
55412.8
55416.6
55433.9
55484
55503.9
55516.6
55626.3
55645.2
55689.1
55771.1
55852.6
55859.5
55884.4
55901.6
55949.9
56049.5
56094.2
56207.2
56209.4
56305.2
56361.6
56417.9
57097
57128.7
57150.4
59510
61351.9
62659.9
62661.5
62710.6
65681.5
65700.4
65787.7
65810.6
65825.9
65826.9
65844.9
65932
66062.9
66152.8
66741.2
66812.8
66886.3
67113.6
67244.5
67289.5
67510.5
67536.2
67549.5
67872.9
67879.3
67929.4
67945
67988.5
67996.3
68198.7
68198.8
68212.9
68252.2
68252.5
68266.4
68323.6
68334.4
68377.3
68408.5
68436.1
68449.9
68522.9
68574
69328
69910.9
69912.4
70036.9
71325.9
76261.3
82750.7
85571.7
86733.9
86765.8
86792.4
86886.9
87027.8
87133.9
91435.4
91489.9
91778.5
91923.6
92070.3
92117.1
92148.8
92172.9
92251.6
92280.6
92287.7
92383.9
94099.5
94114.4
94191.8
94219.1
94278.8
94282.5
94336.9
95346.3
97263.1
100835.4
102008.3
102504.9
102645.6
102838.3
103632.8
105057.8
105352.3
105430.4
108456.6
108972.6
110895.6
110933.2
110987.6
111040.1
111145.7
113653.2
115095.2
115562.7
115587.6
115619.4
116016.6
117917.9
117952.1
118062
118176.7
118189.3
121045.3
121045.5
121205.4
121232.5
121263.4
121265.7
121338.5
121343.8
121458.7
121503.9
121580.5
121588.3
121610
121648.2
121756.5
121802.2
121812.2
121852.8
121896
121944
122039.9
122074.2
122079.1
122130.4
122188
122218.6
122244.1
122247.2
122328.3
122344.8
122347.5
122357.8
122413.9
122634.5
122706
122733.1
122933.6
122981.7
123075.4
123124.8
123196.5
123225.6
123535.1
123540.7
123631
123688.4
123744.1
123920.3
123947.4
123973.4
123979.7
124051
124054.7
124059.1
124088
124180.2
124188.6
124351.5
124379.2
124458.4
124500.8
124518.8
126353.6
128340.2
130521.6
130688.5
130839.1
130931.5
131124.8
131219.7
131307.4
131329.9
131617.3
131626.3
132647.7
132685.3
140845.2
141587.7
141849.7
141900.9
142109.2
142356.5
142406.2
142407.9
142494.3
143025
143094.9
143692.2
143745.3
161533.1
161705.6
161730.7
163711
163841.6
163932.5
164316.6
166411.3
166568.6
166597
166619.3
166741
166798.3
166812.1
166837.2
166908
169675.3
169976.7
169988.8
170231.6
170343.1
170522.7
170554.2
170571.2
170672.3
170832.5
171306
171496.4
171571
171636.6
172261.9
173424.1
173495.3
173807.6
177806.1
177949.1
178037
178071.8
178840.6
179034.6
179038.3
181747
182627.1
182664.3
182667.8
182778.8
182804.6
182846.5
182859.1
188783.3
188808.4
189521.5
189576.1
189612.4
189694.3
189713
189739.3
189780.8
190079.6
190118.3
190153.9
190184
190225.6
190258.3
190315.9
190344.3
190353.3
190389.8
190442.6
190468.2
190471.5
190513.4
190532.4
190535.4
192532
192642.9
192660.8
192668
192749.4
192776.2
192783.2
192784.9
192795.9
192857.6
192919.5
192952.9
193001.1
193071.2
193071.5
193091.2
193149.7
193590.7
193631.5
194618.2
194859.8
195113.1
195873.8
195891.2
195925.2
195958.8
196020
196065
196075.9
196084.6
196157.9
196163.2
196164.5
196277.6
196285.1
196285.6
196293.1
196351.5
196437.8
196477.7
196482.2
196506.9
196526.4
196621.7
196623.5
196669.4
196722
196783.6
196832.8
196833.4
196867.5
196891.6
196918.4
196971.9
197021
197030.6
197074
197096.6
197198.5
197250.4
197297.1
197339
197453.9
197483.8
197543.5
197605.8
197761.6
197786.2
197839.6
197889.7
197930
197939.3
198052.1
198132.7
198140.4
198150.6
198179.3
198213.4
198332.7
198368.5
198391
198589.3
198640.3
198678
198707.6
198730.3
198762.1
198835.8
205816.3
210658.1
214656.2
214810.7
215795.5
215823.7
215900.6
215919.3
217084.1
217439.8
217445
219991.6
220177.3
220188.1
220263.2
220298.1
220556.3
223570
223952.5
225076.9
225151.1
225457.7
226193.3
226290.7
226383.4
226436.8
226572.5
226732.1
226742.7
226811.4
226906.1
226914.8
226985.7
227131
227268.4
227292.3
227404.8
227411
227419.9
227456
227462
227465.1
227524.8
227558.4
227565.9
227657.4
227677.3
227932.6
227979.6
228002.3
228203.4
228258
228286.7
228625.4
228776.8
229145.1
229221.2
229288.9
229346.6
229359
229368.4
229474.6
230174.2
230240
230323.4
230346.6
230426.2
230572.8
230609.2
230679.1
231958.4
234325.9
234375.6
234923.3
234975
235069.6
235141.5
235163.2
235180.1
235241.1
235379.6
235412.3
235508.1
235548.7
235622.1
235626.7
235745.8
235746.4
235769.8
235789.3
235823.8
236038.2
236222.7
236558.5
236594.2
236884.1
236892.3
236999
237060
237178.1
237662.9
237792.1
238073.1
238194.8
238338.7
238531.9
238717.7
238779.4
238796.9
238822.9
238849.8
238897.1
238901.8
238950.2
238953.7
239014.7
239052.9
239294.2
239379.9
239399.9
247458.6
247612.5
247685.2
249645.4
249710
249785.6
252318.9
252554.6
252604.5
252668.4
263457.5
269116.1
269484.7
269666
269692.9
269719.2
269757.8
269758.6
269780.8
269793.1
269876.7
270017.7
272214.9
272421.2
272462.1
272496.9
272540.9
272608.6
272730
275335
275787.1
277025.3
279770
279794.3
279885.2
280037.9
280240.3
280341.2
281940.4
281956.7
282049.8
282090.9
282121.3
282145.4
282202.3
282214.6
282239.8
282320.8
282325.1
282326.5
282354.4
282360.1
282360.3
282422.2
282422.8
282434.4
296074.1
296175.4
296242.1
296248
296289
296351.6
296477.1
296635.6
297000.8
297733.6
299333.3
299375.6
299377.3
299484.9
305005.3
306379.1
306409
306463
306537.9
306565.1
306566.1
306607.4
306645.8
306673.5
306733
306842.7
306854.1
306907.4
306921.5
306965.2
307358.1
307447.9
307467.4
307593.5
307673.8
307808.6
307862.6
309735.5
309950.8
320631.8
320698.7
320704.2
320742
320757.9
320780.8
320812.6
320813.4
321011.5
321172.4
321368.2
321395.3
321593
321616.1
321855
321864.7
322252.9
322372.7
322531.3
322557.9
322576.7
322578.6
322602.2
322671.5
322741.3
322790.5
322841.8
322860.6
325374
325465.5
325643.7
325795.2
330068.7
331202.2
331251.3
331277.5
331460.9
331472.1
331484.8
331527.1
331631.4
331695.2
331726.8
331758.3
331790.6
331813
331914.9
331925.1
331953.3
331999.3
332138.6
332140.1
333076.8
333147.9
333244.8
333389
333389.5
333615
334491.4
335575.8
335712.3
335854.3
336038.4
336768.5
337137.5
337201.8
337210.9
337255.3
337295.9
337319.7
337509.2
337527.2
342783
342940.3
343035.8
343084.4
343123.6
343233.6
343315.9
345047.5
356784.7
362706.7
363806.8
364287
364476.1
364562.6
364781
364787
364926.7
364957.7
365235.9
365298
365602.3
375847.7
375895
375902.6
376019.2
376122.5
376274.6
376348.7
377406.3
377514.3
377521.3
377670.5
377728.1
377755.5
377868.5
378076.8
378487.8
378496.8
378566.4
378609.3
378613.3
378830.8
379350.4
379815.7
379995.4
380123.1
380248
380361.1
380511.5
380571.5
380858.7
381071.1
381284.8
381308.5
381453.5
381487
381522
381546.1
381805.4
382527.4
383263.4
383881
384230
384758.8
385525.8
385574.8
385639
385978
386212.7
389200.6
389308.8
389321.3
389384.3
389433.3
389451
389513.4
389577.2
389611.2
389621.8
389644.1
389701.6
389744.5
389818.8
389888
389905.1
390022.9
390058.9
390078.4
390191.2
390231.7
390233.4
390286.2
390322.4
390353.1
390370.4
390407.9
390410.7
390439.5
390449.7
390466.2
390468
390507.2
390512.3
390519
390561
390569.7
390614.9
390696.3
390708.5
390770.7
390777.5
390787.1
390854.3
390876
390879
390901.8
390936.9
390977.1
390979.8
391042.4
391062.6
391116.6
391143.7
391150.7
391170.2
391174.3
391231.7
391236.4
391258.4
391274.5
391282.5
391390.9
391495
391499.9
391513.7
391517.6
391577.7
391598.2
391687.6
391842.8
391881.5
391920.8
392078.8
392109.5
392114.3
392116.1
392137
392151.7
392198.7
392208.6
392243.9
392294.6
392312.7
392447.2
392536.9
392942.1
393230.7
393325.8
394373.6
399314.1
399404
399407.9
399445.5
399474.5
399497.7
399565.3
399587
399705.6
399908.3
399930
399962.1
400037.5
400639.6
400811.5
401222.5
401270.6
401697.6
402007.2
404774.1
404995.5
405038.8
405138.3
405307.7
405508.3
405552.6
405561.9
405576.1
405851.7
405930.7
406334.3
406398.3
406409.7
406416.8
406489.6
407109.9
407230.7
407892.4
408538
409204.9
410294.9
412021.6
412124.2
412188.8
412276.2
412302.9
412336
412364.2
412499
412522.7
412599.4
412644.2
412730.8
412737.3
412815
412823.9
412870.8
412872.4
412904.7
412988.6
413041.8
413165.1
413182.2
413240.8
413457.8
413473.9
413643.4
413926.6
414702.2
414795.7
415561.9
415662.1
415793.7
415820.9
415875.4
415920
415925.2
416100.7
416146
416234.9
416479
416517.2
416553.2
416621.4
416648.9
416737
416748
416775.6
416840.2
416889.6
416931.3
416962.6
417046.7
417048
417106.6
417127.1
417196.6
417290.6
417366.3
417467.8
417477.9
417596.2
417630.7
417685.3
417705.1
417750.2
417762
417885.4
417897.7
417924
417985.2
418023.4
418094.6
418103.7
418110.5
418138.5
418280.5
420886.5
420951.2
423163.4
423204.1
423277.8
423316.7
423321.7
423353.1
423492.8
423584.7
423614.7
423618.3
423775.1
423775.3
423794.5
423835.5
423848.2
423877.6
424032.5
424103.5
424842.5
425085
425104.4
428036.8
429725.6
429730.3
429896.3
429942.9
429973.4
429989.2
430051.3
430190.2
431836.7
432107
432226.5
432285.6
432331.8
432407.6
433518.8
433618.6
434174.8
435200.7
435244
435387.3
435448.3
435765.2
437243.6
437404.8
438208.8
438766.6
442866.9
444712.4
444726.5
444886.7
444924.9
444929
444980.8
445000.8
445017.4
445021.1
445028.8
445050.7
445083.2
445096.5
445172.7
445381.8
445505.2
445592.8
445772.8
446998.8
447245.2
447264.3
447274.5
447322
447393.4
447397.7
447400
447445.8
447476.1
447478.4
447485.5
447559.6
447584.7
447608
447693.7
447704.7
447717.2
447724
447813.3
447829
447870.8
447881.9
447895.5
447922.9
448009.2
448184.8
448804.4
448829.9
448860.7
448967
449051.9
449063.5
449223.5
449318.9
449409.6
449447.6
449463.9
449471.4
449511.7
449535.7
449561.3
449590.7
449614.3
449685.1
453099.3
453157.6
453223.9
453314.7
453316
453409
453444.5
453838.6
457494.7
457550.5
457562.6
457567.4
457711.2
457719.8
457747.9
457783.7
457824.5
457948.3
457962.3
458043.1
460588
462746
462930.6
462985.3
463048
463119
463884.6
464016.9
464056.9
464214.3
464231.3
464266
467989.7
468004.5
468284.7
468328
469787.8
471176.8
472582.8
472590.9
472613.5
472682.1
472705.8
472762.3
472823
472884.3
472891
472905.4
472922.5
472923.4
473039.7
473048.3
473080.1
473108.1
473140.2
473187.8
473194.5
473237.8
473295.5
473330.8
473344.7
473468.3
473473.2
473610.4
473628.7
473759.4
473782.8
473804.8
473811.9
473837.8
473933
474037.5
474130.8
474172.1
474233
474292.7
474380.7
474385.2
485407.7
485474.9
485513.3
485780.1
485825.7
485905.8
485975.5
485984.7
486035.3
486105.8
486131.5
486149.4
486197.4
486275
486387.9
486440.8
486456.6
486512.1
486681.6
486744.7
486780.1
486790.4
486889.7
487111.6
487235.7
487394.5
487453.4
487544.6
487948.8
487973.6
488090.4
488213
488273
488383.7
488445
488448.2
488536.3
488609
488651.5
488755.5
488762.5
488766.7
488805.5
488816.7
489054
489211.3
489259.5
489526
489604.9
489640.7
489760.8
489825.1
490099.8
490173.8
490232.8
490465.1
490492.4
490511.3
490675.9
490741.8
490803.1
490990
491080.9
491479.5
492172.6
492625.7
492653.1
493008.7
494185.7
494365.7
494397.9
494568.9
494622.8
494704
494714.3
494803.2
494861.2
494876.2
495290.2
495302.4
495366
495432.3
495465.3
495493.2
495545.9
495549.9
495556.4
495617.9
495679.5
495690.1
495901.2
495969.5
495986.2
496103.9
496291.8
496314.8
496532.9
496575.4
496777.6
496962.3
497003.1
497026.8
497107.9
497482.2
497568.4
497584.1
497694.3
497719.8
497738.7
497848.1
497854.8
498211.2
498245.8
498254.5
498285.3
498374.8
498379.2
498442.9
498462.9
498590.8
498634
499053.7
499112.1
499153
499286.3
499301.5
499317.3
499535.8
499570.7
499816.7
499854.5
499931
499946
500169.7
500341.3
500616.4
500815
500994.7
501008.5
501198.6
501274.3
501305.8
501397.9
501487.1
501674.9
501677.1
501784.6
501844.4
501875.7
501918.9
501980.2
502104.6
502170.6
502204.9
502345.7
502494.1
502579.5
502581.2
502708.5
502835.2
502942.4
503099.9
503100.9
503165.2
503220
503262.4
503294.5
503339.5
503433.4
503560
503602.6
503602.9
503889.1
504218.7
504422.6
504437
504544.7
505070.5
505122.2
505288.7
506414.1
506453.9
506621.7
506684.4
507043.4
507167.1
507186.2
507211
507268.9
507319.8
507378.7
507458.2
507634.4
507649.8
507652.8
507662.5
507747.4
511691.2
511775.5
511777.3
511824.9
511893.6
511905.6
511915.9
511925.4
511966.8
511979.2
512053.9
513441.6
513577.2
513712.8
513727.1
513728.9
513743.7
514034.8
514100.7
514117.3
514217.8
514281
514298.7
514340.4
514366.6
514888.9
515055.7
515170.8
515218.7
515224.1
515295.8
515518.4
515870.6
516434.7
516469.8
516539.8
516557.5
516582.1
516627.2
516728
516869.7
517002.6
518396.4
518402.6
518544.8
518929.8
520434.9
520616.2
520696.4
521196.9
521222.8
521285.1
521298
521537.6
521556.2
521585.7
521744.4
521877.4
521880.9
521990
522304
523291.3
523464.7
523673.5
526951.1
528999.2
529012.9
529020.3
529080.5
529129
529263.8
529298.2
529372.9
529393.5
529462
529473.6
529615
529642.5
529718.4
529748.4
529813.2
529878
529922.6
530038
530082.8
531354.7
532268.3
532279.5
532304.6
532308.2
532398.7
532415.6
532492.4
532542.9
532574.7
532597.6
532611.5
532652
532768.8
532915.6
539500.9
539530.7
539772.8
539816.1
539874.5
541379.7
542081.5
542406.7
542572.4
542578.7
543285.1
543529.5
543628.1
543672.8
543737.8
543946.5
544026.8
544316.4
544339
544341.7
544414.3
544483.7
544548.5
544643
544816.9
544927.2
545038.6
545075.1
545078.7
545195.3
545219.8
545245.4
545284.5
545386.7
545542.1
545647.7
545703.7
546055.1
546181.6
546204.4
546392.9
546429
546431.6
546447.8
546507.4
546567.9
549261.7
549300.9
549625.3
551197.6
551223.6
551255.4
551322
551325.4
551555.5
551579.4
551595.3
551597.1
551611.2
551641.1
551717.1
551726.7
559542.9
560160.8
560190.4
560343
560408.9
560432
560442.3
560495.9
560559.3
560608.6
560666.4
560702.5
560714.6
560723.3
560914.5
560967.3
561017.7
561119.4
561186
561412.7
565700.9
565887.1
565906.1
565929.1
565973.8
566876.1
566972
567974.1
568176.9
568179.1
568283.8
568285.5
568286.5
568289.1
568378.5
568539.9
568623
568696.4
568699.4
568718.5
568740.2
568780.3
568974.7
569020.1
569125
569354.5
569392.2
569683.3
569743
569770.9
570386.4
571913.4
572049.3
572066.6
572153.3
572202.8
572216.2
572247.9
572415.3
572421.6
572439.4
572452.7
572512.2
572539
572552
572631.2
572721.7
572754.8
572762.3
572864.3
572919.3
572969.8
573001
573019.4
573025.4
573053.3
573070.4
573165.6
573188
573247.4
573278.6
573291.2
573347.6
573383.7
573451.3
573452.8
573499.8
573504.4
573559.2
573574.7
573579
573672.1
573672.3
573700.2
573706.8
573711.2
573735.3
573774.9
573893.1
573908.6
573917.3
574023.3
574045.6
574057.3
574081
574081.4
574090.9
574100.4
574137.7
574172.5
575184.3
576176.3
576183
576213.7
576220.6
576290.9
576362.7
576415.2
579435.5
579580.7
579585.1
579607.1
579689.7
579695.3
579703.1
579788
579924.5
579944.4
580701.9
580816.7
585795.3
585843.1
585850.2
585956.5
585988.9
586008.2
586076.5
586086.2
586381.7
586413.8
588424.8
588437.2
588476.2
588659.1
588722.7
588816.2
588840.7
588885.3
588919
589092
589222.5
589256.1
589359.3
590144.8
590196.2
591433.4
592100.4
593661.1
593800.7
593846.6
594043.4
594065.7
594181.1
594220.9
594241.4
594255.5
594844.1
595144.2
595202.3
595206.7
595271.1
