1780
2792.4
5360.4
5374
5432.1
5479.9
5501.6
5515.4
5534
7385
7412.7
7482.9
7501
7518.7
7534.1
7605.6
11337.2
11870
12393.6
12868.1
13020.6
13693
13717.7
13850.4
13903.4
14011.9
14056.9
14140.1
14169.9
14170.5
14194.4
14378
15584.2
17240.8
17380.9
17418.8
17422.6
17462.2
17481.4
17627.4
17673.4
17781
17796.4
17802.1
17815.4
17838.7
17875.3
18024.4
18055.6
18121.1
18160.5
18600.5
18627.6
18634.8
18719.5
18852.8
20240.2
20410.9
24086.5
24101.3
24356
24555.4
24570.8
24778.5
24800.2
24806.2
24860.4
25074.8
25084.9
25152.7
25173
25268.2
25278.2
25434
25477
25529.9
25541.7
25657.3
25682.8
25782.7
25832.1
25890.1
26126.7
26130.3
26150.2
26155.2
26163.5
26187.9
26229.6
26388.6
26433.2
26498.4
26532.7
26573.7
26658
26669
26695.2
26703.3
26774.7
26797.2
26808.7
26819.5
27029.3
27070.7
27096.7
27125
27216.1
27535.9
27657.2
27837.7
27861
27987.6
28066
28074.9
28301.7
28631.7
28666.9
28800.1
38404.8
39999.6
40010.6
40028.3
40039
40126.8
40220.6
40250.2
40253.3
40263.6
44765.1
45070.3
45076.6
45107.6
45153.2
45288.1
45316.6
45318.2
45337.8
45378.4
45482
45531
50613.1
51118.6
51566.6
58212.1
58392.3
59243.5
60141.7
63030.8
63157.6
63186
63195.9
63216.1
63232.2
63485
65686.1
66113.1
67882.3
68067.3
68721.2
70222.1
70547.8
77948.9
77965.6
78129.1
78246
78622.3
79233.9
79803.4
79812
82339.9
82352.1
82481.3
82699.7
82753.1
82798.8
82995.9
83004.3
83016.1
83133.7
83152.7
83178.5
83319
83796.4
86165.6
86246.1
86446.8
86778.4
86836.9
86879.1
86945
87024.9
87095
87135.8
87143
87155
87322.8
87704
87730
87760.4
87929.4
88194.3
88233.8
88321
88609.1
88723
88747.5
88755.7
88839
88883.8
89064.3
89123.7
89125.4
89397.9
90948.9
92484.5
92486.2
92549.4
92558.7
92568.3
92587.1
92629.8
92668.3
92718.5
92860.8
92890.2
92931.4
93053.3
94665
96423
99655.2
100794.8
100925.3
106667.1
108417.8
108754.6
108768.3
108859
108860.4
108865.9
108956.5
108957.6
108988.2
109078.9
109106.9
109323.2
109331.5
109352.4
109374.3
109453.3
109514.3
109603.8
109630.7
110441.9
110444.4
110652.5
110777.8
110806.6
110924.9
113316.8
113321.6
113324.9
113351.4
113432
113450.8
113547.7
114903.8
115097.5
116191.1
116343
116371.1
116384
116443.6
116467.9
116603
116674.7
116725.8
116751.4
116751.6
116754.8
116757.5
117013.7
117280.9
117631
117719.4
117760.2
117777.6
117812.7
117835.2
117955.5
126720.7
126858.2
161533.7
163626
165785.8
169872.8
170663.2
170842.7
170907.5
170938.5
171074.2
171174.3
171188.8
171261.2
171372.5
171422.3
171491.9
173519.8
173539.9
173563.3
176023.7
176118.8
176148.2
176175.8
176265.2
176316.5
176374
179179.6
179232.8
179256.6
179325.2
179332.6
179333.1
179436.2
179440.9
179502.9
180746.9
181226.6
181339.4
181348
181414
181421.2
181504.8
181522.1
181523.3
181615.6
181798.8
181809
181853.4
181872.8
181918.3
182277.1
182298.6
182344
182347.8
182407.1
182527.8
182621.3
182736.7
186394.3
186467.1
186715.3
189472.6
189503.3
189577.6
189578
189597.4
189647.1
189660.8
189731.6
189807.7
189817.4
189841.6
189867.6
189879.9
189922.8
189924.4
190027.6
190035.9
190077.9
190105
190143.7
190151.5
190255.9
190281
190292.3
190404
191435.7
192546.6
192607.3
192678.8
193155.4
193219.8
193221.6
201639.2
201652.6
203494.9
204116.5
204471.8
211717.1
211770.2
211787.4
211793.2
211837.7
211941.1
212022.8
212046.6
212047.6
212088.1
214261
214376.2
214400.5
214403.7
214507.2
214519.2
214634.9
214720.1
214752.1
214783
214819.3
214843
214871.8
214894.2
214895.3
214912.6
214920.9
215001.5
215076.7
215078.4
215101.6
215112.8
215153.9
215173.6
215216.7
215311
215351
215352.4
215494.2
215634
215734.3
215869
215886.6
216355.3
216770
219840.5
219876.9
219976.1
220094.6
220141.5
220147.3
220303.7
220345.8
220552
220634.5
223600.6
223711.3
223713.9
223731.7
223773
223784.4
223812.5
223876.8
223888.4
223937.8
224324
224683.7
224763.9
224799.5
226073.8
226157.5
226157.9
226164.1
226233
226314.4
226316.5
226318.4
226319.3
226367.9
226467.4
226472.3
226474
226562.2
226591.8
226610.3
226641.6
226679.4
226697.2
226780.2
226781.3
226910.3
226979.5
227123.7
227457.6
227556.1
227576.9
227602.1
227643.3
227703.2
227704.2
227727.8
227728
227731.4
227739.3
227751.3
227758.7
227849.3
227887.7
227954.6
228101.5
228109.4
228151.4
228177.6
228263
228332.7
228470.4
228478.5
228486.2
228602.6
228710.3
228744.1
228776
228780.6
228936.6
229074.6
229135.2
229249.5
229274.9
230233.2
230285.4
230293.4
230310
230357.1
230418.8
231454.6
231468.7
231515.1
231515.2
231573.4
231584
231588.1
231631.7
231644.2
231685.7
232922.4
241758.2
242137.2
242272.8
242332
242378.4
243230.1
243393.8
243413.3
243447.5
243519.7
243541.8
243566.5
249798.4
251441.6
251744.5
251768.5
259778.6
268962.7
269072.5
269127
269232.4
269281.4
269386.5
269549
269571.6
269584.5
269637.3
269668.5
269681.7
269686.4
271601.1
271737.6
271788
271908.6
272153.7
272299.9
272533.8
272557.3
272562.9
272736.6
272782.1
272808.7
272877.6
273119.2
274104.3
274143.3
274269.5
274272.5
274313.5
274446.7
274760.5
279758.9
279949.5
279953.6
279964.5
280044.3
280137.9
280236.6
280242.6
280344.9
280373.8
280425.3
280474.4
280475.3
280506.3
280536.2
280579
280595.1
281320.4
281671.9
281747
281800
281822.9
281852
281973.4
282057.6
295854.6
295885.7
295888.1
296010.9
296024.9
296074.3
296154.9
296211.7
296262.7
296341.8
296358.5
296401.7
296559.6
296662.3
296808.6
297031.8
297537
297682.4
297748.5
297781.4
297783.7
297821.8
299383.3
299523
299639.2
299651.9
299895.9
300003.6
300312
300411.3
300433.7
300477.3
300610.8
300624.2
300758
309716
309908.8
310142.4
310178
310237.4
310289.3
310293.4
310462
310537.2
310979.4
320223.5
320386.4
320489.1
320529.6
320538.8
320585.8
320642
321924.5
322031.1
322243.2
323840.8
325123.1
325138.7
325148.4
325204.9
325273.2
325382.8
331486.6
331965.8
332153.8
332177.3
332199.2
332272.1
332296.7
332320.8
332348.6
333656.6
335482.4
335631.9
337281.9
337351.1
337377.7
337428.4
337611.7
342461.8
342548.4
342654
342687.1
342687.7
342699.3
342713.5
342717.7
342744.7
342883.4
342899.5
343002.7
343017
343027.9
343310.8
349154.1
349438
349449.6
349458.2
349598.9
349600.8
349637.6
349792.8
349970.2
350468.3
355064.7
355640.9
355871.2
356019.9
356394.3
356468.8
356885.2
357324.7
357451.5
357514.1
358639.4
358804.8
360163.4
360435.7
360993.6
361213
361295.3
361323.9
361702.2
363004.9
363461.7
363841.8
364033.7
364268.3
364299.6
364487.9
364623.2
364882.5
364948.2
365066.9
365088.5
365183.8
365205.7
365236.9
365337.8
365363.5
365446.8
365487
365493.9
365536
365638.6
365650.4
365737.9
365877.1
365893.6
366015
366075.9
366117.6
366165.9
366750.8
367015.4
367038.1
367130
367139
367166.8
373885.1
373983.8
374096.2
419768.7
420680.9
420702.8
420774.7
420776.8
420791.3
420902.4
420924.8
420995.3
421054.3
421607.5
422400.3
422755.4
422851.5
422935.6
423028.7
423070.8
423425.3
423683.6
424062.1
428889.9
428972.8
429536.2
429828.9
429899.9
430068.6
430123.7
430134.7
430260.7
444914.2
444964.1
444987.3
445013.5
445054.4
445082.9
445144.8
445313.1
445328.8
445334.6
445501.3
445524.8
445556.5
445649.5
445738.1
445791.3
445841.7
445922.1
445961.1
446036.2
446043.8
446062.1
448807.6
449004.9
449247.7
449249.1
449304.6
449397.4
449400.4
449422.3
449425.1
449441.1
449455.9
449456.7
449473.3
449596.4
451498.5
451643.6
451652.7
451679
451700
451706.3
451751.5
451769.7
451821.6
451829.4
452055.4
452070.9
452118.3
452173.4
452204
452366.2
452549.9
452594.9
454243.4
454265
454287.9
454375.3
454394.7
454408
454463
454540.2
454607.6
455226.2
457768.2
457792.6
457799.9
457875.2
457886.7
457894.6
457987.4
457989.3
458119.6
458532.7
458725.9
459570.3
460506.2
460582.5
460775.7
460845.5
460937.1
460955
460957.6
460993.7
462345.7
462517.1
462541.1
462592.5
462673.8
462674.5
462695.9
462796.2
462845.8
462918
463037.5
463094.1
463121.5
463136.4
463146.7
463261.8
463303.8
463317.6
463394.3
463396.4
463444.7
463469.8
463470
463494.2
463518.1
463578.1
464192.2
464270.6
464328.3
464394.9
464418.5
464442.2
464445
464457.7
464462.8
464463.7
464866
466103.5
468625.3
468636.8
468648.2
468998.1
469135.7
479766.9
481055.9
481502.3
482075.3
482198.6
482205.7
482319.3
510169.4
510312.2
510690
510690.9
510937.8
511073.5
511129.4
511418.6
511502.9
511687.6
511727
511738.1
512749.6
513045
513119.1
513135.8
513170.3
513198.7
513270.9
513292
513293.9
513445.6
513461.2
513555.4
513578.5
513582.9
513622.6
513649.2
513744.5
513768
513774.6
513847
514047.3
514109
514242.5
514632.8
515065.9
517122.9
517268.4
517277.9
519099.9
519414.8
519492
519744.7
519837.8
519851.8
519896.5
519918.8
520032.9
520135.5
520167.2
520249.3
520253.6
520282
520355.7
520391.4
520430.7
520660.9
520731.3
520932.2
521024.6
521169
521221.3
521344
521515.6
521540.6
521579.8
521598.6
521780.1
521815.5
521824.3
521929.6
521982
522001.7
522042.3
522123.6
522424.2
522438.4
522451.8
522466.4
522477.8
522492.8
522504.6
522565.1
522574
522591.8
522608
522652.3
522658
522681.3
522731.8
522788.9
523043.1
523146.2
523213.5
523226.4
523324.4
523390.3
523406.4
523501.4
523558.9
523626.6
523642.3
523662.3
523702.7
523740.3
523772.8
523775.4
523806.1
523819.6
523910
523926.4
524045.2
524085
524146.6
524218.8
524261.7
524282.5
524532.8
524548.9
524561.6
524598.2
524625.7
524721.3
524740.1
524756.9
524765.3
524813.3
524822.2
524852.3
524860.1
524889
524901.1
524946.1
524947.2
525083
525104.2
525143.4
525165.8
525224.5
525252.5
525289.9
525308.4
525330.4
525440.4
525452.1
528277.7
528341.1
528736.8
528906.3
529001.2
529008.1
529474
529739.5
529875.6
530045
530371.3
532339.5
532512.7
532533.8
532630.4
532677.2
532735
532751.5
532759.9
532828.9
532841.4
532856.4
532938.5
533008.6
538502.6
539759.6
539763.9
539909.7
539922
539956.8
540014.1
540116.9
540200.4
540202.1
540916.6
546581.7
546582.5
546635.8
546647
546739.1
546843.4
547835
547855.7
547959.8
547970.6
547989.9
548039.4
548048.5
548073.6
548080.9
548179.4
548242.5
551764.6
551862.4
551936.7
552625
560038.6
560201.2
560225
561001.4
562970.4
564748.1
564962.4
565051.9
565061.2
565062.6
565078.3
565144
565164.2
565173.3
565173.9
565354
565404
565404.7
565584.5
565672.7
565674.7
565740
565765.4
565809.2
565824
565867.2
565989.4
566001.2
566031.3
566530.5
566549.4
566686.7
566741.9
566752.7
566774.4
566837.5
566845.5
566849.7
566853.3
566869.2
566891.7
567950.7
568056.5
568068.6
568078.3
568168.5
568200.1
568204.6
568248.1
568298.5
568492.3
568570.8
568580.1
568860.2
568905.5
568927.8
568929.3
568952
569072
569073.2
569075
569079.4
569083.7
569136.2
569197.2
569219.7
569261.8
569265.3
569302.7
569366
569369.8
569506.5
569517.8
569638.5
569681
569732.5
569795.9
569880.8
569896.1
569913.4
569985.6
570020.1
570033.4
570044.6
570172
570195.3
570337.8
570379.2
570404.8
570487.8
570610.3
570888.6
572962.7
574138.2
574219.1
574272.8
574339.1
574342.2
574356.7
574429.2
574473.3
574473.5
574584
574659.1
574731.5
574759.5
574779.6
574805
574924.4
574993.1
575069.3
575077.1
575093.9
575128.3
576066
576144.9
576146.1
576159.2
576162.7
576201.9
579351.4
579624.6
579758.2
579827.4
579933
579945.7
580029.2
580705.6
580723.2
580740.7
580856.9
580863.7
580924.6
580965.1
581033.9
581045.4
581071.9
581080.1
581127
581154.7
581225.4
581248.1
581319.4
581350.7
581371.4
581474.9
581588
585930.7
586361.8
588463.9
588550.9
588566.3
588796.8
588812.6
589145.4
589174.6
589226.6
589868.3
590026.4
591523.1
591675.6
591809
591884.5
591909.2
591938.1
592043.3
592073.5
592158.4
592187.9
592202.2
592209.4
592217.4
592259.4
592297.4
592304.3
592362.5
592481.4
592501.2
592566.5
592580.9
592584.2
592606.8
592612.3
592650.8
592695.7
592740
592801.4
592829.8
593051.1
593061.4
593068.4
593083.6
593104.2
593212.3
593264
593308.3
593496.7
593514.9
593620.2
593718.1
593728
593876.3
593924.2
593966.3
594142.9
594185.3
594301.4
594383.2
594394.7
594414.3
594467.3
599348.3
