5104.3
5168.4
5184.6
11910.2
12009.9
12022.5
12049.9
12052.6
12064
12134.8
12205.6
12209.5
12239.2
12267
12284.1
12367
12370.9
12428.9
16596.6
16938.5
16948.9
17166.5
17172.1
17239.3
17800.7
17871.9
30081.8
30648.8
31570.2
31779.1
31907.6
32176.5
33810.8
39264.2
39270.1
39392.9
39402
39417.7
39489.2
41750.8
41935.6
41974.7
42118.6
45520.6
45579.5
45664.9
45666.8
45725.9
45752.9
45771.3
45775.2
45779.6
45794.8
45818.6
45845.1
45851
45857.7
45868.6
45985.3
46062.7
47353
50812.7
57060.5
57094.8
57173.1
57236.4
57352.4
57389.5
58032.1
58084.8
58140.8
58232.3
58253.7
58254.4
58302.7
58352.4
58440.1
58494.5
58627.6
58638.3
58682.8
58722.5
58723.8
58730.3
58790.2
58831.6
58855.8
58983.7
58986.8
59048.4
60986.1
61111.6
61132.6
61747.7
62700.1
62767.9
62769.3
62804.8
66007.6
68238.9
73741.5
73790.8
73810.1
73821.3
73836.9
73873.4
73882.7
73999
74019
74587.3
78579.7
78923.2
78925.9
78959.9
78970.6
78982.6
79065.7
79111.1
79188
79287
79446.5
79548
79553
79629.9
79673.4
79738
79841.3
79997.2
80150.7
80163.5
80225.6
80240.4
80278.5
80337.3
80394.1
80402.4
80439.7
80444.1
80466.6
80508.9
80549.4
80551.2
80578
80590.3
80621.4
80695.3
80717.7
80730.7
80840.9
80849.2
80887.1
80910
81015.5
81018.3
81020.2
81039.4
81129.2
81143.2
81214.2
81268.7
81283.5
81322.8
81336.9
81354.9
81366.7
81370.5
81379.4
81513.6
81529.1
81550.3
81567.9
81576.3
81607.1
81683.8
81686.1
81728.5
81766.5
81824.2
81892.3
81901.1
81942.8
82468.8
82527.7
82777.2
82932.5
83239.1
83369.1
83373.3
83434.9
83475.8
83512.1
83577.8
83615.4
83666
83676
83717.1
83742.7
83815
83820.1
83838.6
83889.4
83909.4
83913.7
84074.8
84076.5
84268.6
84501.5
84521.2
86720.2
88278.3
89243.1
89522.8
91473.5
91478.9
91549.6
91576.5
91586.2
91708.7
91733.4
91750.7
91770.6
91975.9
91981.6
92004.9
92043.1
92044.9
92105.1
92160.7
92199.9
92201
92220.6
92235.9
92271
92288.6
92293.9
92315.4
92340.6
92349.7
92373.1
92498.2
92509.8
92623.2
92744.1
93351.2
93799.2
93914.8
93930.2
93968.6
93981.3
94200.2
94253
94313.4
94374.7
94378.3
94478.8
94559.9
94565.5
94757.6
95563.3
96546.1
97479.3
97724.2
99521.5
100148.1
101148.5
101774.3
101903.8
102242.2
102342.7
102418.9
102551.5
104984.3
105094.2
105263.8
105291.4
105302.5
105513.6
112083
112937.2
113211.7
118248.2
118349.1
118387.6
118393.1
118405
118406.7
126628
127116.5
140234.4
150521
150753.1
152632.2
155281.8
156407
157773.3
160524.3
160921.4
164942.6
165176.1
169476.9
169699.2
173062.1
177692.7
177797.1
177991.9
178071.7
178155.8
178587.2
178913.6
178962.6
179031.1
179040.7
181394.4
181675
181691.2
181842
182230
182615.6
182674.3
182835.8
183079.4
183127.7
183153.5
185067.1
185259.7
186855.2
186884.9
186934
186961.6
186973.7
186987.9
187013.6
187021.2
187051.4
187073
187082.5
187195.4
187219
191438
191455.3
191973.3
192044.8
192148.4
192228.4
192374.2
192431.9
192442.3
192486.2
192495.5
192564.4
192785.5
193020.5
199442.1
199649.1
199744.3
199789.5
199791
199797.2
199827.1
199929.9
199943.3
200021.7
200044
200082
200389
200603.7
200675.7
200910.3
201170.9
201606.2
201623
201780.7
201784.1
201812.9
201829.1
201850.6
201869.2
202518.8
202609.5
202617.9
202656.2
203111.5
203117.9
203122.2
203439.9
203465.8
203540.3
203558.6
203695.7
203800.6
203829.9
203853.6
203865.9
204004.8
204007.5
204021.6
204453.7
204455.7
204614.6
204714.9
204800.5
204944.5
205074.5
205144.3
205308.3
210168.3
210808.8
210907.8
211015.9
212810.7
213026.1
213029.7
213128.7
213178.7
213225.2
213242.7
213444.1
213556.2
213578.7
213650.7
213683.4
213705.8
213725.5
213796
213840.6
214040.4
214119.3
214188
214201.6
214203.6
214975.8
219421
219472.7
219588.7
222400.1
225631
225845.2
225933.7
226073.6
228557.1
228720.9
231327.7
231355.6
231364.2
231408
231517.3
231596.6
231689.8
240548
240812.2
241638
241684
241750.6
241810.6
241851.5
241876.3
241912.1
241964.1
242061
242079.7
242099.7
242105.7
242370.5
242392.4
242400.7
242442.2
242491.7
242577.8
242792.8
242884.3
242889.7
242928.6
243170.6
243258.2
243311.6
243365.8
243368.8
243530.3
252115
252246.2
252320.2
252324.2
252448.8
252482.1
252621.6
252679.4
252731
253694.2
254036.2
254700.7
259474.8
264929.3
265203.2
265818.8
265996.9
266241.6
266570.4
266838.2
267033
267079.4
267090.2
267149.4
267216.3
267270
267336.8
267497.8
267543.6
267604.4
267624.8
267687.8
267725
267726.3
267737.2
267802.7
267882.4
267893.2
267954.5
267981
267995.1
267998.3
267999.8
268020.5
268021.3
268029.5
268033.5
268079.4
268091.1
268145.6
268229.5
268269.6
268274.8
268310.1
268359.7
268462.8
268481.8
268524.3
268528.9
268537.3
268588.9
268592.1
268609.3
270300
270688.6
270703
270733.4
270882.8
270889.6
270905.7
270922.3
271200.7
271223.3
271318
271343.1
271400
271484.9
271577.2
271773.7
271776.3
271812.2
271833.5
271872.7
272118.9
272380.3
272568.4
274235.6
274352.6
274368.8
274405.7
274450
274493.3
274522.4
274524.2
274586.5
274616.4
274635.4
274664.1
274673.3
274719.2
274768.3
274797.5
274816.9
274831.8
274928.2
275079.6
275183
275428.4
275441.4
275498.7
276699.1
277182.5
277263.5
277266.9
277534.5
277550.4
277555.4
277615
277672.9
277705.4
277832.1
277914.1
277924.7
277939.2
278139.9
278216.8
278260.2
278260.9
279767.7
280048.5
280187.5
280256
280262
280307.8
280367
281920.5
281933.5
282056.1
282350.4
282395.5
282399.8
282516
286267.6
288355.4
288640.5
289006.1
289097.5
289365.7
289938.2
291158.1
291270
291650.8
291705.6
291956.2
291979.5
292012.4
293441
293984.7
294616.5
295177.3
295318.4
295494.5
295496.1
295796.4
295935.6
297921.9
297951.4
297993.4
297997.6
298081.4
298119.7
298165.4
298240.9
298335.8
298670.9
298766.5
298895.7
298905.5
298920.1
299020.1
299091.6
301531.1
309266.1
309979.6
310044.6
310513.5
310515.5
310658.4
310763.4
310794.1
310816
310823.8
310853.4
310942.4
310944.8
310979.9
311002.3
311012
311062.8
312386.4
312511.3
312669.1
312679
312717.1
312819.9
312906.9
312953.1
312969.8
313017.5
313349.9
316402.5
316508.4
316597.4
316623.6
316639.2
316656.3
316727.4
317013.6
317133.9
317182.1
317211.7
317218.2
317225.7
317239.5
317282.2
317398.5
317522.2
317563.3
317568.5
317601.7
318007.9
318034
318073.4
318137.2
318139.8
318156.6
318162.8
318185.5
318225.8
318321.5
318547.6
318570.8
318627.7
318732.5
318735.8
318835.4
318851.3
318935.3
318947.9
318997.6
319321.1
319454
319643.2
319685.8
319743.2
319789.2
319930.1
319948.1
319972.9
319989.3
320046.6
320110.5
320127.6
320162.8
320410.9
320420.7
325888.4
325915.4
325983.4
325992.2
326067
326224.9
326225
326310.8
326339
326347
326374.3
326407.8
332296.3
332315.2
332340.2
332397.6
332427
332439.8
332587.9
332589.6
332654.6
332712.7
332793.9
332815
332817.7
332821.4
332826.6
332827.1
332854.8
332983.9
332985.1
333035.2
337316.8
337792
338039.7
338191.6
342360
347130.6
347622.9
351483
351548.8
365299.5
365504.4
365899
365937
366034.6
366081.6
366227.7
366278.9
366340
366386.7
366472.1
366513.2
366573.5
366588.3
366640.5
366760.9
366980.7
367100.4
370420.8
372223.8
373529.8
373535
378258.9
402756
420091.6
420271.7
420353.6
420506
420553.1
420837.7
420912.7
420967.7
423426.2
423657.7
423886.3
423934.9
424515.1
424762.4
424947
425103
425781.1
427113.8
427135.9
427333
427351.3
428480.6
428573.7
428584.5
428593.7
428679.7
428688
428700.8
428728.9
428795.7
428846
429227.5
429369
429424.4
429563.4
429594.2
429650.7
444977
445003.2
445294.2
445494.5
445566
445795
445815.2
445869.4
445913.6
445918.9
445969
446004.1
446007.6
446102.8
446154.8
446167.5
446194.4
446226
446257.8
446258.4
446321.3
446728.5
446810.7
447074.9
449841.3
450743.5
450851.3
450877.5
450986.3
450987.1
450998.3
450999.4
451054
451074.6
451135.6
451269.3
451380.9
451645.5
451843.7
456719.8
456812.6
460129.8
460384.8
460691.6
460693
461021.3
461132.3
461242.1
461400.6
462246
463685.4
463716.6
463736
466287.5
468325.3
468515.1
477563.5
481270.3
481306.7
481412.6
481415.9
481440.9
481571.2
481615.8
481629.9
508858.9
509457.5
509704.3
510297.6
510338.9
510372.6
510574.1
510585.1
511155.4
511432.1
511522
511527.7
511801.8
511817
511900.3
511995.2
513585.5
514515.3
514606.2
514737.3
515203.4
515361.3
515472.4
515506
515524.7
515563.9
515565.9
515730.2
515768.4
515785
515836.6
515843.2
515945.4
516114.4
516133.7
516241.9
516257.5
516355.7
517991.6
518012.2
518283.4
518347.8
518430.2
518716.3
519107
519192.7
519344.3
519990.4
520304.4
520376.2
520491.1
520505.4
520623.9
520624.1
520686.7
520877.7
520992.4
521174
521231
521285.9
521380.7
521423.2
521512.2
521513.5
521771.5
521789.8
521805
521835.3
521929.7
521981.5
522014.9
522034.8
522587.1
522598.3
522621.1
522679.4
522720.8
522968.6
522974.1
522994.8
523046.7
523317
523410
523454
523477.9
523493.9
523662.6
523691.8
523826
523942.5
523982.3
524071.1
524283.2
524874.1
525003.9
528411.5
528577.3
528608.6
528769.2
528884.2
529908.6
530249.9
530413.6
530418.7
530672.9
530694.4
530731.4
531339.2
531773.4
535232.9
535263.8
535298
535368.9
535462.1
535502.2
535531.3
535544.8
535569
535980.7
536114.3
536126.8
536221.7
536245.2
536302
536373.3
536413.1
536471.1
536479.5
536540.9
536665.1
536717.2
536801.2
536808.5
536830.4
536858.4
536860
536879.7
536908.4
536920.9
537001.3
537037
537039.6
537053
537192.4
537261.1
537321.9
537329
537471.4
537569.8
537748.2
537861.8
537876
537904.9
537988.5
538018.6
538072.5
538172.3
538217.3
538277.4
538487.7
538616
538793
538821.8
538990.5
539073.3
539075.1
539214.4
539254.2
539316
539403.9
539423.5
539585
542763.8
543011.7
543216
543311.8
543320.2
543340.1
543526.8
543696
543700.2
543806.8
543830.9
543903.2
543906
543920.8
543925.2
543935.2
543965.4
544079.3
544113.1
544327.1
544466.8
544474.2
544539.6
544557.5
544562
544628
544688.8
544722.7
544815.5
544820.3
544862.7
544891.4
544936.6
544976.1
545032.1
545080.3
545164.5
545211.6
545224.4
545261.3
545376
545376.2
545415.5
545415.7
545477.9
545658.9
545760.6
545779.9
545854.7
545856.1
545913.5
545922.4
546055.6
546115.5
546178.4
546220.1
546232.7
546275.3
546286.8
546312.6
546378.9
546397
546458.5
546551.5
546577.5
546627.6
546817.4
546822.7
551894.7
552001.3
552095.3
552172
552175.4
552210.5
552431.6
552435.6
552515.6
552567.9
553074.5
553213.6
553235.7
553695.1
553827.3
554202.3
554338.5
554637
554680.5
554720
554867.3
556237.2
556562
556747.4
557572
558266.8
558343.5
558499.4
558501.8
558562.8
558574.8
558600.7
558605.7
558681.6
558696.5
558812.7
558939
558980.1
559006.6
559029.7
559081.8
559095.8
559171.7
559491.6
561522.9
564454.4
564509.2
564601
564729.8
564823.9
564845.7
564862.2
564863.1
564882.6
564921.9
564953.6
564984.2
565001
565062.3
565145.2
565207.8
565302.7
565424.2
565530.1
565600.9
565638.9
565707.1
565744.5
565881.5
565894
565910.1
565936
566125.8
566139.1
566192.2
566230.9
566267.5
566344.6
566404.6
566465.6
566551
566588.6
566621.1
566621.4
566659.5
566695.7
566794.8
566988.4
567144
571263.2
571713.9
571876.1
571941.7
572049.6
572102.1
572113.5
572180.2
572209
572239.3
572245
572303.1
572346.3
572364
572367.8
572392.3
572428.8
572550.7
572822.3
572862.9
572875.6
572932.3
573003.2
573010.4
573041.5
573044.7
573052.9
573162.8
573223.1
573229.2
573271
573398.6
573493.2
573560.8
573577.5
573596.5
573606.2
573607.4
573672.7
573694.5
573712.9
573757.1
573877.7
573903.5
573909.7
573956.3
574032.2
574088.7
574099.7
574123.6
574428
574840.2
575262.6
576687.3
576695.4
576721.1
576851.7
577050.3
577060.5
577337.5
581915.5
582166.6
586337.1
586495.3
586530.3
586577.5
586598
586621.7
586709.8
586722.1
588378.3
593535.4
593688.6
593728.5
593797.6
593933.5
594001.2
594050.9
594051
594060.5
594080.4
594084.2
594128.1
594132.2
594226.4
594245.9
594252.8
594295.7
594340.6
596159
596213.7
