1570.3
12513.3
12940
13391.2
14913.7
23392.7
23422
23423.5
23600.2
23650.7
23709.6
23736.5
23761.8
23933.1
23983.3
24051.7
24146.3
24182.1
24279.6
24305
24309.6
24377.8
24388.8
24432.2
24583.8
24593.4
24708.4
24773.8
24783.2
24823
24933.5
24940.3
24948.2
24948.3
25025.4
25032.6
25037.2
25109.4
25146.1
25248.1
25254
25254.7
25273.2
25301.5
25369.3
25403.6
25434.6
25448.9
25487.1
25490.4
25503.5
25626.5
25654.6
25693
25768.4
25776.7
25782.3
25789
25791.2
25803.4
25884.3
25906.1
25943.7
25945.6
25996.9
26022.7
26077.5
26084.5
26096.2
26115.9
26129.8
26154.3
26247.9
26252.9
26260.4
26290.1
26311.2
26346.8
26465.4
26504.5
26521.3
26567.8
26583.7
26612.2
26652.5
26670
26717.1
26763.4
26786.4
26804.7
26876.8
26930.2
27013.2
27038.4
27057
27102.5
27121.6
27148.4
27169.9
27211.4
27273.8
27376.3
27378.3
27475.2
27476.6
27527.3
27711.8
27765
27788.7
27837.6
27883.2
27915
27970.6
28055.6
28141.3
28142.4
28252.9
28265.4
28283.8
28289.6
28298.6
28377.1
28379.8
28460.8
28470.3
28533.5
28579.3
28585.4
28612.2
28616
28629.3
28637.8
28691.4
28736.5
28762.7
28766.1
28923.3
28933.3
28943.7
28960
29000
29062.8
29248
29670.3
29672.9
29703.8
29892.4
29916.6
30245.7
30284.8
33273.5
34738.9
40640.7
48155.6
48490.8
48772.7
49007.6
50191.8
50370.6
50693.8
50728.9
50735.5
50748
50944.9
51134.2
51271.6
59567.9
59643.6
59774.5
59911.9
59960.8
60039.9
60044.4
60176.8
60303.4
60808.3
60822.9
60851.8
61390.6
62196
62480.3
66353.2
66706.3
67088.2
67447.1
80517.2
81655.6
84106.9
90701.5
90739.4
90856.2
91012.3
91040.5
94226
95518.8
95673
95689.2
95697.3
95864.1
96180.7
96251.4
96385.3
96436.7
96903.5
96954.3
97245.6
97246.2
98161.8
98287.6
98356.5
98574
98952.9
98960.4
99049
99174.6
99463.8
100024.1
100137.4
100598.5
101007.5
101521.5
101919.1
102056.8
102159.7
102865.7
103082.6
103656.4
103704.1
103980.4
104105
104124.3
104172.5
104238.5
104500.7
104935.6
105721.1
105744.3
105776.9
105778.9
105828.7
105883.1
106204.6
106221.2
106495.1
106570.6
106613.8
106620.5
110066.9
162167.6
162180.4
162495.7
162544.5
162648
162741.6
162919.1
163302.7
163539.6
163655.2
163830.5
164997.2
165152.4
166388.5
166604.5
167225.8
167271.7
168092.4
168223.2
168240.3
168259.3
168385.8
168478.5
168606.9
169199.8
169595.4
173745.3
173771.7
174029.6
174195.8
174196.4
174313.3
174539.5
174559.4
174596.7
174635.3
174663.4
174688.6
174731
174811.2
174823.9
174842.7
174846.4
174875.5
174893.1
175031.5
175047.4
175052.1
175126.6
175248.8
175276
175323.1
175344.2
175533.4
175535.4
175579.6
175580.1
175649.6
175661.3
175695.7
175725.7
175739.1
176027.2
176073.6
176199.4
176202.1
176206.6
176212.3
176254.9
176292.2
176322.7
176332.4
176355.4
176409.8
176557.8
176609.6
176778.9
176792.1
176823.7
176825
176830.4
176868.4
176884.4
177079.4
177247.7
177302.9
177835.3
178228.9
178282.1
178572
179201.7
182119.9
182123.5
183973.7
187304.9
187400.3
188111.6
188367.1
192783.6
192953.9
194636.8
194704.2
222747.6
222924.1
222950.9
223210.8
223365.7
223428.4
223446.3
223481.5
223512.2
223598.8
223664
223724.7
223732.9
223735.3
223777.8
223779.8
223791.2
223791.9
223794.2
223798.9
223888.2
223922.2
223923.3
223956.6
224128.2
224136.6
224148.5
224175.7
224242.3
224328.4
224424.8
224554.9
224590.7
224687.9
224743
224832.9
224846.7
224864.5
224900.8
225188.6
225828.8
230418.4
245149.1
249897.8
250328.4
250496.5
250611.6
250708
250953.4
251199.8
251339.6
251501.7
251619.4
251717.9
251720
251764.1
251829.1
251841.3
251883.7
251954
252011.5
252080.9
252107.6
252132.2
252438.7
252619.6
256107.4
256176.1
256370.3
256563.3
257192.6
257227.8
257834.2
258495.9
258545.5
258618.3
258669.1
258793.7
259245.5
259345.5
278514.9
278756.1
278791.8
278888.7
279030.7
279142.2
279255.9
279353.7
279552.4
279891
284374.6
284836.7
286972.6
287105.6
287114.4
287242.2
294316.9
294899.7
299055.1
299164
299169.6
299222.2
299240.8
299257.6
299268.6
299474.8
299585
299585.6
299632.7
299646.8
299778.7
299791.2
299835.9
299861.2
299877.3
299887.9
299938.4
299986.2
299992.7
299996.4
300043
300051.8
300108.5
300246.6
300252
300277.8
300328
300395.6
300413.1
300416
300431.9
300504.2
300546.6
300565.5
301042.9
301052.3
301056.2
301117.8
301163.4
301203.7
301218.3
301329.6
301353
301377.7
301611.4
301740.5
301774.8
301810.5
302085.1
302109.1
302425.6
302586.2
302857.2
303203.4
331618.9
336106
336122.9
336535.2
336629.7
337008
337040.7
337109.6
337205.3
337228.4
337252.8
337284.9
337529.8
337945.7
338029
338198.1
338951.2
348389.4
348390.2
348646.8
348684.6
348721.7
348875.3
348942.1
348977.4
349053.4
349076.9
349105.3
349140.2
349187.1
349192.1
349197.8
349199.7
349214.8
349247.7
349259.9
349265
349279.4
349321.9
349353.4
349399.2
349401
349441.1
349529.5
349611.6
349776.2
349813.2
349890
350115.2
350131.5
350240.1
350250.9
350252.5
350336.7
350403.8
350450.8
350462.8
350498.4
350516.9
350701.8
350812.9
350855.6
354130.2
354297.5
371086.1
371381.4
371479.1
372033.9
372436.1
372532.9
372849.8
372861.7
373069.5
373310.8
373555
373682.7
421470.4
421507.3
421762.9
421796.4
421823.3
421896.2
421956.8
422096.8
422209.9
422218
422241.6
422261.4
422332.9
422360.9
422425.7
422494.2
422566.8
422623.2
422625.9
422631.4
422673.7
422702.5
422717.2
422872.5
422908.3
422960.9
423077.7
423225
423244.9
423306.1
423309
423362.5
423370.4
423376.5
423638.6
423651
423708.8
424096
424339.8
424358.4
424563
424612.6
425002.1
425024.6
425085.1
425473.2
425495.3
425587.7
425677.5
425844
425878
426314.3
426492.2
426795.9
427164.2
428800.1
429363.6
429601
429684.8
430050
457068.1
464000.2
464015.9
464447.5
464467.6
464469.1
464482.4
464505.5
464647.6
464763
464772.3
464779.9
464789.4
464841.8
464898.1
464980.6
465005.2
465009.7
465061.9
465107.7
465211.8
465243.8
465244.6
465302.5
465393.3
466327
466453.7
466581
466597.6
466831.4
467549.8
467985.1
512359.4
512421.7
512469.4
512501.9
512502.1
512576.8
512600.6
512641.2
512776
512814.5
512834.5
512930.3
513024.8
513087.4
513095.9
513097.5
513162.3
513197.3
513198.9
513254.5
513260.9
513267.4
513331.4
513351
513378.9
513384.7
513409.3
513467.1
513503.8
513556.9
513599.7
513611.5
513675.7
513711.9
513734.5
513844
513968.1
513976.2
514037.8
514092.8
514093.4
514142.9
514257.6
514324.1
514333.5
514421.1
514449.4
514454.5
514536.2
514554.9
514622.4
514637.4
514807.5
515115.3
515136.1
515292.9
515716
515729.2
515757
516006
516069.3
516238.1
516251.2
516351.7
516361.4
516642.3
516923.2
516936.9
517034.4
517082
517177.6
517195.3
517210
517222.4
517318.7
517402.2
517417.2
517429.2
517527.4
517541
517684.7
517873.8
517875.7
517899.2
517930.2
518162.9
518639.5
520342.2
529252.1
536796.5
539118.6
539229.6
539350.4
539451.7
539650.4
539873.9
539947.4
539972.7
539972.8
540002.5
540065.6
540071.7
540161
540265.4
540285.8
540332.3
540339.1
540403.7
540420.6
540451.2
540495.9
540513.3
540514.6
540553.2
540577.6
540698.7
540709.1
540847.7
540856.4
540857.5
540884.8
540885.6
540891.3
541011.1
541025
541147.4
541174.6
541319.6
541480.5
541482.9
541629.4
541917.9
542309.6
542685.2
546958.9
547203.3
547737.1
547945.5
547967.6
547968.3
547969.8
547987.9
548061.4
548093.1
548286.3
548324.1
548406.8
548451.6
548461
548541.3
548615.3
567165.8
567564
567764.4
567895.1
567938.7
567960.8
567961.1
568015.6
568015.7
568023.2
568028.8
568052.1
568081.6
568089.8
568202.6
568250.3
568505.8
568534
568755.6
568820.2
568865.7
568904.4
568931.4
568933.4
569017.9
569079.7
569206.7
569230.2
569332.3
569414.8
569498.9
569516.7
569527.5
569629.1
569695.4
569768.3
569768.8
569772.1
569955.7
569961.7
569985.3
569985.9
570001.3
570023
570057.3
570105.2
570106.2
570133.8
570154.6
570264.5
570293.6
570309.6
570336.4
570458.9
570490.5
570521.9
570546
570644.5
570678
570692.9
570778
570786.2
570810
570968.8
570991.9
571174.9
571242.3
571315.4
575771.6
575808.3
575860.6
575941.9
575952.5
576005.9
576010
576019.3
576052.1
576053
576102.5
576105
576166.5
576208.9
576219.5
576225.9
576289.7
576309.9
576339.8
576470.6
576513.5
576539.2
576646.7
576735.5
576762.3
577073.3
577078.3
577102
577258.1
577376.2
577520.6
577566.4
577604
582781.1
583042.7
583075.8
583412.4
583622.6
585325.3
585532.7
585811.8
585820.3
586045
586111.8
586237.2
586248.7
586260.2
586280.9
586407.4
586682
589780.3
590325.4
590526.4
590998
591124.4
591125.1
591167.6
591169.8
591412.7
593592.7
595563.8
595605.8
595724.8
