2400.4
2616.4
3075.7
3601.9
4037.4
4106.6
4979.1
4983.1
4999.2
5039.8
5050.4
5103.1
5243.1
5481.7
8699.5
8722.1
9096.5
9780.9
10184.9
10644.9
10845.6
10847.2
10958.5
11037.4
13356.4
16863.5
16882.5
16971.1
16999.3
17020.3
17031.1
17036.1
17064.8
21115.3
21257.9
21292.7
21319.9
21415.1
21416.5
21502.7
21543.5
21550.5
21558.2
21759.5
21899.6
21962.4
22112.3
22205
22444.2
22457.7
36150.7
36795.9
36892.9
36935
37534.4
38110.7
38404.2
38440.5
38479.5
40380.2
40450.6
40582.8
40695.8
42601.7
42670.4
42705.6
42755.4
42787.4
42847.1
42859.5
42863.4
42921.7
42989.2
43084.3
43148.3
43244.5
43248.2
43338
43470.3
45104.7
45199.9
45214.4
45227.3
45311.9
45375.6
45402.8
45433.7
45519.2
45593.1
45614.3
45623.1
51058.1
51187.1
53434.2
53548.1
53947.4
54869.3
54901.2
54946
55023.1
55035.3
55054.2
55076.6
55078.4
55083.4
55088.4
55158.3
55296.7
55497
56009.6
56020.8
59467.8
62607
62841.7
63048.5
63052.5
63092
63093.5
63102.7
63161.9
68807.9
68924.4
69027.1
69057.3
74219.9
74658.4
74815.9
76434.2
76484.8
76708.5
76835.4
77868.6
77999.9
82543.7
85392.2
85422.8
85549.3
85678.2
85747.7
85764
85766.7
85907.2
86006.6
86110.6
86115.3
86200.5
86280.7
86406.9
86431.5
86460.2
86507
86555.4
86656
86660.8
86796.5
86799.3
86911.5
86937
86939.2
86944.1
86967.5
86976.6
87060.2
87083.5
87142.4
87157
87193.1
87226.8
87255.3
87271
87362.3
87404.3
87432.4
87477
87498.2
87519.4
87595.9
87658.1
87669.7
87677.7
87700.6
87767
87808.7
88013.6
88046.1
88055.3
88271.5
88529.2
88795.4
88914.8
88950.5
88983.4
89100.6
92311.9
92342.5
92346.1
92457.2
92556.5
92573.8
92610.4
92710.5
92742.1
92779.2
92838.3
92847.5
92849.5
92911.5
93012.6
93083.4
93100.6
93557.2
93836.6
93861.2
94151.3
94299.7
94448
94526.1
94595.4
94848.6
94868.2
95122.9
96064.6
97577.4
97850.3
97930.2
98710.6
99770.6
99793.3
99967.3
100364.3
100827
101382.9
101419.2
102177.2
102535.9
102735.9
102782.3
102920.3
107918.6
108076.1
108368.2
108373.1
108441.1
108538.1
108577
108756.4
108759.5
108760.6
108858.3
108923.4
110090.4
110161.6
110801.2
110866.6
110867.9
110890
110954.1
110966.9
110982.9
111004
111044.5
111163.5
112001.1
112130.4
112207.3
112302.1
112347.1
112645.6
112757.4
112821.6
112829.6
112864.3
112920.3
112929.8
113057.8
113064.1
113081.4
118696.4
118791.2
118902.7
119188
119951.1
120046.1
120203.8
120208.5
120297.9
120299.1
120332.2
120399.4
120619.3
120630.6
120757
120810.9
120905.3
120972.6
120984.2
120996.5
120997.9
121021.5
121123.6
121533.6
122224.5
122246.8
123295
123301.1
123437.8
123642.3
123718.9
123795.5
123884.8
123973.2
124062.8
124185.9
124222
124225.2
124228.5
124291.5
124297
124355.2
124656.8
124657.4
124756
124798.4
124856.1
125435
125615.7
126563.8
126912.7
127396
127550.3
127554
127647.9
127734.4
127851.4
127872
128316.4
130643.7
131280
131372.4
131620.3
131661.9
131711
131721.7
131820.6
131830.6
131847.8
131859.2
131964.1
131997.5
132067.7
132186.6
132190.3
132218.6
132242.8
132248.9
132256.9
132280.5
132352.8
132355.1
132580.5
132588.2
132609.9
132665.9
132690.3
132733.4
132750.5
132784.1
132824.7
133018.7
133089.8
133138.9
133139.9
133167.6
133260.5
133418.3
133429.6
133453.2
133482.6
133621.7
133650.9
133657.6
133674
133698.6
133777.2
133843.8
133920.8
133952.9
133982.5
134069.2
134074.5
134141
134211.1
134245.4
134331
134588.8
134693.4
135037.2
135083.1
135269.7
135332.5
135378.3
135480.1
135527.6
135551.1
135661
135794.5
135847
135988.1
136145.2
136161.8
136473.4
136785.1
136823.8
136947
137053.9
137100.8
137106.1
137167.2
137287.6
137302.3
137493.2
137523.9
137626.2
137786.9
137896.4
137996.3
138033.4
138136.3
138263.2
138299.8
138317.9
138494.8
138578.6
138672.6
138723.7
138794.3
138849
138859
138860.9
139140.8
139143.1
139183.1
139239
139287.4
139508.3
139619.9
139674.6
139679.9
139874.5
139884.2
140175.3
140542.2
140634.9
140870
141712.7
141961.1
141962.9
142127.3
142229.1
142318
142337.3
142362.4
142372.3
142662.7
142778.3
143010.1
143149.7
143207.9
143392.5
143440.7
144626.2
144668.5
144811.5
144973.1
145408.3
145773.3
146101
151110.5
153996.5
154788.7
155011.3
155307.7
156880.2
157320.3
157677.8
157762.2
158441.8
160267.4
160813.2
160880.8
162597.6
162733.6
162750
162852
162901.4
162954.5
162960.9
163028.1
163048
163049.7
163057.8
163063.8
163066.2
163104
163134.9
163142.5
163147.5
163237.9
163333.5
163349
163450.7
163480
163506.5
163520.2
163557.8
163664.6
163676
163725.5
163796
164058.3
164110.2
164135.3
164199.9
164309.6
164343.5
164497.4
165797.8
167059.6
167244.6
167247.4
167256.9
167258.1
167363.6
167565.4
167715.5
167772.4
167822.2
168089.9
168201.2
168261.3
168552.8
170202.8
170207.4
170342.9
170593.8
170645.2
170645.5
170733.1
170748.4
170762.6
170787.1
170799.4
170819.7
170821.7
170853.7
170904
170996.6
171016.3
171038.9
171355
171362
171375.2
171379
171441.7
171445
171515.5
171530.1
171568.8
171596.7
171599.1
171620.1
171634.6
171893.2
171993.1
172008.1
172012.5
172284.6
173669.3
173704.6
173845.4
173867.1
173923.4
174004.3
174010.2
174197.7
174291.4
174358.6
174364.7
174401.9
174526.4
174543.4
177631
177966.5
178216.1
179269.1
179650.3
181110.7
181187.3
181204.8
181205.2
181234.4
181266
181356.1
181403.6
181417.1
181420.1
181528.9
181540.4
181632.4
182002.2
182120.5
182163.5
182168.1
182274.4
182292.5
182346.4
182371.4
182386.1
182396.9
182450.5
182477.5
182525.2
182609.2
182681.9
182775.2
187664.3
188111.2
188389.5
188508.7
188604.2
188615.6
188627.8
188634.9
188635.7
188755.8
188857.3
189172.6
190879.4
191472.8
191984.9
195410.4
195522.1
195561.5
195589.2
195599.3
195621.4
195731.8
195741.9
195750.7
195826.6
195891.3
195966.1
196135.4
196185.7
196334.6
196599.5
196686.1
197000.5
197014.3
197128.9
197299.8
197555.1
198169
198391.1
198704
198816.3
198943.8
205590.2
205809
205920.3
206208.1
206210.4
206221.1
206231.8
206395.5
206583.2
206591.3
206617.4
206637.7
206802.2
206823.9
206907.6
207063.2
207068.5
207099.5
207130.5
207166.8
207259.1
207507.3
207524.1
207555.6
207603.9
207639.7
207722.9
207747
207779.7
207799.7
207816.6
207865.5
208088.6
208267.2
208493.4
208702.9
208757.4
209078.5
209131
209174.8
209317.6
209367
209383.8
209388.1
209541.9
213304.6
213727.1
213735.2
213779.6
213810.7
214075.2
214075.8
214119.7
214253.5
219393.3
223034.2
223060.5
223236.2
223433.2
226190.3
226358.9
226365.2
226402.1
226411.8
226451.1
226468.6
226511.7
226572.6
226577.9
226593.2
226611.7
226614.9
226636.5
226650.4
226651.1
226666.9
226688.7
226692.9
226695.5
226741.3
226795.7
226799.8
226805.9
226816.9
226817.9
226852.3
226880.7
226885.6
226936.6
226942
227042.5
227095.5
227223.4
227559.9
227567.9
227568.2
227572.1
227581.6
227624.9
227642.8
227711.8
227727.7
227729.5
227749.3
227759.2
227831.4
227911.1
228079.6
228096.1
228118.6
228143.8
228272.8
228280.8
228346.9
228383.3
228509.5
228539.7
228620.5
228679.5
228721.2
228724.9
228751.8
228828.7
228849.4
228907.8
228939.3
228949.6
229023.5
229038.2
229156.6
229171.1
229204.1
229232.2
230957.6
230967.1
234152.8
234163.4
234171
234204.6
234231
234247.1
234257.7
234270.2
234326.6
234339.8
234393.3
234399.8
234487.7
234499.3
234538
234662.5
234663.6
234739.6
234869.8
234924.1
234927.7
235015.7
235039.9
235119.3
235201
235217.5
235565.8
235613.6
235981.8
236003.1
236088.8
236141.5
236195.1
236215.2
236314.8
236317.8
236363.8
236397.4
236461.7
236483.5
236502
236577.3
236652.1
236679.9
236717.2
236847.8
236856.9
236878
236889.7
236890.7
236995.7
237087.9
237228.5
237248.2
237294.1
237368.1
237444.6
237454.6
237464.2
237479.9
237482.7
237514.3
237546.7
237555.7
237589.2
237606.4
237690.7
237706.1
237820.4
237902.9
237966.7
237985.7
237997.8
238116.2
238223.5
238307.8
238365.9
238438.3
238560.4
238602.3
238677.7
238775.7
238789.6
238826.2
238859.5
239192.5
239194.1
240885.7
246821.6
246823.2
246858.9
246885.2
246923.8
246969
247035.9
247043.7
247109.7
247123.7
247127.1
247221.4
247414.4
247427.2
247430.1
247448.9
247450.6
247523.7
247602.7
247617.9
247701.3
247733.6
247783.5
247830.7
247863.2
247909.8
247960.4
248017.1
248066.5
248088.3
248244.7
248301.6
248315.7
248357.8
248371.3
248390.6
248457.2
248869.5
252651.5
259822.6
260057.2
260057.3
260592.5
260763.9
260850.7
261926.8
263003.7
263176.9
263379.8
263484
265107.3
265136.5
265174.8
265261.4
265304
265322.5
265343.2
265400.7
265472.6
265512.8
265554.5
265804.8
265853.9
265935.5
265938.4
266005.1
266072.2
266095.5
266184.8
266187.1
266328.7
266505.8
266745.1
266804.5
266866.6
266936.7
266945.3
266983.2
267019.2
267325.3
267349.1
267364.8
267376
267458.4
267490.1
267635.3
267752.1
267755.8
267769.8
267856.8
267869.8
267973.7
268194
269824.3
270103.6
270176.8
270212
270427.3
271239
271931.5
272013.7
272286.4
278579.2
278584.8
278648.6
278677.4
278684.3
279611.3
279795.6
279828.6
279866.5
279891.7
279900
279981.1
280053.8
280065.4
280128.8
280160.1
280176.2
280192.2
280213.4
280228.7
280288.9
280292.8
280309.1
280338.3
280341.4
280353.2
280381.6
280464.2
280483.9
280516.1
280527.2
280543.8
280594.1
281674
281849.9
281976.2
281987.6
282071.4
282152.2
282216.2
282394.6
282396.9
295887.4
295909.8
296402.6
296437.2
296521
296551.2
296554.5
296615.8
296653.9
296701.8
296727.5
296741.2
296798.9
296845.8
296867
296909.4
296909.9
296912
296993.9
297021.7
297044.5
297081.7
297161.2
297200.8
297219
297220.7
297225.8
297265.8
297310.1
297365.3
297537.2
297794.5
302097.8
302453.3
303023.2
304053.5
304171.8
304229.9
304267.9
304456.5
304471
304536
304598
304645.2
304679.8
305065.1
305076.3
305203.7
305281
305583.7
305624.2
305672
305731.5
305756.1
305818.3
305864
305936.8
306084.8
306086
306087.3
306090.4
306123
306124.3
306176.3
306244.7
306261.8
306275.5
306313.3
306361.4
306384.7
306418.4
306445
306699
307935.7
308568.6
308622.4
312830.2
312972.4
313076.6
313179.3
313188.5
313194.9
313229.9
314125.2
314202
315442.5
315985.5
316205.6
316317.3
316366.5
316427.9
316499.7
316760.6
316786.9
317103.1
317181.1
317291.2
317492.8
317685.6
317900.6
317902.8
318014.2
318703.7
319016.4
319205.5
319423.9
319613.6
319803.4
319809.7
319962.8
319977.1
319989.8
320028.3
320073.2
320085.9
326627.7
326741.7
326850
326903.6
326910
326922.7
326945.7
327025.4
327076.8
327085.5
327099.4
327121.3
327395.7
327601.1
327620.6
327774.2
327793
327858.2
328240
328264.2
328280.8
328308
328324.7
328361.9
328375.1
328455.8
328640.6
328800.5
328830.2
328861.6
328875.6
329018.3
329153.5
329170.1
329172.3
329221.6
329232.9
329295.3
335614.1
335678.1
335768.7
336648.2
336773
347541.3
347643.5
347851.9
347865.9
347921.8
348012.8
348161.6
348168.1
348204.2
348268.2
348315.1
348344.5
348385.9
348432.5
348476.3
348480.1
348490
348563.1
348563.7
348580.4
348594.5
348604.9
348634.1
348743.3
348758.4
348818.5
348873.8
349162.4
355494.1
355499.8
355691.6
355802.9
355838.9
355898.6
355900
355971.8
356117.2
356164.9
356511.3
356524.4
356551.3
356569.7
356764.4
356773.8
356812.2
356835.3
356889.3
357188.4
357294.2
357296
357300
357356.4
357375.1
357399.3
357436.6
357441.7
357449.4
357463.7
357669.8
357684.5
357754.8
357847.1
357985.5
358010.3
358019.6
358048.5
358101
358333.3
358347.6
358404.6
358414.6
358456.8
358457.9
358601.9
358603.7
358782
359038.3
359080.9
359482.2
359892.3
359899.8
359951.3
360104
360128.7
360275.9
360423
360425.2
360508.6
360706
360833.7
360862.6
360884.3
361045
361053.1
361060.1
361126.3
361255.2
361361.7
361370.6
361429.4
361495.2
361590.3
361726
361761.3
361796.2
361852.6
361991.3
362010.2
362130
362186.4
362193.8
362298.3
362311.2
362332.2
362377.3
362402.1
362514.1
362627.6
362647.9
362740.7
362779.8
362796.2
362803
362854.2
363136.8
363199.2
363241.7
363255.7
363260.2
363272.2
363282.4
363354.5
363371.9
363440.6
363501.3
363514.3
363543.3
363550.9
363683.9
363846
363884.4
363919.5
364011.6
364076.9
364135
364183.2
364193.9
364225.8
364322
364409.3
364688.8
364872
364888.7
364897.8
364971.5
365056.5
365121.2
365156.3
365212.8
365288.5
365293.5
365321.5
365397.9
365702.5
366536.3
366589.4
373721.7
373879.8
373904.3
375580.3
375704.8
375705.4
375742.8
375748.1
375808.4
375845.4
375866.1
375908.8
375969.7
376029.9
376032.8
376075.5
376078.6
376085.6
376312.5
376622.1
376652.1
376831.8
376965.5
376999.5
377018.5
377083.2
377109.2
377113.5
377237
377285.1
377352.1
377455.5
377669.3
377743.3
377750.7
377753.5
377757.6
377823.5
377853.3
378089.7
378108.1
378124.3
378189.9
378257
378261.4
378465
378515.7
378533.3
378651.8
378680
378893.2
378925.6
378945.6
379407
379512.9
379577.9
379608.6
379647.3
379745.4
379752.8
379798.9
379875.6
379970.4
379996.8
380026.1
380029.6
380051.3
380120.7
380238.5
380380.4
380400.2
380435
380498.6
380561.4
380667.4
380684.4
380964
380976.8
380979.3
380982
381003.6
381119.1
381145.1
381207.8
381376.4
382180.5
382486.9
382487.3
382620.6
382810.5
382843.1
383019.2
383031.6
383238.1
383318.7
383760.2
383937.5
384055.4
384124.4
384179.6
384209.7
384242.2
384351.4
384449.1
384664.3
384985.8
385141.6
385230.5
385309
385388.3
385701.8
385823.4
386109.8
386537.2
386660.2
386852.3
386892.6
387506.8
388083.1
388286.4
389187.7
389223
389400.7
389460.7
389562.3
389935.4
390102.8
391044.7
391242.1
391293.9
391416.9
391553.1
391563.3
391840.1
391867.2
392071.5
392150.5
392186
392485.4
392503.9
392539
392677.8
392781.8
393475.7
393667.2
393833.2
393866.2
393960.8
394241.7
394276.5
394372.8
394400.3
394446.5
394662.7
394698
394824.3
395022
395337.6
395551.6
395649
395672.5
395781.7
396255.6
396279.6
396433.3
397244.5
398125.2
398165.1
398203
398229.8
398371.2
398541.8
398545.3
398601.5
398729.8
398747.5
398782.6
398784
398788.2
398936.2
398979.5
398991.2
399008.8
399123.8
399229.2
399241.2
399254.5
399269
399287.3
399291.1
399308.9
399333
399509
399582.6
399792.7
399801.1
399862.2
399963.6
400177.6
400203.5
400318.4
400586.2
400836.1
401101.7
401261.4
401890
402073.3
402074.7
402325.6
402374.6
402393.6
402554.9
402608
402645.9
402726.7
402729.4
402733.2
402743
402771
402785
402792.7
402867.9
403033.5
403133.7
403575.9
403601.7
403649.7
403651.2
403692.6
403764.6
403898
404015.3
404702.4
404881.4
405247.2
405380.2
405492.5
405508.2
405669.4
405818.1
407009.2
407061.2
407154.6
407173.5
407284.9
409085.9
409179.4
409702.3
409768.1
410132.7
411297.5
412073.3
412632.6
413003.6
413180.1
413372.3
413394.9
413402.5
413420.8
413477.5
413485.8
413600.7
413674.6
413699.6
413774.9
413842.7
413887.7
413892.2
413893.4
413902.3
414026.7
414029.9
414048.9
414113.7
414117.8
414369.8
414442.8
414456.8
414470.7
414644
414775.9
414781.8
414787.8
414796.1
414808.4
414996.6
414999.1
415041.9
415053.7
415182.8
415189.2
415218.3
415357.8
415410.1
415486.5
415593
415603.3
415772.2
415808.8
415865.6
415885.2
415886.2
415900.3
415951.7
416345.7
416383.3
416455.7
416458.2
416559.4
416613.7
416775.8
416835.2
416961.7
417001
417154.1
417305.7
417438.6
417462.4
417490.6
417495.9
417518.7
417705.5
417745.9
417754.2
417772.7
417817.7
417949.6
417989.8
417998
418011.6
418121.1
418171.5
418234.8
418246.6
418319.9
418323.6
418394.3
418595
418615.5
418622
418718.7
419598.7
421589.4
421897.8
425607.8
425767.9
425776.8
425841.4
426021.5
426039.2
426061.6
426170.5
426276.1
426290.2
426294.6
426464.1
427751.3
427822.5
427917.7
428011.3
428043.9
428063.4
428079.9
428118
428118.5
428118.9
428159
428227.3
428277.5
428321.8
428369.7
429229.2
429336.9
431042.1
431103
431139.3
431149.4
431198.6
431409
431496
431513.1
431536.5
431546.9
431627.3
431638.2
431724
431858.4
431932.1
432020.9
432090.8
432092.5
432093.7
432103.5
432112.5
432115
432127.8
432137.4
432338.8
432363.2
432375
432409.5
432465
432474.7
432588.8
432618.3
432626
432717.8
432814.5
432835
432858.8
432863.7
433033.3
433064
433074.4
433181.1
433229.8
433236.7
433335.8
433345.8
433357.2
433370.5
433376.4
433430.3
433437.1
433583.7
433636
433646.3
433667.1
433683.9
433720
433794.5
433835.7
433859.1
433914
433935.4
433956.9
433960.7
434004.9
434045.6
434052.3
434219.3
434257.7
434313.3
434332.4
434363.6
434464
434507.4
434541
434736.2
434774.1
434797.9
434833.5
434842.8
434889.3
434922
434979.1
435003.4
435009.3
435035.6
435089.1
435185.6
435208.9
435264
435264.3
435369.9
435381.8
435400.8
435453.6
435478.7
435504.4
435559
435592.3
435641
435708.8
435773.5
435869.7
435874.1
435927.8
435964.1
435985.3
436024.7
436055.8
436120.9
436150.3
436220.3
436223.4
436263.9
436380.3
436449.6
436492.2
436608.5
436657
436714.8
436743.6
436767.4
436813.4
436826.3
436955
437011.2
437037.8
437046.7
437112
437200.8
437211.6
437224.2
437254.2
437316.5
437316.8
437337.4
437406.1
437453.2
437514.6
437539.4
437680.9
437716.2
437716.8
437803.1
437842.8
437854.3
437867.4
437878.9
437960.9
438055.1
438059.3
438188.1
438260.1
438294.8
438335
438382
438449.3
438479.2
438482.7
438529.4
438552.9
438597.7
438666.2
438803.9
438818.2
438886.7
438933.4
439009.8
439027.1
439052.2
439129.3
439205.7
439223.7
439358.8
439372.6
439666
439705.2
439778.3
439809.2
439920.2
439951.3
440169.1
440221.7
440278.4
440339.3
440489.9
440491.7
440591
440928.5
449415.6
450778.3
450872.1
450912.3
451057.7
457018.2
457187.9
457345.3
457377.6
460758.1
460989.3
461083.5
462280
462745.6
462824.2
462831.4
462842.6
462864.1
462867.4
462899.1
462973.8
463023.6
463028.8
463044.2
463053.1
463075.3
463131
463139.4
463205.1
463279.1
463356.7
463374.4
463382.3
463394.6
463444.6
463594.2
463626.1
465679.3
465935.6
466012.3
466171
469166.2
469967.8
470319.9
470436.3
470488.6
470588.9
471088.9
471115.8
471176.6
471251.2
471420.4
471433
471450.6
471453.2
471488
471510
471532.8
471593.4
471603.9
471645.6
471693.6
471739.5
471749.7
471753.4
471775.6
471797.2
471835.1
471867.8
471881.3
471887.8
471942
471961.6
471970.5
472011.1
472017.8
472026.6
472031.6
472090.1
472111.4
472201
472320.4
472371
472373.7
472534.5
472611.9
472729.2
472836.8
472922.9
473083.8
473151.8
473211.7
473279.1
473593.9
473837.6
473875.5
473935.2
474008.7
474077.3
474124.4
474177.4
474177.8
474449.9
474480.6
474561.7
474620.4
474651.1
474847.6
474957.1
475246
476024.2
476083.2
476143.1
476552.9
476586.3
476602.1
476668.4
476811.5
476846.3
477185.6
477592.3
477686.9
478028.8
478075.1
478196.3
478241.4
478575.4
478825.9
478918.4
479383.9
479689.8
480225.6
480237.6
480325.6
481654.9
482562.9
482700.9
484048.5
484909.6
484947.8
484993
485186.6
485240
485240.4
485250.4
485298.8
485390.2
485517.9
485640.2
485748.8
485772.9
485785.7
485787.7
485816.5
485880.9
485899.5
485949.8
486010.4
486041
486081.3
486086.4
486144.2
486147.2
486152
486239.6
486286
486366
486468
486481.3
486547
486712.9
486765.2
486797.1
487010.9
487202.2
487206.7
487239.1
487588.5
487633.1
487705
487760.6
487852.3
487878
487973.1
488235.9
488338
488363.4
488618.9
488677.7
488710.1
488748.4
488757.4
488877.9
489120.3
489198.6
489387.7
489433
489481.4
489547.1
489600.1
489689.5
489701.4
489726.5
489809.9
490304.6
490744.7
490779.5
490787.1
490824.5
490848.5
490862.9
490926.6
490984
491033.2
491085.4
491125.8
491314.7
491388.1
491465.3
491470.8
491607.9
491719.7
491736.1
491781.9
491844.1
491979
492052.6
492065.3
492075
492095.6
492253.3
492366.4
492380.2
492422
492513.3
492583.8
492631
492716.5
492750.1
492761.2
492795.9
492802
492938.6
492986.7
493051.1
493081.5
493115.7
493189.7
493238.5
493252.7
493288.8
493292
493316
493359.9
493419.8
493580.2
493580.8
493666.8
493692.1
493723.2
493772.7
493945.9
493949.2
494020.1
494035.3
494100.7
494174.1
494314.2
494322.8
494430.4
494465.3
494465.9
494478.5
494584.9
494668.2
494745
494798.5
494873.1
494898.8
494993.1
494999.2
495203.6
495466.2
495601.2
495703.1
495738.7
495800.6
495849.2
495924.8
496471.7
496560.2
496650.1
496669
496792
496941.2
497057.9
497186.3
497194.2
497201.9
497398
497532.3
497627.7
497739.7
497874.1
498010.4
498053.6
498160.1
498344.1
498381.1
498597.5
498745.3
498917.5
498949
499015.4
499025
499077.9
499221.8
499275.5
499387.6
499393.3
499662.1
499696.4
499721.9
500001.3
500066.5
500082.4
500152.6
500585.4
500605.4
500614.4
500781.9
500960.1
500976.2
501004.5
501014.3
501015.9
501066.4
501123
501353.8
501588.2
501611.9
501614.6
501660.3
501817.5
501856.3
501927.4
501945.1
501966.7
502046.4
502065.2
502090.7
502120.6
502596.2
502857.3
502889.3
502905.4
502953.8
503175.7
503198
503214.3
503613.5
503736.4
503750
503754.9
503794.6
503881.6
504013.9
504037.1
504111.7
504113.1
504167.2
504172.6
504590.9
504728.9
504771.8
505145.6
505221.3
505237.2
505298.4
505312.1
505412.4
505709.3
505732.3
505794.4
506060.1
506100.8
506143
506191
506258.8
506337.8
506364.1
506497.6
506580.6
506886
507074.2
507299.4
507547.3
507616.2
507888.4
507945.9
507950
508015.9
508026.8
508052.4
508126.1
508391.4
508584.3
508640.1
508687.3
509269.9
511301.5
512219.9
518499.6
519103
519426.6
519693.6
520040.4
520112.6
520219.4
520237.3
520322.1
520421.7
520494.4
520511.9
520657
520695.6
520715.3
520730.3
520752.9
520776.5
520788.1
520812.5
520877.9
520921.4
521020.4
521164.1
521171.2
521276.8
521309.7
521339.6
521450.7
521602.3
521626.1
521654
521654.3
521736.5
521761
521781.1
521789.9
521812.2
521844.7
521847.4
521878.6
521903.9
521965.4
522019.9
522054.8
522085.9
522122.5
522147.8
522167.1
522211.2
522332.9
522382.4
522450.7
522498.2
522544.1
522601.9
522644.7
522645.7
522664.3
522811.5
522861.9
523102.1
523134.5
523268.1
523305.2
523331.9
523429.7
523449.4
523462.4
523524.8
523544.5
523580.5
523582.2
523652
523673.9
523693.6
523721.8
523764.1
523767.8
523771.6
523773.5
523796.2
523863.5
523926
524084.7
524205.5
524215
524256.9
524269.6
524337.1
524371.4
524373.7
524380.5
524466.5
524476.7
524616.5
524717
524723
524806.4
524876.8
524893.3
524931.7
525037.6
525044.1
525110.2
525605
528142.1
530252.1
532289.8
537388.3
542504.6
543160.5
543680.3
544206.6
544634
544979.1
545980.4
546062.3
546164
546182.8
546317.6
546351.7
546468.7
546470.2
546498.5
546544.1
546726.2
546860
546866.9
546890.4
546968.6
546982.3
547021.1
548568.4
548748.3
548779.2
548989.8
549208.8
552000.2
552073.2
552226.7
552246.9
552263.5
552376.7
552544.2
552554.3
552560.9
552637.4
552793
552798.9
552819.9
552845
552871.7
552883.2
552915.1
552919.6
552974.1
552992.1
553090.3
553150.8
553223.7
553230.1
553267.4
553293.4
553308.3
553326.1
553430.5
553460.1
553647.4
553658.7
553676
553792.6
553821.7
553852.3
553903.5
553938.4
553990
554089.7
554134.6
554161.8
554256.2
554295
554349.6
554420.5
554467.7
554539.9
554573.4
554599
554639.3
554750.5
554837.4
554903.1
554980.2
555386
555921.6
556312.6
556531.5
556576.4
556600.8
556635.5
556653.3
556658.3
556734.1
557367.5
557461.4
557543.7
557707.4
557880.9
557961.9
558040.3
558314
558424
558451.2
558757.5
558906.3
567355.5
567370.2
567503.2
567508.1
567513.5
567568.5
567595.2
567627.6
567725.6
567834.9
571617.1
572472.6
572518.7
572533.6
572711.1
572890.3
572904.1
572923.2
573049.3
573060.5
573066.3
573075.9
573216.9
573247.6
573280.4
573355.1
573375.5
573593.6
573761.1
573981.2
574007.4
574283.2
574339.8
574433.3
574571.9
574718.2
574752.2
574766
574775.2
574823.8
574864.6
575108.4
575119.7
575129.5
575333.4
577601.1
577627.8
577766.6
577795.2
577834.1
577930.7
577996.5
580885.7
580922.6
581006.1
581117
581351.3
581367
581512.3
581540.4
581653.1
588503.9
588711.5
588716
588758.8
588796.6
588846.7
589194.5
589943.2
590101.4
590307.7
590318.5
590443.3
590465.4
590478.8
590489.3
590499.3
590525.9
590544.9
590592.6
590618.1
590633.5
590664.6
590670.6
590698.6
590756.6
591520.2
591606.7
591616.2
591767.2
591823.7
591831.6
591834.5
591863.5
591911.1
591914.3
591939.3
591957.9
591978.2
592065.9
592132.8
592322
592332.9
592334.5
592337.2
592359.5
592396.4
592458
592606.1
592660.2
592708.6
592719.3
592756.8
592797.1
592833.5
592866.5
592901.1
593080.4
593117.2
593147.6
593215.9
593407.5
593441.2
593476.8
593486.8
593501.2
593508.1
593521.2
593547.8
593590.7
593622.9
593697.6
593782.8
593917.6
593932.8
593971.6
594062.5
594064.5
594173
594214.4
594232
594232.1
594285.7
594306
594392.3
594396.1
594614.6
595821.6
595829.1
595864.5
596203.9
