10691.8
10820.4
11212.4
11248.3
11254
11258.3
11269.6
11283.5
11295.2
11417.2
11614.9
11664.6
11681.9
11689.1
11774.1
11811.1
11846.3
11861.5
11975.2
12020
12178.8
12293.8
12377.1
21250.4
21404
21491.7
21544.5
21730.7
21841.9
21977.7
22200.8
22365.6
22399.4
22425
22493.9
22599.5
22762
22892.5
22932.7
22940.7
23192.6
23194.7
23237.6
23638.7
24050.3
27913
41613
41777.9
41813.6
42152.3
42306.4
43400.5
43449
43472.9
43570.8
43762.7
43942.3
44381.7
44932.1
51415.5
51445.1
51561.9
51847.2
51972.1
52162.8
52256.4
52294.2
52295.1
52352.2
52435.1
52456.6
52504.8
52742
52742.7
52787.8
52817.1
52833.2
52838.1
52905.2
52948.1
52968.7
52992.3
53072.7
53104
53190.1
53406.5
53452.2
53477
53580.6
53608.2
53632.2
53644.1
53678.4
53743.7
53967.7
54008.8
54051.8
54271.9
54287.4
54318.2
54394.7
54423.3
54441.2
54497.3
54526.9
54615
54706.9
55023.6
55639.6
56724.7
57410.8
57460.1
57953
58097.7
58102.3
58190.4
58303.9
58307.4
58347.2
58435.9
58452
58495.2
58661.1
58692.7
59476.7
59588.9
59820.1
59973.1
62054.8
63178.8
63556.8
63670
63875.9
63893.6
63919.9
63989.2
64168.2
64202.4
64572.4
64594.3
64646.4
64959.3
64967.8
65012.6
65030.5
65127.4
65198.2
65248.6
65318
65400.6
65418
65428.4
65440.9
65517.3
65544.9
65623
65670.5
65707.5
65864.1
65880.1
66044.4
66086.9
66104.3
66111.9
66290.1
66325
66355
66693.3
66858
66899.1
66969.7
66973.3
66982
67025.2
67262.5
67452.7
67506.1
67517.6
67539.5
67609.1
67725.3
67769.6
67845.1
67866.6
67874.5
67891.3
67921.6
67937.1
67983.3
68060.7
68077.9
68136.8
68274.1
68352.6
68363.9
68379.1
68381.6
68446.6
68525.9
68531.4
68727.7
68806.2
68817.8
68824.4
68841.4
68867.3
68880.5
68981.6
68982.5
69017.5
69183.3
92889.2
94469.4
95567.7
97421.2
97475.5
101243.2
101630.8
102635.8
118476.5
118553.3
118573.7
118619.6
118657
118795.7
118823.1
118969.7
118981.9
119009.1
119044.4
119274.1
119449.3
119602.3
119749.8
120251
120720.8
120748.7
120758.1
120812
121452.2
124822.9
124945.1
125056.7
125199.5
125336.6
125374.5
125384
125433.9
125461
125485.8
125531.1
125556.6
125573.1
125614.7
125627.8
125634.4
125713.9
125938.6
125985.2
126083.6
126125.3
126195.8
126212.8
126241.8
126245.6
126263.1
126263.4
126317.8
126510.1
126536
126555.6
126670.7
126685.9
127312.9
127466.5
127501.8
127570.5
127685.8
128024.2
128052.5
130698.1
131491.3
132333.5
132418.2
132644.9
133315.2
133326.8
133362.3
133588.6
134008.7
134116.4
134442.1
134472.3
134620.6
134675.3
134709.2
134716.2
134734.6
134740.8
135306.9
135656.5
135668.3
135734.2
135886.7
135931.8
135950.5
136147.2
136257.4
136318.3
136362
136542.2
136605.4
136631.6
136703.2
136714.5
136845.6
136873.2
136925
137339.8
137346.7
137478.9
137548.9
137578.1
137601.4
137749.1
137782.8
138073.5
138136.4
138309.4
138333.7
138347.8
138508.9
138511.3
138519.3
138669.7
138724
138767.3
138864.1
138946.9
139071.5
139078
139127.1
139164.1
139231.3
139234.7
139493.5
139541.3
139816
139909.9
140172
140323.2
140343.9
140494.4
140611.3
140626.2
140712.9
141168.5
141563
142079.5
142354.6
142950.9
143120.6
143429.5
143439.8
143804.9
145336
145574.2
145733
145884.1
146048.8
146088.1
146193.1
146281.6
146364.2
146374.9
146740.6
147248.8
147334.9
147391.8
147768.1
148222.8
148533.7
148575.1
148922.6
149049
150082.7
150151.5
151807.9
152108.8
152305.6
152501.3
152813.2
153059.2
153902.4
154189.2
154226.9
154813.6
154841.3
154980.2
155021.6
155257.4
155273.8
155617
155638.9
155980.4
156100.3
156109.8
156346.4
156404.3
156530.2
156551.3
156682.7
156728.2
156879.8
157392.8
157444
157509.5
157552.5
158034.7
158514.7
159310
159888.9
159922.5
160129
160426.5
160791.5
160976.9
161042.1
161106.6
161121.8
161146.5
161197.6
161206
161264.6
161267.2
161280
161359.7
161370.2
161378
161456.2
161460.6
161469.1
161512
161572.7
161590.6
161624.7
161646.3
161659.1
161710.2
161945.4
161991.1
161995.9
162683.7
163065.5
164011.2
164818.9
165275.4
165310.3
165492.7
165781
165942.4
166003.4
166060.8
166134.5
166448.2
166478
166681.5
166784.2
166789.2
166899.5
166903.4
167026.5
167209.9
168025.2
174828
175940.1
180046.9
180241.5
180571.6
180763
180915.9
181235.7
181742.7
182207.6
182345
182371.6
191122.3
191255.3
191510
191530.9
191716.9
192023.8
192404.7
192515.5
192600.7
192608.2
192705.3
192713.9
192714.5
192800.9
192827.1
193101.4
193130.7
193148.1
193170.3
193203.1
193209
193214.2
193221.9
193261.1
193324.8
193338.1
193347.5
193355.9
193365.9
193441.2
193466.2
193613.9
193618.6
193622
193622.2
193642.3
193728.9
193908.6
193918.4
193983
194068.5
194130.5
194151.5
194386.8
194548.2
194731.1
194856
194882
194986.9
195091.8
195168.9
195177.1
195193.2
195245.6
195391.2
195560.6
195584.4
195699.7
195749.1
195801.7
197124.9
197153.9
197858.3
199345
199374.4
199454.9
199458.5
199598.3
199691.2
199782.7
199812.8
200055.1
200119.4
200186.7
200258.1
200333.7
200334.5
200411.5
200433.1
200572.1
200720.2
200723
200901.1
200994.9
201116.9
201313.9
201345.5
201380
201382.3
201425.4
201481.1
201551.4
201554.2
201640.1
201641.1
201964.7
201977.9
201980.9
202525.4
202543.1
202571.6
202581.4
202617.9
202683.6
202849.7
203029.7
203056.6
203120.7
203167.5
203279.4
203489.7
203513.4
203631.8
203671.6
203702
203977.5
204083.2
204278.4
204356.7
204385.2
204559.3
204671.3
204786.9
204856.3
204942.1
205068
205174.2
205277.5
205295.6
205313.4
205395.7
205399.9
205412.2
205457.9
205518.7
205538.4
205540.2
205719.1
205859.5
205895.1
206042.5
206115.4
206346.5
206413.5
206417.3
206806.1
206945.8
207111.3
207134.7
207183.1
207545.2
207577.3
207585.5
207806
207883.9
208130.6
208174.9
208398.9
208678
208757.1
208757.8
208778.1
208978.5
209071.3
209087.7
209248.4
209282.6
209373.6
209564.8
209597.4
209627.1
209727
209754.5
209761
209830.7
209853
209877.5
209943.6
210065.6
210249.5
210315.4
223665.7
231244.5
231353.5
231578.4
231626.6
231686.1
231737.4
231752.2
231762.8
231791.3
231820.8
231838.8
231869.4
231874
231970.9
231979
232050.5
232227.6
232380.6
232525.8
232591.6
232599
232630.1
232704.4
232748
232771
232912.1
232923.7
232993.7
233087.9
233128.1
233319.1
233335.3
233612.8
233868.7
234036
234114.9
234180.7
235504.8
235565.2
235999.4
237168.6
237476.2
237483.7
237601.9
240604.8
240704
241142.3
241393.3
241422.4
241432.8
241501.1
241551.5
241678.1
241776.5
241846.3
241903.2
241984.4
241990.2
242010.6
242047.2
242069.6
242072.6
242109.3
242180.6
242271.1
242409.2
242462.3
242528.6
242537.6
242617.8
242628.8
242722.7
242783.2
242907.7
243001.1
243068.2
243074.3
243109.5
243125
243155.4
243224.2
243284.1
243285.6
243458.1
243582.9
243627.6
243632.5
243651.8
243662.4
243667.1
243667.9
243669
243694.1
243695
243874.9
243934.7
243957
243980.7
244070.1
244123.3
244134.4
244275.4
244275.8
244346.1
244541
244590.9
244623
244943.3
245283.7
245310
245391.4
245455.8
245463.4
245615.1
245650.4
245680.8
246095.3
246113.7
246155.6
246601.4
246704.7
246996.9
247087.1
247201.6
247772.9
248302.9
248445.1
248491.9
248512.4
248580.9
248662
248712.2
248831.3
248882.2
248937.6
249138.7
249254.2
249286.7
249327.7
249330.1
249364.7
249422.8
249492.2
249511.7
249616.2
249617.1
249632.7
249637.2
249698.8
249745
249797.8
249813.3
249880.1
249891.1
249992.2
250027.5
250150.6
250152.9
250310.2
270825.4
270916.5
271081.1
271100.4
271157.8
271179.3
271326.9
271686.9
271701.4
271878.4
272008.2
272255.9
272322.6
272424
272505.8
272551.6
272616.7
272723.1
272736.9
272847.7
272856.2
272876.4
272886.4
272964.4
272993.9
273084.7
273090.4
273158.5
273174.7
273214.7
273233.6
273236.1
273258.8
273284.6
273300.4
273318.5
273417.2
273433
273535.6
273616.4
273716.7
273771.2
273879.4
274033.6
274037.8
274041.9
274099.8
274119.3
274195.7
274251.3
274318.4
274410.2
274549.8
274557.9
274561.8
274805.1
274833
274838.9
274879.2
275024.9
275028.9
275082.9
276740.2
277103
278419.5
278583.1
278789.7
278860.8
278898.2
279072.5
279098.5
280784.8
281397.2
281653.2
281779.8
303310.4
303358.1
303360.9
303400.6
303459.3
303791.6
304079.7
304169.6
304194.3
304367.2
304402.1
304550.1
304719.6
304771.5
304809
305161.6
305198.6
305638.8
305671.1
305850.1
305873
306226.5
306346.3
306496.8
308873.4
308896.1
308911.9
309015.7
309019.6
309159.2
309233.3
309412.6
309467.8
309595.7
309599.5
309607.2
309625.1
309679.7
309685.8
309694.2
309771
309816.7
309892
309908.8
309926.1
309949.7
309949.8
309971.7
310052.2
310063.9
310155
310184.6
310191.9
310236.9
310356.4
310403.4
310410.8
310435.9
310585.3
310656.5
310708.9
310795.2
310958.5
311010
311056
325869.5
326023.6
326197.8
326311.1
326394.8
326398.4
326448.7
326516.8
326543.5
326602.9
326634.5
326654.9
326658.6
326880.7
327487.3
327493.7
327499.6
327600.2
327795.6
327958.6
328034
328418.1
328463.7
328547.1
328759.9
328773
329115.6
329224.9
329544
329546.6
329570.4
329722.4
329758.6
329802.4
329886.7
329946.7
330351.5
330417.4
330458.6
330594.8
330717
330750.4
330825.7
330863
330944.6
330981.5
331008.1
331071.3
331112.4
331154.1
331233.4
331264.3
331363.3
331589.3
331604.7
331652.7
331652.9
331818.2
331873
331877.5
331917.2
331968
331995.8
332043.7
332054.8
332091.3
332108.6
332121.7
332155.4
332191.3
332226.6
332299.7
332315.1
332384.1
332443.6
332465.2
332589
332643.6
332705.5
333130.8
333144.3
334755.4
347495
347819
374457.7
374478.7
374540.8
374690.3
374692.4
374772.4
374868.4
375032.2
375066
375135.2
375215.9
375220.3
375531.5
376168.5
376837.7
377027.5
377060.2
377414
377443.6
377860.9
378179.1
378497
379253.5
379511.3
380007.3
380183.3
380593.5
380712.3
381790.6
381856.5
382313.8
382588.2
383069.2
383395.5
383740.5
383784.7
384038.2
384127
385048.2
385103.3
385236.9
385852.5
385887.8
386455.6
387402.6
387426.2
387650.5
387788.3
388542.3
388554.1
388707.9
389852.3
391187.1
391424.4
392511.6
393098.8
393361.4
393482
394012.9
394055.6
394260.5
394432.8
394468.8
394472.1
394474.6
394754.6
394988.6
395148
395697.3
396271.3
396489.3
396555.6
396612.8
396622.5
396670.3
396879.6
396924.8
396928.9
396985.6
397007
397084.9
397103.8
397207.7
397226.2
397330.5
397335.9
397354.2
397368.5
397506.4
397612.7
397916.4
398118.8
398183.8
398198.5
398314.4
398531.3
398572.6
398638.5
400445.4
400646.7
401125.8
401364.5
401513.3
402224.8
402254
402284.3
402592.2
402602.1
402683.2
402763.1
402882.9
402927.9
402957.9
403376.3
403487.8
403498.9
403532.2
403548.2
403655.6
403709.1
403722
403819.9
404339.4
404444.6
404503.9
404548.1
405301.5
405385.8
406282.6
406321.3
406462.5
407581.7
408689.4
409099.1
409560.9
410062.7
410606
413343.6
414443
414498
414762.4
415189.2
417686.7
418315.1
418558.7
418981.7
419081.9
419133.9
419168.2
419225.7
419225.9
419227.4
419283.9
419289.6
419294.6
419386.3
419404.2
419447.1
419472.8
419478.8
419496.9
419518.5
419570.8
419581.7
419609.1
419656.2
419657.3
419767.3
419781.6
419828.4
419866.2
419938.3
420014.5
420056.8
420056.9
420121.5
420205.4
420233.3
420253.1
420332
420356.7
420516.6
420546.3
420554.2
420555
420571.9
420576.7
420600.9
420654.4
420660.1
420752.1
420876.4
420924.3
421031.3
421057.4
421099.1
421220.4
421399.5
421431
421665.8
421709.8
428674.3
428728.7
428746.9
428835.6
428907.2
429050.8
429051.2
429195.5
429455.8
429609.6
429612.5
429630.1
429759.5
429781.5
429816.5
429877.4
429895.7
429917.9
429965.8
429974.1
429993.4
430018.6
430031.2
430033.9
430038.9
430039.2
430066.3
430093.7
430140.2
430215.1
430263.4
430297.7
430360.8
430393.5
430542.3
430549.8
430573.8
431037.3
431275
431276
431594.4
431839.2
432696.5
432982.6
433278.4
433761
433962.7
435074.6
436092.4
436307.5
436452.8
436906.9
436953.6
436989.8
437128.7
437136.4
437605
437670.3
437671.4
437804.9
437967.4
438128.2
438206.6
438250.9
438357.9
438425.2
438540.7
438556.8
438637.9
438649.3
438913.3
439385
439407.1
440127.8
440288.1
440459.3
441222.6
441402.4
441412
441700.1
441715.4
441718
441762.4
441796.4
441848
442084.3
442224.3
442609.5
442660.4
442666
442671.3
442675.9
442729.6
442733.7
442766.8
442906.7
442928.7
442967.7
443235.6
443309.2
443342
443346.6
443450.8
443795.7
443905.7
443907.8
444158.8
444404.8
444474.5
444577
444592.9
444604.4
444687.8
444707.6
444725.5
444745.5
444788.1
444814.8
444869.3
444881
444913.5
444950.7
444965.8
444977.3
444987.4
445010.5
445048
445149
445179.5
445266.8
445332.6
445408.4
445412.1
445447.2
445484.7
445571.7
445599.7
445741.2
445776.5
445862.3
445937
445978.4
446328.6
446364
446405
446420.7
446423.8
446433.2
446465.8
446667.7
447032.6
447373.9
447436.9
456387.5
457112.8
457184.8
466495.2
466542
466863.6
466988.8
467053.1
467098.5
467235.8
467518.5
467738.6
467770.1
467787.2
467828.5
467841.4
467911.9
468033.9
468044.3
468159
468173.3
468216.4
468231
468281
468355
468355.2
468364.9
468386.6
468411.1
468418.5
468449.5
468449.8
468469.8
468575.5
468607
468678.3
468681.1
468708.8
468713.3
468846.9
468859.7
468895.4
468954.1
469086
469188.9
469306.9
469326.5
469362.1
469384.4
469423.2
469536
469548.9
469557
469561.1
469698.6
469751
469772
469876.8
469876.9
469921.2
469979.7
470014.1
470560.9
470580
470647.2
470667.1
470737.8
470835.1
470842.8
470995.8
471047.3
471650.1
471953.6
472070.6
472136.3
472273.3
472490.6
474313.9
474608.4
474639.2
474939.7
474994.6
475019.7
475035.4
475293.5
475311.8
475405.6
475606.5
475667.3
475832.9
475903.9
476215.5
476502.1
476825.8
477088
477163.7
477176.2
477328.3
477452
477545.6
477671.2
478104.3
478405.1
478737.3
478766.8
478936
479135.7
479328.6
479364.9
479440.1
479482.6
479564.5
479626.3
479663.6
479668.9
479675.5
479679.7
479688.7
479698
479748.5
479787.9
479859.8
479866.8
479894.6
479895.8
480058.1
480141.7
480220.8
480229
480312.4
480365.6
480381.1
480409.6
480435.8
480442.2
480507.2
480555.3
480615.6
480624
480776.1
480993
481137.2
481389.1
481419.6
481430.5
481450.1
481474.6
481544.8
481580.9
481638.7
481823.1
481940.5
481980.2
482041.2
482061.3
482078.7
482086.1
482210.3
482351.6
482425.4
482485.7
482662.6
482783.5
482859.8
482937.4
482977.2
483050.5
483194.5
483362
483389.3
483391.2
483593.3
483982
483990.8
484049.2
484085.8
484760.3
484781.1
485202.4
485350.8
485519.9
486522.1
486695.8
487495.7
487538.3
487582.7
488083.4
488202.3
488517.3
489762
489950.3
490531.2
490742.2
491236.1
491306.7
491314.3
491355.6
491431
491935.9
492851.9
492959.7
493242
493268.9
494182.1
496185.1
496946.5
497802.2
497918.9
498086.5
498443.6
498974.1
503118.8
503131.3
503321.4
503687.9
503726.2
504345.6
505372.2
505546.8
505610.8
505735.9
505814.4
505916.6
506076
506122.8
506459.3
506515.8
506575.2
506854.5
506873.2
506930.6
507693
508257
508487.6
508604.8
508616.9
508621.7
508674.2
508750.8
508876.8
508920.5
508940.2
508997.6
509022.5
509037
509114
509308.2
509353.3
509419.7
509465.8
509520.5
509658.5
509700.4
509777.6
509780.4
509790.5
509990.2
510076.3
510090.1
510173.4
510204.4
510268.2
510269.6
510286.6
510313.2
510321
510329.7
510346
510368.5
510430.7
510479.4
510528.4
510629.1
510715.4
510844.2
510859.3
510899.1
510922.6
510977.1
510978.2
510985.9
511020.7
511030.2
511043.4
511114.4
511154.6
511217.9
511290.2
511381.1
511400
511449.6
511454.6
511489.7
511504.1
511506.9
511522.6
511641.6
511661.8
511682.2
511712.1
511758.2
511785.7
511811.8
511867.1
511915.5
512414.6
519348.4
520447.2
525309.4
525325.2
525735.5
526064.8
526457.2
526548.7
526677.1
526717.9
526750.7
527065.2
527244.1
527321.7
527381.7
527553.6
527612.1
527678.4
527872.7
527886
527920.4
527946.6
527951
527967.7
528003.7
528068.7
528076
528113.1
528135.3
528196.5
528206
528235.6
528313.7
528393.5
528411.5
528414.7
528455.3
528545.4
528570.3
528590.7
528596.3
528632.8
528635.8
528643.8
528694.5
528709.8
528769.8
528781.5
528908
528922.6
528931.6
529002.1
529014.2
529040.7
529080.4
529083.6
529198
529205.7
529269.3
529327.5
529433.4
529635.7
529680.6
529820.7
529849
529930.5
529987.5
530008.5
531370.3
547385.4
550195.5
562050.9
563047.3
564823.4
564831.1
564833.8
564891.8
564967.5
565011.5
565023.6
565068
565088.6
565147.9
565252.4
565271.9
565286.7
565364
565437.5
565477
565545.3
565552.2
565670.8
565751.5
565765.9
565787.7
565800.3
565829.7
565952
566061.2
566142.7
566164.3
566194.2
566223.6
566227
566239.9
566270.7
566429.9
566471.6
566487
566502
566557.7
566585.3
566603.8
566639.3
566788.1
566793.6
566794.1
566800.2
566838.3
566924.4
567049.3
567099
567122.4
567224.7
567343.6
577959.5
578132.5
591059
591401.3
592279.7
592361
594647.9
594672.8
594679.9
594702.7
594776.8
594851.2
594913.9
594918.2
595016.3
595018.7
595092.9
595160.5
595167
595170.7
595172.8
595178.6
595340.1
595450.6
595503.3
595541.1
595554.4
595578
595617.3
595701.5
595815.2
595823.7
595958.5
596105.3
596411.7
