1191.7
1204.7
1280.8
1334.5
1465.3
1596
7975.3
8016.8
8125.6
8372.6
8910.7
8919.8
9115.5
9670
9716.2
10413.2
10431.8
10440.5
14283.2
15194.4
15529.5
20199.5
21147.3
21184.6
21262.7
22547.6
22687
22701.8
23020.3
23130.9
23161.3
23241.7
23274.3
23481.9
32145.6
33474.7
33997.3
34139.8
34178.3
34203
34204.9
34205
34257.6
34265.8
34265.9
34284.9
34312.2
34593.1
34610.7
41277.1
42372.2
47533.7
47792.3
47843.6
47853.7
47867
47906
47942.5
47984.3
48079
48093.1
48174.8
48203.3
48208.3
48244.7
48351.3
48369.2
48457.7
48609.3
48649.8
48680.6
48700.7
48716.1
48717.2
48735.7
48817.4
48831.5
48874.2
48908.4
48960.5
48977.8
49151.7
49207.9
49263.7
49278.3
49303.3
49344.4
49371.9
49395.8
49501.3
49613.6
49994.2
50336.2
51286.5
52219.8
52222.4
52240.3
52285.2
53093.1
53236
54003.4
54486.3
55567.4
56279.9
56362.8
56400.2
56504.1
56552.5
56696.4
56891.2
59545.7
59730.1
59756.4
60550.5
60586.5
60790.9
65083.5
65294
65305
65576.1
65628.5
65670.3
65711
65813
65884.6
65943.2
66099.4
66139.9
66176.2
66264.1
66315.6
66567.3
66614.5
66761.4
66927.3
67106.8
67118.3
67150.9
67158.8
67181.8
67182.5
67187.1
67206.4
67304.3
67352.6
67368.4
67413.6
67557.9
67644.4
67695.6
67706.1
67720.9
67734.6
67748.3
67832.1
67867.1
67933
68037.6
68054.3
68108.9
68127.7
68144.2
68148.8
68178
68234.4
68469
68474.8
68505.8
68546.6
68590.4
68598.6
68696.3
69475.5
69632.1
71967.2
71974.7
72106.5
72109.3
72319.4
72539
72587.4
72771.4
73018.2
73046.1
73119.1
73232.9
78998.6
79018.9
79046.6
79120.7
79181.5
79852
79864.3
80155.8
80307.9
80319.3
80443.4
80460.4
80509.3
80534.1
80598.5
80692.3
80717.9
80722.3
80777.2
80860.1
80974.5
80977.7
80979.9
81022
81059.5
81068.9
81098
81146
81175.3
81200.3
81214.1
81241.7
81268.3
81313
81357.5
81378.2
81526
81854.8
81873.2
81889.4
81910.2
81927.7
82098.1
82292.7
82321.9
82710.6
83252.5
83360.5
83558.2
83562.4
83652
83663.9
83693.8
90762.3
101155.4
104094.1
117511
117687.6
121126.9
126252.5
126942.4
127942.5
128060.5
128330.1
128476.3
128537.4
128539.8
128570.9
128608.6
128614
128641
128709.1
128736.3
128775.5
128784.4
128789.4
128805.2
128851
128959.1
129042.2
129393.8
129789
129870.2
129940.2
129961.2
129976.1
129990.2
130027.3
130031.3
130120.8
130123
130198.3
130224.7
130240.5
130315.8
130346.8
130434
130476.8
130483
130536
130544.8
130555.3
130570
130572.5
130584.6
130594.5
140977.3
140985.9
141068.3
141073
141080.6
141101.2
141153.3
141174.4
141223.5
141244.3
141267.5
141268.4
141328.1
141336.5
141342.3
141346.2
141367.9
141446.6
141473.1
141507.2
141516.4
141568.1
141623.3
141982.6
143348.1
143531.9
143629.6
143790.8
143869.2
143873.5
143909.6
143991.1
144271.7
144347.4
144393.8
144411.4
144430
144511.4
144534.6
144545.7
144594.5
144616.5
144703
144788.1
144846.9
144883.7
144945.9
145173.9
146150.4
146821.1
146998.5
147237.8
147254
147331.9
147703.5
147824.8
148584.7
148795.9
148806.1
148840.2
149384.4
149617.6
149641.2
149691.4
149724.4
149766
149773.6
149859.8
149989.4
150087.2
150416.3
150747.3
150813.4
151671.2
152209
152517.4
153376.8
153587.3
154810.9
155121.2
156048
156202.7
158611.3
159066.9
159181.3
159210.8
159265.4
159319.5
159368.1
159394.7
159410.7
159472
159516.5
159517.8
159518.2
159593.1
159669.5
159682.4
159847.9
159861.5
159942.7
160068.6
160114.5
161506.7
161643.1
161754
161795.7
161827.2
161832.4
161837.7
161913.6
161950.6
166803
169045.7
169086.9
169352.9
169506
170121.8
175259.3
175264.7
175453.9
175486.4
183584.6
187163.1
187235.4
189466.5
192763.9
192939.3
192952.1
192993.7
193064.1
193105.9
193253.1
193362.8
193575
193680.4
193741.5
193806.6
193838.3
193847.3
193969.9
194020.4
194073.4
194087.9
194350.9
194501.5
194529.8
194566.9
194570.2
194762
194779.2
194910.4
195041.9
196030.8
196542.6
196595.9
198259.7
198281.9
198549.5
198779.1
198877.8
198902.5
198955
199162
199223.9
199423.2
211704.3
212191.5
212377.5
212380.9
212575.5
218048.3
218781.5
218795.6
219143.2
222383.9
222389.1
222406.3
222455.4
222676.2
222754
225742.7
225880.4
229804.9
231527.7
236556.6
239009.2
239496.6
239529.4
239639.8
239663.6
239666.8
239668.2
239677.3
239694
239736.2
239876.5
239877.6
239895.6
240001.5
240064
240152
240224.5
240243.5
245673.7
249756.7
249791.7
249886.2
249927
249935.9
249993.7
250013.8
250073.3
250143.6
250257.1
250346.1
250456.5
254390.3
255574.6
255716.7
255742.3
255767.2
255890.7
255898.1
256028
256079.5
256124.7
256131.1
256439
258424.7
272256.1
272274.3
272419.1
272461
273001.1
273085.5
275076.2
276181.1
276470.6
276863.4
278872.3
278932.7
279063.3
282942.2
283054
283124.1
283149.1
283203.9
283279.9
283333.3
283346.4
283353.8
283455.8
283494
283586.3
283615.4
283698.1
283734.9
283776.3
283793
283795.5
283865.7
283973.9
283989.2
284039.4
284047.8
284058.2
284122.3
284139.5
284143.5
284163.3
284205
284223.8
284226.7
284235.9
284258
284312.2
284357
284420.4
284420.9
284474.9
284508.4
284565.2
284569.6
284577.5
284636
284765.8
284845
284875.4
284920.7
284930.5
284945
284971.7
285007.2
285049.1
285182
285341.4
285353.5
285420.2
285431.2
285471.1
285503.2
285527
285703.8
285980.9
286063.2
286373.1
286387.4
286432.4
286462.3
286467.1
286561.6
286634.3
286893.8
287011.5
295627.3
297827.4
297966.2
298134.4
298154.7
298158.7
298186.4
298197.1
298209.3
298385.7
298427.3
298617.3
298621.5
298633.7
298642
298653.7
298787
298795.7
298807.3
298833
298868.8
298888.4
298908.9
298918.7
298928.4
298937.1
303266.3
307277.6
307532.8
307920.4
307936.1
307967.1
307975
308044.7
308059.6
308235
308238.2
308245
308247.3
308279.2
308320.4
308379.8
311508.5
311747.1
311822.4
311839.6
312049.8
323258.4
323509.1
323623.9
323673.1
323759.2
324258.8
324351
324372.2
324476.9
324479.6
324547.5
324630.2
324718.9
324872.7
325063.5
329978.7
330199.1
330323.6
330329.3
330341
330443.1
330628.1
330649.1
330759.4
330788.6
330888.7
330942
331096.6
331137.1
331146.7
331370.8
331383.9
331403.3
331417.6
331444.7
331477.6
331477.7
331506.3
331510.8
331517.1
331566.1
331598
331645.2
331671.1
331707.4
331708.1
331780.5
331843.5
331881.8
332036.5
332053.7
334068.4
334094.3
334212.4
334234
334404.7
334700.6
334714.9
336442.1
337818.6
337850.1
337875.5
337948.4
337961.9
337999.7
338062.9
338193.4
338356.9
339095.6
343807.6
343831.9
343877.5
343893.4
343951.1
344007.4
344007.7
344047.3
344182.9
344314.7
344367.1
344387
344472.7
344867.7
344904.6
344946.5
345110
345136.3
345148
345170.3
345340.4
345487.9
345591.9
345665.8
345678.7
345679.2
345753.8
345814.1
345876.9
346000.7
346107.3
346116.3
346161.4
346362.9
346524
350874.1
351620.2
351661.6
352706.4
352762.5
352772.6
352847.9
352986.4
353013.3
353033.5
353075.7
353133.4
353153.6
353182.3
353209.1
353217.4
353219.7
353236.4
353244.2
353364.4
353394.9
365925.2
366062.5
366569.9
367110.5
367269.9
376455.2
376671.9
376790.6
377018.9
377106.1
377701
378174.4
378573.3
378590.9
378959.3
379668.4
379980.8
380023
380750.8
380841
380880
381266.8
381352.5
381756.4
381963.1
382426.3
382549.8
382566.4
382698.1
383115.4
383454
383475.6
383928.5
383998.7
384182.2
384384.2
384666.2
385655.4
385872.7
385965.9
386036.7
386056.2
386227.7
386288.7
386506.7
386581
386702.5
386832
386927.1
386943.2
386973.2
387006.3
387055.7
387094.5
387110.7
387114.2
387116.3
387121.4
387247.6
387275.7
387351.4
387361.7
387390.7
387470
387482.5
387494.2
387498.7
387498.9
387591.7
387596.6
387599.1
387660.7
387684.2
387744.4
387840.1
387943.3
388031.8
388078.8
388101.5
388144.1
388145.7
388178.4
388379.7
388417.3
388451.5
388473.9
388596.8
388685.7
388693.7
388722
388811.6
388838.4
388999.9
389034.7
389094.3
389289.9
389311
389657.3
389814.9
391930.8
392653.2
392705.2
392737.8
393089.1
393123.7
393488.9
394777.2
394991.2
395443.5
395681
395843.6
396242.5
399339.9
399998
400205.8
400453.1
400478.6
400763.3
400850.8
400859.4
401137.3
401237.7
401633.1
402057.6
403113.1
404883.6
404953.9
404981.8
405174
405224.7
405228.6
405747.2
406019.2
406290.3
406374.5
406559.6
406672.9
406702.5
406737.2
406771.5
406792.4
406907.2
406955.3
407051.8
407133.9
407180.4
407226.7
407299.8
407310.2
407558.6
407730.7
407778
407813.7
407918.4
408127.2
408289.2
408419.2
408735.4
408742
408875.7
408896.1
408973.4
408974.9
409166.1
409568.8
409623
409733.9
409794.8
410071.8
410129.4
410168.3
410213.6
410301.2
410344.8
410496.7
410551.9
410570.5
410631.4
410644.8
410715.7
410780.7
410802.3
410915.4
410922.6
411035.2
411047
411123.6
411137.2
411157.2
411189.2
411237.4
411300.5
411304.1
411417.4
411515.3
411533.8
411588.1
411612.4
411620.6
411633.4
411752.4
411757.1
411774.2
411782
411787.3
411835.1
411995.8
412047.6
412720.7
415538.1
421139.9
425135.2
425352.3
425392.1
425405.3
425614.7
427152.7
427226.7
427234.4
427490.4
427580.7
429947
430022.4
430044
430044.4
430071.8
430138.2
430169.9
430176.6
430296
442147.3
442221.8
442326.5
442360.8
442489.1
442721.5
442857.2
442991.9
443083.3
443121
443150.9
443308.5
443358.3
443454.1
443717.2
443947.5
444046
444096.3
444166.8
444287.1
444330
444359.1
444390.6
444419.9
444435.1
444471
444538.6
444634.7
444664.8
444730.5
444981.5
445097.5
445106.7
445617.9
445678.9
448204
448246.5
448543.4
448671.6
454446.8
454885.1
454892.3
454905.6
454943.8
455244.1
455345.7
455363.2
455414.3
455424.4
455439.1
455504.8
455530.9
455603.9
455636.2
455688.1
455709.6
455789.3
455792.3
455836.2
455840.3
455871.7
455882.4
460070
460135.5
460251.6
460810
461676.7
465749.4
466590.3
466838.6
466961.7
467168.2
467232.6
467247.3
467299.9
467346.5
467362.9
467574.9
467722
467841.6
467894.8
467906.3
468095.8
468415.6
471778.9
472972.6
474840.8
486395.2
486701.8
487053.7
487406.4
488266.5
490010.3
490031.3
490122.6
490125.3
490199
490392.9
490432.4
490579.2
491873
492069.2
492468.7
494577.1
494635
495074.3
495201
495484.3
495520.7
495525.4
495675.3
496137.1
496145.2
496152.3
496530.7
496638.1
497252.6
498096.3
498118.6
498206.7
499281.4
499376
499542.5
500275.5
501234.9
501326.2
502019
502067.3
502668.1
502939.7
503089.7
503538.6
504294
504431.4
505127.5
506169.8
506260.9
506450.4
506801
506818
506907.9
506967.5
507451.6
507872.8
510485.7
510642.9
511859.9
511865.7
511924.5
512059.5
512059.7
512097.6
515492.6
516066.8
527234.6
527642.1
528858.1
528924.1
529009.4
529162.4
529168.1
529289
529296.5
529299.1
529370.4
529393.1
529399.5
529562.8
529666.4
529738.2
529797.5
529850.6
529864
529923.7
530005.2
530296.3
531783.9
531923.2
535058.5
535185.6
535259.3
535332.8
535369
535447.5
535454.3
535518.2
535540.8
535575
535590.9
535619.2
535757.6
535835.6
535868.5
535891.8
535945.8
535968.1
535977.6
536024.1
536032.4
536080.9
536257.8
536309.9
536391.9
536568.1
536573.8
536596.7
536608.5
536782.7
536829.9
536935.2
537091.8
537781.2
538006.9
538041.5
539283.4
539338.8
539503.1
539525.7
549832.9
549900.6
550004.6
550149
550149.2
550399.6
550466.4
550470.3
550484.1
550509.5
550515.1
550540.1
550598
550611.3
550623.4
561244.1
561261.7
561441.4
561780.9
561822.2
561885.3
561955.4
562120.3
564097.1
565940.3
567661
571256.4
571372.2
571576.8
571704.7
571779.5
576802.9
576973.8
577152.7
577199.6
578919.7
578991
579112.8
579282.3
579326.4
579422.7
579519.3
580063
580176.3
580304.6
580315.4
580329
580461.6
580559.8
580632.2
586665.6
586791.8
586813.5
586875.1
586972.7
587079.8
587550
589453.7
589474.2
594777.8
594905.5
595059.7
595064.5
595080.1
595143.3
595205.9
596582.4
596695.5
596777.3
596820.1
597164.9
597181.3
597186.3
597211.2
597215.2
597246.5
597281.3
597484.6
597508.8
597510.8
597516.7
597624.7
597750
597850.6
597893
597938.3
597954.2
598198.4
598245.8
598246
598358.8
598493.7
598568.4
598955.9
598959.2
598991.1
599068.9
599143.3
599166.8
599193.7
599259.2
599346.5
599360.7
599367.3
599404
599479.3
599525.7
599540.3
599548.6
599550.9
599610.7
599671.8
599721
599730.1
599794.5
599906.9
