1643.7
1795.1
1810
1852.9
1880.1
1908.2
2016.2
2038.1
2106.8
2108.1
2180.1
2183.4
2201.5
2213.3
24740.4
25166.4
25612.3
26176.6
26396.4
27128.7
29137.9
31247.6
34372.2
34540.8
34640.1
34853.4
34901
34943.2
35150.6
35230.7
35359.1
35370.9
35383.1
35404.5
35405.6
35448.3
35533.8
35730.2
48166.9
48589.7
48734.1
48934.8
48994.3
49206.1
49221.9
49379.7
49383.2
49429.2
49486.4
49571.6
49613.8
49620.9
49980.7
49985.7
50000.7
50058
50120.2
50403.6
60223.9
60816.3
61633.2
61761.2
78661.4
79159
79893.9
80010.3
80305.3
80485.5
80529.6
83731.7
84234.9
84301.5
89661.3
89661.8
89738.3
89830.6
89881.7
89921.4
89921.7
89980.8
90014.6
90047
90048.4
90073.7
90087.6
90141.9
90151.6
90192.9
90280.6
90464
90496.4
90573
90590.4
90659.3
90707.2
90722.5
90965.1
90993.6
97001.9
105762.1
105999.8
106261.6
106334.7
106357.3
106472.9
106496.3
106559.7
106574.4
106628.6
106644.5
106693.3
106694.4
106757.9
106841.1
106955
106979.5
107017
107108.8
107181.9
107189.7
107197.4
107240.6
107311.2
107452.7
107628
175346.7
176204.3
176371.1
176892.2
177156.4
177457
183648.8
183715.7
183793.3
183881.4
183896.6
184000.9
184057.8
184081.8
184242.5
184261.9
184353.9
184368.7
184374.2
184451.4
184460.4
184506
184543.2
184583.2
184626
184627.9
184756.2
184767.4
184774.6
184784.7
184881.9
184931.2
185158.3
185553.7
187521.7
222315.1
222544.9
223557.2
223795.1
223837.6
223931.2
224180.3
224871.8
224988.5
225105.5
225220.4
225238.3
225263.8
225283.2
225292.7
225440.1
225514.9
225544.7
225545
225697.4
225804.6
252462.7
255939.2
255962.2
256019.3
256197.8
256255.1
256328.7
256356.1
256433.4
256451.5
256724.7
256729.1
256818.3
256878.5
257013.2
257058.3
257066.6
257136
257166.7
257176.8
257231.7
257267.9
257286.4
257450.3
257450.7
257499.5
257640.3
257820.9
257823
257914.2
257943.5
258192.2
258374.5
258435.4
258532.3
258554.2
258582.7
258621.8
258634.8
258647.6
258669.3
258699.2
258709.8
258761.7
258771.3
258809.4
258822.6
258880.2
258917.2
258919.1
258939.4
258941
258944.2
259034.1
259118.7
259236.4
259240.3
259273.5
259280
259346.6
259369.5
259377.9
259464
283976.3
284410.3
284418.2
286717.9
286889.4
287042.3
287073.8
287110.4
287122.3
287186.1
287398.2
287473.5
287528.8
287552.3
287558.6
287576.1
287645.9
287663.9
287679.2
287739.9
287815
287871.4
287892.5
287921.5
288073.1
288141
288164.8
288265.2
288673
288716.6
288822.5
288959.6
288990.2
289576.1
289590.3
289678.3
289726.2
289791.1
289803.1
289818.7
289924.8
290174.1
290295.5
290585
290676
290691.7
290708
290857.9
290913.2
290919.5
290957.2
291144.5
291225.2
291258.5
291521.3
291655
291681
292016.7
292041.5
292198
292218.3
292415.5
292456.1
292457.2
292459.6
292489.1
292610.5
292645.6
292766.8
292849.5
292894.3
292910
292927.8
293119.1
293123.7
293166.1
293238.5
293378.9
293601
294130.3
294191.6
294231.4
294268.4
294268.5
294370
294401.9
294505.2
294542.9
294554.4
294575.4
294602.4
294605.3
294607.4
294689.4
294996.8
295001.8
295046.1
295216.3
295222.2
295388.9
295390.5
295499.4
295991.4
296072.5
298823.1
299238
299353.2
299416.3
299623
299818
300079.6
300500.1
300649.4
300796.5
300901.1
301877
336922.4
337348.6
337658.8
338481.3
348828.2
349209.5
349335.1
349359.8
349542.1
349565
350074
350940.2
351231
353106.2
353556.8
353685.9
353686.3
353807.1
353821.8
353870.7
353965.6
353990.4
354085.4
354101.7
354171.2
354174.5
354269
354299.3
354313.1
354324
354325.7
354354.3
354406.7
354488.8
354577.2
354608.2
354632.5
354691.4
354836.7
354864.9
367166.5
367508.4
367576.8
367906.9
368011.9
368495.2
368642.5
368982.6
369003.7
369109.9
369173.7
369535.6
369547.4
369549.8
369660.9
369827.6
369842.3
369896.8
369899.8
370110.8
370111.3
370142.4
370281.7
370407.8
370408
370429.6
370441.9
370446.9
370527
370665.8
370774.8
370778.5
370814.9
370852.8
370946.8
371011.8
371123.3
371160.5
371178.1
371241.7
371282
371324.4
371349.7
371367.1
371398.5
371485.2
371497.9
371587.9
371594.3
371656.1
371673.3
371706.6
371741.9
371767.1
371779
371784.2
371810.4
371828
371830.9
371853.6
371902.5
371924.6
371925.1
371962.8
371986.5
371987.3
372002.3
372021.5
372107.8
372132.5
372215.3
372243.7
372251.7
372303.7
372344.7
372381.9
372448.1
372540.7
372565.9
372629.1
372652.3
372682.2
372713
372791.1
372829.6
372891.7
372924.9
423503.9
423588.9
423634.2
423651.1
423701
423970.6
424033.1
424216.7
424306.1
424413.1
424418.7
424450
424528.6
424554.5
424591.5
424605.8
424611.7
424678
424767.9
424833
424857.7
424857.8
424871.7
424879.6
424886.1
424969.5
425031.2
425114.4
460319.4
461137.1
461192.9
461881.8
462274.7
463990.3
463996.1
464053.5
464098.5
464103.6
464185.8
464207.1
464395.1
512997
513476.6
513740
513791.6
513813.2
514112.6
514226.7
514273.5
514409.8
514590.6
514805.5
515054.9
515227
515506.7
515686.2
515794.5
515923.5
516022.7
516204.5
516312.5
516372.7
516542.5
516621.9
516654.7
516705.5
516773.5
516778
516883.3
516926.7
516987.1
517124.3
517147
537589.2
537660.5
537931.4
537960.6
538061.9
538243.8
538348.5
538404.3
538406.5
538450.4
538476.1
539038.1
539105.6
539117
539172.9
539239.3
539517.8
539571.9
541711.9
541966.6
542366.9
547493.7
547771.3
568179.7
568288.9
568333.1
568559.5
568575.8
568764.5
568797.8
569329.8
569582.1
569582.9
569841.2
570427.5
570655.2
571025.7
571386.8
576144.4
576158.5
576403.6
576640.3
576689.4
582655.4
582660.2
582711.2
582890.9
582906
582931.7
582957.7
583092.3
583132.9
583191.4
583241
583399.9
583445.3
583547.4
583547.5
583555
583679.2
583701
583781.8
583788.5
583828.2
583850.9
583861.3
583965.9
583987
584025.9
584185.2
584215.4
584303.6
584396.7
584402.7
584423.4
584427.9
584474
584541.7
584558.3
584597.6
584666.5
584667.8
584713
584768.8
584811.4
584818.1
584938.6
584967.9
584988.4
585070.6
585098.5
585138.3
585178.5
585248.1
585269.4
585272.3
585282
585347.1
585512.7
585519.3
585524
585524.4
585532.5
585546.8
585561.7
585563.9
585597.7
585636.6
585720.6
585732.7
585775.2
585808.4
585929
585963.2
586018.6
586261.8
586274.7
586295.9
586389.2
586447.4
