102.3
627.1
709.3
722.4
774.3
916.4
952.4
959.7
1008.4
1009.4
1113.9
1241.9
1415.3
11852.2
20021.5
20183.9
20255.6
22527.7
22841.6
23216.2
30593.2
30731.1
30890.5
30935.4
31026.3
31121.4
31213
31237.6
31308.2
31327.4
31369.1
31371.8
31467.3
31481.3
31514
31537.7
31579.7
31626.2
31628.9
31633.4
31841.8
31909.1
32024.2
32168.6
32255.1
32462.9
32472.6
32703.8
32762.6
32817.2
32993
33126.5
33130.2
33397.6
33439.2
33544
33550.2
33791.6
33887.7
33976.3
34065.1
45904
46351.3
46419.4
46494.2
46666.9
46719.5
46759.8
47069.6
47172.6
47321.2
47393.8
47504.4
47576.6
47646
47651.5
47694.9
47994
48126.8
48158.7
52215.8
53541.5
53680.9
59027.1
59094.8
59608.3
60633.9
60644
60647
60777.3
60805.5
60899.5
60971.4
61027.5
61080.4
61192.6
61258.6
61501.2
61541.5
61732.6
61823.5
61857.7
62219.8
62237.4
62328.4
62493.9
62657.6
65054
65361.4
65444.8
65626.7
65657.9
65711.4
65752.6
65799.1
65842.1
65844.5
65888.3
65937.8
66031.9
66177.9
66189.1
66233.7
66307.3
66510.9
66648.3
66792.9
66826.8
67075
67100.2
67156
67241.2
67255.7
67349.5
67351.3
67371
67452.8
67564.3
67678.7
67710
67739.5
67762.2
67928.1
67999.3
68055.3
68064.3
68073.4
68085.2
68108.4
68110.4
68161.2
68268.6
68323.3
68337.1
68432
68582
71966.7
71970.1
72053.4
72073.3
72074
72075.8
72080.3
72188
72192
72223.7
72247
72282.2
72377.4
72384.3
72410.4
72446.6
72645.4
72662.1
72667.8
72676.4
72712.5
72731
72744
72787.5
72805.6
72813.9
72835.8
72859.8
72883.5
72899.1
72899.2
72911.5
72936.7
72964.8
72997.8
73001.7
73013.5
73085.6
73091.9
73118.3
73123.8
73127.4
73143.4
73233.7
73316.1
73409.1
73415.3
73418.1
73570.9
73774.4
78746.5
78843.2
79555.5
79639.9
79716
79935.9
79993.3
80428.8
80532.2
80557.5
80575.5
80578
80626.1
80628
80706.2
80828.4
81014.5
81141.1
81155.3
81155.8
81185.6
81219.9
81224.9
81236.2
81297.9
81336.3
81421.7
81422.8
81431
81457.9
81473.4
81476.7
81477.1
81508.9
81596.2
81600.8
81881.4
81946
81977.7
82036
82395.5
83411.7
83483.7
83487
83519.2
83583.9
83724.7
83774.4
83820.5
83862.3
83909.5
83993.7
84015.4
84034.7
84047.7
84078.7
84257.3
91530.2
91596.8
91753.2
91759.5
103831.5
103962
104254.4
104510.6
104630.2
104657.9
104752.4
104880.7
105146.8
105307.1
105333.2
105376.6
105479.5
105582.9
161263.9
161292.7
161363.3
161551.7
161569.2
161633.5
165675.5
166269
166873.8
168904.8
169077.6
169447.9
173760.3
175202
175457.4
182806.6
182931.8
183037.8
183050.1
183247.8
186845.1
186925.2
186942.7
187072.2
187114.2
187116.6
187183
187194.8
187262.2
187363.4
187413.1
187952.3
192573
192708.6
192875.9
192878.8
192899.7
192920.8
192933.9
192937.6
193006.1
193025.8
193072.4
193079.4
193102.4
193154.9
193169.7
193176.4
193263.5
193423.5
193456.3
193686.5
194243.3
194351.9
194485
194575.7
194654.7
194663.6
194805.6
194968.3
212469.1
212533.4
212534.3
212573.3
212574
212576.1
212844.4
218355.9
218831.3
218835.6
219089.8
219159.6
219183.8
219351.1
222346.5
222359.2
224639.1
225570.5
225929
225951.5
231648.5
231936.9
232286.5
242119.1
243540.2
243633.1
249512.3
249550.8
249952.3
249965.2
250267.6
252845.8
252918.1
253069.4
253212.3
253343.2
253361.5
253474.3
253556.1
253566.2
254192.1
254206.7
254239.5
254242
254374.7
254523
254537.1
254571.2
254644.4
254697.4
254719.4
254726.3
254740
254749.2
254775.8
254803
254964.2
255048
255328.8
255425.1
255469.2
255477.2
255511.6
255534
255541.7
255660.2
255790.2
255807.5
255863.9
259530.1
271450.7
271929.4
272059.1
272101.1
272294
272382
272390.2
272435.1
272463.3
272608.9
272615.4
272656.1
272731.6
272733.4
272752
272954.7
273167.2
273216.9
273837.6
274320.1
279079.3
282709.5
282720.9
282726.2
282801.1
282810.3
282925
284321.4
284805.7
284895.7
285088.1
285184.7
285215
285490.9
285623
285647.3
285718.6
285849.6
285890.7
285893.1
285909.2
286058.6
286100.7
286215.2
286226.9
286234.4
286286
286293.9
286323.6
286342.2
286394.6
297839.9
297887.4
297982.9
297990.8
298055
298339.6
298781.9
298823.7
298853.4
298884.3
298979.7
299019.6
299052.8
309323.9
309614.3
309733
309833.7
309889.8
310029.4
311734.1
311834
311865.1
311950.3
311960.9
323469.8
323714.8
323741.5
324179.7
324322.3
324337.3
324398.7
330175.5
330813.2
330911.7
331029.6
331217.1
331262.3
331270.1
331346
331447.3
331768.5
331819.9
331831.2
331980.1
332046.7
332064.1
332075.9
332076.7
332197.6
332251.8
336796.3
337279.7
337678.4
337862.1
337911.2
337912
337935.8
338023.5
338242.6
338462.2
343500.1
343734.3
343801.4
343832.7
344024.7
344198
344290.9
344506.9
344511.7
344800.8
345009.2
345168.7
345406.4
345424.7
345534.8
345538.7
345546.1
345562.8
345601
345615.6
345652.5
345669
345732.8
345759.2
345767
345771.3
345788.7
345807.9
345812
345902.1
345951.9
345981.6
346058.6
346061.5
346067.4
346137.5
346173.2
346176.9
346259.1
346289
346294.3
346297.6
346322.2
346335
346349.3
346389.8
346399.6
346415.5
346443.1
346467
346485.4
346491.9
346506.8
351058.9
351174.5
351266.7
351280.1
351311.2
351320.1
351352.2
351529
351531.9
351581.6
351623.5
351635.7
351651
351668.2
351678.9
351700
352299.7
352337.2
352583.9
352654.2
352854.6
352995.6
365360.1
365452.5
373539.8
420819.3
421083.8
421137.9
421190.1
421259.5
421296.6
423385.3
423884.1
425020.7
425147.1
425201.6
425204
425247.1
428931.5
428967.9
429616.3
429758.8
429767.2
429777.3
429836.1
429843.8
429849.6
430013
430082
430090.7
430134.9
430169.9
441892
442585
442773.2
443626.8
443850.2
444381.3
444527.3
444592.2
444636.9
444655
444802.3
444813.8
444820.6
444831.1
444835.1
444875.8
445196.4
445286.9
445304.7
445304.9
445316.6
445380
445399
445438.8
445543.1
445737.1
448566.7
448648.1
455496.5
455587.4
455604.8
455659.3
455668.1
455770.4
455804.8
455924.6
455926.5
460294
460351.9
460581.4
463727.1
463729.9
463849.3
463854
466969.3
467672.1
467680.6
467751
467840.6
467891.8
467898.8
467916.9
467919.2
467926.6
467929.9
468031.8
468100.2
468197.1
468471.6
469491
469540.8
469686.2
469730.7
479548.1
480120
480696.4
482341.3
511692.9
511719.8
511749.6
511753.7
511792.1
511804.6
511839.7
511917.4
512027.9
512156.6
512194.6
512287
513621.4
514523
514727.3
514756.2
514885.4
515237.4
515330.1
515351.8
515369.8
515583.4
515667.4
515880.2
515951.6
516027.8
516107.9
516110.2
516145.1
516147.2
516194
516229.6
516253.3
516257.2
516303.4
518563.6
528413.4
528486.9
528803.2
528881.9
528945.5
529018.5
529129.3
529216.4
529268.8
529303.5
529406.8
529441.4
529467.8
529574.3
529649.8
529672.9
529695.8
529722.9
529935.2
529952
530328.7
531969.3
532023.2
535245
535322.4
535421.4
535531.1
535749.7
535760.1
535795.7
535798.8
535805.5
535829.3
535896
535897.8
535943.8
536023.7
536186.1
536207.4
536236.1
536274.8
536274.9
536313.4
536375.1
536520.5
536527.7
536531.3
536572.4
536581.6
536589.7
536601.5
536637.4
536684.1
536708.5
536779.1
536876.3
536925
536990.6
537471.6
537546.7
537553.9
537560.8
537951.6
537973
538078.5
538098.7
539195.2
539388.1
539389.3
539517.1
539518.9
539526
539736
541598.6
541821.6
542370.4
542737.7
542892.7
543067.8
543135.8
544539.1
549987.2
550482.1
550530.2
550546.8
550567.2
550596
550693.4
550771.1
559354.8
559725.6
559831.7
559980.6
561368
561421.5
561461.4
561491.4
561507.4
561516.5
561562.9
561601.7
561643.2
561669.7
561696.2
561707.5
561721
561989
563179.7
563229.2
563489.8
564954.4
565382.4
565398
565534.3
565618.1
565657.6
565823.9
566440.1
566786
566943.5
567055.1
567154
571347.2
571469.9
571512.3
571548.5
571561.2
571580
571646.6
571646.8
571712.8
571886.9
572086
576560.6
576693.8
576950.3
577109.6
577404.2
579199.5
579222.7
580485.7
586432.1
586559.8
586666.3
586668
586709.8
586738.8
586747.8
586761.3
586871.3
586905.1
586953
588979.5
589437.5
589459.6
589643.8
594815
594827.8
594833.1
594934.7
595027.5
595051.1
595110.1
595202.3
595223.4
595501.1
595533.6
595615.3
595656.4
595658.4
597010.1
597208.3
597237.6
597241.3
597248.3
597322.4
597348
597351.7
597409
597417.5
597470.4
597513.7
597525.4
597528
597599
597631.8
597723.2
597729.3
597804.2
597829.8
598082.9
598113.3
598137.8
598241.1
598312.8
598343.5
598560.2
598626.4
598641.3
598662.6
598677.9
598754.4
598805.1
598811.8
598899.5
598991.5
599046.5
599072.2
599214.7
599253.5
599323.5
599455.1
599479
599687.8
599955.5
