4917
5050.5
5072.8
5083.9
5108.7
5109.4
5134.5
5164.2
5331
6550.1
6852.1
8218.8
8654.7
8705.1
8921.4
9013.8
10168
10654.5
10812.5
10853.1
10937
10982.8
11020.5
11136
11149.6
11158.9
11236.9
11319.6
11334.7
11350.6
11385
11393.4
11607.2
11858.8
12036.2
15877.9
16458.1
16603.3
16633.8
16687.1
16721.6
16778.4
16889.4
17016.4
17054.4
17064.8
17098.2
17116.6
17150.9
17156.5
17203.4
17271.1
17605.4
17700.4
17721
17884.8
18055.8
18664.9
18791
19237.2
19560.6
21155.3
21199.5
21308.6
21324.3
21339.8
21366
21383.6
21550.6
21645.3
21658.9
21682.7
21700.7
21725.8
21749.7
21754.3
21775
21849
22030.2
22162
22190.1
22412.3
22418.1
22451.7
22488.8
22563.9
22594.6
22646.6
22946.9
23017.8
23026.6
39310.4
39404.3
39477.4
39586.6
39658.6
39854.4
39884.9
42388.6
42536.1
42718
42757
42800.5
42862.7
43012.2
43056.3
43093.9
43111.3
43148.5
43245.3
43273.1
43355.5
43403.4
43404.5
43436.7
43534.3
43540.2
43625.2
43645.9
43733.7
43888.9
43892.8
44138.1
44214.8
44308.5
44399.7
52041.6
52404.6
52579.3
52604.2
52668.7
52769.1
52860.3
52972.7
52989.1
53042.3
53204.4
53239.8
53240.9
53252.4
53257.9
53321.1
53369.3
53425.7
53526.4
53535
53537.9
53556.6
53583.3
53715
53834.9
53880.6
53909.3
53948.1
53966.7
54075.6
54211.9
54438.9
54543.5
54708
54739.2
54784.7
54802.1
54807.7
54837.8
54907.1
54976.9
54981.8
55037.7
55049.6
55111.8
55126.2
55143.1
55157.8
55176.8
55188.3
55207.3
55289.5
55302.7
55344.3
55420.1
55541.7
55660.4
55705.5
56131
56148.5
56340.4
57217.2
64011.3
64031.6
64140.2
64242.5
64255.2
64318.4
64369.5
64472
64491.7
64528.1
64655.5
64663.5
64717.6
64857.4
64869.6
64974.5
64985.7
65372.7
65533.2
67664.5
68213.2
68869.1
68931.6
68962.6
68976.2
68987.5
69002.9
69017.1
69127.4
69242.9
69255.6
69278.7
69280
69333.8
69343.2
69623.3
69638.4
72917.9
73598.8
73761.4
73818.3
74310.7
74585.3
74632.4
74736.4
74909.8
75031.8
75066.1
75116.1
75391
112030.4
112126.8
112220
112246.6
112251.3
112366.3
112371.4
112385
112593.2
112600
112700.8
112709.1
112750.8
112803.1
112836.3
112927.8
113076.9
113157.5
113231.1
113264.5
113333.1
118421
118532.8
118541.8
118730.7
118758.6
118760.6
118860.8
118900
118990.6
119003.4
119003.5
119197.5
119211.3
119237.1
119369.8
119541.5
119563.8
119565
119594.3
119615.9
119628.2
119666.7
119845.9
119846.6
119853.3
119869.8
119919.4
120028.6
120038.4
120159.8
120176.3
120198
120198.1
120338.2
120338.3
120524.9
120576.4
120716.8
120727.2
120892.3
120894.8
120951.3
120987
121049
121066.9
121189.5
121217.7
121243.3
121262.5
121280.8
121328.2
121502.3
121556.3
121664.5
121964.9
121992
122247.6
122401.1
122751.5
122803.9
122825.5
123022.5
123126.2
123581.7
123598.7
123641.3
123812.2
123875.1
123939.9
123942.4
124105.7
124180.8
124221.1
124281
124520.7
124605.3
124646.3
124766.9
124878.5
124881.6
124935.1
124962.4
124964.5
125031.7
125033.3
125092.1
125248.6
125332.8
125369.4
125450.3
125467.6
125504.1
125548.2
125605.3
125643.3
125662.8
125668.1
125723.4
125836.9
125903.7
125921.2
125930.7
125962.1
126199.2
126243.2
126293.1
126328
126447.6
126578.6
126589.6
126698.8
126755.5
126859.2
126890.8
126943.7
127088.5
127340
127350.9
127371.5
127388.9
127489.8
127518.8
127596.3
127604.9
127609.1
127617.5
127627.2
127640.2
127678.5
127702.7
127704.4
127869.8
127879.7
127923.4
127960.5
127997.3
128006.2
128281.3
128645.8
129957.2
130357.5
130842
130922.1
130968.4
131182.9
131287.1
131342.1
131511.9
131568.6
131636.5
131638.2
131639.9
131660.8
131688.5
131785.8
131856.1
131857.4
131938.5
131939.6
132039.2
132087.8
132104.9
132117.2
132170.3
132188.3
132199.9
132276.8
132355.1
132435.3
132447.6
132491.3
132586.6
132601.9
132712.3
132725.9
132744
132784.6
132797.3
132848.8
133026.4
133065.2
133126.9
133146.6
133179.9
133217.1
133221.5
133230.2
133261.8
133287.9
133291.2
133318.8
133367.5
133413.7
133419.5
133548.7
133592.9
133618.1
133671
133719.2
133736.4
133778.6
133832.3
133840.6
133844.2
134022.8
134061.2
134091.3
134201.9
134246.1
134249.8
134338.3
134496.4
134541
134548.5
134569.2
134571.8
134644.7
134718.6
134727.9
134737.3
134770.4
134777.3
134801.7
134827.6
134900.4
134919
134949.9
134996.5
135004.7
135009.5
135156.4
135171.1
135185.1
135217.8
135235.8
135262.3
135514.3
135519.1
135555.3
135623.6
135655.8
135663.7
135673.5
135973.8
136005
136008.5
136054
136069.9
136079.8
136103.8
136132.3
136268.5
136360
136387.9
136397.1
136507.2
136585.7
136593.7
136707.5
136735.4
136743.8
136761.7
136809.1
136815.5
136862.7
136873
136892.9
136933.1
136974.8
136996.8
136999.6
137064.8
137107.7
137148.7
137163.1
137179.4
137209.4
137220
137221.1
137372.1
137428.2
137457.7
137467.5
137496.6
137499.1
137523.7
137552.1
137593.1
137626.3
137661.3
137675.4
137677.9
137732.8
137740.9
137753.4
137753.6
137767.7
137778.5
137835.3
137927.3
137937.1
138009
138031.7
138085
138088.2
138101.6
138154.1
138157.2
138160.6
138167.2
138242.1
138266.4
138270.2
138298.1
138317.8
138327.1
138362.5
138374.5
138480.9
138602.4
138644.3
138654.8
138663
138665
138700.8
138702.7
138753.2
138775.7
138787.5
138812.2
138831.9
138948.9
138951.5
138977.7
139005.5
139158.9
139160
139246.7
139305.9
139337.2
139349.4
139387.3
139402.6
139409.8
139420
139420.5
139444.9
139466.2
139474.3
139510.1
139568.5
139682.3
139697.8
139699.9
139778.2
139789.9
139799.6
139831.8
139864.3
139886.8
140121.1
140203.8
140232.1
140283.1
140375.2
140394
140420.8
140439.8
140449.6
140530.4
140534.5
140647.2
140655.1
140823.3
140894.2
140954.2
140964.7
140965.1
141141.1
141738.1
141768.5
141962.2
142021.3
142212.7
142230.1
142417
142592.5
142841.2
142939.5
143084.5
143211.5
143443.6
143447
143465.3
143570.6
144046.6
144421.3
144535.2
144579.2
145491.5
145564.2
145861.6
146491
146515.9
146736.3
146746.3
146789.6
147038.3
147256.1
147380.8
147834.1
148000.2
148615.9
148694.3
148997.2
149284.3
149291.5
149613.5
149739.6
149970
150046.5
150061.4
150657.4
150747.6
150792.3
151273.9
151429.5
151624.3
151664.5
151945
151959
152688.6
152737.7
153166.1
153249.4
153451.6
153851.1
153947
153969.3
154636.2
154765.2
154843
154978.4
155065.3
155381
155472.6
155704.3
156593.9
156635.9
156646.2
156852.4
157421.6
157473.7
157515.8
157562.5
157624.9
157713.8
157790.5
158004.8
158059.8
158449.6
158571
159134.3
159297.1
159970.7
160498
160598
160695.3
160930.2
161165.5
161210.2
161225.1
161435.6
172662.7
173036.5
173123.7
179635.1
180265
180497.3
193248.6
195236.5
195265.7
195280.6
195310.2
195314.8
195322.4
195338.1
195405.7
195417.5
195439.5
195465.7
195479
195543.2
195548.1
195568.2
195576.7
195598.9
195612.1
195616.8
195648.8
195666.4
195667.4
195712.9
195725.3
195736.3
195882.1
195923.2
195953.6
196012.7
196110.8
196116.9
196579.8
196722.2
196934.7
196980.4
197001.3
197055.3
197566.7
197748.7
197904.2
197932.4
197955.2
197961.7
198205.3
198444.4
198474.2
198474.4
198555.9
198632.4
199015.5
199372.7
199721.3
199880.7
200053.7
200349.1
200440.7
200644.7
200759.7
201374.8
201479.3
201555.8
202009.3
202185.3
202318.8
202392.8
202706
203406
204030
204168.1
204204.8
204465.6
204592.8
204611.4
204657.8
204790
205328
205531.9
205588.4
205623.1
205703.5
205732.9
205733.8
205769.7
205783.8
205794.5
205826.2
205895.1
205937.9
205954.3
206022.3
206054.5
206171.6
206180.5
206231.9
206279.2
206337.8
206352.5
206402.4
206494.2
206498
206759
206796.1
206809.6
206960
206986.6
207013
207021.7
207037.5
207080.2
207092.4
207222.3
207276.3
207278
207327.1
207361.5
207442.7
207467.1
207487.3
207588.2
207592.9
207596.6
207710.4
207717.1
207778.4
207856.2
207900.1
207936.6
207955.9
207992.3
208000.6
208053.8
208062.2
208080.9
208164.6
208178.8
208241.4
208246.1
208338.7
208365.8
208397.2
208420
208486
208575.3
208579.8
208587.2
208657.1
208693.4
208711.7
208784.7
208806.9
208823.3
208850.3
208868.1
208914.4
208914.5
209046.6
209111.3
209157.9
209201.7
209237.2
209252.1
209256.5
209257.9
209268.8
209308.3
209395.7
209402.3
209408.2
209566.3
209724.8
209740.2
209745.6
209768.6
210151.7
210206.3
210294.3
213116.5
213318
213649.2
213662.2
213702.3
213722.3
213765.8
213786
213869.3
214082.1
214178.7
214302.6
215154.6
215397.6
215456.9
219454
219865.4
220877.7
231937.5
231999
232024.2
232208
232422.8
232694.3
232706.2
232943.8
233212.7
233213.4
233390
233601.2
233914.9
233928.8
233995.8
234024.3
234060
234087.7
234125.1
234198.8
234289.5
234305.4
234330.9
234359.7
234369
234404.2
234457.2
234544.9
234628.4
234744.6
234799.2
234809.1
234822.3
234824.1
234827.1
234876.2
234901.9
234930.8
235160.6
235314.8
235320.2
235578.9
235627.3
235756.2
235849.1
235905.9
236025.7
236030.5
236131.7
236143.9
236190.5
236194.2
236253.5
236286.6
236413.6
236414.6
236415.8
236569.9
236603.6
236731.6
236855.1
236885
237056.1
237324.8
237332.7
237345.5
237370.3
237504.9
237532.8
237541.3
237544.7
237573.7
237697.2
237724.3
237738.8
237824.1
237850.7
237850.8
238050.6
238142.6
238191.3
238230.1
238240.7
238266.2
238267.5
238425.3
238574.1
238642.6
238677.2
238683.5
238691.1
238727.4
238732.9
238856
238865.6
239002.5
239036.1
239361.4
239537
239595.5
239598.8
240659.5
241075.6
241179.4
241230
241421.5
242556.2
242644
243137.6
243199.5
243348.7
243450.1
243485.6
243549.5
243567
243637.2
243716.7
243832.6
243845.7
243902.8
243934.7
244063
244221.4
244278.1
244920.4
245024.2
245771.5
245842.2
246094.9
246095.7
246402.5
246410.4
246507.9
246531.1
246579.6
246664.6
246726.6
246731.1
246739.7
246870
246898.7
246989.3
246994.4
247051.1
247158.2
247195.3
247374.5
247401.9
247515.1
247538.8
247561.4
247694.1
247694.5
247827.8
247848.8
247945.2
247967.4
248004
248032.2
248055.4
248077.1
248100.3
248108.5
248165.1
248200.9
248213.5
248251.9
248272.8
248280.1
248359.4
248598.6
248627.7
248636.9
248642.3
248770.6
248830.3
248834.2
248906.8
248974.8
249103.5
249162
249283
249291
249361.1
249405.8
249422
249537.4
249548.6
249612.1
249711.7
249750.4
249958.7
264528.9
264581
264689.1
264731.7
264769.1
264791.7
264802.7
264820.9
264870.3
264925.6
264975.5
265014.7
265090.6
265095.9
265111.3
265162.5
265258.3
265303.7
265354.3
265417.7
265445.4
265538.9
265588.2
265681.1
265701
265820.1
265825.3
265846
265917.8
265954.7
265992.7
266036.3
266043.7
266063.4
266081.4
266096.8
266204.1
266289.7
266302.1
266309.2
266313.1
266331.3
266336.2
266342.7
266357.9
266373.1
266418.7
266423.7
266488.2
266516.3
266528
266546
266567.9
266573.4
266600.7
266639.5
266741.2
266745.3
266874.8
266895
266900.4
266924.1
266966.7
267009.8
267022.9
267041.6
267043.2
267044.7
267127.9
267147.2
267197.9
267213.7
267214.3
267256.4
267259.9
267285.2
267289
267327.5
267359.4
267364
267463.1
267498
267551.3
267561.9
267577.8
267659
267687.8
267801.9
267870.8
268253.1
268320.8
268487.7
268511.7
268576.9
268640
268725.2
270965.6
272795.9
272884.3
273045.6
273059.4
273158.2
273204.2
273209
273352.6
273552.1
273565.8
273577.5
273602.5
273754.8
273756.9
273781.9
273909.1
273918
273988.9
274005.4
275008.4
275230.7
277447.9
303528.7
303640
303672.6
303697.3
303708.4
303794.8
303817.7
303863.6
303890
303913.3
303949.1
303963.1
303981.3
303994.9
304002.2
304036.1
304157
304167.7
304355.7
304367.8
304419
304424.4
304470.9
304505.2
304512.4
304520.5
304570.5
304584.6
304602.4
304705.3
304716.3
304790
304809.6
304825.8
304839.1
304875.9
304902.9
304963.5
304963.9
305130.3
305220.7
305266.3
305303.6
305372
305404.3
305451.3
305452.2
305490.6
305504.6
305641.7
305775
305789.4
305869.4
305957
305979.5
306025.7
306053.7
306055.2
306095.5
306098.5
306160.6
306214.8
306264.2
306266.2
306282
306324.2
306339
306534.2
306583
307549.3
307899.5
307992.2
308403.1
308537.7
308791.7
308799.2
308900
309066.3
309080.2
309242.3
309327.7
309393.3
309505.8
309914.1
310180.2
310421.5
310441.5
310492.5
310586.3
310690.5
312511.5
312790.1
312842.6
312855
312895.1
312926.2
312957.1
312994.4
313156
313237.8
313371.8
313372.5
313374.6
313428.7
313454
313509.7
313668.7
313816.3
313888
314030.9
314199.1
314250.8
314553.5
314909.7
315028.6
315058.3
315103.1
315196.1
315248.1
315261.6
315824.7
315910.4
315938.5
315950.2
315981.6
316031.2
316078.4
316087.6
316126.1
316207.4
316360.1
316518.9
316522.4
316539.8
316558.5
316634.2
316750.6
316781.6
316826.5
317013.4
317018.2
317051.8
317260.4
317275.2
317392.7
317448.2
317534.6
317723.9
317732.6
317788.2
317848.1
317867.8
317889.2
317900.8
318004.9
318017
318239.1
318351
318540.3
318569.1
318631.8
318638.4
318642
318682.3
318693.5
318705.5
318766.6
318808.3
318832.2
318905
318963.9
319088.4
319099.2
319171.4
319183.7
319337.5
319337.9
319450.7
319459.6
319474.6
319483.8
319547.3
319587.6
319595.6
319787.3
319802.9
319805.1
319880
319908.1
319919.6
319990.7
319996.4
320058.4
320123.5
320229
320278.2
320287.1
320372.4
320606.2
322632.7
326007.2
326446.9
326564.1
326590.8
326655.7
326686.4
326692
326695.2
326727.2
326736.2
326767.9
326779.5
326792.2
326816.8
326887.1
326889.4
326901
326926.4
326947.4
326971.6
326975.6
327002.1
327027.3
327048.4
327072.1
327078.7
327103.2
327110.8
327118.6
327162.1
327274.6
327296
327365.5
327368.6
327401
327428.7
327436.9
327495.4
327517.9
327520.1
327581.7
327583.2
327600.9
327643.9
327672.4
327684.5
327709.3
327733.6
327786.6
327891.8
327893.2
327893.7
327930.2
327960.8
328010.8
328034.4
328042
328050.5
328307.2
328315.8
328367.7
328422.9
328425.1
328439.7
328504.7
328623.9
328664.6
328682.9
328695
328731.3
328747.3
328763.8
328780.7
328907.8
328945.3
329012.8
329093.8
329193.3
329194.9
329206.5
329365.2
329436.4
329450.3
329498.7
329529.3
329550.6
329697.6
330030.1
330148.3
330199.8
330317.9
330723
331944.9
332215.2
340354.4
341535.8
341549.6
341592.2
341628.4
341669
341723.4
341956
341985.7
345974.6
374641.3
374867.8
375206.3
375212.7
375400.7
375460.4
375469.1
375508.9
375520.2
375575.4
375652.3
375661.3
375722.4
375756.2
375907.6
375915.5
376041.4
376068.2
376069.2
376096.3
376117.7
376124.7
376223.5
376334.5
376401.3
376581.5
376596.9
376600.3
376805.4
376826.7
376854.4
376918.5
376962.3
377182.4
377258.9
377311
377418.9
377443.2
377744.3
377796
377890
378075.6
378142.3
378186
378463.4
378480.6
378564.8
378712.4
378957.2
379249.9
379251.8
379253.3
379289.6
379341.2
379402.3
379444.5
379471.6
379476.3
379525.8
379537.8
379714.1
379890.4
379897.2
379914.7
379992.2
379997.1
380097
380099
380101
380192.9
380237.3
380265.2
380316.7
380445.4
380481.2
380664
380722.5
380761.9
380924.8
380939.2
381020.9
381126.4
381147
381718.9
382130.7
382238.7
382257
382293.8
382360.2
382388.4
382643.9
382693.2
382831
383328.6
383378.5
383584.8
383718.4
383731
383763.8
383794.6
383868.7
383914.1
384242.6
384272.6
384369.9
384432.9
384513
384527.8
384776.3
384817.4
384881.6
384977.6
384985.1
385019.6
385029.8
385235.9
385371.3
385419.4
385442.8
385558
385655
385826
385897.2
385949.2
386379.9
386405.6
386594.8
386887
386953.4
387609
387959
388284.5
388609.6
388704
388778
389300.5
389359.4
389362
389535.1
389641.6
389890.3
389904.5
390261.2
390306.6
390349.7
390531.4
390611.6
390630.7
390745.9
390826.5
391073.4
391184.4
391295.7
391361.2
391410.9
391538.1
391682.5
391797.5
391812.9
391897
391976.5
392040.6
392162.8
392166.1
392282.3
392436.4
392503.6
392732.7
393023.9
393058.4
393075
393472.8
393488.5
393618.5
393654.2
393677.5
393908.5
393983.6
393994.7
394007.7
394030.4
394129.2
394273.4
394274.3
394302.8
394336.2
394403
394457.7
394494.9
394529
394747.1
394771.3
394807.8
394818.1
394882.2
394958
395064.1
395067.4
395073.1
395128.4
395147.3
395183.8
395232.1
395247.6
395268
395451.2
395477
395534.2
395570.5
395755
395778.2
395802.9
395809
395880.9
395887.9
395928.2
396261.7
396350.3
396436.3
396444.2
396445.3
396518.1
396563
396585.9
396596.5
396637.1
396712.6
396720
396779.5
396849.5
397218.8
397248.7
397288.4
397337.8
397394.6
397451.4
397641.5
397817
397882.1
397939.8
398012.5
398035
398040
398055.6
398112.5
398161.8
398241.4
398277.9
398286.1
398305.6
398371.2
398404.4
398485.8
398564.1
398668.3
398677.6
398703.7
398730
398756.1
398787.5
398797.3
398836.2
398913.4
398976.6
399005
399120.7
399191
399224.9
399247.7
399281.1
399367.8
399502.8
399727.7
399894
399980.8
400175.3
400338.5
400342.7
400692.9
400832.6
400882.6
400933
400953.7
401104.9
401162.4
401287.1
401373.1
401378.6
401473.5
401610.5
401648.6
401672.4
401881.9
401886.7
401935.4
401942.1
402135.8
402268.8
402331.6
402463.2
402514.8
402530.5
402609
402716.9
402722.8
402743.7
402792.4
402857.5
402974.2
402984.1
403084.4
403164.7
403165.4
403256.2
403259.3
403265.6
403277.8
403281.5
403337
403364.5
403498.8
403510.8
403561.3
403627.1
403831.3
403859.6
403869.5
403920.5
403981.6
403994.1
404002.9
404206.5
404225.2
404339
404355.8
404373.2
404489.2
404598.7
404886.8
404902.3
405020.1
405349.2
405407
405622.4
405670.6
405830
405865.7
406227.3
406642.7
406746.8
406782.7
406804.3
406998.7
407395.4
407464.8
407520.1
407748.3
407766.6
407932.6
408013
408018.5
408191.3
408749.5
408839.7
409149.7
409157.7
409230.7
409374
409610.7
409958.4
410038.2
410630.1
411736.6
412212.5
412560.7
412649.1
413285.7
413289.6
413292.9
413303
413384.3
413504.6
413545
413545.5
413576.2
413627.3
413669
413701.2
413775
413843.7
413886.6
413960.2
413973.5
413985.6
413998.1
414053.1
414074.8
414101.8
414110.4
414196.2
414211.9
414261
414393.1
414476
414477.9
414531
414592.7
414713.3
414754.6
414770.2
414826.6
414882.2
414929.3
414952.5
414981.4
415090.2
415397.2
415492.3
415551.4
415876.5
415918.3
416051
416147.5
416151.8
416176.3
416335
416487.6
416493.8
416502.3
416523.2
416587.1
416601.9
416604.9
416621.4
416652.3
416772.7
416824.4
416984.3
417101.6
417322.5
417472.7
417474.1
417599.7
417718
417756.1
417835.3
417928
417933.1
417935.6
418020.2
418110
418130.4
418139.8
418246.6
418256.3
418349.7
418356.2
418463.5
418658.5
418675.5
418691.3
418765
418790.5
418791.6
418794.6
418795.2
418818.5
418864.5
418905.4
418969.6
419010.6
419038
419122.2
419189
419202.3
419212.8
419239.8
419269.7
419279.7
419294
419344.7
419349.8
419361.5
419570.9
419781.6
419813.5
419865.2
419931.2
420124.9
420243.4
420346.6
420442.8
420525
420568.3
420641.3
426302.1
429400
430258.2
430326.7
430377.9
430554.5
430602.6
430603.8
430635.8
430650.4
430698.5
430743.4
430776
430848.7
430882.1
430892.4
430914.7
430917.7
430977.4
431016.5
431017.2
431190.9
431231.3
431248.7
431343.2
431419.3
431460.2
431562.8
431567.5
431609.5
431611.8
431679.9
431708.2
431721.7
431732.2
431799.1
431932.2
431997.2
432023.6
432069.6
432101.4
432125.5
432298.9
432317.9
432330.2
432351.6
432545.4
432568.2
432589.6
432699.7
432760.8
432845.7
432897.6
432918.5
432931.8
432972.2
432972.7
432975.7
433018.5
433055.7
433065.9
433113.4
433166.6
433205.1
433218.8
433258.1
433282.6
433298.6
433535.5
433548.4
433582
433650.2
433707
433733.6
433739.4
433766.3
433889.8
433938.6
434003.2
434009.9
434035.4
434081.9
434121.2
434200.2
434234.6
434275.7
434405.3
434416.7
434422.7
434473.5
434506.4
434527.1
434559
434652.4
434717.8
434727.8
434916.4
434989.4
435006.7
435109.8
435145.9
435147.4
435179.4
435214
435287.8
435364.7
435367.6
435436.6
435481.5
435526.5
435570.8
435586.7
435591.8
435890.5
435890.8
435900
435929.5
435973.4
435975.7
436028.8
436113.3
436133.8
436154.8
436158.7
436289.7
436329.9
436375.3
436398.4
436490.2
436498.4
436529
436610.9
436649.1
436658.4
436679.2
436734.9
436852.3
436881.3
436887.6
436920
436928.4
436948.1
436955
437018.6
437023.1
437030.8
437040.5
437050.1
437128.3
437179.7
437253
437285.1
437290.9
437303.6
437354.2
437479.5
437575.6
437656.6
437671.8
437680.7
437707.3
437746
437752.2
437831.4
437891.6
437901.8
437904.8
437965.6
437998.3
438029
438109.1
438120.2
438125.6
438158.5
438163.5
438181.5
438194.4
438210.3
438345.7
438353.9
438387.5
438402
438450.7
438498.6
438504.8
438540
438564.7
438607
438685
438724
438810.5
438831
438875.3
438880.3
438904.6
438939.7
438950.4
439018.8
439075.4
439081
439135.6
439152.2
439210.6
439236.1
439248
439283
439309.9
439341.3
439346
439371.6
439373.3
439408.9
439478.1
439573.3
439671.6
439672.8
439702.1
439717.4
439773.1
439773.8
439790.4
439794.9
439918.8
439956.8
439957.7
440055.7
440067.9
440154.6
440174.2
440191.6
440265.5
440349.6
440355.5
440435.7
440450.9
440468.4
440485.4
440515.8
440520.1
440631.5
440685.2
440781.8
440798.1
440804.7
440847.5
440881
440889.7
440900.1
441018
441062.3
441106.2
441123.7
441152.2
441175.6
441212.6
441251.4
441316.5
441341.3
441348.3
441484.9
441490.8
441505.1
441510.9
441538
441688.3
442856.6
444812
445084.3
446246.3
446533.8
446907.8
449985.6
450363.4
450685.4
451002.1
451041
451050.9
451056.4
451111.8
451269.3
451286.2
451467
451603.5
451609.8
451617.9
451653.9
451657.3
459330.8
459382.7
459568
467415.5
467644.1
467783.2
468136.1
468175.8
468381.6
468403.1
468419.3
468437.6
468514.4
468541.9
468670.8
468679.1
468685
468793.3
468855
468901
468903.9
468928.6
468965.8
469051.8
469166.5
469220
469264.5
469368.4
469373.3
469501.8
469553.7
469556.1
469644.3
469755.4
469777.4
469788.4
469789.5
469842.4
469939.5
469949.6
470067
470089.3
470174.1
470205.3
470225.3
470241.4
470277.5
470324.5
470351.8
470414.8
470432.2
470642.1
470654
470670.9
470796.2
470805.2
470814.7
470865.6
470896.4
470938.9
470959.8
471032.8
471099.3
471200.2
471234.2
471249.4
471259.1
471270.2
471307.2
471346.5
471375.7
471380.3
471383.9
471459
471460.7
471556.1
471566.9
471583.1
471617.2
471673.5
471688.9
471724.2
471744.4
471746.5
471748.3
471749.9
471753.6
471793
471836.1
471837.1
471855.2
471877.7
471909.3
471940.9
472007
472011.4
472018.3
472070.9
472141.4
472173.1
472180.6
472208.7
472233.9
472270.8
472297.1
472382.6
472527.9
472534.4
472612.4
472662.4
472738.1
472859.5
473073
473254.1
473319.1
473347.3
473547.7
473677.9
473888.1
474019.2
474211.6
474239.9
474352.1
474359.7
474463.4
474539.8
474543.6
474553.8
474572.9
474632
474664
474829.9
475109.1
475116.9
475117
475281.6
475385.4
475457.8
475668.8
475732.7
475857.1
475995
476102.5
476272.1
476311.7
476420.1
476420.5
476460.2
476494.9
476518.2
476784.5
476868.1
476906.8
477135.5
477167.6
477183.8
477200.4
477210.2
477410.8
477412.7
477415.9
477441.1
477510.2
477524
477737.6
477845
477845.6
478000.2
478022.1
478033.8
478082.2
478105.2
478114.9
478174.4
478218.8
478231.9
478271.4
478314.7
478333.4
478347.7
478359.9
478639.6
478825.9
478900.2
478909.2
479012.1
479080.5
479116.4
479136.7
479172.1
479415.8
479759.2
479821.9
479933.1
479961.9
480022.9
480046.4
480103.7
480123.4
480131.8
480162.4
480435.5
480489.2
480502.3
480724.6
480761.1
480792.2
480798.2
480811.1
480885.5
480921.4
481540.1
481881.3
482114.4
482144.8
482210.9
482234.7
482255.3
482328.9
482379
482381.4
482502
482552.4
482703.1
482733.9
482741.8
482754.4
482765.3
482777
482844.1
482850.6
482899.3
483006.8
483090.8
483111.7
483134.5
483185.7
483187.8
483226.1
483247.4
483251.7
483381.7
483428.8
483611.5
483716.5
483754.9
483812.8
483831.8
483924.6
484028.3
484229.7
484347.4
484375.7
484404.8
484409.6
484425.1
484430.5
484431.5
484439.1
484487.4
484499.2
484527.7
484532.1
484699.6
484707.1
484709.1
484818.2
484883.8
484895.2
484915.4
484985.1
484994.7
485007.9
485033.6
485208.3
485216.7
485304.5
485353.8
485354.4
485412.4
485431.4
485442.1
485451.6
485559.3
485572.1
485631.7
485884.4
485977.7
486165.1
486207
486236.3
486416.7
486470.7
486482.7
486487.3
486502.8
486602.5
486607.3
486631.3
486730.3
486750.9
486802.7
486853.7
486896.3
486954.4
487051.1
487172.6
487603.8
487696.3
487704.2
487734.2
487772.4
488082.1
488246
488279.5
488335.1
488388.6
488512.4
488690.8
488748.7
488919.5
488971.9
489039.1
489050.4
489105.1
489160
489330.6
489497
489583.5
489632.9
489667.9
489889.4
489918.2
489951.3
490183.2
490252.4
490260.2
490351.3
490507.5
490634.6
490647.3
490761.1
490942.6
491027
491064.5
491078.4
491099.5
491106.8
491165.5
491425
491640.6
491645.9
491672.2
491695.3
491789.7
491931.8
491934.3
492282.9
492343.1
492360.9
492388.7
492390.3
492494
492510.6
492600.8
492662
492737
492786.9
492925.4
492940.5
492953.6
493059.2
493064.2
493070.1
493205.9
493281.9
493285.6
493336.3
493359.1
493400.8
493461.8
493574.5
493753.1
493840
493842.8
493950
493967.2
493970.8
493990.7
494075
494294.6
494385.2
494427
494431.2
494554.9
494672.6
494813.4
494930.8
495000.1
495036.4
495042.5
495066.4
495105.2
495177.6
495305
495362.8
495627.8
495645.8
495898.2
495907
495916.2
495933
496252.4
496271.3
496285.8
496344.7
496371.9
496666.2
496756.3
497028.7
497090.3
497277.1
497479.6
497496.3
497726.8
497736.8
497987.3
498023.4
498136.8
498179.9
498218.5
498324
498383.9
498425.3
498451.6
498479.8
498528.8
498606.8
498821.1
498850
498884.5
499567.6
499580.6
499677.3
499725.4
499729.1
499755.5
499896.4
499923.8
500138.8
500183.4
500298.1
500330.4
500408.8
500503
500509.7
500520
500532.1
500586.4
500629.4
500651.8
500656.9
500725.8
500788.7
500921.9
500972
501070.5
501146.1
501365.8
501391.5
501470.2
501516
501632.9
501647.5
501705.9
501742.9
501776.6
501782.8
501785.8
501952.6
501975.8
502036.5
502099.3
502160.7
502418.5
502425.7
502491.4
502536.6
502674.9
502684.6
502751.2
502856.8
502952.7
502956.4
503163.7
503298.3
503439.9
503460
503471.7
503567.1
503665.5
503698.2
503730.2
504266.4
504271.1
504275.7
504312.6
504343.2
504593
504717.2
504744.2
504924.8
505011.1
505054.1
505057
505084.7
505171.5
505280.6
505334.3
505436.9
505451.9
505518.2
505577.8
505607.8
505632.4
505634.8
505708.7
505761.1
505814.1
505944.9
505992.8
506053.2
506122.8
506217.3
506221.2
506256.2
506273.2
506375.1
506475.5
506512.6
506712.1
506854.2
506872.8
506889
507035
507176.1
507288.2
507366
507681.8
507921.5
507928.7
507974.3
507994.1
508021.6
508125.2
508129.1
508134.7
508167.9
508249.1
508404
508417.4
508443.1
508444.3
508525.2
508529.1
508606.9
508651.3
508705
508734.2
508766.3
508865.1
508940.2
508947.2
509099.4
509143.5
509216
509303.9
509305.3
509573.8
509590.2
509607.3
509622.8
510001.5
510094.8
510109.2
510146.4
510173.9
510255.4
510400
510439.7
510500.3
510519.3
510605.4
510712.8
510910
511003.8
511017.6
511087.1
511091.8
511131.4
511182.9
511289.8
511435
511518.8
511616.3
524743
526247.1
526534.3
526590.3
526813
526848.5
527020.7
527182.5
527431.2
527775.2
527855.5
527944.3
527991.4
528192.4
528218.5
528247.3
528265.5
528405.2
528421.2
528528.6
528696.3
533333
533685.7
533738.8
533856
533858.3
534089.2
534136.7
534333.4
534417.1
550494.8
552390.7
552420.7
552430.4
552520
552568.7
552622.2
552650.1
552681.1
552704.8
552776.2
552784.3
552791.4
552809.6
552984
553089
553178.4
553211.8
553281.6
553286.5
553331.3
553454.3
553496.3
553608.2
553739.4
553764.8
553788.6
553794.1
553809.8
553867.5
553948.9
553963.7
553964.1
553996.8
554030.5
554123.8
554173.3
554200.5
554292.1
554306.2
554323.9
554341.2
554351.5
554382.5
554403.8
554407.3
554429.6
554429.8
554469.5
554472.3
554484.1
554580.2
554585
554720.6
554751.1
554797.2
554800.3
554873.1
554942.2
555008
555045.9
555106
555135.6
555201.3
555321.4
555328.5
555351.1
555551.5
555804.2
556005.6
556055.3
556102.9
556180.9
556244.5
556252
556264.5
556323.7
556340.9
556352.9
556548.8
556557.1
556602.9
556618.9
556639.1
556695.1
557014.2
557042.8
557090.3
557102.5
557288.5
557299.4
557342.5
557490.8
557505
557539.1
557638.9
557691.8
557749.1
557766.7
557774.5
557882.1
557892.4
557896.7
557942.4
557947.2
557986.4
558042.4
558110.1
558161.3
558313.1
558376.5
558413.8
558481.1
558751.6
558792.3
558886
558940.4
559138.3
560511.2
560697.4
560747.8
560899.4
560948.1
561114.4
561179
564913.5
565046.9
565478.4
565915.6
566062.4
566593.6
566697.2
566784.4
566849.2
