2125.3
2176.4
2239
2257.7
2276.7
2333.9
2427.1
5257.6
5297.7
5314.9
5354.9
5422.8
5449.2
5514.4
11092.6
11162
11181.7
11276.7
11481.4
11518.3
11623.7
11687.6
11797.2
11807.4
11818.9
11858.2
11964.7
15815.8
15935.5
17280.9
17317.3
17359.8
17378.3
17419.5
17442.1
17534.6
17578.8
17774.1
17802.1
17970.2
18039.8
18136.9
18187.7
18230.6
18256.5
18306.3
18388.6
18439
18710.2
18722.8
21801.7
22044.9
22112.9
22235.4
22307
22316.7
22350
22376.5
22568.1
23986.8
25408.6
25431.1
25510.1
25554.1
25555
25610.1
25630.4
25704.2
25783.8
25864.1
25933.2
25987.5
26060.7
26124.4
26175.1
26202.9
26231.6
26472.5
26498.1
26509.7
26532.7
26538.5
26848.8
26855.4
27168.8
27187.1
27269
27368.7
27425.6
27475.7
27517.1
27547.4
27597.2
27642
27713.9
27825.5
27866.3
27896.9
27910.6
27982
35731.9
35788.6
35800.1
35805.9
35868.1
35882.5
38667.9
38773.2
38808.5
38818.1
38821
38846
38852.9
40874.6
40958.6
41157.9
41183
43446.7
43517.6
43692.3
45065.4
45176.4
45188.7
45238
45358.5
45367.4
45408.2
45415.4
45432.7
45501
45589.5
45612
45679
52530.3
52681.7
52715.5
52721.5
52753.6
52793.6
52793.7
52856.9
52990.4
53152.8
53227.8
53250.2
53395.2
53505.1
53539.5
53539.8
53570.2
53663.2
53967.3
54832
54970.3
57761.2
57880.3
62983.7
62996.5
63042.5
63046.8
63089.6
63177.5
63180.8
64192.4
64739.2
64829.9
65172.4
65449.5
68315.5
68538.1
68566.3
68739.8
68757.7
68763.9
68794
68882.2
68895
68906.3
72630.3
72669.2
78062.5
78279
78298.5
78328.5
84206.9
84577.9
84694.3
84788.4
84819.6
85068.8
88315.1
89234.6
89403.1
89524.4
89551
89872.3
89885.7
92254.7
92316.6
92344.1
92348.8
92378
92385.7
92409
92409.1
92418
92463
92480.4
92509.5
92559.1
92573.9
92625.5
92663.7
92675.6
92710.2
92721
92773.6
92795.4
92857.3
92944.7
93020.6
93201.7
93291.4
93673.4
94000.2
94322.1
94877.6
99073.9
99609.3
102077
102228.9
102463.7
102672.6
102788.1
102948.5
107274.6
107399.4
107433.6
107472.3
107551.6
107562.6
107564.2
107586.5
107594.7
107644.9
107702.5
107712.2
107856
107956.5
109884.3
110187.6
110236.8
110635.3
111192.8
111318
111748
113339.5
113355.6
113357.4
113416.5
114217.3
114969.5
114992.9
118710.9
118996.9
119114.5
119499.3
119889.4
119933.8
119969.7
124902.2
125013.6
125099.5
125214.9
125219.1
125246.6
125323
125380.1
125484.4
125516.8
125558.5
125631.8
125726.9
125764.7
125840.3
125924.9
125927.8
125945.3
126091.5
126127.9
126278.1
126390.6
126504.3
126707.7
126848.6
127202.4
127221.1
127453.1
127663.6
127786.6
128040.2
133598.3
134362.6
134480.8
134512.4
135439.1
135633.9
135638.9
135701.7
135919.2
136252.3
136285.6
136303.9
136328.6
136346.5
136438.8
136545.2
136633.1
136693.6
137018
137334
137440.5
137508.8
137630.6
138115.4
138445
138477.8
138533.2
138537.9
138703.1
138749.6
138894
138899.1
139084.8
139098.9
139292.3
139390.6
139420.4
139467.2
139514.9
139854.3
140164
140167.6
140431.6
140510.1
140608.2
154467.9
160918.4
160951.8
161065.2
161102
161112
161156.5
161162.8
161230.3
162501.3
162506.2
162558
162637
163288
172318.2
172446.9
172450.7
172559
172614.2
172614.3
172645
172685.2
172725.7
172765.7
173070.8
174540
174565.1
174656.8
174661.1
174687.2
174759.4
174861.1
174868.3
174900.2
174975.1
175719.9
176025.1
179252.3
179262.3
179269.1
179274.8
181024.7
181046.7
181182.3
181223
181255.8
181309.3
181328.7
181378.6
181380.5
181418.1
181466.9
181529.9
181869.5
182152.7
182267.5
182326.5
182360.3
182405.1
182461.7
182471.1
182532.5
182562.2
182602.3
182621.3
182641.7
182684.5
182707.4
182757.1
182761.8
184374.5
184904.6
184943
185058
185060.6
185088
185156.7
185188.5
185271.6
185293.7
185305.4
185406.2
185458.7
185599.6
185620.7
185623.5
186189.1
189189.3
190958
193150.8
193342.2
193469.6
193474.9
195332.8
195397.9
195438.7
203423
204265.3
205742.7
206204.2
206432.4
206755.9
206828.9
207165.8
207322.9
207528.3
207537.4
207665.6
207686.4
207912.3
207978.2
208305.8
209431.8
209435.9
209441.1
209498.9
209559.4
209581
209609.1
209890.5
209896.6
211379.4
211466.9
214492.5
214497.2
214507.4
214750.6
214949.1
215112.9
215296.6
216000
216714.4
221001
221006
221144.2
221237.9
221316.1
221464.1
221499.9
221583.6
221612.8
221621.6
221819.6
221821.1
221910.4
221971
222017.3
222128.7
222154.6
222356.3
222889.8
223012.7
223046.5
223087.3
223111.5
223135
223158.7
223171.5
223503.5
223535.7
223541.3
223579.7
223621.1
223623.7
223630.3
223718.8
223750.3
223812.1
223817.7
223849.1
229668.4
231660.1
231777.5
231854.8
232234.4
232499.3
233055
233098.1
233740
234027.3
240851.5
242469.7
242663.6
243532.4
243690.9
243691.8
243723.5
248057.6
248137.5
248400.6
248412.5
248495.5
248585.8
248599.2
248694.6
248714.4
248758.8
248784.6
248798.7
248869.4
248938.3
249003.8
249072
249107.9
249108.4
249123.2
249205.4
249271.3
249313.9
249343.8
249364
249364.4
249380.6
249444.6
249680.9
251674.4
259532.7
259648.8
259693.5
259830.7
263936.9
263966
264400.3
273146.2
273183.2
273222
273273
274063.5
274093.8
274125.6
274133.6
274173.6
274192.2
276343.5
276634.1
279799.9
279890.2
279962.8
279991.3
280086
280125.3
280154.8
280219
280274.7
280304.2
280315.4
280336.4
280374.1
280942.6
281708
281753.5
281911.3
281970.4
282022.5
282045.9
282169.5
282181
282234.2
282297.7
282342.9
282370.8
288025.9
288043
288134.9
288230.1
288237.9
288278.1
288285.3
288292.3
288364.8
288551.4
288652.9
288692.8
288760.1
288807.1
288830
288881.9
289001.4
289174.2
289223.5
289300.7
289355.7
289413.3
289591.5
289595.8
289740.9
289948.4
290034.2
290104.8
290179.9
290242.4
290256.1
290294.7
290419.7
290465
290518.5
290564.4
290712.5
290796.4
290852.4
290968.6
291054.8
291074.7
291226.8
291230.8
291255.5
291313.5
291390.5
291572.3
291580.8
291596.7
291603.1
291632.5
291641.2
291659.8
291680
291779.4
291844.5
292012.1
292094.8
292160.7
292162.5
292476.4
292633.2
292719.1
292825.2
292925.3
293101.1
293154.1
293220.5
293239.9
293337.3
293370.8
293401.9
293407.3
293636.7
293678.2
293691
293697.9
293707.3
293807
293842.4
293949.5
294007
294158.7
294228.5
294241.3
295196.9
295208.5
295232.2
295250.9
295337.6
299326.7
299405.8
299472.3
299526.3
299572.6
299613.2
299649.9
300013.8
302233.4
302332.1
304201.2
304235.9
304874.5
305558.1
309047.7
309171.2
309240
309246.5
309359.2
309370.6
309402.6
309459.6
309460.9
309484.5
309534.3
309535.5
309569.8
309580.9
309620
309625.6
309645.5
309694.1
309740.9
309760.7
309795
309841.9
309936.6
309965.2
309977.9
310050.7
310062.4
310103.3
310192.9
310197.9
310334.7
310340.8
310344.8
310429.9
310444.4
310514.1
310530.2
310637.5
310730.8
310739.5
311337.5
311427.8
311472.9
311540
311782.3
313771.5
313847.4
313856.8
315149.9
315407.4
320260.4
320341.8
320371.1
320519.2
320707.3
326496.7
326618.8
327718.3
327800.2
328053.2
328527.7
329002.9
329428.8
329577.4
329771.7
331962.3
332175.9
332237.3
332267.7
333821.7
334084.9
334233.9
334398.4
334444.6
334566.2
334624.8
334884.8
334969.8
335294.5
336744.1
336765.1
337228.4
337258.2
337356.3
337367.6
337585
338617.5
338698.4
338750.9
338929.4
338957.1
339152.6
339235.1
339291.3
339301.6
339375.2
339392.7
339398.2
339444.5
339462
339469
339559.7
339632
339687.4
339731.1
339746.6
339751.7
339780.3
339789.8
339901.8
339911.8
339918.2
339979.2
340111.2
340246.1
340260.9
340294.5
340427.8
340775.7
341211
341948
343522.5
343530
343659.5
343680.8
343700.5
343711.1
343711.8
343794.5
343795.9
343822.7
343843.1
343866.9
343913.8
344053
344079.1
344130.1
344143.1
344173.6
344214
344215.3
344300.4
344316.2
344486.3
344492.9
344503.9
344641.7
344678.7
344729.1
344785.9
344904.4
344906.3
345007.2
345014
345016.9
345129.3
345233.8
345266
345294.6
345322.7
345349.8
345380.8
345535.9
345594.5
345781.2
346218
346436.4
346457.6
346457.8
346509.4
346610.2
346622.5
346692.5
346702.3
346750.1
346821
346985.1
347179.4
348880.3
348895.5
348954.9
349117.7
349202.5
349251
349253.1
349268.3
349319.2
349322.7
349504.2
354535
354743.6
354759.3
354822.7
354854.8
354868
354906.6
355013
355018.5
355130.5
355196.9
365754.6
367664.1
367734.8
367789.1
367928.9
367947.3
368090.2
368105.2
368179.5
368187
368244.7
368258
368304.2
368393.9
368446.8
368476.4
368482.2
368521.9
368702
368704.2
368715.5
368749.7
368769.7
368770.6
368829.3
368856.4
368973.6
369008.3
369404.5
369439.4
369460.6
369675.9
369867.4
370062.4
370087.1
370145.8
370512.9
370579.1
370644.6
371296.8
372273.9
373783.3
378384.3
395425.6
395514.1
395738
396075.2
396500.4
396511.4
396615
397102.3
397813.4
402766.5
402961.1
402986.4
403013.7
403088.2
403188.7
403343.5
403448.2
403606.6
403628.2
403803.8
403844.2
404109.5
404361.7
418761.6
418777.1
418829.4
418952.5
419008.3
419031.2
419107.9
419160.4
419178.5
419196.7
419260.1
419299.1
419324.8
419366.5
419391.7
419421.1
419534.5
419652.1
419655.6
419722
419915.7
420366.7
421610.4
421841.9
422087
422211.9
422589.1
422719.8
422881.5
423090.8
423304.8
430123
430231.7
430434
430800.5
434005.3
434214
435393.3
435594.6
438434.7
439226.2
439349.9
439452.7
439545.7
439705.1
439798.4
440119.5
440136
440159.5
445901.6
448190
448245.3
448285.1
448302.1
448306.3
448312.3
448412.6
448428
448428.4
448463.3
448541.2
448560.1
448594.5
448785.7
450539.5
451424
451631.1
451670.5
451695.1
451710.3
451719
451840.4
451906
451971.5
452199.8
452232.6
452410.8
454941.2
454956.7
455044.1
455051.7
455182.7
455314.7
455481
455641.3
455665.6
455673.7
455688.8
455806.7
455845.3
455890.6
455939.1
455940
455960.5
455969.7
456061
456180.9
458843.6
458879.8
459097.1
459670
459766.3
459790
459790.6
459837.3
459943.5
461227.1
461388.9
461395.3
461566.6
461771.8
461923.3
461980.4
461992
462006.5
462031.8
462138.3
464601.4
465964.4
468121.5
468139.9
468164.1
468338.4
468393.1
468458.9
468476.2
468509.5
468610.1
468681.1
468738.7
468758.9
468776.9
468851.8
468898
468922.2
468959.6
468965.3
468985.3
469045.5
469053.7
469352.9
469371.2
469371.7
469419.6
469429.1
469517.1
469529.1
469535.5
469544.2
469552.7
469557.1
469559.9
469572.4
469679.3
469712.3
469729.8
469823.1
469869.8
469884.6
469936.2
469975.3
470009.6
470207.2
470347.7
470439.9
470626.8
470695.3
470904.1
475742.8
475837.5
477818.3
478295.2
478306.9
478477
478708.8
478815.4
478866.4
478940.3
478956.1
478967.7
479007.4
479132
479177.2
479246.4
479283.3
479296.9
479338.3
479409.6
479425.3
479435.2
479451
479518.1
479534.5
479619.4
479682.5
479803.7
479818
479839.9
479871.6
479885.3
479900.2
479930.3
480062
480138.1
480157.9
480173.1
480187.6
480267
480306
480338
480435.1
480441.5
480442.3
480454.3
480560.4
480564.1
480654.3
480696.5
480743.5
480760.3
480873.1
481023.3
481139.2
481407.3
482211
482224.8
482353.8
482454.7
482558.5
482574.9
482587.7
482670.4
482688.9
491641.9
508333.7
508369.7
508453.2
508496
508544.4
508602.6
508607.4
508760
508812.7
508919.1
508970.1
508996.2
509088.8
509115.1
509134.1
509146.1
509191.8
509217.2
509224.6
509237
509237.4
509381.7
509469.2
509492.1
509510.7
509719.9
509752.9
509876.7
510048
510199.8
510219.2
510420
510471.2
510520.8
510608.3
510615.7
510690.2
510731.9
510764.3
510771.2
510821.6
510840.8
510856.2
510860.5
510961.4
510969.2
510992.8
511031.8
511093.3
511146.6
511158.1
511164
511256.7
511262.4
511334.8
511440.4
511596.5
511724.3
512566.7
512743.1
512815.1
512842.5
512931.9
513191.7
513237.6
513282.8
513406.9
513500.2
513531.1
513587
513845.7
514158.1
514264
518300
519062.5
519428.1
519674.2
519884.5
519963.7
520019.2
520223.3
520388.7
520430.4
520491.7
520534
520568.4
520946.8
520954.2
520954.5
520989.1
521001.4
521023.5
521106.1
521225.4
521235.9
521276.8
521293.9
521371.3
521445.6
521468.1
521519.4
521731.9
521782.3
521807.5
521811.5
521824.8
521922.3
521961.5
522035.5
522042.7
522050.1
522053.8
522060.5
522079.5
522088.5
522163.1
522175.4
522198.4
522337.1
522350.3
522375
522429.3
522454.3
522458.5
522560.2
522583.1
522623.5
522686.3
522711.4
522751.8
522759.8
522770.1
522838.1
522866.7
522874.2
522876.5
522883
522923.8
522965.5
522986.5
523000.9
523001.2
523006.1
523113.6
523140.3
523189.3
523217
523344.2
523355.9
523445.3
523451.4
523456.1
523498.8
523511.5
523655.5
523739.2
523813.9
523837
524012.3
524065.4
524073.8
524125.9
524144.8
524170.4
524182.5
524280.7
524315.8
524343.2
524520.1
524522.3
524537.7
524543.2
524559
524616.5
524657.9
524834.6
524903.1
524962
525070.6
525096.1
525103.5
525158.2
525286.5
527168.8
527387.2
527597.9
527609.4
527683.3
527746.7
527760.5
527778.1
527852.4
527859.3
527863.7
527868.1
527978
528181.1
528193
528216.4
528223.8
528256.8
528300.6
528356.5
528416.9
528434.9
528603.9
528690.6
530738.1
530758.8
531081.8
531727.6
531744.5
531770.5
531780.5
531901.7
531910.3
531946.8
532056.5
532072.7
532087.6
533224.8
533268
533284.4
533422.2
533544.5
533647.6
534455.7
534663.6
534686
534747.4
534937.8
538473.7
538659.6
538673.1
538917.2
539757.2
539774.6
539954
539973.9
540025.2
540153.6
540245.4
540303.9
540338.9
540506.8
544301.6
546014
546455.6
546677.2
546683.6
546683.7
546800.4
546801.2
546869.1
546949.4
547203.9
547862.4
548110.8
548228.8
548288.3
548316.5
548381.9
548438.4
548460.5
548472.5
548549.6
548662.2
548691.6
549797.6
549932.8
549998.4
550125.7
550161.1
550201.6
550257.3
550266.4
550294.5
550337.9
550438.2
550470.6
550520
550545.8
550670.5
552233.4
552338.3
552378.4
552618.9
561550.8
561683.2
561891.3
561991.1
561997.4
562008.6
562137.6
562203.3
562204
562233.7
562393.3
562414.2
562510.6
562661.3
562712
562776.7
562985
563093.5
563108.1
563117.8
563170
563260
563354.2
563379.4
563387.9
563430
563436.5
563521
563591.2
563741.3
563797.7
563841.6
564001.5
564012.7
564048.4
564049.7
564077.1
564132.5
564156.1
565348.4
566653.8
567684.4
567744.5
567744.6
567776.9
567789.9
567806.4
567826.3
567888.6
567889.6
567906.5
568916.8
569400.1
569407.5
569953.4
570024.9
570115.3
570214.6
570286.1
572242.6
572677.9
572740
572770.4
572888.7
572968.3
573204
573205.2
573232.2
573240.4
573645.5
573967.9
574172.5
574366.9
574394.4
574422.3
574539.9
574565.6
574661.6
574773.7
574817.6
574882.3
574929.8
575007.4
575058.4
575078.5
575087.4
575233.3
577560.8
577617.6
577683.3
578444.9
578684
578739.7
578768.6
578801.4
578811.2
578917
579000.1
579003.2
579031
579075.9
579154.9
579172.5
579276.9
579405.9
579446.2
581735.4
581866.6
581877.5
581906.5
581952.5
581954.9
582067.3
582085.6
582096.5
582107.9
582225.2
582250.6
582262
582267.3
582328.8
582428.7
582429.4
582447.7
582552.8
582634.8
582647.7
582657
582660.9
584887.6
587156.8
587817.1
587929.5
588044.8
588420.9
590347
590997.7
591575.3
591622.6
591631.1
591662.6
591884.7
591988.5
592036.3
592228
592254
592342.1
592444.9
592453.1
592466.2
592643.1
592817.1
593016.4
593026.2
593047.4
593049.8
593414.4
593474.6
593485.8
593503.3
593542.7
593546.4
593749.7
593849.3
593924.6
593964.8
594002.2
594038.9
594046.9
594161.2
594169.2
594254.9
594274.6
594378.1
594382.6
594386.7
594403.3
596480.2
596574.8
596648.3
596688.6
596705.5
596740.1
596957.3
597333.9
597346.4
597380.8
597759.2
599099.7
599147.5
599290.6
599522.1
599640.7
599711.5
599763.8
599869.2
599975.1
