2578.7
2596.4
2610.1
2611.6
2648.3
2780.9
2786.7
2833.4
2841.6
3957.7
4584
4600
4734.8
4762.6
4772.5
4784.2
4953.1
5320.9
5352.2
5385.3
5440.1
5478.8
5486.1
5508.9
5566.3
5618
7891.4
7912.2
7971.5
8017.7
8038.6
11440.8
16425.1
16468.2
16535.7
16651.2
17404.1
17583.9
17614.1
17702
17712.9
17743.8
17872.3
17884.1
17987.5
17992.5
18004.9
18058.4
18242.9
18389.3
18399.1
18410.1
18503.2
18535.4
18616.1
18655.4
20204.1
25998.5
26142.7
29455.7
29606.9
29817.2
29887.7
29926.8
29945.2
29950.3
30004.3
30029.1
30161.1
30211
30341.5
30343.1
30385.7
30406.1
30407.1
30438.9
30514.8
30571.3
30618.2
30626.6
30711.5
30717.7
30743.3
30764.8
30948.7
30963.5
30995
31032.8
31088.7
31193.1
31234.3
31408.3
31572.5
36255.5
36272
36349
36356.7
36458.6
36515.7
37057.8
37207.7
37436.3
37470.7
37521.6
37580.1
37662.8
37747.8
37816
38063.8
38910.7
38979.1
39528.3
41067.6
41073.3
41152
41169.8
41215.9
47376.2
52284.9
52319.2
56666.8
56750.1
56799.1
56854.7
56874.6
60227.7
60840
60847.3
61005.7
61215.6
61275.5
61278.3
61297.5
61310.6
61319.6
61406.1
61418.6
61551
61567.2
61675.5
61740.5
61778.8
61819.6
61904.6
61958.5
62089.2
62097.8
62238.8
62240.7
62297.5
62349.7
62550.7
62948.5
65005.5
65096.3
65201.9
65268
65399.7
65563.6
65596
65599.9
65660.3
65778.9
65803
66097.6
66125.8
67222.2
67315.1
67417.8
67468.6
67596
67681.9
67789.2
67792.8
67824.9
67851.9
68012.2
68043.5
68143
68174.5
68276.6
68351.2
68392.9
68432
68526.4
68582.4
69647.2
69698
69699.1
69718
69998.2
72528.5
73132.8
73365.3
74081.3
75051.2
75444.1
76689.5
77496.1
77555.6
77693.4
77776.7
77794.7
77833
77833.8
77901.6
77910
77928.2
78201.7
78745.9
85440.4
85449.5
85465.6
85514.7
85574.3
85591.7
85635.6
85663.9
85763
85763.4
85765.5
85850.8
85901.1
85969.4
86150
86200
86339.4
86358.4
86550.5
86608.1
86615.3
86639
86854.7
87060.2
87066.9
87126.3
87262.6
87381.1
87504.2
87523.9
87672.8
87823.7
87880.7
87892.1
88597
91073.8
91094.1
91125.6
91268.8
91457.7
91646
93979
94503.3
95401.4
95474.1
96576.8
97619.7
98033.5
98329.4
98994.1
101679.1
101700
102228.8
102331.9
103347.7
103441.1
103689.4
103693.3
103856.5
103872.9
103890
103898.9
103998.9
104075.4
104080.3
104159.7
104291.7
104506.3
104561.7
104584.5
104657.1
104695.3
104863.2
104903.4
105292.7
105571.1
105578.5
105672.3
107968.9
108026.2
108341.2
108453.6
108469.3
108490.5
108577.5
108615.4
108665.6
108674.6
108820.1
108925.9
108952.9
109070.9
109090.8
109121.1
109126.6
109519.3
109991.3
110006.6
110344.3
110382.8
110479.6
110745.5
110817.5
110847.9
110913.9
110991.1
111789.5
111912.9
112011.2
112082.7
112119.2
113442.8
113580.1
113589.1
113608
113680.9
113686.4
113874
114090.7
114375.1
114970.7
115071.7
115113.4
115359.3
128806.3
128916.4
128947.6
129020.8
129031.4
129061.5
129096.8
129123.1
129181.8
129213.5
129295.2
129314
129388.7
129402.5
129502.2
129506.7
129587.8
129589.9
129616.3
129620.4
129670.2
129772.6
129796.3
129889.9
141388
141399.6
144099.4
144200.8
144665
144751.4
145436
146462
146546.2
147402.4
147482.9
148231.5
149522.7
149565.9
149569.3
149802.9
150358.6
150677.3
151799.8
153379.2
153948.4
159362
159464.6
159595.7
159828.7
160162.7
161176.4
161479.9
161558.8
161834.1
166698.5
166719.9
166824.5
167916.7
168833.7
170901.7
171058
171162.5
171255.3
171345.2
171375.6
171384.1
171412.4
171553.5
172401.6
172437.6
172545.4
172572
172600.2
172631.5
172768
172838.6
172919.6
173006.4
173030
177523.8
177551.6
177568.4
177584.8
177632.8
177676.3
177686.7
178221.2
178221.3
178429.2
178584.4
178889.5
178954.5
182816.3
182906.3
182941
182957.3
182958.7
183083.1
183085.6
183169.1
183185.5
183192.3
183196.1
183254.2
183291.3
183329.8
183354.6
183373.9
186017.5
187150.4
187197.1
187279.7
187341.4
187451.4
187594
189516.5
190638.2
190870
192737.9
192748.6
192768
192816.8
192834.7
192865.3
192874.1
192972.9
193030.2
193035.6
193044.8
193055.4
193083.9
193196.6
193202.4
193213.7
193245.1
193293.2
193297.6
193322.8
193337
193397
193415.4
193572.5
193593.8
193747.5
214343.2
214460.3
214588.4
214640.9
214668.4
214677.5
214835.5
214924.8
214941.1
214968.2
214971.8
215034.6
215118.6
215131.2
215362.7
215486.9
215499.7
215712.9
216152.5
216347
216607.8
216618
216675.6
216739.3
216783.8
216820.1
216950.8
216967.4
218827.3
221198.3
221256.5
221307.5
221350.8
221375.1
221470.4
221476.3
221517.7
221531
221551.3
221555.3
221583
221597.3
221602
221647.1
221670.7
221731.9
221753.6
221853.6
222391.3
222531.4
222578.4
222913.4
222934.1
223005.3
223022.2
223589.8
225173.9
226196.2
226471.4
226482.1
226592.3
226917.7
228203
228366.1
228367.9
228514.9
228792.4
229150
231419.1
231504.2
231623.9
231687.1
231690
239752.4
239907.7
239935.9
239942
239945.2
240049.3
240050.7
240073.4
240197.2
240255.4
243606.7
243702.4
243957
249547.8
249694.3
249908.3
249921.3
249967.1
250141.1
250601.4
252351.7
252781.9
253056
253078.8
259952.3
260029.9
260096.2
260147.4
260217.9
260241.4
260296.9
260342.7
260351.4
261043.7
261062.8
261306.1
263905.8
263997.2
264071.9
264097.8
264159.4
264270.2
264305.3
264401.1
264426.7
264614.9
272204.7
272467.2
272584
272679.9
272722.4
272737.1
272740.4
272813.7
272832.2
272836.1
272858.3
272867.9
272870.7
272888.8
276064.5
296073.8
296378.1
296538.4
296540.7
296651.3
296688.1
296864.4
296903.2
296960
296989.3
297150.9
297153.4
297169.9
297362.1
297531.9
297564.5
297576.9
297714.9
298810.7
298954.9
298956.9
298976
299074.2
299087
299171.4
299198.9
299402.8
301244.4
309466.9
309912.7
310325.9
310622.5
311540.4
311744.9
313498.5
313793.5
313853.9
313894.7
313920.3
313938.5
313997.6
314003.9
314019.8
314176.7
314197.6
314297.1
314304.5
314439.9
314455.6
314498.9
314572.4
314575.9
314649
314669.1
314691.3
314730.6
314731.1
314818.7
314825.4
314905.6
314915
314931.8
315003.8
315008.3
315049.7
315100.4
315108.8
315200.5
315266.8
315365.8
315384.2
315410.8
315441.2
315546.1
315557.7
315659.5
317129.9
320350
320520.6
320535.5
320567.2
320613.1
320636.8
320655.7
320800.5
331151.3
331509.4
331529.2
331785.6
331845.3
331925.9
331930.9
331962.2
332014.8
332027.8
332070.2
332103
332186.5
334761.8
334931.4
336669.1
336685.4
336762.5
336888.7
336977.4
337003.4
337062.9
337078.8
337158.9
337412.3
337691.8
337858.1
337891.8
337891.9
337920.4
337989.1
338070.5
339667.3
339949.5
340012.2
340144.1
340201.8
340235.5
340249.6
340277.9
340294
340316.7
340348.1
340392.6
340526.8
340713.4
340873
340949.9
341013.5
341211.9
341304.3
341311.8
341312.1
341377.7
341411.7
341414.8
341464.6
341481.1
341705
341866.5
341947.3
343454
343654.2
343704.5
343797.4
343804.4
343831.7
343933
344018
344060.8
344063.9
344155.8
344359.7
344424.7
344450.6
344509
344552.6
344605.2
344614.1
344668.7
344727.8
344740.8
344752.7
344788.8
344811.7
344828
344933.6
344947.7
345045.6
345085.9
345118.2
345181.5
345234
345361.7
345452.9
345543.9
345591.2
345620.8
345625.6
345633.5
345798
345825.9
345868
346201.4
346361.2
346499.5
346536.8
346544.9
346626.3
346643.3
346725.7
346960.3
350704.7
350920.5
351327.2
355644.6
355746.3
355752.2
355931.8
356064.3
356105.1
356231.7
356250.5
356291.3
356375.7
356380.9
356393.2
356393.7
356580.7
356599.9
356624.9
356665.5
356689.2
356700.3
356706.9
356747.3
357042.6
357062.5
357072.6
357091.6
357178.2
357194.3
357215.4
357258.2
357396.4
357397.3
357402.2
357405.2
357504.5
357512.2
357521.7
357529.2
357540.1
357710.9
357725.6
357733.5
357786.6
357798
357813.9
357818.8
357830.3
357887.9
357944.2
358009.9
358041.7
358063.6
358103.4
358110.1
358147.3
358227.6
358273.7
358327.6
358415
358511.4
358548.4
358551.4
358597.8
358626.6
358648.8
358685
358721.2
358758.2
358865.1
358870.2
358966.4
359006.9
359031.9
359084.2
359132.1
359146.1
359165.9
359264.2
359270.5
359368.7
359441.8
359446.1
359510.6
359528
359547.5
359561.5
359610.1
359614.6
359655.7
359664.2
359734.8
359763.6
359773.1
359773.4
359783.3
359822.2
359836.2
359853.7
359863.1
359944
359961.3
360264.6
360269.1
360277.3
360291.6
360353.8
360382.7
360385.3
360425.8
360434.1
360441.4
360450.3
360475.8
360548.5
360567.6
360652.2
360720.4
360852.2
360894.4
360898.7
360932.5
361061.7
361165
361311.8
361373.7
361434.8
361497.6
361623.7
361993.2
362070.3
362100.9
362220
362221.4
362344.9
362428.7
362601.2
362603.9
362640.7
362751
362900
362944.3
363148.6
363168
363309.3
363314.3
363361.1
363494.1
363546.5
363570.1
363591.2
363602.3
363699.6
363703.3
363832.7
363836.6
363880.4
363932
363984.9
364004
364213.9
364358.8
364434.9
364753.9
364846.9
364992.4
365060.8
365061.6
373159.3
373407.1
387007.4
387181.6
408335.9
411348.4
420801.3
420910.7
420944
421162.5
424031.2
425110.5
425280.8
425287.7
425317.2
425336
425579.4
425598.5
427403.5
427557.5
428904.5
428935.8
429974.5
430002.6
430057.2
430058.1
430176.3
430204.6
430278.8
430324.2
442416.8
442818.4
442870.2
444440.4
444534.7
444555.7
444580.3
444604.4
444605
444606.6
444633.9
444700.1
444721.3
444805.3
444868.3
444881.1
444958.8
444961.9
445046.5
445169.6
445173.2
445181.8
448386
448512.7
448517.8
448519.3
448623
448663.8
448670.9
448680.8
448696.5
448895.7
450045.7
450126.3
450277.6
450412.1
450477.5
450503.6
450590.8
450593.8
451498
451610.5
451751.6
451822.1
451836.4
451998.2
452009.1
452049.8
452108.8
452151
452202.3
452382.8
452410.8
452558
452661.9
455335.6
455578.8
455855
455929
459486.9
459544.3
459642.9
462504.3
462811.1
462814.4
463037.7
463050.6
463065.2
463142
463192.5
463228.2
463336.4
463389.3
464856.3
467195.5
467557.9
467614
467947.3
467995.9
468051.7
468202.4
469122
469190.4
469453.8
479419.5
480118.6
509342.8
510202.4
510275.5
510487.8
511625.8
511636.1
511781.4
511839.8
511862
514090.5
514155.5
514544.1
514558.5
514597
514664.8
514848.1
514889.2
515113.6
515405.2
515538.1
515553.6
515613.1
515619.8
515638.1
515709.4
515723.1
515989.2
516012.7
516087.4
516215.3
516220
516311.5
516343.8
516358.9
518015.6
518136.1
518308.1
518328.1
518370.7
518393.4
518422.2
518451.7
518585.3
518659
527821.9
528084.7
528234.5
528834
528882.4
528904.7
528928
528933.4
529009.5
529106.6
529180.3
529223.9
529289.1
529360.9
529434.5
529607.9
529622
529625.3
529733.3
529898.8
529964.2
531803.8
531901.3
531989.9
532041.9
533620.8
533760.9
533820
533821.4
533924.8
533953.3
533955.6
533985.9
534184.2
534187.2
534376.7
534497.6
534517.6
534518.1
534532.7
535385.1
536207.5
536286.9
536436.1
536682.9
536762.8
539293.9
539387.2
539465.9
539537
539561
539562.6
539569.3
539595
539602.2
539632.5
539740.2
541403.8
541494.4
541515.7
541604.2
541625.2
541667.8
541711.3
541725.6
541881.5
541900.5
541915.6
541992
541993.6
542000.1
542025
542088.4
542107
542157
542212
542236.3
542289.4
542324.1
542400.3
542410.6
542421.5
542431.9
542446.1
542450.1
542457.9
542602.4
542625
542634.6
542640.2
542669.8
542745.2
542879
543120.3
543135
544980.2
546282.4
546622.1
549747
549781.9
549889.1
550109.2
550179.3
550365.2
550392.2
550454.5
550580.5
551760.5
551874.6
551947.3
552090.8
555283
555537.2
555772.8
555782.4
555894.4
556041.5
557490.5
558135.7
560086
560259.6
561610.7
561635
561679.4
561802.2
561859.9
561921.7
561958.9
562002.8
562023.7
562037.4
562127.1
562204.9
562382
562604.4
562929.7
563160.5
563175.5
563376.1
563390.9
563419.3
563486.5
563566.1
563740
564139.8
565218.4
565497.3
565643.8
565714.2
565807.3
565834
566014.2
566916.1
566961.7
571612.1
571788.6
571792.9
571909.4
572443
572601.2
576409.5
576435.9
576458.7
576496.1
576511.6
576594.7
576705.6
576712.8
576775.3
576823.2
576906.7
576972.4
576976.5
577036.3
577074.3
577093.5
577164.1
577244.7
577274.5
577311.3
577324.7
577326.3
577372.3
577437.6
577461.1
578957.9
579017
579089.3
579251.8
579294.3
579296
579427.4
579476.4
581396.1
581580.2
586407
586461.5
586772
595108.3
595186.5
595186.6
595222
596501.4
596547.6
597207.3
597500.8
599048.7
599113.2
599275.1
599328
599429.5
599437.5
599491.6
599497.2
599579.5
