1179.2
1243.4
1270
1279.5
1354.6
1372.6
1475.1
1755.4
4444.2
4458.6
4503
4558.9
4565.7
4597.4
4654.1
4656.2
4674.1
4698.4
4741.5
4790.1
4825.9
7864.3
10550
10743.7
10818.5
10872.9
10873.5
19011.4
19019.1
19095.1
19372.9
19746
19787.6
19802.8
19900
19928.4
19993.8
20028.1
20071.2
20088.3
21091.6
21227.3
21251.2
21326
23140.4
26029.2
26132.8
26297.1
26474.1
26524.2
28331
31262.8
31363.1
34112.9
34118.1
34130.9
34137
34174.9
34258.5
34263.3
34271
34430.2
34455.6
34619.6
34731.3
38662.6
42169.3
42224.4
42231.5
42239.4
42355
42368.6
42537.7
44517.7
44573.8
44645.3
44677.7
44700.2
44738
44770.3
44787.2
44827.7
44884.8
44885.5
44933.8
44982.5
44983.8
45063.5
45068.6
45096.2
45107.4
45171
45179.3
45267
47410.6
47556.6
47649
47770.8
47785.9
47808.4
47849.3
47855.7
47887
47927.1
47992.7
48065.2
48073.3
48085.1
48133.6
48162.8
48169.7
48192.6
48257.9
48261.4
48289
48292.9
48459.7
48565
48611.1
49015.7
49092.5
49241.2
49258.6
49261.4
49297.5
49350.9
49657.6
49711
50118.8
50313.8
51379.9
51431.5
51466.1
51476.1
54348
56192.6
56768.8
56774.8
56972
57203
60576
60713.7
60749
60766.7
60793.7
60804
60863
61413.5
61926.2
63028.4
63113.4
63161.3
63168.9
63226.1
63323.1
63333.7
63379.6
63521.7
68918.2
69027.9
69218.9
69389.4
69564.3
69588.6
71023.1
71514.4
71587.2
71676.4
71748.5
71780.2
71798
71827.9
71880.2
71916.1
71938.3
72017.9
72103.1
72116.8
72128.5
72177.5
72202
72307.7
72310.6
72318.6
72479
72514.7
72544.2
72556.2
72592.9
72648.9
72660.2
72894.7
73004.4
73202.5
73374
75210.9
75255.3
75256.6
75257.5
75285.5
75292.9
75362.6
75406.3
75416.6
75438.8
75541.8
75563.8
75641.7
75641.9
75660.2
75704.3
75731.7
75731.9
75770.7
75951.3
91309.8
92560.9
92566.1
92643.9
92760.4
92935.8
93061.7
99259.8
100062.8
100922.8
102056.3
111326.6
111370.8
111390.3
111397.9
111414.4
111418.7
111430.2
111439.1
111582.7
111594.7
111598.4
111603.6
111612.3
111622
111704.5
111740.8
111745.1
111928
112218.1
118404.4
118467.5
118486.3
118497.9
118734.2
126657.8
126870.8
126903.6
127020.9
127054
127165.1
127224.2
127933.5
127942.2
128045.2
128063.7
128116
128186.2
128329.8
128480.3
130133.1
133750.7
133835.7
134487.4
134521.4
139575.9
139926.9
140079.8
140134
140147.6
140196.4
140203.3
140487.7
140495.4
140521.4
140700.3
140773.1
140879.3
140906.4
141647.5
141707.6
141807.9
141856.9
141968.1
142012.7
142109.7
142509.1
143043.2
143570.4
143707
144207.4
144242
144337.4
144423.8
144468.7
144543.3
144768.4
144775.8
144804
144853.6
145080.8
145087.2
145113.6
145122.3
145219.4
145274.1
145287.2
145347.7
145396.3
145421.1
145429.6
145445.5
145477.9
145502.5
145563
145626.1
145665.1
145676.4
145739.4
145763.5
145775
145781
145838.1
145882.8
145911.1
145977.5
146048.9
146128.2
146129.1
146137
146163.5
146236.3
146239.6
146245
146249
146287.2
146318.4
146382.1
146439.5
146464.7
146477.6
146524.9
146540.7
146607.9
146609.8
146622
146642.6
146701.9
146741.3
146770.3
147022.8
147040.1
147069.4
147150.4
147174.7
147198
147311.5
147315.4
147376.5
147386.9
147389.4
147523.6
147648.7
147694.9
147717.3
147829.9
147904
147958.9
147965.3
147982.3
148072.8
148076.5
148084.3
148199.5
148228.4
148243
148306.7
148442
148444.3
148465.2
148503.8
148582.8
148660
148676.2
148706.9
148714.3
148724.4
148738
148750.4
148755.3
148762
148764.1
148881.9
148973.1
149019
149051.7
149054
149065.6
149072.9
149084.6
149125.4
149353.9
149418.4
149456.2
149578.4
149650.6
149677.8
149828.5
149844.6
149915.2
150049.6
150055.5
150071.8
150074.4
150367.1
150448
150462.3
150483.5
150486.5
150592.6
150606.6
150622.1
150706.6
150757.3
150768.1
150772.2
150820
150856.4
150911.7
150915
150950.8
150975.4
151045
151061.9
151092.5
151101.6
151108.6
151164.2
151191.5
151263.9
151293
151338.2
151377.4
151427.1
151436.9
151448.5
151503.5
151560
151622.3
151649.2
151655
151703.4
151715.5
151745.8
151757.7
151796.7
151808.1
151813.6
151828.3
151835.1
151846.3
151914.9
151940.9
151963
152035.8
152055
152104.5
152128.5
152281.8
152322.1
152375.4
152415.2
152431.9
152468.5
152481.7
152506.6
152517.9
152523.7
152564.4
152573.8
152749.4
152758.3
152795.6
152812.1
152842.8
152844.6
152867.8
152917.5
152940.9
153002.7
153019.1
153024.8
153030.7
153035.7
153055.8
153078.8
153123.2
153162.5
153204.5
153234.3
153288.4
153328.9
153360.1
153362.6
153374.1
153398.8
153455.6
153460.5
153521.7
153622.7
153676.4
153688.9
153711.2
153733.1
153774.2
153792.6
153816.5
153871.3
153925.8
154014.7
154046.3
154142.3
154163
154176.3
154194.9
154241.9
154289.3
154334
154412.5
154485.2
154638.2
154664.4
154848.1
154879.9
154919
154933.7
154935.7
154951.5
154958.9
154983.6
154990.2
155021.1
155140.7
155163.5
155172.6
155201.1
155234.2
155287.6
155334.4
155347.5
155371.1
155432.8
155498.1
155509.9
155536.3
155588.8
155610.5
155613
155687.1
155740.4
155751.1
155850.5
155874.4
155892.5
155908
155931.6
155942.6
155964.5
155974.2
155983.2
156001
156041
156062.3
156112.3
156116.4
156119.7
156128.7
156172.5
156232.4
156283.7
156310.1
156403.3
156426.4
156580.1
156596.4
156601.1
156616.8
156706.5
156741.8
156761.5
156864.6
156911
156919.5
157019.8
157122.1
157152.9
157229.1
157292.6
157293.7
157329.5
157337.3
157380.7
157392.3
157427.8
157456.9
157464.3
157561.1
157641.7
157746.5
157747.6
157807.3
157814.5
157848.7
157873.4
157881.6
157998.7
158035.9
158056.3
158100.1
158215.6
158222.8
158248.1
158488
158531.1
158541.1
158553.8
158569.8
158675.4
158891
158930.2
159113
159135.7
159143.4
159316.4
159758.4
159790.5
159987.7
160101.2
160102.7
160108.2
160205.4
160234.4
160240.7
160393.3
160401.1
160458.1
160494
160606.3
160616.2
160645.6
160664.9
160665.1
160670
160711.9
160819.2
160875.3
161051.7
162708.4
162715
163271.1
163314.3
163386.1
163693.9
167222.8
168182.9
168399.9
168663.7
172363.5
172385.9
172543.1
173972.7
174066.6
174150.6
174180.7
174212.6
174228.8
174249.9
174279.4
174288.2
174307.7
174348.7
174396.8
174397.7
174403
174466
174500.5
174521
174531.1
174543.3
174607.2
174612.3
174612.6
174615.1
174797.8
174804.8
179184.5
179253.3
179377.1
179378.8
179391.2
179413.4
179500.1
179541.9
179773.3
180517.9
180537.3
180612
180617.7
180622.6
180623.8
180825.5
180944.2
180972.6
180994.7
181006.3
181052.8
181136.4
181149.8
181256.3
181280.2
181421.5
181641.4
181655.2
181684.2
181726.3
181742.9
181983.9
182009.6
182211.8
182313.2
183273.8
183757.2
183784.5
183880.4
187546.7
188039.5
188259.2
188283.9
188397.8
188425.9
188483
194906.7
198295.3
199235.2
199245
199270.1
199278.7
199325.3
199346.9
199373.7
199386.5
199398.4
199451.8
199536
199540.8
199620.1
199651.8
199672.9
199711.3
199726.8
199983.9
200024.9
200044.1
200075.6
200096.7
200253.7
200293.3
200364.8
200596.1
200734.4
200803.8
200823
200996.5
201033.1
201041.1
201104.6
201579.2
201588.6
201635.2
201825.3
201886.1
201954.4
202073.1
202205.8
202282.6
202333.9
202356.7
202456.8
202589.1
202748.8
202757.4
202848.1
202881.1
202886.2
202902.7
203033.4
203157.2
203409.6
203461.2
203464.6
203586.1
203650.1
203767.7
203896.6
204029.2
204031.1
204066.9
204110.2
204163.2
204244.7
204307.4
204386.5
204480.2
204491.6
204631.6
204701.3
204715.6
204761.5
204893.6
205051.3
205101.4
205160.9
205202.8
205232
205235.3
205328.8
205383
206160.7
206305.4
206750.3
207274.2
209702.3
209766.6
209791.3
209914.9
209962.2
209972.1
209980.3
209996.4
210100.2
210121.7
210145.9
210193
210237.6
210311.8
210322.5
210393.3
210409
212283.1
212306.3
212348.8
212375.3
212381.7
212675.1
212819.3
212830.2
212884.8
212997.6
218045.5
218054.2
218113.2
218186.2
218202.6
218217
218396.7
218487.1
218579.6
218666.6
218696.8
218723.5
218784.5
218809.4
218818.2
218905.6
218951.2
218973.1
218979.2
219094.4
219130.3
219415.3
221362.9
221503.5
221835.2
222676.7
222706.6
222790.1
223065.1
223094.6
223193.6
223195.6
223198.5
223220.9
223232.9
223239.2
223401.2
223531.4
223614.5
239118.7
239182.1
239505.5
240055
240240.4
240417.3
240418.1
240472.5
240550.3
240581.3
240606
240744.9
240747
240803.6
240833.5
240849.3
240921.3
240932.4
240972
240988.8
241072.6
241080.3
241097.1
241102.3
241103.9
241118.6
241121.5
241122.7
241125.5
241142.5
241277.2
241295.2
241400.3
241447.6
241506.5
241568.5
241712.7
242572.4
242677.3
242678.5
242733.9
242789.7
242818.2
242845.8
242922.3
242932.6
243047.8
243271.1
244142.1
244507.9
244603.7
244619.8
244669.8
244724.8
244731.1
244794.3
244821.5
244898.1
244930.5
244948.7
245061.9
247335.8
248653.3
248772
248813.7
250064.3
255591.9
255603.2
255715.3
255717.5
255718
255744.7
255785.6
255802.3
255829.6
256083.5
256325.7
256876.9
263901.2
263932.3
263971.2
263986.5
264012.5
264052.6
264082.8
264203.5
264207.9
264277.7
264372.3
264408.5
264464.4
274708
275063.9
277516.9
277743.4
278708.7
278810.3
280485.8
280553.9
280591.3
280636.3
280672.4
280700.9
280708.9
280750.1
280789.8
280825
280839.8
280891.3
281020.5
281068.4
281081.9
281082.4
281333
281517.8
281541.4
281546.3
281552.7
281576.9
281610
281669.8
281683.7
281699.3
281730.9
281852
282948.2
282975.3
283017.1
283077.8
283096.1
283133
283238.9
283322.9
283374
283415.1
283427.9
283434.3
283478.4
283478.6
283565.8
283645.2
283663.8
283684.8
283760.9
283761.7
283768.8
283858.6
283993.7
284044.2
284049.1
284069.5
284100.7
284115.7
284133.3
284151.2
284172.4
284174
284180.5
284246.5
284303.8
284309.9
284322.4
284325.6
284339.9
284365.3
284444.5
284464.5
284510.4
284528.6
284543.4
284546.9
284566.4
284642.1
284656.4
284677
284733
284764.2
284804.9
284846.5
284885.1
284921.2
284947.9
284975.6
284984.6
285025.4
285097.8
285156.2
285164.6
285169.6
285187
285222.2
285409.9
285431.6
285463.7
285576.9
285589.7
285634.1
285639.6
285669.7
285702.4
285725.2
285738.2
285810.1
285922.1
285993.5
286005.1
286101.3
286143.4
286172.5
286251.1
286325.3
286476.1
286520.5
286528.1
286629.8
286690.2
286695.1
299148.6
299279.7
299586.2
302695.7
303513.9
304489.2
304555.1
304576.7
308550.2
308616.4
308617.7
308823.4
309028.5
309057.7
310715
310998.6
311881.1
311903.9
311949
311989.8
312028.1
312062.1
312063.2
312102.4
312105.5
312118.4
312123.6
312125.2
312152.9
312168.1
313784.7
313813.1
313853.4
314341.7
314514.7
314515.4
314548.9
314736.8
314780.8
314928.5
314999.8
315003.6
315012.9
315027.9
315126.2
315430
315502
315577.9
315586
315611.3
315673.5
315795.1
316902.6
320324
321273.5
322827.4
322928.8
322935.6
323286
323456.3
323657.9
323707.2
323736.9
323890.7
323895.9
323898.2
323932
323950.9
324163.9
324243.2
324421.4
324423
324490.4
324580.4
324606.1
324624.2
324744.2
324761.1
324779.6
324829.1
325900.7
326188.6
326231
326461.2
326674.1
328637.9
329036.8
329935.1
330436.1
332429.5
336574.2
336590.5
336603.1
336771.8
337067.5
337268.7
337798.9
337826.9
340005.8
340132.9
340202.5
340367.2
340368.9
340523.8
340577.4
340758.4
340764.9
340897.2
340938.3
340967.3
340982.7
340995.4
340998
341038.9
341155.7
341223.5
341301.5
341578.2
344210.4
344715.2
345597.6
345712
345772.2
345791.8
345805
345811.2
345922.6
345930.4
346113.8
348318.2
348478.4
348522.3
348676.5
348682.2
348713
348756.2
348760.9
348884.5
348949.7
348984.2
348988.3
349083.4
349210.6
350996.4
351077.8
351135
351409.7
351500.9
352661.6
352783.5
352803.4
352824
352825.1
352877.8
352887.9
352912.7
352918.6
352977.3
353008.5
353051.4
353117.1
353121.6
353128.6
353242.8
373877.5
373905.2
373965.2
374021.7
374054.2
374154.2
374253.3
374361.8
374421
374424.5
375893
376696.6
376816
377250.4
377354.3
378005.6
378741
380423.5
380885
381453.4
381488.4
382233.1
382281.9
382381.2
382489.3
382714.5
382814.5
382847.8
383046.2
383079
383498.7
383634.6
383729.8
383841.9
384143
384167.9
384182.9
384265.8
384417.3
384481.8
384518.5
384891.4
385059.3
385479.4
385490.5
385563.6
385613.2
385848.3
386087.3
386331.6
386342.7
386419.6
387092.6
387117.2
387218.3
387547.6
387781
387863.2
387914.3
388106.8
388634.2
388728.1
389001.1
389099.7
393173.7
393425.7
393591.1
393705.3
393807.1
394010.4
394167.1
394259.2
394330.5
394644.4
394667.6
394771.5
394819.8
394844.8
395053.4
395072.6
395151.4
395241.3
395432.1
395480.8
395731
396037.4
396061.6
396112.4
396227
400766
400877.7
400999.6
401200.1
401568.2
401866.2
401884.9
401957.1
402080.2
402333.4
402420.2
402600.7
402867.9
403110.8
403149.7
403637.1
403689.9
403737.1
404091.6
404306.8
404600.3
404627.1
404661.1
406435.9
406931.2
407487.4
407503.9
407629
407823.2
408055.8
408069.4
408143.1
408398.8
408730.9
409175.8
409437
409841.4
410213.2
410419.8
410604.9
410923.3
417346.5
417421.9
417807.6
419846.8
419952.3
420027.9
420188.6
420197.4
420434.5
420535.4
420553
421547.6
423145.6
425425.4
425443.5
425517
425669.7
425805.9
425844.4
426051.5
426187.4
426205.3
426278.9
426330.9
426408.1
426429.1
426619.9
435865.8
442061.9
442362.4
442588.2
442834.9
443851.9
446147.7
446242.7
446353.6
446508.4
446897.1
448508.5
450763.9
451276.3
453705.9
453918.5
453993.8
454844.4
454852.6
455367.5
455414.9
455494.6
455849.9
459580.3
465867.6
472000.5
472564.7
474780.4
474826.4
475056.8
475188.7
475215.8
475358.8
475380
475424.5
475519.6
475565.3
475573
475574.7
475592.2
475669
475675.4
475713.7
475728.3
475820
476062.5
476135.6
476182.7
476189.4
476262.3
476265.1
476318.7
476344.6
476365.5
476381.9
476450.3
476453.4
476509.1
476529.1
476868.6
476932.9
477054.2
477082.7
477231.5
477256.5
477395.5
477420.7
477442.3
477811.1
477967.8
477983.2
478268.6
478288.8
478377.4
478480.2
478484.9
478655.3
478772.5
479097.9
479107.1
479735.7
481015.7
481075.6
481627.4
481639.5
481893.9
482191.8
482400.5
487897.1
488081.2
489045
489343.8
490119.3
490920.4
491010.2
491108.5
491549.3
491637.4
491804.4
492234.2
492509.9
492541.8
492861.5
493093.4
493948.8
493953.7
494750.1
494835.5
494939
495912.4
497025.7
498625.4
498865.5
500093.8
500444.6
500755.3
501257.1
501265.1
501628.8
501629.4
501806.9
501807.3
504288.9
505634
505716.1
505716.6
506325.3
506908.1
508076.2
508433.3
508742.8
509400.1
509489.2
509581
509730.5
510359
511560.9
512483.6
513190.5
513744.2
519061.9
519340.3
519371.3
519458.4
519732.2
520459.6
520685.6
520762.4
520780.6
521045.9
521081.5
521115.8
521196.6
521539.2
521798.4
521798.7
522086.6
522213.7
522282.4
522611.5
522724.9
522886.6
523055.1
523059.5
523066.7
523330.8
523450.5
523621.9
523712.3
523796.9
523837.3
523915.8
524092.2
524307.2
524335.7
524507.9
524525.6
524576.8
524580.6
524588.2
524613.6
524644.1
524669.5
524697.4
524795.4
524872.3
524888.5
524966.7
525019.1
525062.2
525067.3
525131.7
525225.1
525303.2
525309.2
525418.3
525424.4
525425.5
525457.9
525488.6
525540.9
525548.3
525576.2
525629.2
525689.7
525692.4
525818.3
525831.9
525939.3
526006.1
526264.2
533746.6
534098.7
534177.8
534338.4
539913
546722.8
546839.2
547052.7
547065.8
548343.8
548432.2
548439
548552.5
548562.4
548571.7
548576
548639.8
548650.3
548663.6
548668.1
548718.1
548742.4
548926.4
548965
548967.8
550598
550830.2
550840.1
551003.1
551072.4
551181.8
551739.8
552045.3
556090.8
556336
556356.5
556677.1
556682.4
559155.6
559393.3
559485.7
559485.9
559663.7
559681.8
559715.7
559756
559790.5
559805.1
559851.8
561180.8
561245.9
561360.3
561376.1
561422.1
561464.4
561502.6
561518.9
561610.4
564996.4
566584.1
567629.2
567682.9
567699.2
567882
567909.2
567915.3
569961.4
570156.2
571320.9
571442.4
571545.7
571668.9
574308.9
574444.5
574710
574719.6
574885.3
574933.6
574941.7
576709
577167.3
577464.3
577566
577708.9
577729.6
577776.1
577776.8
577824
590679.4
591685.9
591771.6
591779.5
591906.8
591932.3
591965.1
591987.8
592183.3
592494.1
592516.7
592575.5
592578
592672.7
592704.7
592749.7
592798.8
592901.7
592916.6
592961.1
593010.9
593111.8
593132.7
593215.9
593228.4
593232.2
593236.6
593312.6
593345.9
593350
593471.6
593587.3
594250.7
594462
594544.4
595833.9
595923.7
595938.1
597100.7
597138.5
597291.2
597333.3
597385.4
597414.8
597500.6
597504.7
597505.2
597516.8
597524.8
597589.7
597597.8
597719.4
597762.8
597788.3
597831.6
598164.3
598202.6
598204.5
598246.2
598329.1
598333.4
598428.3
598440.6
598507.7
598592.5
598594.6
598649.1
598701.7
598756.1
598828.7
598863.3
598940.8
599054.7
599337.4
