74.3
89.7
298.2
308.8
381.8
398.4
410.5
460.6
563.8
604
629.1
642.7
696.8
724.8
749
821.8
836.7
858.4
991.3
1018.7
1191.7
7332.3
7397.2
7476.2
7517.1
7533.9
7572.6
7767
12858.6
13156.9
20285.6
20464.8
20568.9
20732.4
20740.3
20784.9
25176.1
26191.5
26239.7
26431.1
26453.1
26860
26908.7
27086.1
27359.6
27552.5
27870.5
31300.3
31593.5
31632.9
31647.8
31717.7
31847.4
31853.3
31873.1
32183.7
32246
32324.7
32359.1
32391.5
32410.7
32433.8
32503
32518
32606.9
32623.6
32724.9
32754.8
32755.1
32803.2
32879.1
32889.4
32938.6
32946
33086.8
33190.2
33318.7
33322.6
33355.2
33455.6
33513.2
33516.2
33720.3
33744
33766.5
33809.3
33854.3
33857.5
34047.8
34133.3
45783.2
45979.5
46041.8
46130.8
46226.1
46243.1
46305.8
46379.3
46384.2
46405.5
46426
46482.9
46562.9
46624
46647.3
46651.6
46660.4
46673.8
46747.9
46801.5
46825.5
46854.1
46937
47040.4
47041.4
47123.4
47135.3
47142.8
47198.4
47217.3
47296.5
47427
47645.6
60858.3
61050.9
61134.7
69949.8
70115.5
70254.1
70259.4
70316.2
70334.3
70377.2
70458.3
70558.9
70635.8
70641.3
70700.3
70702.2
70742
80369.9
80463.4
81256.5
81290
81479.1
81529.9
81643.7
81645.5
81781.4
81884.6
81934.3
82706.3
83838.6
91622
91976.5
103877.9
104757.2
105072.1
105237.5
116369.7
116635.3
116650.8
116706.4
116737.8
116793.2
116903.3
116912.4
116928.9
117121.3
117167.1
117497.7
117537.5
117712.5
117719
118000.4
118111.6
129543.7
162728.1
162909.3
163368.7
163505.6
163535.9
164047.6
168695.1
168916.4
169026.8
169310.2
173739
174133.2
174532
174580
174747.7
174832.1
182908
187159.2
187321.7
187355
187414.9
187418.4
187426.5
187434.7
187498.3
187501.7
187564.3
187597.4
187760.2
187846.4
187929.5
188010
188037.3
188084.2
188175.9
190011.7
211802.3
212044.9
218150.4
218453
222525.2
222575.7
222627.6
222631.3
222758.4
222778.7
222813.1
222829.5
222844.8
222853.9
222877.3
222954.3
223053.1
223106.9
223228
223228.8
223298.4
223388.2
223510.9
223611.5
223628
223633.5
223635
253077.8
253182.1
253235.5
253380.8
253398.8
253422.4
253422.8
253438.7
253560.3
253667.1
253796.7
253834.8
253849
253875.8
253910
253919
253943.7
254075.8
254165.4
254189.9
254249.4
254260.5
254312.3
254315.6
254374.7
254379.7
254449.4
254571
254734.9
254777.9
254801.4
254942.3
255033
255054.1
255211.7
255508.5
255521.3
255525.3
275005.2
282311.1
282595.4
282641.1
282721.3
283027.5
283379.1
285554.3
285863.8
285867.6
286116.2
286160.2
286438.8
298115.8
298337
298370.4
298373.7
298606
298614.7
298787.5
298890.3
298892.5
298947
298973.3
299065
299138.8
299149.9
299161.8
299269.5
299595.4
299759.5
311716
322007.4
323612.4
324025.1
324374.2
325149.9
325481.4
325481.5
333297.7
333751.1
334264.4
334606.1
336161.2
336408.9
336421.1
336490.7
336500.4
336618.2
336638
336831.3
336857.7
336940.9
337038.5
337178.7
337204.4
337236.6
337300
337360.2
337451.1
337491.8
337566.9
337636.1
337707.4
337871.7
338080.7
338096.1
338323.4
348831.6
349070.5
349214.2
351704.4
351772.6
351793.9
351890.5
351894.1
351919.7
352016.2
352092.9
352132.9
352152.4
352165.3
352175.6
352182.7
352225.3
352262.4
352291.7
352322.2
352372.1
352384.2
352415.2
352488.9
352520.9
366346.9
423178.2
423286.9
423306.7
423774.1
425052
425127.8
425249.5
425253
425253.9
425291.5
425307.6
425310.3
425342.7
425353.9
425386
425406.6
425523.3
425523.5
425646.5
425917.5
425996.5
426164.4
426513.1
426770.9
426909.3
427010.9
427013.5
427236.7
427272.8
427293.5
427387.2
427487.8
427579.9
427618.5
427652.9
427674
427912.4
447077.9
447266.4
447540.5
447585.5
447593.3
447638.5
447762
447771.5
447780.5
447946.3
448047.6
448438.2
454362.9
454363.6
454687.4
455832.3
459964.1
460086.7
463818.2
463980.4
464073.6
464246.2
513134.4
513714.4
513768.7
513778.4
513802.5
513954.9
513970.4
513979
514048.4
514084.3
514159.5
514346.1
514354.3
514393.2
514602.5
514605.1
514715.9
514740.7
514991.8
515113.8
515118.2
515122.4
515266.2
515292.2
515407
515544.6
515550.3
515821.9
515902
515957.8
516470.7
516539
516558
535070.7
535787.7
535959.6
536215.7
536247.5
536563.2
536563.6
536640.1
536679.8
536718.7
536756.5
536846.2
539332
539337.6
539556.4
539583.4
539660.2
539663.9
539695.3
539763
539770
539838.6
540252.7
540820.3
543317.9
543989.8
544130.1
544319.2
544410.5
544506.7
544579.7
544670
544929.2
545031.1
545790.7
548420.3
548466.2
548506
548544.9
548873.2
567710.3
567833.4
567836.7
567863.9
568067.5
568948.3
570292.3
570441.2
571656.8
572082.6
576156.4
576233.8
576375.6
576439.1
576450.3
576453.6
576619.5
576674.1
576941.6
576999.2
577020.4
577047.6
577312
577417.3
577433.8
577473.5
577501.8
577623.4
577692.3
577826.5
580246.5
586228.2
586263.2
586330.4
586581.6
586587.8
586672.9
587079.5
587172.6
590685
