1009.9
1407.5
1531.5
1869.5
23680.9
23757.1
23775.2
23782.9
23792.7
23812
23841
23867.3
23961.9
24000.5
24006.4
24077.2
24258.2
24466.6
24471.7
24503.7
24514.7
24545.5
24558.4
24569.8
24570.9
24619.3
24674.1
24713.8
24762.3
24801.1
24862.9
24870.9
24883
24921.5
24953.9
25131.9
25273.6
25313.1
25397.8
25417.4
25477.2
25512.1
25518.1
25590.4
25725.8
25773
25820.6
25901.7
25971.8
26164.6
26454
26465.5
26479.1
26967.6
27052.5
27083.2
27117.1
27199
27490.9
27553.9
27557
27653.4
27704.3
27725.2
27913.7
28053.6
28067.6
28082
28121.6
28141.8
28228.2
28239.5
28364.1
28385.1
28589.1
28640.5
28739.4
28813.3
28826.4
28837.5
28843.8
28876.1
28884
28944.6
28983.1
29040.2
29042.5
29069.7
29117.9
29152.5
29355.3
29388.7
29407.7
29478.6
29498.3
29498.5
29508.1
29528.8
29558.5
29572.8
29585.7
29609.6
29672.2
29696.9
29706.7
29755.4
29786.1
29811.2
30002.1
30049.9
30083.9
30084.8
30177.4
30209.8
30222.1
30230.1
30240.1
30241.3
30309.4
30380.7
30436.8
30512.8
30522.9
30570.1
30685.4
30704.5
30767.7
30814.9
30815.5
30905.4
30931.4
30972.7
30982.9
31056.1
31090.6
31141.9
31193.6
31291.8
31528.9
33219.8
33319.2
33907.3
34256.9
34350.2
34456.7
34539.8
34593.7
34766
35187.2
35246.9
35509.9
44908.3
45761.8
46049.3
47394.8
47603.4
47696.8
47999.2
48120.9
48764
48795.3
48934.9
49037
49235
49347.7
49378.7
49543.4
49971.8
50216.2
50255.9
50386.9
50572.7
50572.8
50579.1
50643.5
50689
50701.1
50726.2
50783.2
50812.3
51204.5
51763.5
51795.7
59906.3
59936.7
60115.4
60146.3
60263.3
60269.5
60295.2
60340.2
60444.2
60543.8
60565.1
60585.1
60588.4
60593.9
60647.7
60730.7
60860.2
61065.9
61073.6
61087.9
61127.7
61249
61256.5
61720.8
61736.4
61757.5
61759.3
61765.9
61767
61786.4
61881.6
61905.9
61962.9
61968.6
61983.7
62098
62164.6
62178.3
62251.8
62252.2
62329.5
62333.5
62356.3
62389.7
62526.8
62530.9
62532.7
62879.9
62887.6
62922.2
62930
63136.2
65435
66441.5
66506.3
90695.7
90738.5
90761.6
90977.9
91029.9
91035.8
91039.4
91042.5
91048.5
91075.8
91106.6
91111.2
91116.7
91140.4
91183.8
91204.5
91251.2
91342
91407.4
91575.7
91663
91764.4
92025.4
92211.7
92887.1
93368
93453.1
93530.3
93779.5
93789.1
93811.6
94214
94399.9
94782.3
94803.7
94818.5
94848.1
94933.3
94942.3
94993.4
95059
95062.9
95086.9
95251.7
95351.9
95384.4
95436.7
95486
95527.8
95540.3
95548
95604.6
95612.6
95641.4
95743.5
95807.9
95863
95936.7
96086.4
96091.7
96102.5
96115.7
96119.2
96173.8
96175.2
96176
96347.5
96365.3
96517.8
96567.5
96659.4
96690.9
96815.5
96969.5
97074.9
97178.2
97258.5
97348.9
97385
97467.2
97544.1
97686.9
97697.5
98059.5
98141
98178.5
98205.4
98209.7
98246
98255.6
98304.6
98401.2
98404.5
98430.5
98563.1
98690.1
98724.9
98746.2
98771.2
98843
98929.6
98987.1
99267.4
99347.4
99410.8
99459.2
99552.2
99691.9
99743.4
99762.4
100145.6
100168.5
100562.8
101243.4
101328.9
101460.9
101490.4
101538.3
101565.5
101706.7
101729.6
101841.5
101865.5
101918.5
101929.2
102755.1
102757.7
102857.7
103017.5
103133
103468.2
103492.8
103497.2
103524.6
103525
103611
103638.9
103644.3
103671.5
103748.2
103913.3
103919.5
104036.5
104123
104134.5
104135.2
104310.5
104334.9
104357.5
104358
104363.5
104375.7
104384.9
104438.5
104451
104480
104531.4
104556.8
105037.6
105365.8
105414.6
105476.5
105590.9
105593.9
105609.5
105624.1
105669.1
105738.9
105800.4
105817.9
105828.4
105855.7
105858.8
105871.7
105912.9
105939.2
106000.9
106008
106313.6
106367.6
106372.8
106578.2
106954
107001.5
161985
162154.9
162249.1
162456.2
162783.2
174750
174828.1
174935.9
174998.6
175029.7
175168
175239.8
175479.7
175562.7
175587.2
175711.6
175770.3
175790.8
175857.1
175924.5
175946.3
175965.1
176019.7
176064.5
176130.4
176164.1
176243.4
176262.5
176284.7
176286.7
176321.4
176398.5
176454.6
176493.2
176520.8
176527.3
176544.4
176575.9
176584.7
176602.8
176625.7
176632.6
176696
176781.9
176859.5
176934.9
176960.7
176991.3
177056.3
177113.9
177133.9
177136
177136.6
177153.6
177156.9
177157.8
177232.4
177274
177331.3
177351
177373.3
177400.1
177472.7
177516.1
177520.1
177624.8
177652.9
177712.6
177863.3
177888.9
177928.7
178019.9
178161.6
178313.5
178327.4
178367.3
178367.5
178424.3
178431.5
178441.5
178479.6
178495.7
178628.7
178675.4
178732.8
178751.9
178757
178799
178886.4
178908.1
178958.2
180387.1
180833.3
180891.8
181247.6
181448.8
181843.7
182067.5
182757.8
182941.9
182965.4
183043.4
183203.6
183367.6
183384.7
183416.1
183423.9
183442.8
183527.5
183539.3
183593.9
183837.7
184665.2
194338.5
194498.2
194520.5
222945.6
223059.3
223323.2
223470.6
223571.7
223760.3
223795.5
223875.4
223990.2
224010
224222.3
224227.8
224280.1
224283.4
224287.6
224287.8
224305.7
224349.5
224364.1
224386
224408.5
224496.2
224500.2
224541.8
224617.4
224678.2
224690.3
224716.7
224732.5
224762.1
224805.1
224838.1
224896
225230.2
225285
225318.5
225337.6
225422.5
250280.6
250558.1
250664
250669.4
250671.8
250686
250733
250798.2
250809.5
250866.9
250978
251005
251056.5
251073.4
251094.9
251126.3
251244.7
251273.5
251359.9
251370.1
251465.6
251480.2
251483.7
251515.9
251548.7
251632.9
251677.6
251843.9
251847.9
251862.3
251904.2
251963.1
251974
252010.1
252020.7
252051.9
252066.6
252114.1
252115.8
252287.5
252291.4
252661.6
252682.5
252713.6
252740
254551.9
254571
255320.5
255481
255672.3
255818.6
255850.1
256073.3
256434.8
256732.6
256761.7
256801.3
256809
257045
257975.8
257986.2
258144.3
258156.9
258190.1
258240.7
258495.4
259209.5
279304.2
279368.4
279475.2
279674.8
279790.7
279871.7
282052.3
282195
282561.5
282948.6
282981
283078.6
283354.9
283562.2
283603.9
283859.8
284024.4
284027.6
284258.9
284342.7
284407.9
284601.1
284701.2
284829.4
285033.5
285342.8
286601.6
286627.5
286717.3
286832.4
287025.4
287274.5
287331.1
287476.4
299353.6
299362.1
299420.3
299458.5
299533.3
299552.6
299672.5
299755
299869.7
299934.2
299994.7
300141.6
300298.1
300515.9
300552.4
300576.8
300611.7
300615
300626.4
300659.9
300693
300708.8
300825.4
300908.9
300959
300968.2
300973.2
301062
301063.6
301115.7
301196.6
301237
301250.7
301302.7
301310
301345.8
301376.9
301421
301454.4
301589.3
301620.2
301714.8
301795.4
301799.3
301803.4
301832.4
301908.7
301917.6
301933.3
301933.4
302003.3
302020.9
302159.8
302219.5
302252.7
302300.8
302465.9
302489.9
302635.4
302807.6
302919.1
302941.9
336352.5
336829.4
336936.2
337191.4
337253.7
337299.1
349144.3
349366.7
349393.5
349428.8
349482.1
349510.4
349531.3
349556.4
349562.3
349563.8
349631.6
349641.2
349736.2
349745.2
349799.6
349816.9
349840.3
349879.7
349892.5
349919.9
349946.3
349950.3
349988.3
350018.6
350040.7
350065.3
350079.2
350108.1
350128.6
350168
350207.6
350210.6
350244.1
350288.4
350433.6
350445.6
350544.1
350574.8
350633.1
350634.9
350647.8
350658.7
350676.5
350789.4
350813.7
350895
350914.3
351004.1
351071.2
351086.7
351110
351131.4
351226.5
351508.1
351552.7
352213
353540.5
353784.4
353843.2
372497.3
372627.4
372946.4
372983
373196.1
373208.9
373349.9
373394.7
373497.7
373577.5
373586.7
373637.4
373657.8
373721.9
373735.4
373787.8
373806.2
373888.3
421450.5
421601.4
421617.4
422028.6
422189
422192
422464.5
422492.1
422523
422661.2
422697.4
422701.9
422751.3
422797.9
422807.2
422831.2
422833.9
422961.9
423001.9
423050.1
423165.2
423220.4
423806.8
424560.4
428998.1
464332.2
464372.3
464435.2
464483.2
464491.4
464553.9
464554.8
464563
464597.2
464714.6
464758.1
464799.9
464841.4
464845.7
464846.7
464989.9
465013.4
465018.3
465049.3
465058.3
465059.5
465070.5
465094.1
465119.1
465210.3
465289.4
465419.1
465431.4
465492.3
465502.2
465521.1
465554.3
465573.8
465597.1
465832.7
466159.6
466310.3
466696.6
466810.6
466836.8
467209.8
467212.4
467649.9
512136.8
512468.6
512524.1
512575.7
512722
512734.5
512814.3
512913.2
512916.8
513020.7
513221.1
513266.5
513319.6
513370
513387.1
513558.6
513734.2
513806.7
514010.4
514113.5
514386.9
514523.7
514758.5
514969
515035.4
515129.5
515183.3
516095.2
516412.6
516491.4
516552.1
516731.1
516819.9
517019.2
517043.8
517389.8
517427.5
517433.4
517440.2
517490.6
517490.7
517512.7
517559.8
517589.7
517609.7
517632.9
517690.6
517703.4
517703.5
517763.8
517847.7
517895.6
518083.3
518119.7
518156.5
518184.5
518242.3
518242.7
518323.4
518333.1
518363.8
518383.9
518403.4
518406.8
518524.1
518611.8
518694.1
518835.6
518878.2
518959.8
518969.8
519599.4
519847.8
519997.5
520111.9
520135.1
521162.5
521660.7
521836.4
521886.3
522135.6
522552.2
523011.7
523753.4
538249.2
539394.2
539949.9
539964.5
540010.9
540243.3
540278.4
540325.4
540341.4
540497.9
540581.1
540676.7
540710.2
540868.3
540974.5
541003.3
541168.9
541197.5
541289.3
541323.1
541414.8
541427.9
541454.9
541503.4
541586.6
541629.7
541671.8
541681.5
541688.7
542075.6
542088.6
542130.9
542149.3
542186.7
542311.4
542378.8
542410.3
542454.1
542462.4
542470.5
542532.6
542595.7
542685.9
542760.7
542765.5
542881.8
543242.5
543484.3
544726.3
544819.2
544881.3
544990.4
546087.5
546818.6
547154.6
547194.9
547293.3
547414
547617.6
547630.6
547637.1
547712.9
547807
547864.6
547947.9
548097.8
548205
548207
548267.1
548351.9
548492.1
567358.1
567778.2
567960.5
568183.7
568322
568376.6
568505.1
568506.4
568507
568513.6
568601
568644.3
568888.1
568905.1
569110.2
569148.2
569153.6
569237.5
569333.5
569349.9
569379.5
569520.8
569528
569568
569573.2
569651.6
569694.1
569812.2
569848.7
570012.4
570373.3
570413.4
570482.2
570574.5
570779.8
570785
570841.7
570850.8
570976
570977.9
571011.9
571094.5
571106.9
571158.5
571182.5
571183.5
571192.6
571244.5
571389.9
571405.2
571485.2
571537.2
571578.6
571593.1
571774.6
571808.5
571923.9
572039.9
572170.3
572616.8
572638.3
572740.5
572998.1
573106.7
573118.6
573505.5
574057
574195.1
574861.3
575123.9
575258.8
575815.1
575843.4
575898.7
575935.6
575952.2
576003.2
576080.1
576196.1
576213
576729.4
577283.6
577568.9
577897.8
583883.6
584887.1
585935.8
586219.1
586281
586423.3
590929.7
591042
593472.2
593554.2
595308.2
