70.9
114.5
153
226.9
340.2
355.7
410.4
446.1
496.5
565.5
574.9
608.6
621.7
640.5
655.7
688.8
696.1
879
896.7
939.8
994.4
1009.4
1643.3
1644.6
1787.7
11153.2
11238.7
11443.5
11472
11482.4
11642.7
11723.4
11831.9
15857.5
15910.8
15924.3
16050.4
16168.9
18723.7
18822.5
18848.5
18853.5
18873.9
18907.8
19015.3
19071.9
19081.2
19113
19210.7
19280.1
19300.9
19322.7
19329
19349.7
19364.6
19392.4
19401.8
19413
19446.5
19458.7
19524.9
19565.8
19566.5
19768.4
19818.1
19847.5
19874.8
19878.3
20466
22666.3
31643.8
31781
31896.5
32223
32235.9
32345.4
32418.6
32488.5
32522.1
32545.5
32635.1
32661.8
32704.6
32758.7
32782.3
32783.9
33068.8
33071.4
33183.2
33243.9
33311.7
33330.9
33356.2
33429.4
33447.6
33454
33491.2
33537.1
33554.8
33742
33752.2
33835.1
33883.8
33910.6
33965.5
34030.1
34455.1
39259.3
39576.6
39580.4
39692.9
39887.9
39905.3
39922.4
39924.1
39954.5
40044
40080.9
40140.5
40204.1
40217.2
41344.5
41459.3
41518.3
41661.6
46183.4
46236.6
46250.6
46323.3
46682.4
46751.5
46791.5
46794.3
46897.8
47003.6
47162.2
47202.7
50126.1
50132.9
50164.4
50165.1
50486.7
51853.5
51905.4
51934.5
52333.4
52650.2
52932.7
53020.5
53308.8
56620.8
56744.7
56755.2
56834.7
57488
57525.6
57567.2
57573.5
57589.6
57655.5
57695
57710.5
57757.7
57882.5
60584
63041.4
63407.1
65422.8
68349.7
68684.5
68711.7
68723.9
68727.8
68738.2
68778.5
68805.3
68818.3
68903.2
69624.9
71232.8
71572.6
74146.5
74507.7
78634.6
78841.1
79016.5
79279.4
79291.3
79514
79736.3
79820.7
79829.6
79854.7
79983.2
80140
80184.2
80256.1
80363.5
80381.5
80382.3
80475.7
80490.8
80534.4
80558.8
80582.3
80727.3
80903.5
80941.2
80983.5
81062.7
81086.9
81206.7
81216.1
81233.2
81273.4
81377.8
81519.4
81539.1
81664.2
81824.4
81833.1
81891.5
81941.3
81964.3
82091.7
82096.4
82426.3
82720.7
82721.5
82776.1
83033.9
83143.4
83160.5
83194.7
83307.1
83359.2
83362.1
83363.6
83430.7
83437.3
83462.3
83464.1
83470.7
83506.9
83545.8
83578.5
83584.5
83588.8
83670.9
83682.7
83712.8
83772.4
83802.6
83933.4
83968
90688.5
90701.2
90723.9
90741.7
90747.8
90964.5
92432.9
93045.4
93049.6
93097.1
93254.4
93460.5
93507.5
93703.5
94139.7
94479.3
94665.5
94711.4
94801.9
94843.5
94921.8
94938.3
95001.6
95059
95100
95100.1
95268.1
95566.7
95627.9
95642.3
95867.2
95870.9
95948.3
96084.6
96124
96211.3
96215.5
96384.9
96442.4
96445.5
96550.4
97168.7
97207.8
97210.7
97216.3
97272.9
97275.9
97324.8
97366.5
97426.8
97580.6
97581.9
97618
97689.9
97700.6
97723.2
97748.3
97749.2
97796.1
97796.5
97813.9
97861.9
97916.2
98062.1
98171.9
98325.5
98345.2
98447.3
98514.9
98561.1
98585.7
98632.2
98674.3
98713.7
98724.6
98797.3
98820.1
98852.1
99014.3
99130.4
99205.9
99352.1
99371.5
99403.6
99509.2
99539.7
99569.8
99585.6
99620.8
99671.9
99690.5
99701.5
99758.5
99766.4
99810.5
99841.5
99955.5
100002.1
100032.7
100047.7
100054
100069
100142.8
100161.6
100213.9
100409.9
100458
100506.3
100543.7
100554.3
100585.7
100586.3
100601.8
100607.2
100675.9
100760.8
100814.2
100842.2
100936.3
101046.4
101105
101171.6
101181.4
101238.3
101375.1
101402.7
101413
101476.9
101487.9
101654.9
101671.1
101799.7
101829.5
101853.1
101968.5
102118.5
102195
102652.8
102698.4
106257.6
106280.4
106360.4
106362.8
118620.6
118662.9
118770.9
118889.7
118906.1
125356.9
125384.9
125444.2
126393.7
126498.6
126628.7
128604
128751
128792.7
128836.6
128897.8
128946.2
128951.8
128988.7
129035.1
129080.9
129087
129089.2
129222.9
129350.4
129354.3
129581.4
129764.6
129794.3
129847.4
129901.1
130025.1
130216.4
130364.2
135506.4
135556.1
135852.9
136084.9
136118
137316.9
141304
141391.7
141459.1
144029.1
145155.7
146679
149709.5
159203.1
159246.6
159349.8
159459.5
159468.3
159488.7
159550.8
159708
159732.1
160964
161207.2
161300.2
162665.4
162671.8
162693.2
162735.4
162738.3
162777
162815.8
162886.8
162888.5
162890.7
162929.2
163015.8
163071.7
164408.3
165313.6
167029.5
167175.8
169536.6
173182.1
173295.8
174172.7
174272.4
174303.4
174306.1
174325.2
174329.9
174359.9
174369.2
174382.9
174433.7
174461.6
174463.7
174504.2
174650.3
174659.2
175601.6
177166.8
177281.7
177964.1
178095.3
179037
179115.6
179164.8
179313.3
181122
181131.6
182182.6
182324.2
183576.8
183602.7
183808.5
186472.2
187124.6
188273.3
188333.3
188420.6
188456.5
188458.1
189810.1
190126.3
190536
190983.3
193094.4
193267.2
193395.8
193421.7
193481.7
193512
193536.2
204728.3
208433.3
209397.5
209436.6
209614.7
209678.8
210856.3
210989.7
211130
211177.3
211243.7
211245.8
211253.2
211268.2
211309
211344.5
211466.2
211511.1
211530.6
211587.9
219739.6
219818.3
219841.7
219913.7
219932.8
219945.8
219951.6
220060.3
220466
220538
220738.6
222293.7
222401.7
223179.7
223303.5
226006
231612.3
231673.5
231698.7
231720.2
231729.9
231759.7
231799.8
231813.2
231861.6
231965.6
231968.2
232157
239534.4
239920.1
239967.7
240064
240137.6
240139
240154.7
240246.9
240373.9
243500.7
243506.3
243508.7
243663.6
243691.3
243750.9
248977
249090.9
249283.1
249306.3
249368.5
249519.8
249540.5
249555.2
249692.1
250447.9
250486.9
250514.2
250669.7
250938.3
252995.6
253185.3
253224.9
253231.8
253239.5
253413.5
253442.7
253455.6
253467.3
253474
253476.4
253497.3
253530.3
253551.4
253573.3
253629.3
253754.1
253811.5
253831.9
253834.4
253847
253851.7
253879.9
253885.4
253941.5
254049.5
254062.2
254123.1
254139.9
254163.5
254193.6
254233.9
254290.6
254329.4
254383.9
254429
254447.6
254543
254638.8
254639.9
254883.4
255037.8
255076.1
255114.7
255239.3
255292.8
256515.5
256572.5
257280.7
257776.1
257925.8
257948
257988.9
258240.3
258405.4
258577.5
268782.3
268966.1
268984.6
269073.8
269225.1
269279.7
269396
272899.6
273038.6
273215.6
273736.5
274009.6
274064.2
274126.2
274140.7
274207.9
274234.9
275577.6
275660.3
275823.5
275854.6
275870.8
276342
276344.7
276347.2
276406.1
276456.4
276473.3
276542.1
276546.8
276553.5
276701.3
276777.6
276831.8
276918.7
276964.5
276970.6
278004.4
278021.7
278600.1
279430.4
279459.5
279463.5
279550.2
279648
279672.5
279707.5
279843.3
279844.4
279946.2
279995
280610.4
286814.5
286823.9
286908.5
286925.7
286944.2
286960.1
286967.5
287119.1
295629.6
295696
297932.3
297938.7
298038.4
298091.4
298132.7
298145.7
298690.7
302012.6
302103.9
302123.1
302171.2
302187.6
302205.1
302215.2
302264.6
302314.6
302318.4
302337.9
302340.6
302383.5
302425.5
302494
302537.1
302627.7
302680.8
302716.2
302730.3
302757
302803.7
302928.1
302930.1
302937.1
302941.6
302944.3
303095.6
303974.5
309020
309092.1
309157.1
309227.4
309275.6
309354.1
309371.2
309409.2
309432.5
309455.4
309592.5
309661.7
309768.2
309952.4
309971.4
309973.3
309997.2
310019.5
310063.9
310079.9
310085.9
310137.8
310162.5
310227.1
310255.4
310300.2
310397
310472.7
310497.3
310561.8
310656.7
310714.4
311319.8
311381.4
312143.7
312232.2
312429.7
320780.1
321406.3
321651.7
321705.9
321823.7
321828
322064.9
322091.8
322691.2
322772
325755
326490.1
326509.7
326516.4
326524.3
326580.5
328049.8
332141.2
332160.7
333146.2
333422.1
333454.8
333497.4
333551.6
333556.5
333730.6
333877.7
333888.7
333969.4
334034.4
334041.3
334043.4
334064.7
334142.8
334220.3
334278.5
334282.8
334336.9
334386.2
334543.3
334568.8
334576.2
334638.7
334881.6
335253.7
338108.6
342193.8
342249.5
342309.7
342543.4
342598.5
342604.4
342616.6
346686.6
348218.7
348391.2
348517.7
348667.5
348684.6
348688.2
348716.4
348803.2
348831.7
349662.6
351649.4
351708.7
351821.8
351839.1
351863.9
351865
351883.7
351886.9
351891.1
351914
352014
352061.4
352250.8
352445.8
352479.8
352493.7
352511.4
352616.2
353536.4
353645.3
353718
365462.4
365771.1
365786.6
365908.4
366059.2
366127.5
366242.6
366583.2
366722.7
372668.3
372676.5
372784.9
372797.2
372871.9
373682.2
373687.7
373846.6
373882.3
386732.2
387741.9
388181.3
388575.5
389031.7
404197.3
408241.1
411124.3
411567.9
411803
418882.3
419074.2
419120.7
419173
419195.2
419208.3
419213.1
419258.4
419438
419452.6
419519.9
419529.5
419635.5
419642.5
421641.5
427455.8
430129.2
444794.6
445924
448214.1
448315.3
448329.1
449587.9
449608.8
449672.7
449695.5
449731.2
449885.6
449887.7
449897.7
453267.3
453272.2
453282.1
453829.9
453887.8
455348
456076
456116.8
456163.3
456224
456231
456256.3
456293.4
456362.8
456527.1
458249.6
458340.7
459040.4
460221.9
460290
460348.6
460496.7
460514.8
460531.6
460542.8
460656.2
460714.9
460785.6
460911.8
461313.7
465575.9
465591.7
465601.1
465628.6
465736.8
465758.9
465771.3
465803.1
465841
465844.1
465870.5
465892.5
465913.2
465922.1
466004.6
466009.6
466015.4
466129
466162.2
466211
466262.3
466355.3
468042.2
468060.6
468153.3
468167
468190.4
468262.5
468323.5
468379.5
468442.8
468446
468456.8
468476.5
468521.3
468536.7
468560
468567.2
468602.5
468645.6
468721.4
468768
468846.2
468862.9
468992.7
469211.5
469248.8
469252
469263
469286.5
469352.2
469389.6
469392.2
469440.9
469654.7
469728.9
469809.2
469815
469883.8
469903
469933.2
479091.5
479269
479362.7
479373.1
479464.4
479510.3
479536.6
479551.6
479589.8
479653.1
479694.5
479706.5
479707.4
479723.9
479825.3
479833.8
479841
479864.6
479920
479965.4
480020.8
480036.4
480109.9
480223.1
480263.5
480274.3
480477.7
480525.1
480606.6
480623.6
480639.3
480880.4
480983.9
481341.8
481636.3
481701.6
481931.4
481999.5
482039.9
482043
482099.6
482108.8
482108.9
482172.4
482303.1
482480.4
508970
509041.2
509123.7
509207.1
509334.7
509381.7
509547.9
509656.3
509658.3
509735.6
509901.2
509950.9
510010
510093.7
510139.7
510140.7
510228
510232.3
510286.3
510303.1
510347.1
510351.2
510448.3
510629.4
510671.2
510738.8
510872.8
510876.7
510896.4
510910.3
511000.6
511091.2
511156.3
511163.9
511170.3
511219.2
511238.3
511283.3
511297.2
511319.2
511411.9
511445.8
511535.5
511559.6
511570.1
511634.6
511698.1
517034.4
517986.6
518696.2
518767.8
518796.6
518895.1
518977
518998.3
518999.4
519080.5
519105.6
519120.5
519141
519246.8
519247.6
519267.6
519286
519425.2
519426
519470.1
519517.7
519549.5
519585
519669.5
519770.7
519867.3
519892.6
519916.5
519920.4
519988.4
520125.4
520219.6
520380.3
521810.2
523100.2
527461.1
527572.9
527582.6
527628.7
527660.7
527699
527877.2
527895.5
527928.7
527944.8
527980.3
528020.6
528021.3
528044.2
528082.1
528170.5
528219.8
528313.6
528355.4
528426.9
528430
528520.5
528530.8
528539
528572
528601.5
528644.5
528676.6
528680.9
528715.5
528856.9
528968.6
530649.8
530653.6
530744.9
530758.8
530790.8
530800
530810.7
530827
530854.5
530944
530945.4
530954.3
530985.2
531137
531140.4
531146.5
531213.5
531349.6
531406.1
531426.2
531540.6
531568
531582
531610.8
531660.4
531719.1
531739.2
531768.8
531786.3
531896.4
531930
532686.4
532801.3
535281.1
535542.5
535565.5
535762.5
535800.6
535817.4
535875.6
535916.6
535971.8
536081.7
536088.4
536174.4
536291.5
536914.8
536953.1
536964
537020.8
537022
537040.2
537060.4
537256.3
537264.7
537422
537483.4
537606
537839.4
537930.3
546663.5
546752.7
546780.9
546885.7
546959.2
547011.5
547044.6
547063.3
547085
547099.8
547110.4
547111.9
547140.8
547253.7
547268.8
547337.2
547378.5
547399.7
547465
548640.4
548684.2
548702.4
548731.1
548762.1
548777.8
548804.7
548809.6
548846.6
550023
550059.2
550091.7
550093
550103.9
550154.4
550240.2
550244.3
550301.8
550321.7
551155.4
551676.9
551818.6
559451.6
559700
559837
559885.3
559942.7
559955.7
560006.3
560013.4
560093.6
560209.8
560268
560339.5
560357.4
560376.1
560393.6
560509.4
560549.3
560651
560729.8
560903.7
560954.9
560990.2
561059.1
561080.2
561095
561095.3
561115.9
561152.6
561162.2
561851.4
562387.4
562421.1
562430.9
562550.8
564588.1
564659.4
565136.5
565268
565371.6
566433.5
567413.3
567677.4
568448.1
568488.9
568537.1
568594.9
570700.5
570773.5
570916.3
571068
571072.8
573747.6
574165.2
574216.8
574256.7
574521.8
574555.8
574901.6
575098.2
575119.1
575351.1
575358.3
575368.5
575381.1
575472.4
575500.1
575502.4
575509.1
575585.4
575609.7
575626.3
577554.9
577733.5
577756.1
577810.4
577825.1
577842.7
577848.8
577943.3
578569.3
579890.2
580534.7
580591.7
586735.8
586846.4
587245.2
588799
588965.6
589359.9
590551.6
590713.7
590750.6
590784.4
590795
590852.4
591439.5
591490.9
591526.1
591535.9
591560.1
591636.5
591664.8
591734.7
591756.6
592628.1
592726.2
593607.2
594309
595833.1
595845.6
595970.7
596479
596496
596575.6
596578.3
596591.6
596648.7
596856.7
596874.2
596963.5
596964.1
599668.9
599680.5
