1570.9
1588
1690.6
1759.7
1910
1970.3
1982.7
2020.1
2096.6
2137.5
4443.6
4483.9
4544.5
4572.4
4677.9
4775.1
4812.8
4872.4
11576.2
11762.1
11805
11840.9
11892
11933.1
11963.8
12005
12022.7
12064.8
12084.5
12101.9
12134.2
12158.2
12201.5
12416.8
16383.8
16448.7
16476.8
21116.3
34659.6
34674.9
34707.9
34834.9
34857.6
34870
34903.8
34971.3
35017
35043.9
35076.4
35211.5
35271.5
35324.9
35392.3
35394.5
35397.6
35437.7
35439.4
35440.7
35443.9
35650.6
35701.9
38789.9
38851.5
38866.6
38873.6
38909.9
39040.2
41520.4
41844.6
41871.8
41901.6
41923.1
41958
41973
42289.1
48690.4
48987
49153.5
49448.1
49664.6
49732.3
49765.8
49903.5
50084.7
50127.3
50193.8
50202.5
50307.6
57194.4
57199.5
57346
57407.8
57416.1
57432.3
57435.2
57552.6
57689.6
57948.6
58008.7
58024.5
58096.3
58130.4
58152.5
58200.3
58202.3
58377.5
58384.3
58389.7
58456.1
58461.6
58501
58512.6
58526.6
58557
58611.6
58689.1
58785.7
58796.1
58861.3
58880.4
58926.8
58944
59041.9
59081.7
68896.6
74646
74703.1
74761
74778
74855.1
74976.1
75139.5
75188.2
75265.8
75276.8
75414.9
76081.4
89708.4
89745.5
89810
89912.9
90054.9
90228.7
90230.8
90232.1
90258.3
90304.3
90347.9
90373.4
90437
90440.1
90542.4
90566
90566.6
90760.6
91007.5
106599.8
106657.1
106937
107013.5
107037.8
107059.3
107086.3
107086.7
107143
107163.1
107265.9
107273.1
107278.4
111412.7
111417.5
111431.8
111521.3
111526.1
111567.8
111621.5
111623.4
111653
111696.1
111827.2
111847.5
111852.6
111853.9
111986.7
112001.4
112055.3
112285.8
112328
112338.6
112406.7
112524.1
112625.8
112774.3
112794.5
118171.2
118217.3
118332.4
118450.8
118466.6
118515.5
118549.7
118550
118590.2
118732.4
126812.6
126996.5
127151.4
127161.6
128708.7
134156.7
140102.6
140186.5
140244
140483.2
140836.6
145126.3
146011
146118.5
146145.9
147125.6
147293.1
147502.1
147548.3
148455.3
148697.3
148707.5
149004.7
149776.1
149959.2
150368.9
150962
150981.7
151000
151084
151516.3
151967.6
152354.4
152731.2
152764.7
152986.4
153010
153067
153098.3
153204.9
153350.2
153509.8
153530.1
153990.1
154529
155398.2
155531.7
156289.1
156321.7
156376.8
156423.6
156799
157135.7
157199.4
157261.4
157470.4
157538.6
157766
158652.7
158803.2
160210
160386.4
160534.8
161694
165447.9
165491.6
165871.9
166003.9
170378.3
172234.4
172293.3
172326.6
172487.4
172654
172672.1
172682.4
172812.7
172845.7
183698.5
183815.2
183905.2
184027.8
184030.2
184040.5
184106.3
184110.5
184183.3
184250
184269.2
184289.9
184311.4
184326.2
184361.6
184363.2
184418.1
184451.6
184497.1
184500.5
184508.9
184561.6
184566
184568.5
184598.6
184645.8
184658.1
184727.6
184760.3
184853.1
184888.8
184898.5
184898.8
184913.5
184972.9
185184.7
185242
186477
191116.7
191154.3
191334.4
191549.6
191649.1
191650.7
192014.9
192179.4
192214.3
192242.8
192247.1
192300.5
192342.5
192386.4
192419.2
192457.6
192557.2
192595.7
192697.7
199037.3
199372.8
199418.7
199477.4
199506.9
199594.6
199662.7
199723.6
199770
199793.7
199823
199934.1
200092.4
200154.8
200204.4
200238
200257.6
200299.4
200341
200361.4
200507.4
200548.2
200586.2
200589
200623.1
200728.4
200780.4
200832.8
200840.5
201016.7
201023.7
201064.9
201091.7
201109.2
201259.9
201300.6
201335.1
201494.5
201537.9
201544.8
201811.6
201848.8
201901.2
201988.7
202008.6
202044.5
202057.4
202089.9
202126.6
202178.8
202203.7
202222.5
202476.3
202545.8
202587.8
202867.7
203019.4
203029.5
203127.2
203129.2
203292.9
203470.5
203474.6
203728.8
203768.8
203809.9
203876.2
203905.2
203905.7
203958.9
204080
204190.8
204519.3
204562.1
204594.5
204626.8
204812.9
204897.8
205035.7
205101.4
205114.3
205122
205167.1
205196.5
205252.3
205298.9
205399.7
206889.6
207708
208217.1
208332.9
209758.5
209769.9
210163.7
210231.7
210238.5
210366
210608.1
210630.9
210685.9
210787.4
210947.7
211427.9
211475.8
211503.2
219698
220938.8
221223.4
221442.3
221630.3
221636.3
221696.3
221751.8
225266.2
225480.9
225750.2
225777.5
229344.7
230797.6
231252.8
231501.8
231534.2
231796.1
239097.2
240347.2
240400.7
240478.8
240697
240856.6
241056.9
241065.1
241291.8
241322.1
241444.3
241559.8
241579.5
241644
241662.1
241749.5
241750
241809.2
241825
241882.8
241954.9
241981.9
242165.2
242176.2
242214.2
242265
242274.4
242286.8
242390.6
242420.4
242456
242503
242537.9
242544.6
242603.7
242614.9
242644.8
242657.5
242722
242761.7
242777.8
242852.5
242973.7
243017.3
243090.4
243138.5
243715.4
245546.7
248821.4
248858.1
248921
249148.5
255737.8
256168.2
256169.9
256262.6
256353.6
256615.8
256623.5
256675.5
256682
256706.4
256744.1
256751.8
256898.6
256934.9
257118.7
257137.8
257191.9
257204.4
257394.7
257397.6
257439.2
257553
257586.8
257660.2
257796.7
257850.5
258039
258047.5
258056.5
258067.4
258078.7
258334.7
258451.9
258486.1
258494.9
258540.9
258639.8
258657.5
258677.5
258749.2
258751
258814
258848.8
258868.6
258871.1
259032.6
259039.1
259049.6
259068.9
259087.8
259096.3
259150.7
259191.8
259195.4
259202.2
259206.7
259319.2
259380.6
263544.1
263734.1
263798.4
263907
263931.3
263947.1
264099.3
264131.7
264152
264160.1
264163.9
264203.7
264347.1
264479.7
264493.6
264523.2
264609.8
264705.2
264765.4
265158.8
266009.3
266024.6
266264.2
266529.3
266556.3
266633.5
266706.1
266715.7
270614
270682.9
270871.8
270888.8
270978.8
270997
271053.4
271070.2
271103.4
271115.5
271150.2
271155.1
271167.9
271201.8
271225.9
271344.9
271595.1
271627.5
271635.3
271730.5
271922.5
272243.1
272267.5
272273.5
272375.1
272403.5
272604.6
272608.8
272834
273810.6
274196.2
274230.1
274260.2
274358.5
274479
274493
274516.8
274542.5
274552
274584.9
274730.5
274742.6
274779.4
274874.6
274920.9
274951.8
275057.3
275092.3
275240.9
275243.3
275320.7
275385.7
275441.8
275490.7
275633.6
275634.7
276047.5
276132.1
276500.7
276684.7
276862.5
276947.4
277105.8
277362
277459.6
277462
277486
277753.2
277760.6
277816.7
277817.1
277819.3
277895.8
277905
278168.7
278259.4
278275.1
278304.4
283461.4
286999
287054.4
287133.6
287134.4
287222.3
287273.3
287286.2
287301.5
287414.6
287415.6
287501.9
287728.6
287744.9
287873
287883.7
287917
287937.4
288028.7
288122.5
288133.8
288288.5
288623.2
289933.5
290144.2
290271.1
290344.5
290603.7
290708.8
290827.3
290925.4
290982.5
291413.6
291689.5
291694.9
291906.5
292016.4
292390.7
292534.5
292582.3
293075.3
294637
294654.7
294714.2
294737.7
294828.7
294872.4
295082.3
295260.8
295409.9
308667.3
308729.2
309330.4
309519.6
309796.2
309887.3
310172.1
310305.2
310436.3
310476.6
310572.7
310731.9
310788.7
310803.5
310806.1
310845.2
310861.2
310870.6
310902.7
310919.4
310969.5
310972.3
311192.7
311194.5
311381.3
313531.2
313640.4
313768.8
313793
313850.2
313864.9
313875
314217.7
314239.3
314326.3
314380.3
314394.5
314471.3
314514.4
314516.9
314576.7
314642.4
314647
314658.9
314659.4
314664.5
314667.6
314756.9
314775.9
314865.6
314939.6
314954.7
314966.9
315022.7
315161.5
315249.1
315312.8
315329.3
315461.9
315487.2
315559.7
315571.6
315614
315631.1
315662.8
315682.6
315720.5
315736.8
316702.6
316736.7
317284.5
317728.2
317772.5
317797.4
318133.7
318607.2
318909.2
318930.7
325810.9
325831.4
325871.2
325918.6
325939
325965.7
325967.2
326018.7
326066.9
326073.8
326104.3
326116.2
326120.5
326131.2
326153.7
326163.3
326176.4
326334.6
326395.5
326424.8
326469.8
326504
326544.1
328867.2
331311
332057.4
332126.8
332237.2
332298
332301.7
332333.2
332350.3
332378.5
332442.8
332445.5
332477.7
332493.6
332513.1
332524.5
332549.5
332600.7
332624.5
332650
332653.6
332963.3
333189.2
333312.9
333343.3
333380.3
333706
334478.9
334930.6
335178.2
335405.4
339619.6
339721.6
339845.6
340123.7
340215.1
340223.8
340322.6
340328.9
340448
340467.4
340492.7
340534.9
340551.8
340567.9
340574.5
340602.9
340613.1
340632.9
340638.6
340674.5
340678.9
340730.5
340848.6
340907
340912.7
340934.5
340952.2
340958.1
341160.8
341242
341298.4
341400.1
341464.3
341484.1
341504.4
341569.7
341648.4
341766.7
342193.1
343569.4
346836.5
347618
347648
347754.3
353546.6
353562.1
353609.9
353668.4
353772.8
353832.1
353876.1
353905.9
353996.2
354007.8
354034.8
354040.7
354058.1
354129
354165.7
354282.3
354291.5
354388.7
354409.6
354470.7
354508.6
354537
354662.1
368247.1
368558.9
368697.9
368816
368855
368969.5
369091.8
369563.7
369621
369753.2
369857.3
369902.7
369961.3
370029.5
370062.3
370086.1
370135.4
370225.9
370342.8
370342.9
370461.2
370508.6
370549.6
370632.7
370712.8
370726.6
370767.2
370886.8
370942.9
370991.2
371103.4
371167.6
371177.1
371196.5
371277
371332.1
371429.9
371519.5
371594.3
371603.9
371690.2
371904.7
371909.5
372015.8
372041.8
372064.5
372075.7
372291.1
372307.4
372333.3
372381.7
372568.2
372636.2
372668
372752.9
379107.5
379633
381895
382123.3
384195.8
393126.4
393667.7
400272.4
402596.5
403003.3
403164.7
404585.4
407116.8
419627.4
419883.2
420029
420105.3
420217.3
420239.7
420254.8
420262.4
420306.8
420345.5
420429.8
420444.2
420721.2
420840.9
420884.1
420900.3
420986.5
421074.3
423101.5
423476.1
424055.4
424145.9
424186.5
424260.4
424358.6
424438.5
424461.6
424472.1
424594.3
424639.1
424659.9
424696.1
424725.4
424813.3
424833.1
428763
428806.5
428887
428903.7
428956
429055.2
429264.6
429368.7
429442.3
429530.5
429558.7
429560
429583.1
430059.3
430097.3
439622.6
444899.1
444973.8
444985.9
445082
445433.2
445778.1
445821.2
445920.9
446079.7
446405
446439.7
446501.9
446512.1
446624.5
446692.1
446970.3
446999.8
447296
450257
450569.3
450701.1
459453.5
459467.5
463748.2
464101.8
464348.9
468024.8
468510
468596.7
468871
469757.8
469886.8
474878
475280.6
476238.8
477194.6
477874.9
479160.6
479342.4
479425
479458.6
479534
479896
480065.5
480076.9
480211.6
480607.2
480807.8
481023.5
481120.6
481125.9
481141.4
481236.7
481325.9
481411.9
481425.1
481425.6
481498.5
481600.5
481767.4
481771.7
481791.2
481794.2
481840
481869.7
481905.3
481977.6
481979.8
482362.7
500549.2
504512.8
505040.3
509095.8
509253.6
509442.3
509546.4
509629.7
509739.3
509783.2
509824.9
509925.9
510056.9
510076.9
510113.1
510122.4
510197.8
510334.9
510360.8
510616.2
510909.8
510971.3
511048.8
511217.7
511238
511654.3
516886.4
516901.9
516936.1
527483.2
528371.2
528777.5
528789
528806.8
528810.2
530172.3
530309.7
530313
530346.2
530466.3
530469.3
530756.6
530925
531127.5
531158.2
531276.8
531287.6
531295.7
531332.8
531358.2
531441.7
531640.5
533430.8
533468.4
533556.4
533815.5
533966.1
534037.8
534040.1
534052.4
534098.1
534110.2
534122.2
534148.6
534281.1
534323.9
534350
534368.6
534393.9
534484.8
534614.3
538494.7
538578.2
550293.5
552851
553902.7
554341.9
554395.6
554444.3
554501.1
554625.5
554872.6
554888.5
555108.4
555241.7
555327.9
555371.1
555619
555622
555666.2
555671.5
555672.2
555725.3
555808.8
556052.3
556107.7
556248.4
556535.8
556602.7
556610.4
556686.8
556740.7
556953.2
556988.2
557010.8
557105.6
557119
557322.8
557393.5
557419.8
557568.8
557580.8
557826.9
558143.2
558400.4
562176.8
562382.6
562510.1
562867.4
562944.6
563058.4
564353.7
564362.5
564836.1
564845.7
564874
564908
564955.6
565067.4
565158.1
565200
565252.7
565312.6
565340.9
565496.1
565556.2
565569
565634
565874.3
565887
565891.4
565916.9
565930.5
565949.7
566116.9
566126.5
566175.6
566217.3
566238.5
566364.8
566463.4
566566.3
566616.2
566623
566660.8
566715.5
566800.4
566824.3
566885.7
566930.1
567000.8
567055.2
567217.2
567367.5
568514.7
570820.7
570892.9
578227.3
578483.7
582350.3
582422.1
582564.4
582613.5
582623.1
582672.7
582691
582723
582752.1
582756.4
582772.3
582784.2
582915.3
582982.4
582998.6
583070.9
583094.5
583138.8
583188.6
583246.3
583283.4
583292
583336
583365.4
583560.4
583588.3
583593.8
583628.6
583654.8
583753.3
583755.3
583819.8
583838.2
583855.4
583896.6
583902.4
583959.6
583967.3
584054.9
584069.4
584098.5
584105.5
584130.1
584137.8
584148.2
584201.5
584254.8
584276.4
584300.7
584320.1
584534
584566.2
584698.3
584895.2
584943.2
584954.2
584959.1
584975.2
585004.2
585009.9
585065.1
585135.9
585241.8
585249.5
585292
585292.7
585308.1
585322.3
585393.7
585415.7
585459.5
585483.9
585523.9
585555.1
585615.5
586152.6
586276.6
589448.1
596297.9
