1463.1
1497.9
1564.1
1587
1629.5
1696.9
1698.3
1729
1803.3
1848.2
1903.4
1931.2
1940.2
2056.3
2057.9
2108.1
2151
2274.8
2397.5
2430.7
2435.6
2480.5
2658.5
13890.1
23834.2
24908.7
25551.7
25893.4
25927.7
26623
26687.8
27290.5
27334.3
27457.1
27709.4
27726.7
27819.6
28335.6
28629
28975.8
29925.2
30019.5
30622.4
34635.4
34700.6
34918.7
34934.7
35121.6
35137.4
35159
35172
35186.8
35194.7
35315.5
35372
35395.3
35397.1
35399.4
35438.8
35455.7
35477.5
35489.6
35526.4
35562.4
35598.4
35609
35637.7
35649.4
35687.7
36124.6
47643.6
48118.9
48245.9
48268.2
48299.1
48450
48466.1
48614.3
48766.2
48779.9
49258.4
49306.9
49339.3
49597.5
49656.1
49687.5
49787.9
49856.7
49898.9
49942.4
49950.8
49968.5
49981.8
49991.1
50128.4
50183.7
50305
50363
50393.5
50401.9
50425.5
50631.2
60396.4
60492.2
60975.7
61936.6
61990.9
62183.2
62189
78491.9
79138.6
79284.3
79446.4
79451.4
79700.8
79893.7
80052.6
80472.5
80551.4
80868.6
80896.6
81216.4
81701.4
81705.2
82282.3
82311.4
83127.3
83849.5
83861.4
83896.6
83938.1
84008.8
84089.6
84133.7
84236.5
84329.2
84344.8
84396.9
84710.9
84979.5
85020.8
87080.6
88397.3
89088.4
89103.8
89534.1
89597.3
89653.3
89783.7
89791
89845.9
89944
90037.8
90058.9
90143.2
90168.2
90191.6
90196
90217.1
90298.3
90327.1
90349.3
90438.2
90441.6
90537.2
90547.7
90580.5
90651.9
90664.1
90724.2
90736.5
90807.6
90925.1
94037.7
98902.2
104094.3
106239.3
106385.1
106429.6
106441.5
106502.7
106515.2
106596.1
106621.1
106692.2
106756.4
106770.9
106794.4
106825.9
106860.4
106871.2
106952.7
106995.7
107019.7
107116.1
107118.4
107286.8
107296.8
107321.2
107380.1
107409.7
107564.2
107618.9
107793.1
108883.2
109607.8
110727.6
162506.6
174641
175025.2
176154.4
176183.4
176207.8
176937.5
176949
177128.3
178396.4
178574.8
183582
183594.2
183722.5
183757.4
183796.7
183834.5
183859.5
183866.1
183944.9
183988.1
184066.7
184091.3
184152.8
184158.7
184167.8
184229.6
184240.6
184269
184315.9
184330.5
184334.9
184438.5
184572.4
184586.1
184600.6
184646.8
184723.2
184915.5
185015.7
185198.3
185531
185678.8
186143.4
186731.8
186856.6
186984.2
223840.9
224532.4
224671
224683.3
224922.6
224985.9
225017.8
225075
225119.9
225177.5
225199.1
225334.6
225383.5
225395.1
225416.5
225447.8
225496.8
225630.2
225811.4
225853.8
255438
255962.4
255973.5
256030.4
256207.6
256224.4
256252.6
256307.5
256317.3
256428.7
256443.1
256480.7
256495.9
256506.9
256552.2
256589.3
256634.6
256650.8
256865.7
256881
256908.6
256929.3
257014
257067.7
257141.2
257266.3
257323.1
257350.6
257438.2
257445.4
257559.9
257560.4
257571.6
257630.8
257635.1
257672.2
257728.3
257940.2
257959.8
257983.1
258024.8
258057.9
258074.2
258129.3
258133.3
258162.5
258183
258203.5
258270.5
258279.4
258296.3
258307.1
258313.1
258437.2
258533
258552.7
258593.6
258618.4
258665.7
258688.3
258745.2
258767.1
258773.6
258904.8
259063.3
259074.8
259081.2
259135.1
259179.2
259187.4
259209.6
259307.4
259322.8
259385.8
259455.2
259455.5
259475.1
259577
259660.8
282828.4
282969.6
283149
283225.1
283593.4
283749.6
283772
283777.7
283784.4
284090.2
284473.6
285080.2
286058.2
286107
286432.7
286794.2
286885.8
286941
286942.5
286950.4
287026.6
287132.1
287165.3
287170.7
287257.4
287365.4
287372.3
287393.5
287400.6
287431.1
287477.7
287535.2
287553
287571.7
287577.3
287609.6
287624.1
287641.4
287673
287673.9
287711.8
287712.1
287767.8
287778.6
287817.7
287858.1
287948.5
287969.7
287972.9
287998.9
288035.4
288120.1
288134.1
288139.6
288184.5
288269
288418.2
288481.3
288482.1
288492.5
288493.5
288500
288513.3
288525.1
288594.4
288599
288614.1
288698.4
288715.1
288886.7
288923
289185.3
289223.1
289708.5
289713.4
289831.8
289898.8
289956.9
290008
290165.2
290168.4
290257.7
290389.6
290395.4
290457.4
290491.6
290492.5
290524.2
290539.8
290739.7
290756.2
291035.7
291068.5
291183.2
291253.4
291292
291421.3
291458
291504.2
291531.2
291583.5
291700.9
291862.9
291892.7
291993.9
292139.5
292256
292297.4
292358.8
292376.7
292634.9
292678.7
292733.5
292758.9
293001.1
293047.3
293104
293149.5
293212.8
293230.6
293264.7
293270.8
293416.3
293549.5
293657.4
293770.9
293823.4
293843.1
293970.8
294082.8
294100
294111.5
294131
294144
294185.9
294265.5
294353.4
294355.9
294391.8
294500.2
294505.7
294590.6
294610.9
294686.5
294796.1
294802.8
294804.7
294836.7
294965.9
295036
295039.1
295102.6
295214.1
295275.4
295300.4
295330.6
295696.6
295743.9
295755.7
297845.7
299240.3
299555.6
299919.5
300319.2
300384.7
336962.1
337265.4
337435.2
337541
337723.5
337943.6
349696
350166.7
350262.7
350347.7
350672.9
350844.8
350999.8
351023.1
352933.1
353124.6
353255.5
353339.5
353420.2
353500.8
353538.7
353616.7
353680.4
353682.6
353776.2
353791.1
353859
353868.4
353896.1
353919.8
353975.8
354026.6
354034.9
354059.1
354075.7
354080.7
354127.4
354192.5
354212.2
354221.6
354269.4
354339.6
354382
354427.7
354459.9
354504.1
354524.7
354704.1
354828.8
354967.5
355215.7
355381.7
362454.2
365715.1
365764.5
366446.2
366465.8
366684.1
366842.9
367377.1
367695
367772
367838
367902.8
368151.3
368161.7
368274.4
368284.3
368377.5
368415.7
368456.1
368533.8
368544.1
368749.3
368755.8
368786.9
368866.2
368991.7
369001
369109.4
369187.3
369333.3
369591.5
369593.7
369624.4
369708.2
369778.1
369850.1
369854.8
369876.7
369920.1
369947.1
370105.9
370181
370265.8
370281.2
370339.4
370361.1
370463.9
370549.4
370559.4
370584.1
370690.9
370754.6
370764.6
370771.2
370785.3
370904.1
370932.6
370960.5
370967.7
370990.9
371004
371012
371037.8
371038.7
371191.2
371216.5
371245.3
371292.2
371418.6
371431.3
371447.9
371623
371671.8
371676.8
371729.2
371773.2
371822.1
371922.2
371947.9
371967.8
371998.6
372024.2
372135.5
372174.3
372188.6
372210.3
372231.9
372307.7
372362.6
372439.2
372478.4
372504.8
372518.1
372522.3
372580.4
372641.6
372814.8
372828.2
373107.5
373338
422088.3
422460.4
422905.9
422942.9
422992.6
423104.6
423236.7
423243
423530.3
423545.3
423727.1
423778.2
423800.5
423858.3
423888.6
423947.2
423990.7
424131.1
424192.8
424331.5
424418.7
424529.4
424531.9
424707
424739.9
424779.6
424790.9
424799.9
424939.6
425002.4
425092.3
425094.7
425236.7
425361.5
460577.1
461168.3
461170.9
461386.1
461390.5
461548.2
461663.4
461953.6
462029.5
462062.7
462087
462244
462339.5
463522.4
463671.3
464019.1
464063
464088.2
464117.4
464329.9
464503.4
464570.9
464856.1
464913.3
464948
513317.4
513423.1
513449.4
513816.1
513881.6
513968.5
514096.1
514245
514389.2
514394.6
514646
514753.7
514803.9
514870.7
515012.3
515073.6
515078.2
515117.5
515174.1
515213.1
515248
515272.4
515386
515409.4
515440.6
515465.8
515654.1
516057.1
516458.6
516563.8
516575.9
516666.3
516794.1
516804
516805.2
516812.3
516814.4
516853.1
516886.3
516930.6
516996.6
517025.6
517062.1
517077.6
517219.3
517636.6
536123.3
536868.6
537104.7
537366.3
537887.1
537889.8
537918.3
537926.5
538040.6
538088.4
538294.6
538409.6
538499.3
538702
538708
538792.1
538854.3
538980.3
539358
539470.3
539689.1
540115.4
547975.2
568046.1
568059.2
568127.7
568249.5
568555.5
568674
568705.9
568773.4
568855.9
568861
569217.6
569349.9
569435.1
569446.2
569921.7
569996.6
570038.6
570467.1
570540.1
570590.7
570636.1
570757.8
570824
570867
570908.2
570969.6
571117.1
576188.1
576262
576303.2
576307.9
576533.1
576784.3
576824
577150
580254.7
581295.2
581724
582074.8
582144
582344.5
582413.7
582441
582526.5
582539
582559.6
582565.6
582613
582662
582663.7
582687.9
582725.4
582756.1
582800.6
582861.8
582874.6
582889.4
582909
582952.1
582993.9
582999.6
583012.5
583068.8
583220.6
583279.3
583330.6
583333.8
583363.6
583404.6
583416.3
583506.7
583538.9
583563.6
583662.7
583701.2
583981.3
584038.3
584075.1
584107.3
584158.3
584167
584195.3
584206.1
584227.6
584301.2
584421.7
584428.2
584486.1
584513.6
584552.4
584563.7
584589.1
584600.9
584624.3
584631.8
584843.4
584883.2
584889.3
584913.3
584956.2
585017.1
585055.6
585083
585178.1
585222.4
585234.9
585240.2
585245.8
585290
585324.2
585361.3
585413
585432
585462.7
585472.2
585484.1
585604.9
585611.8
585708.3
585742.2
585760.4
585762.7
585796.9
585998.3
586094.8
586126.2
586261.4
586283.2
586319
586367
586454.4
586475.7
586513.7
586645.9
586646.8
586780.1
586841.7
588153.7
