10710.4
10883.7
11028.3
11116
11130.2
11168.2
11207.8
11255.3
11298.3
11332.2
11460.6
11522.2
11621.8
11725.7
21622.2
21688.8
21896.6
21993.6
22108.4
22188.5
22245.9
22383.5
22451.7
22468.6
22511
22541.9
22590.3
22603.8
22625.3
22743.9
22815.8
22879.7
22895.4
22913.7
22921
22967.3
23043.8
23236.2
23349.1
43226.6
43348.7
43443.1
43491.7
43515.2
43559.6
43584.1
43605.1
43613.8
43633.3
43642.5
43693
43762.7
43786.2
43879.9
43893.3
43894.1
43948.3
43990.3
43992.7
44058.3
44109.7
44212.1
44281.4
44285.4
44342.5
44388.2
44458.6
44509.6
44627.7
44663.9
45032.4
45132.1
45293.6
51086.8
51399.6
51565.9
51737.1
51812.4
51955.2
52061.9
52218.3
52307.5
52375.6
52380.4
52421.1
52423.3
52487.1
52512.7
52569.1
52612.1
52708.9
52713.4
52738.8
52886
52888.9
52905.3
52982.6
53035.4
53040.4
53090.8
53096.2
53165.2
53369.9
53412.1
53437.4
53454.8
53561.7
53599.8
53662.8
53676.1
53719.2
53721.5
53802.2
53900.1
54135.7
54189.2
54227.9
54256.9
54323.8
54412.5
54433.6
54445
54493.1
54497.2
54584
54667.8
54756.7
54797.1
54799.7
54813
54825.2
54866.7
54874.4
55090.5
56324.3
56390.4
59901.5
63105.1
63191.6
63524.4
63711.8
63777.6
63808.6
64016
64104.6
64104.8
64175.3
64192.8
64352.7
64392.9
64447
64461.8
64557.5
64636.6
64736.1
64742.4
64760.5
64764.6
64778.9
64799.5
64988
65010
65094
65235.8
65238.8
65363.2
65676.5
65831.1
66079.1
66090.8
66834.4
67028
67050.8
67062
67125.3
67519.3
67570.3
67573.3
67704.5
67719.9
67795.7
67795.8
68245.4
68356.9
68505.8
68553.9
68629.4
68838.8
69079.7
69182.9
93009.7
96460
96464.3
97522.6
97844.3
99598.3
99643.8
100003.1
100502.6
100624.6
100680.6
103789.1
118566.8
118665.6
118719
118756.2
118780.7
118883.4
118911
118990.4
119048.9
119077.4
119108
119113.7
119205
119256.1
119318.1
119351.2
119379
119396.7
119401.8
119437.7
119486.6
119489
119516
119523.3
119564.4
119571.3
119635.8
119685.5
119736.4
119780
119789.3
119846.7
119856.4
119856.6
119904.2
120041
120137.2
120180.9
120183.6
120240.7
120378.6
120590.6
120630.6
120674.2
124542.1
124555.9
124704.4
124767.1
124942.1
124993.5
125099
125256.9
125265.7
125317.6
125360.2
125373.7
125385
125482.2
125484
125500.2
125546.7
125556.1
125588.8
125661.7
125712
125802.5
125886.6
125909.9
125940.9
125950.2
125958.4
125967.9
125975.9
125983.1
125992.6
126015.1
126062.5
126112.4
126248.5
126268.5
126289.2
126379.3
126541
126873.1
126957.6
127143
127217.9
127267.7
127321.7
127372.9
127388.9
127390.3
127463.8
127604.1
127770.8
127899.9
127916.9
128103.8
128193.3
131721
131872.1
131899.6
131969.3
131974.9
131980.1
132030.6
132272.3
132365.8
132448.9
132477.6
132479.9
132612.6
132853.1
132858.5
132957.9
132976.3
133190.8
133434.8
133490.3
133568.8
133798.3
133961.9
134171.6
134245.4
134306.7
134583.3
134763.5
134801.9
134858.1
135058
135105.1
135230.7
135333
135368.9
135473.2
135644.3
135734.7
136077.2
136088.7
136131
136200.6
136304.9
136305.6
136565.7
136731.3
136837.4
136864.3
136916.4
136920.1
137060.4
137346.4
137509.4
137555.5
137970.2
138141.2
138218.9
138219.5
138348.5
138429.5
138564.5
138591.8
138643.3
138702.2
138746.6
138851.7
138885.8
138960.6
138988.9
139047.7
139133
139154.8
139183.5
139315.3
139428.8
139471.5
139566.7
139605.4
139630.4
139764.9
139916.1
140058.9
140122.7
140401.8
142760.3
143012.8
143014.8
143200.8
143733.2
146190.3
146446.2
146483
149252
150508.3
151285.6
151378.8
151439
153709.5
155122.6
155264.5
155328.9
155480.6
157111.4
157342.4
157625.3
160813.6
160894.8
161054.9
161467
161481
161481.7
161508
161531.7
161554.4
161620.3
161666.8
161719.7
161721.1
161877.5
161877.7
166860.5
175470.8
179160.2
179335.9
179336.5
179447.4
179475.5
179488.2
179680.2
179732.7
179939
180273.4
180278.2
180300.9
180304
180321.8
180342.6
180369
180382.3
180412.7
180428.7
180548.1
180769.2
180797
181292
181574.7
181578.2
181902.4
182218.3
192837.1
193110.6
193285.3
193491.2
193548.4
193672.7
193867.8
193940.8
194036
194106.5
194286.3
194463.2
194606.1
195069.5
195131.8
195134.1
195202.3
195262.6
195335.9
195395.3
195543.2
196057.6
197260.3
197354.2
197912.5
200215.1
200819
201679.6
202213.3
202223.6
203653.3
205111.7
205431.4
205771.5
205877.8
206196.6
206224.6
206232.9
206322.9
206478.5
206841.5
206986.8
207029.1
207113.3
207135.3
207202.9
207309.7
207336.4
207641.3
207818.3
207870.4
207956.6
207961.3
208036.7
208073.2
208149.5
208167.3
208201
208293.5
208352.1
208366.8
208460.1
208531.8
208535.7
208539.2
208561.7
208675.8
208783.1
208972.6
208999
209033.7
209037.2
209122.8
209144.4
209163.9
209198.3
209345.3
209351.2
209473.7
209538.9
209580.5
209604.3
209888.4
209944.9
209962.7
231763.7
231777.4
231781.1
231995.5
232086.9
232090.3
232114.2
232163.3
232179.8
232206
232303
232394.6
232520.9
232547.9
232595.8
232605.6
232736.4
232753.8
232765.5
232780.9
232855.4
232859.5
232864
232905.2
232933.3
232936.4
233033.6
233080
233111.3
233116.3
233124.1
233155.6
233172.5
233208.6
233270.1
233275.6
233348.1
233372.4
233403.2
233412.2
233445.8
233485.2
233542.4
233578.7
233650.3
233668.7
233712.3
233713.4
233794
233864
234020.9
234029.2
234089.1
234215.4
234945.7
235230.3
235707.3
235721.2
236153.4
236228.2
236478.9
236960.7
237117.9
237309.8
237333.3
237349.5
238306.8
240811.9
241208.5
241426.3
243342.7
243496.4
243575.9
243632.8
243673.8
243809.9
243816.6
243817.3
243886.8
243898.8
243942.9
243974.4
244008.1
244083.4
244261.2
244266.2
244272.1
244303.1
244364.2
244369.1
244423.6
244427.6
244440.9
244456.4
244470.4
244477.3
244567.1
244585.9
244672.2
244767.5
244845.2
244938.2
245121.9
245184.2
245238.1
245323.3
245337.6
245432.3
245438.9
245465.2
245617.4
245632.3
245698.1
245707.2
245779.6
245857.5
245866.8
245945
245969.3
245979.5
246076.2
246077
246103.1
246201.9
246287.4
246298.5
246379.3
246464.8
246505.8
246558.8
246571
246673.8
246690.9
246736.8
246777.9
246902
246926.1
246941.1
246996.3
247036.6
247080.7
247268.8
247632.6
247908.7
248199.2
248316.7
248939.5
249171.2
249279.7
249337.6
249480.8
249777.5
249819.9
249885.7
249892.1
250012.2
250054.7
250076.6
250333
250959.5
272684.7
272852
272903.3
273011.8
273023.5
273030.7
273035.1
273052.3
273100.6
273138.1
273187.6
273215.5
273236.3
273270
273298.7
273340.3
273351.8
273359.3
273390.7
273475.9
273481.3
273493.6
273505.2
273530.1
273572.1
273638
273651.9
273681.4
273684.4
273690.8
273825.6
273872.1
273873.9
273881.4
273888.4
273914
273926.5
273935.9
273952.8
273999.5
274006.7
274050.9
274087.7
278871.4
278963.5
280709.8
280741.4
280760.2
280925.4
280929.9
280948.8
280978.1
280978.3
281006.6
281049.3
281055.8
281072.5
281108.7
281140.4
281150.9
281304.6
281321.7
281410.9
281426.4
281457.9
281473.8
281485.3
281506.2
281557
281571.9
281662.4
281770.7
281819.3
302304.7
302974.3
303406.6
303472
303523
303564.7
303613.9
303640.5
303739.8
303754.6
303759.2
303777
303924.1
303946.8
304029
304223.9
304229
304294.1
304325.6
304368.1
304404.7
304752.1
304770.3
304924.4
305118.9
305152.9
305264.6
305355.6
305418.8
305440.6
305674.7
305698
305745.7
305787.5
305944.7
308840.4
308915.7
309371.4
309465.1
309575.2
309740.4
309766
309852.5
309935.6
310012.6
310248.8
310258.3
310313.9
310373.3
310615.7
310841.4
310881.8
326487
326627.2
326651.9
326655.6
326662.4
326678
326680.7
326748.7
326905.2
326955.2
326958.7
327052.3
327226.8
327411.4
327412.3
327495.1
327554.4
327625.3
327822.6
327829
327912.8
328004.1
328030.6
328430.6
328467.8
328643.9
328831.8
328995.9
329054.5
329334.3
329338.6
329397.8
329450
329539
329589.2
329590.1
329660.2
329691.7
329734.4
329738
329791.7
329813.6
329848.2
329919.5
329943
329963.8
330017.8
330039.7
330255
330371.5
330372.8
330384.3
330428.1
330487.9
330519.7
330532.8
330589.4
330646.1
330890.9
330931.8
331057.9
331107.1
331128.7
331324.4
331436.1
331519.4
331653.8
331827.7
331882.7
331885.9
346973.3
374399.2
374442.6
374470.3
374480.4
374521.8
374539.8
374556.4
374599.6
374654.2
374661.6
374665.2
374736.5
374749.6
374838.3
374856.9
374912.4
375008.2
375111.9
375140.1
375226.3
375232.5
375319.4
375340.1
375554
375614.8
375713.1
375726.5
376196.8
376627.3
376906.6
377350.1
377679.1
377911.8
377964.7
378311
378645.1
379631.2
380070
380318.2
380372.4
380561.1
380919.6
380947.6
381215.7
382301.5
383133
383221.2
383565.9
384981.7
387282.1
393231.6
394360.3
394559.3
395163.5
395286.1
395307.7
395372.5
395922.4
396451.7
396570.7
396739.1
396767.3
396834.8
396862.2
396865.6
397031.8
397220.1
397228.3
397402.9
397411
397520.5
397667.3
397768.4
397808.1
397882.4
397885.2
397889.4
397891
397936.6
398157.2
398200.6
398339.8
398422.7
398546.4
398601.8
398653.5
398935.9
399059.7
399074
399135
399137.7
399143.4
399211.3
399869.2
402625.5
402961.3
402988
403148.9
403264.6
403319.9
403320.4
403531.4
403699.9
403745.1
404067.2
404242.1
404461.1
408216.8
409761.1
410196.1
410731.9
412968.3
413429.8
413454.9
413578.3
413688.4
413823.6
414226.3
414264.2
414317.9
414667.3
415106.7
415147.7
415235.2
415567.4
415881.4
416589.4
417209.9
418080.8
418678.7
418683.5
418699.5
418720.1
418730.2
418810.5
418900.3
418930.5
419033.3
419084.9
419236.4
419372.2
419442.1
419723.8
419755.8
419826.3
419829.3
420721.4
429806.7
430050.2
430124.8
430155.9
430243.4
430289.6
430402.7
430442.8
430550.9
430780.8
430802.2
430866.3
430870
431031.2
431032.2
431123.2
431162
431179.2
431242.2
431306.2
431468.3
431504.2
431556.2
431594.1
431674.4
431816.3
431853.6
432239.4
432929.4
433012.1
433097.4
433158.9
433290.3
433333.4
433455.3
433538.3
433606.5
433880.8
433968.5
434033.2
434089.7
434452.6
434687.1
434737.7
434738.1
434795.9
434811.9
434883.5
434979.3
435040
435048.8
435229.8
435241.5
435311.5
435627.1
435700.3
436021.6
436274.9
436494.9
436549.7
436561.5
436698
436732.4
436859.2
436869.9
437153.4
437706.7
437722.6
438023.2
438251.9
438285.2
438349.8
438360.4
438484.5
438547.3
438589.2
438672.4
438708
438886.7
439071.7
439221.4
439368.7
439655.2
439696.3
439822.9
439832
439838.3
440083.8
440168.6
440271
440612.7
440675.6
440737.9
440749.9
440801.4
440880.6
440889.9
440924.4
440934
440940.6
441000.8
441004.9
441078.1
441079.1
441137.4
441153.9
441296.9
441310.2
441332.1
441338.2
441353.3
441401.8
441507.8
441519.1
441570.3
441572.9
441667.7
441671.2
441863.7
441870
441939.2
441959.2
441990.3
442007.2
442012.6
442052.5
442109
442150
442185.5
442222.5
442243.2
442442.4
442516.4
442518.7
442561.9
442589.2
442732.1
442769
442792.6
442803
442840.7
442901.6
442949.1
443066.3
443130.8
443215.1
443316.1
443450.2
443587
443601.4
443751.9
443994.1
444271.6
444324.4
444444.2
444472.7
444568.2
444675.8
444820.1
444835.4
445014.1
445095.3
445178.5
465845.2
465988.3
466260.4
466651.6
467014.5
467555.8
467557.8
467577.6
467650.1
467800.3
467840.2
467857.7
467948.9
468015.4
468174.9
468212
468437.4
468465.6
468523.8
468606.9
468726.8
468823.3
468871.1
469000.5
469153.2
469206.8
469291.5
469305
469309.4
469413.6
469454.8
469560.9
469596
469701.1
469856.7
469926.5
469970.9
470025.2
470051.2
470081.3
470082.5
470099.8
470134.5
470189.5
470236
470282.9
470365.4
470404.8
470467.1
470473.8
470519.7
470564.7
470589.8
470638
470651.8
470663
470674.3
470681.3
470718.8
470725.9
470764.4
470842.5
470882.4
470973.8
471050.6
471287.6
471384.6
471469
471508
471528.6
471543
471714.5
471999.5
472006.7
472053
472094.4
472428.9
472482.2
473783.3
474708.2
474887.7
475022.8
475373.4
475671.9
475821.9
475942.3
475955.7
476412.3
476566.6
477111.5
477342.5
477894
478055.5
478163.6
478261.3
478573.4
478706
478920.5
479261
479380.8
479527.9
479578.6
479637.3
479712.7
479794.2
479821.1
479847.2
479912.3
479915
480108.2
480200.2
480345.5
480546.4
480634
480842.5
480989.2
481031.1
481155.3
481173.4
481182.9
481306.5
481516.6
481873.4
481924.4
482144.9
482238.1
482367.1
482382
482513.7
482588.1
482702.6
482914.4
482927.7
482985.5
483040.7
483051.8
483064.2
483085.9
483088.7
483158.6
483350.8
483363.1
483434.4
483435.7
483438.7
483651.7
483664.4
483669.6
483674.9
483784.9
483973.5
484079.1
484086
484103
484180.2
484192.3
484202.2
484255.9
484314.6
484315.3
484316.9
484399.7
484611.9
484642.4
484647.3
484658
484755.8
484802.8
485060.7
485071.2
485087.1
485124.4
485233.4
485303.8
485325.5
485333.5
485416.1
485421.9
486156.4
486360.3
486547.7
486844
487316
488255.2
488927.5
489351.5
490628.6
490806
491656.2
492440.6
492666.8
492732.9
493650.4
493948
494345.4
495741.4
496132.9
497927.6
498083.8
498805.6
500207.2
500304
501581.6
503003.1
503340
504291
504876.7
505224.3
505457.1
505534.3
505535.6
505554
505709.6
505936.2
505936.6
506671.1
508126.5
508172.2
508224.1
508501.3
508666.3
508673.9
508926
509108.6
509109.4
509779
509821.1
510030.2
510087
510242.7
510506.5
511061.9
511145.7
511301.8
511368.4
511380.7
511406.9
511430
511454
511521.3
511598.5
511638.8
511661.8
511855.3
518953.9
519298.1
519339.6
519405.5
519408
520379.9
521178.5
521825.4
521830.7
524448.7
524624.4
524693.5
524760.6
525013.7
525252.8
525447.1
525478.8
525880.3
526045.5
526163.4
526218.1
526240.1
526321.5
526489.6
526596.1
526632.1
526654.5
526669.7
526748.5
526763.8
526772
526837.2
526846.8
526978
527036.5
527042.2
527043.4
527176.9
527206.2
527216.4
527227.2
527293.7
527323.9
527329.3
527338.1
527348.6
527350.5
527424.1
527445
527501.1
527624.8
527633.1
527640.4
527677.4
527776.4
527790.8
527843.3
527902.9
527911.1
527999.7
528273.4
528288.9
528352.2
528352.8
528365.7
528485.7
528851.4
528991.9
529006
529148.4
529439.9
529867.8
540559
565053.2
565166
565278.8
565654.2
565658.9
566141.6
574851.7
576051.9
591726.1
591801.6
591992.9
592183.7
593278.5
594486.5
594744.7
594765.8
594790.2
594883.8
594924.9
594945.4
594992.1
595218.7
