1800.5
1839.8
1850.7
1918.5
1946.8
1954.4
2032.9
2039.4
2074.1
2092.5
2152.5
2185
8085.2
8181.2
8516.1
8531.3
8554.9
8671.9
8693.6
8708.8
8731
8792.1
8857.8
8897.4
8958.7
9015.7
9027.5
9054.8
9392.3
9396
9407.3
9413.4
9445.1
9470.1
9488.3
9510.7
9513.8
9565.6
9577.8
9620.4
9732.1
9750.8
9938.4
9946.3
9948.5
10002
10069.7
10088.6
10162.2
10225
10236.2
10273.6
10596
10651.1
12669.3
12697.5
12722.3
12735.9
12771.6
12877.7
12914
13120.2
13264
13334.7
13359.2
13415.3
13434.5
13735.3
13877
13951.6
14963.7
21518.3
22145.8
29935
30465.5
30974.4
34814.3
34854.9
34957.8
35075.6
35092.9
35121.5
35381.6
35387
35390
35440.4
35473.9
35778.5
40203.8
40234.4
40355.8
40430.4
40487.3
40488.5
40541.1
40598.2
40634.3
40748.2
40811
40846
40936.2
40997.1
41203.5
41273.2
41293.1
41331.5
42609.2
42644.8
42679.7
42739.1
42754.1
42922.2
42927.6
42961.2
42971.8
43027.7
43047.6
43070.5
43071.4
43131.4
43221.8
43231.2
43269
43273.8
44924.6
45154.7
45284.5
45395.1
45422.1
45431.3
45478.8
45484
45542.8
45588
45627.9
45651.6
45707.3
48875.4
48933.2
49445.6
49483.3
49530.6
49584.9
49654.9
49677
49726.6
49732.6
49814.4
49936
49969.5
49971.2
50044.3
50237.1
51300.2
51651.7
51722.4
51967.7
55207.8
55258.2
55260.6
55271.1
55288.4
55370.9
55446.2
55463.4
55463.6
55481.4
55501.3
55580
55607.7
55612.1
55657.4
55679.7
55706.9
55789.7
55789.8
55802.7
55837.3
55868.9
55873.7
55929.5
55965.1
55989.2
56099.1
56146.8
56193.2
56240.6
56268.6
56268.9
56296.3
56314.3
56378.1
56432.1
57566.7
57934.1
57958.7
58972.5
59223.4
62749.1
62764.6
62798.3
62970.3
63049.3
63096.1
63121.8
63137.2
63178.1
63211.2
63304.1
63467
63646.3
69032.5
73183.7
89597.4
89752
89846
89957.8
90193.8
90249.8
90260
90398.5
90493.7
90544.4
90562
90681.5
91541.6
92386.1
92440.5
92440.8
92466.9
92501.6
92563.6
92613.4
92621.7
92674.5
92676.6
92719.9
92741.7
92768.4
92848.1
92881.3
92883
92917.1
92943.4
92963.8
93006.8
93037.1
93093.5
93302
93353.8
93372
93859.4
93947.2
94269.9
94278.1
94427.6
94491.6
94548.1
94757.9
95078.6
95112.6
95215.2
95539.1
96368.7
96698.8
97307.5
97747.6
98103.3
98159.7
98376.4
98399.1
98893.7
99714.5
99974.4
100119.1
100466.2
100700.7
100856.3
100864.1
100949.7
101005.5
101759.9
101770
102119.2
102154.4
102429.4
102708.8
102879
102893.8
102945.2
103086.3
103120.1
103298.9
104790.3
106581.8
106607
106683.8
106858.6
106934.4
107042.2
107183.3
107224.3
120735.9
120761.4
120784.2
120797.3
120869.6
120883.4
120910.2
121029.6
121045
121054.5
121102.3
121129.5
121131.6
121134.3
121141.5
121153.2
121174.1
121285
121343
121409.1
121430.5
121484.3
121496.7
121536.9
121560.9
121571.3
121659.6
121708.1
121724.7
121763
121834.6
121915.8
121948.3
121952.8
122027.9
122030.1
122062
122087.1
122178
122204.2
122204.3
122211.2
122265.7
122303.6
122313.2
122335.2
122342.7
122347.8
122385.5
122490.1
122566.4
122574.3
122609.1
122684.4
122789.4
122795.1
122889.9
122920.7
122934.7
123041.8
123136
123247.9
123249.7
123356.7
123516.1
123591.3
123608.5
123615.5
123615.8
123658.1
123682.7
123706.5
123717.7
123756.7
123760.9
123802.2
123828.2
123837.5
123855
123870.5
123889.3
123907.7
123937
123995.8
124013.8
124026.9
124064.3
124091.1
124108.6
124129.1
124132.5
124209
124231
124315.6
124467.7
124541.2
124542
124615.8
124667.8
124817.3
128149.9
128629.7
128662.6
130437.4
130479
130682.1
130778.6
130806.2
130817.2
130863.4
130897
130925.3
130928.6
130966.3
130979
131016.3
131074.4
131101.1
131142.3
131144.2
131147.5
131228
131267.1
131352.7
131375.2
131406.1
131406.2
131454.7
131598.1
131627.2
131702.2
131795.6
132917.2
133170
133188.1
133428.9
133652
133909.4
134030.8
134052.9
134357.8
134571.5
137315.6
139804.3
139955.6
140861
140863.4
141105.1
141188.4
141292.3
141316.6
141497.9
142029.9
142234.1
142283.9
142472.1
142595.9
142783.9
142934
142994.8
143194.6
143388.3
143393.1
143446.8
143488.3
143943.7
143950.1
146123.2
149027.6
150375.1
150550.6
160759.1
163045.2
163126.1
163205.3
163405.7
163409.3
163432.6
163518
163529.9
163583.1
163653.9
163661
163694
163839.4
163847.3
163903.6
163942.6
164045.7
164133.6
164135
164174.7
164266.6
164294.1
164297.8
164404.2
164547.8
164600.2
164645.4
164705.7
164722.7
165377.7
165393
166043.9
167008.9
167014.2
167215.7
167241.2
167311.1
167361.7
167369.3
167413
167440.1
167505.3
167537.1
167550.5
167557.2
167562
167597.6
167834.9
167919.4
167924.4
167926.1
167937.4
167944.8
167948.1
167948.7
168010.1
168015.3
168062.9
168188.5
168600.5
168602
168653.1
173879.2
173894.4
173913.7
173924.8
173998.2
174004.6
174096.5
174173.1
174470.5
177833.1
177961.5
178129.6
178893.6
179094.6
179184.7
179228.2
179309.4
179410.2
179599.9
179658.5
179948.5
180489
180760.5
180954.1
181129.6
181134.5
181167.3
181203.7
181221.4
181270.7
181401.9
181429.8
181519.4
181548.2
181561.3
181684.2
181766.3
181776.3
181794
181838.6
181894.9
181919.3
182077.3
182080
182223.8
182246.6
182379.7
182389.2
182457.6
182468.1
182483.2
182536.3
182579.9
182734.4
182759.3
182780
182889.8
183808.8
183841.7
183917.7
184051
184128.4
184201.3
184207.3
184208
184208.6
184209.1
184212.2
184214.7
184221.3
184286
184292.1
184303.5
184354.3
184355.8
184376.8
184430.4
184431.8
184455.1
184513.1
184573.4
184600.4
184609.9
184761.2
184784
184834.4
188000.8
188492.8
188577.7
188580.3
188615.8
188703.4
188704.5
188718.8
188733.9
188860
188894.8
188925.5
189001.9
189010.1
189010.5
189021.9
189045.9
189048.2
189115
189124.2
189168.5
189198.5
189268.3
189316.4
189326.9
189385.9
189403.1
189544.1
189554.9
189634.8
189787
190456.3
190490.3
190671.8
190709.4
190747.5
190848.7
190873.4
191265.2
191524.6
191581.2
191714.2
192276.5
195891.4
195932.2
195962.4
195990.1
196054.5
196055.9
196082
196262.2
196266.1
196284.7
196301.3
196334.7
196339.8
196403.1
196457.7
196470.4
196490.2
196490.5
196529.3
196605.5
196632.3
196654.6
196704.9
196731.7
196736.5
196804.8
196854.5
196912.1
196981.8
197075.1
197137.1
197211.6
197218.7
197223.9
197243
197291.1
197303.4
197345.2
197389.9
197406.6
197436.2
197469.9
197524.3
197576.4
197592.4
197594.8
197630.4
197743.9
197772.4
197795
197811.2
197823.6
197860.6
197891.7
197960.8
198108
198256.2
198449.3
198499.4
198521.1
198530.8
198556.5
198614.8
198656.3
198780.9
198879
205750
205976.1
206269.1
206279.8
206318.8
207365.2
207483.7
225285.4
225757.9
230356.1
230428.7
230444.9
230504.7
230535.2
230546.4
230563.1
230604
230663.9
230676.8
230774.8
230788.5
230801.3
230813
230870.3
230957.4
234424
234536.9
234614
234626.6
234668.2
234766.8
234781.5
234804.4
234825.4
234830.2
234849.5
235120.1
235132.2
235258.8
235329.1
235330.5
235438.5
235496.4
235523.5
235593.2
235672.6
235744.8
235754.8
235767.9
235800.8
235886.4
235934.3
235936.8
235954.2
235988.1
236056.2
236265.5
236301.7
236385.7
236446.3
236526.2
236925.3
236963
237007.1
237031.6
237095.8
237196.7
237491.2
237664.9
237784.5
237843.7
237900.6
238007.8
238055
238060.2
238154.5
238192.8
238220.5
238242.5
238275.3
238295.2
238306.3
238356.1
238399.1
238412.9
238436.4
238623.4
238654.8
238668.2
238842.9
238848.1
238872.2
238906.8
238952.2
239076
239124.7
239180.9
239257.3
239311.4
239339.5
239379.6
239409.1
239481.6
239514.2
239648.1
239704.3
244923.7
247231.7
247265.3
247476.1
247509.6
247670.2
247785.1
247804.5
248019.6
248249.5
248468.6
252129.4
255969.8
256189.1
256191.3
256367.4
256391.5
256488.9
256615
256745.8
256798.7
256814.6
256957.6
257009.6
257049.6
257185.2
257190.1
257202.4
257213.8
257225.9
257379.4
257453.7
257501.8
257678.2
257813.5
257921.4
257971.9
258165.2
258357.5
258553.3
258710.1
258736.5
258770.1
258796.8
258859.8
258982.3
259011.1
259022.9
259027.8
259183.5
259269.6
259393
259401.7
259429
269084.1
269388.8
269617.6
269658
269707.2
269717.1
269739.1
269823.3
269844.6
269854.6
269956.7
269984.3
270086.6
270112
270133
270144.3
270161.6
270168.3
270184.1
270313.8
270416.9
270441.8
270464.7
270814.1
278290.7
279532.5
279697.7
279712.7
279743.9
279873
279918
280103.4
280128.3
280176.6
280179.2
280208
280268.5
280391.4
280393.8
280397.1
280434
280483.3
280505.7
280542.5
280595.5
280596.7
280660.3
280688.3
280785
280825
281817.8
281846.5
281871.5
281895.5
281904
281911.7
281976
281984.5
282008.6
282104.5
282166.2
282203.3
282231.8
282266.5
282326.7
282431.5
287310.5
287327
287339.5
287544.2
287551.4
287561.8
287587.3
287709.9
287713.4
287768.2
287817
287826.4
288003.9
288165.9
288408.3
288473.6
288535
288739.9
288972.6
289492.4
290587.9
290978
291100.5
291323
292169.8
292235.9
292335.5
292925.6
293158.5
293185.3
293243
293282.2
293430.6
293796.2
294187.9
294276.5
294345.5
294505.2
294524.3
294750.8
294797.6
294847.6
302548.5
302576.2
302657.2
304171.3
305310.9
305618.4
306058.5
306146.7
306185.1
306298.8
306369.5
306445.3
306477.8
306491.4
306515.3
306522.6
306526.3
306656.6
306680.6
306730.9
306735.5
306761.6
306769.3
306771.2
306771.8
306823
306892.1
307018.7
307081.4
307112.3
307125.2
307278.5
307331.8
307369.7
307395.1
307594.7
307665.8
307669.9
307828
307837.6
307865.3
308021.8
308143.4
308216.9
308551.3
326933
327339.9
327696.4
329334.7
334864.8
334945.6
335035.1
335116.4
335130.9
335402.2
335466
335536.2
335784.8
335848.6
335988.2
336021.7
336212.7
336519.7
342366.7
342633.7
343090.6
343137.4
343217.4
343364.4
343398.5
343436.8
343476.1
344469.6
344767
344945.7
346532.2
346722.2
346991.2
347200.8
347308
347357.4
347368
347375.8
347517.2
347545.9
347735.7
347767.8
347888
347937.1
347967.1
347976.6
348010.1
348112.3
348173.2
348231.7
348249.4
348315.1
348577.7
348634.9
348830.6
353743.1
353771.6
353774.2
353830.1
354001.4
354068.9
354225.8
354248
354272.9
354324.3
354325
354367.7
354391.8
354499.3
354521.8
354548.3
354806.2
354851.6
367392.5
368141.7
368260.6
368606.6
368985
368992.8
369023
369083.2
369142.2
369356.6
369375.2
369383.3
369388.9
369442.9
369497.1
369729.9
369744.2
369798.9
369858.2
369859.5
369874.8
369905.5
369925.8
370067.9
370079.5
370105.2
370230
370347.7
370437
370612.9
370659.7
370689.9
370921.8
370933.9
370959.3
371036.5
371065
371222.4
371231.5
371291.4
371297.6
371299.6
371400.1
371620.2
371689.8
371810.4
371849.8
371851.1
371945
371993.5
372016
372117.6
372428.4
372461.9
372498.3
372540.5
373580.6
373676.3
373780.4
373907.2
374070.5
374136.9
375711.8
375881.5
375903.5
375988.4
376007.7
376129.3
376133.1
376141.5
376182.1
376221
376355.8
376372.6
376380.7
376510.1
376626.4
376634.9
376639.9
376655.6
376786.4
376962.6
377332.5
377851.2
377940.5
378198.4
378283
378407.6
378489.6
378681.2
378683.1
378755.2
378881.8
379029.1
379173
379222.6
379398.2
379412
379522.7
379663.1
379682.2
379867.3
379867.4
379934.3
379972.8
379980.1
380287.4
380509.7
380622.3
380794.5
380964
380975.9
381032.3
381227.4
381233.3
381740.1
381856.5
382050.3
382094.7
382402.3
382468.6
382669.7
382934.9
382942.9
383017
383348.6
383432.3
383606.6
383850.2
383923.5
384086.1
384137.1
384517.6
384518.3
384524.4
384734.8
384917.6
385059
385073.2
385123.1
385255.7
385770
385809
385902.7
385924.2
385924.4
386109.5
386275.6
386602.5
386656.4
386740.9
386876.7
387303.6
387434.4
388184.5
388638.2
389374.8
389578.7
389595.3
389604.5
389725.5
389758.4
389758.9
389802.9
389824.8
389843.9
389870.7
389889.8
389903.2
389904.4
389945
390007.2
390022.7
390097.5
390203.5
390205.3
390219.3
390226
390242.5
390259.1
390265.9
390280.4
390295.3
390345.9
390389.8
390397.2
390413.9
390418.6
390425.3
390465.4
390524.9
390529.1
390581.5
390657.9
390697.3
390700.2
390794.8
390810.2
390893.3
390933.3
390942.9
390947.3
390974.7
391006.8
391016
391049.3
391066.1
391085.7
391152.5
391290.3
391394.5
391426.5
391429.2
391438.7
391446.1
391447.6
391452.6
391498.1
391510.5
391548.3
391589.6
391620.5
391751.6
391808.8
391845.1
391902.6
391935.5
391943.4
391969.8
391987.4
392053.1
392053.7
392105.4
392141.6
392232.9
392246.8
392265.2
392286.3
392345
392381.2
392475.4
392537.7
392565.9
392632
392755.3
392772.1
392941.6
393045.6
393167.3
393356
393666.4
393794.5
393861.9
394290.7
394310.9
395681.8
395919.9
396008
398787.8
398789.7
399192.9
399500.1
399515.4
399526.8
399563.4
399569.8
399612.8
399653.9
399688.1
399708
399762.5
399894.8
399906.8
399951.7
400019.3
400047.8
400048.7
400179.2
400289.2
400685.7
400766.4
400808
400837.5
400919.7
400930.3
401268
401292.1
401349.7
401618.1
401784.6
401829.1
401886.2
401939.7
402014.8
402037.9
402372.7
402515.8
402922.1
403055.9
404703.6
404820.5
405028.5
405076.2
405127.7
405228
405243.2
405447.6
405484.2
405557.2
405625.5
405720.3
405780.9
405792.8
405793.9
405850.8
405861.5
406044.8
406096.3
406356.4
406408.5
406429.1
406584.1
406898.5
407488.7
407506.3
407786.8
408078.7
408080.6
408138.8
408853.8
409333.5
409423.6
409470.7
409982.8
409991.8
410343.9
410426.3
410503.9
411211.6
411258.4
411589.6
411626.1
411728.6
411734.4
411844.9
411854.8
411885.3
411925.3
412013.5
412206.5
412213.6
412264
412322.1
412326.4
412332.5
412351.3
412385.5
412387.6
412391
412412.3
412466.2
412483.8
412501.7
412539.6
412612.3
412683.6
412699.7
412759.3
412791.2
412819.3
412821.3
412824.8
412836.5
412851.5
412891.9
412897
412927.5
412981.2
413006.2
413006.6
413010.4
413027.8
413028.9
413067.9
413135.7
413158.2
413236.4
413298.8
413356.1
413539.9
413657.6
413694.3
413770.2
413845.9
414050.6
414164.4
414476.1
414479.5
414911.3
415436.1
415678.5
415724.1
415761
415765.1
415845.6
415888.4
415944.8
416032.4
416034.4
416166.4
416205
416335
416357.4
416363
416388.2
416426.4
416438.3
416500.7
416601.1
416608.4
416743.4
416804.4
416822.6
416981.3
417032.4
417238.9
417259.5
417387.3
417436.5
417451.7
417579.5
417642.6
417692
417749
417951.6
418093.9
418330.6
418495
423292.5
423655.7
424022.4
424310
424358.9
424400.6
424492.7
424628.2
424634
424641.3
425654.7
426071.2
426127.7
427817.3
427855.8
427861.7
427876.9
428011.8
428051.6
428084.3
428099.6
428137.9
428252.5
428268
428322.8
428381.4
428395.9
428521.5
428524.6
429074
429310.3
429345.1
430994.7
431283.7
431677.5
431809.6
431869.1
431898.4
432019
432080
432111.3
432136.6
432162.6
432250.3
432315.4
432340.9
432343.1
432373
432421.3
432431.3
432442.6
432776
433332.5
433563.6
433753
433755.7
434120
434229
434818.4
435323
435373.9
435530.1
435690.2
435753.9
435880
436114.8
436187.8
436218.3
436251.7
436363
436445.2
436554.4
436761.6
436998
437172.6
437425.2
438970.6
439888.4
440196.9
440725.9
448462.3
448692.7
448772.5
448797.3
448943.3
448994
449012.9
449241.8
449406.8
449561.3
456077.4
456519.5
456599.2
456633.5
456773.7
456863.5
456964.4
456983.8
457001.3
457051.4
457097.3
457163.7
457310.6
457321.9
457379.7
457497.5
457556.2
457601.8
457706.7
457724.8
457920.1
465718.5
465747.9
465778.4
465934.1
465949.9
466141.8
472180.2
472200.4
472434.4
472496.9
472594.6
472611.6
472620.5
472733.6
472736.6
472831
472909.7
473046.4
473058.6
473071.3
473086.6
473101.6
473102.9
473127.4
473156.9
473158.2
473186.1
473211.1
473265.1
473357.6
473447.4
473485
473522.9
473627
473635.5
473704.5
473754.4
473798.7
473807.1
473840.6
473847.9
473884
473893.1
474082.2
474090.7
474217.2
474346
474380.9
474403.1
474504.9
474574.2
475242.1
476138
477165.3
478445
485273.5
485425.1
485545.4
485713
485849.7
485905.5
486020.5
486104.6
486126.3
486149
486167.1
486331.9
486501.6
486504
486577.3
486665.3
486694.8
486746.4
486780
486851.1
486913.7
486916.8
486986.6
486992.3
487031.6
487260
487306.9
487430.4
487498.1
487577.5
487637.6
487669.8
487702.3
487818.5
488083.6
488114.6
488115
488138.9
488191
488243.2
488271.5
488275
488281
488298.3
488377.1
488536
488721
488782.9
488796.3
488826.3
488878.7
489039.7
489073.7
489119.2
489144.2
489380.3
489418.6
489468.2
489516.9
489710.7
489841.3
489929.9
490059.4
490170.8
490221.7
490269.8
490392.5
490469.8
490476.4
490624.7
490778
490789.5
491149.8
491156.5
491227.8
491267.9
491276
491380.9
491814.9
491902.2
492001.4
492274.4
492452.9
492598.2
492654.9
492669.8
492901.3
492902.8
493084.6
493170.7
493231.9
493363.6
493829.2
494186.5
494276.9
494286.5
494337.1
494350.7
494361.7
494494.6
494500.1
494501.8
494686.7
494718.8
494833.9
494837
494936.2
494974.7
494988.7
495033.7
495044.8
495137.6
495198
495436.7
495540.3
495563.1
495642.5
495656.3
495661.3
495732.2
495848.2
495872.6
495890
495924.1
495941.9
496030.2
496105.3
496226.3
496227.8
496269.9
496484.6
496723.5
496944.7
496957.4
496957.7
496964.2
497053.3
497146.7
497147.6
497321.9
497500.9
497574.6
497615.6
497701.2
497714.3
497732.4
497862.2
497952.1
498145.3
498146.9
498263.6
498272.1
498363.3
498416.8
498427
498455.9
498502.8
498803.7
498940.9
499061.7
499099.2
499105.3
499124.4
499269
499288
499381.4
499473.1
499666
499673.5
499694.1
499703.1
499796.5
499809.5
499859.2
499973.6
499991
500039.8
500258.8
500352.9
500479.5
500520.4
500530.5
500583.1
500681.3
500766.6
500841.7
500847.7
500940.9
501054.2
501158.3
501162.7
501181.2
501397.6
501442.1
501466.9
501479.6
501616.3
501908.4
501908.7
501922.3
501984.2
502092
502244.2
502267.8
502325.7
502526.2
502983.2
503053.4
503080.4
503176.6
503276.1
503277
503289.5
503417.8
503524.9
503530.5
503635.1
503890
503988
504036.6
504143.9
504222.1
504243.4
504975.4
505179.1
505506.3
506240.1
506250
506251.1
506287.8
506503.4
506511.5
506541.1
506612.7
506760.2
506822.6
506839.9
506864
506939.3
506990.6
507234.3
507254.8
507271
507450.4
507457
507459.1
507485
507513.6
507686.7
507714.3
507772.3
507839.9
508184.5
516806.8
518030.3
518737.8
519092.7
519152.5
519191.5
519238.5
519281.9
519345.1
519606.2
519642.9
519663.4
519712.7
519918.8
519944.8
519947.3
519979.3
519995.4
520067.1
520086.7
520112
520119.9
520160.9
520229.2
520237.1
520266.3
520313.2
520315.3
520459.1
520483.9
520543.8
520607
520688.5
520691.1
520726.6
520744.8
520775.1
520854.2
520873.5
520882.5
520900.6
520947.6
520949.3
520958.3
520995.9
521002.4
521065.1
521163.2
521227.7
521262
521297
521308.2
521312.9
521356.9
521391.2
521407.7
521499.3
521543.7
521562.8
521563.2
521628.8
521648.8
521769.7
521770.4
521804.3
521841.4
521843
521933
521934.9
521981.2
521997.1
522000.1
522009.4
522010.2
522026.1
522060.5
522076.7
522144.5
522231.5
522236
522265.2
522361.8
522368
522378.5
522392.8
522437.2
522451.6
522517.3
522556.8
522694.5
522717.1
522747.7
522749.4
522750.5
522845.4
522884.8
522937.2
522956.1
522977.2
522986.2
523012.5
523065.9
523089.1
523098.7
523206.6
523237.3
523265.8
523330.7
523333.2
523433.2
523450.7
523491.9
523521.8
523539.4
523611.7
523625.4
523693.1
523708.9
523751.1
523775.1
523868.4
523962.5
524068.1
524076.2
524099.5
524107.3
524119.6
524181.5
524185.8
524228.2
524256.2
524280.9
524316.7
524333.2
524359.7
524369.2
524395.9
524402.2
524519.9
524534
524548.9
524605.7
524665.2
524731.7
524751.5
524764.2
524835.8
524865.1
524866.1
525095.7
525128.1
525136
525160.2
525196.8
525260.9
525330.4
525336.3
525987.2
530484.2
530873.5
532060
532249
532258.8
532280.4
532364.5
532398.5
532408.6
532466.8
532483.7
532525.2
538232.7
538717.9
542494.8
542710.3
543095.3
543311.8
544013.2
544231.6
544364.6
544970.7
544986.3
545171.9
545545.9
546175.5
546201.3
546363.9
546380.4
546511.9
546514.4
546592.2
546648
546714.2
546749.6
546858.7
546940.1
546967.1
546968.4
546976.5
547083.9
547121.2
548971.8
549021
549022.4
549076.3
549151.8
549253.8
549271.5
549303.8
549369.4
549483.1
549626.7
549657.4
562316
562443.1
562583.3
562853.4
562984.3
563111.7
563231
563286.6
563336.5
563338.4
563351.3
563369
563499.9
563935.4
563959.2
564043.6
564055.9
564060.3
564170.7
564191.4
564249
564251.8
564306.2
564336.3
567821.5
569534.1
570942
570961.3
572185.1
572389.6
572392.9
572562.9
572600.7
572628.4
572701.8
572786.9
572791.3
572916
573003.5
573012.9
573015.7
573052.3
573096.5
573132.9
573171.8
573407.4
573409.7
573464.1
573598.5
573600.1
573617.3
573701
574039
574238.9
574274.3
574461.9
574467.6
574473.3
574525.3
574546.8
574642.2
574643.2
574714.5
574761.1
574779.1
574883.2
574893.8
574965.5
575118.6
575126
575137.8
575283.8
575353.5
575415.6
575443
577975.8
578041.6
578217.4
578258.8
578549.7
578716
578717.7
578721.1
579572.4
579690.2
579807.2
582316.4
582333.4
582464
582534.7
582556.3
582646.3
582698
582755.7
582823.2
582827.5
582848.7
582891
582893.8
582918.5
582975.2
583021.3
583049.7
583144.1
583186.4
583214.4
583251.1
583405.8
583450.5
583459.6
583465.2
583479.1
583548.1
583562.5
583575.4
583837.7
583863.3
583886.9
583906.7
583909.5
583920.4
584046.7
584091.1
584148.2
584159.4
584182
584184.2
584332.6
584376.8
584382.8
584406.9
584477.7
584504.4
584626.2
584628.5
584633.5
584674.1
584679.7
584696.5
584713.3
584781.8
584833.6
584852
584872.4
584893.6
584945.7
584960.7
584988.7
585016
585075.7
585093.7
585128.8
585156
585184.3
585212.9
585221.7
585280.6
585310.5
585452.1
585725.7
589882.7
590055.2
590107.5
590114.5
590197.8
590228.8
590239.8
590444.4
590807.5
591333.2
591746.2
591758.9
591781.1
591880.7
591900.1
592082.4
592187.9
592205
592209
592224
592311
592325.2
592345
592348.9
592349.5
592408.9
592430.1
592435.2
592447.6
592449.6
592469.9
592501.8
592547.8
592573.1
592631
592658.1
593042.3
593156
593191.2
593323.8
593383.6
593466.7
593566.2
593614.3
593650.4
593656.1
593712.3
593725.7
593755.7
593817.3
593825.6
593895.3
593902
593904.4
593940.8
593951.6
593952
594120.7
594126.8
594145.3
594257.4
594297.1
594438.9
594536.7
595712.9
596137.6
596151.4
