1948.2
1999.6
2171.6
2777.9
2799.1
5631.7
5745.1
6645.6
6739
6750.3
6751
6761.9
6792.8
6925.5
7936.8
10066.7
10289.1
16063
16063.4
16134.2
16170.8
16502.9
16507.6
16520.8
16540.7
16636
16793.8
16794.6
18917.9
19638.8
19865.1
20956
21013.9
21127.8
22768.8
22878.1
22982.2
23328.7
27532.7
28897
28949.9
29007.3
29097.7
29202
29356.1
29380.6
29409.7
29528
29733.3
29783
29810.3
29838.2
29891.8
29955.3
30006.7
30157.6
30209.9
30241.3
30259.7
30284.1
30316.7
30496.5
30608.9
30612.2
30764.1
30904.2
30905.6
30985.5
31073.9
31219.5
31381.7
35013.8
35032.2
35437.1
35457.8
35469.8
35478.7
35509.8
35525.6
35595.1
35642.4
35721.3
36239.5
37662.5
38210.2
38303.4
38980.9
39029.6
39102.7
39128.1
39188.8
39221
39255.5
39290.9
39657.2
40899.6
41081.3
41223.6
41272.6
41388.6
42047.2
42398.7
42429.2
42496.8
42559.4
47656.4
49824.1
52430.7
53925.6
56386.3
56436
56500
56542.3
56617.8
56633.7
56663.7
56841.8
56946.1
57458
57634.3
57721.2
57746
57785.8
57838.4
57927.1
60252.6
60314.3
60445
60452.9
60896.8
60946.1
61328.9
61391.6
61460
61520.4
61528.2
61578.9
61585.9
61618.2
61621.9
61667.6
61715.6
61769.2
61795.7
61804.1
61835.8
61853.6
61864.6
61941.7
62014.4
62092.6
62120.8
62127.7
62153.8
62225.2
62245.6
62273.4
62296.9
62329.9
62330.4
62339.5
62401.7
62467.2
62470.6
62501.5
62569.5
62627.3
65091
65166.9
65222.7
65284.6
65341.1
65385
65387.2
65518
65696.3
65815.7
65829.1
65852
65959.7
66117.5
66320.1
67068.4
67180.7
67272.1
67332.7
67403.1
67421.2
67446.2
67448.7
67491.4
67537.1
67583.6
67608.7
67722.3
67734.6
67744.3
67888.7
67930
68015.9
68046.7
68061.6
68095.2
68101.2
68103.3
68133.7
68223.5
68227.8
68241.9
68415.9
68460.6
68461.3
68532.4
68776.1
69215.1
69368.1
69459.6
69459.9
69546.2
71543.6
71567.9
74018.7
74150.6
74548.1
76817.9
77953.3
82175.2
82868.2
82972.7
85757.5
85988.7
86182.9
86335.2
86487.9
86539.4
86637.1
86737.9
86830.3
86853.1
86887.4
87169.7
87170.4
87236.8
87266.8
87299
87383.3
87413.9
87419.3
87435.1
87521
87615.5
87639.5
87694.2
87706.4
87745.9
87773.4
87791.2
88321.1
88335.9
88513.8
88553.7
88639.3
88698.9
88904.7
89065.6
89777.2
89822.5
89958.6
90045.7
90053.1
90078.1
90091.5
90209.7
90216.5
90393.4
91126.1
91137.3
91143.4
91205.3
91245.6
91303.5
91335.2
91346.6
91353
91409.8
93745
102671.1
103562.5
103801.4
103815.1
103894.2
103897.7
103953.6
104033.8
104064.3
104097.5
104136.5
104159.7
104253.7
104318.4
104344.1
104353.2
104357.1
104379.4
104384.9
104420.8
104439.9
104486.3
104487
104584.7
104748.8
104860.8
105400.1
105467.5
105569.9
105582.1
105596
105658.9
105738.6
105782.4
105785.4
105904.9
105950.4
105994.6
107002.6
107105.7
107161.7
107191.1
107212.9
107217.8
107241.8
107288.5
107292.8
107298.6
108108.3
108182.4
108689.9
108715.6
108894.5
108990.9
109072.9
109135.6
109370.2
110896.1
111024.3
111046.4
111058.8
113603.4
114473.1
114882.6
115660.8
128057.1
128377
128457
128501.3
128518.9
128580.8
128581.1
128622.9
128719.9
128729.5
128776.7
128785.1
128808.9
128925
129906.6
129911.3
130016
130030.4
130052.4
130053.8
130149.6
130150
130177.6
130180
130193.9
130233.5
130236.6
130280.8
130497
130599.7
130616.7
140584.4
140663.3
140907.3
140955.9
140960.4
141056.4
141058.8
141117.9
141129.3
141309.1
141564.8
141583.1
141597.7
141695
141758.6
141761.5
141798.6
141837.6
142083
142292.3
142398.7
143003.9
143523.2
143584.2
143621.9
143647
143686.7
143741
143797.7
143845.2
143863.2
143889.1
143989.2
144062.3
144062.7
144062.8
144063.3
144076.4
144083.9
144260.2
144271.3
144282.5
144301.9
144340.7
144368
144529.3
144549.8
144559.9
144608.2
144618.6
144635.6
144761.3
144791.8
144933.8
144938.7
144998.7
145002.7
145054.6
145063.4
145173.6
145176.4
145228.2
145435.8
145507.3
145517.4
145615.2
145617.3
145618.9
145715.6
145742.5
145838.6
145883.1
145928.2
145961.7
145992.9
146063.6
146075.2
146079.6
146107.5
146396.3
146404.6
146462.2
146473.1
146517
146585.9
146617.7
146650.2
146652
146933.6
147279.3
147357.5
147555.4
147619.9
147689.7
147811.3
147938.3
147971.2
148017.4
148034.4
148095.8
148361
148405.7
148440.2
148457.8
148466.9
148488
148508.2
148692.8
148696.5
148769.3
149003.3
149015.1
149045.9
149183.8
149197.5
149266
149350.5
149404.2
149536
149565.5
149723.1
149774.4
149851.4
149897.6
149920
150105.1
150122.4
150248.1
150348.4
150402.4
150438.9
150785.4
150892
151014.3
151051.4
151139.5
151187
151395.9
151500.6
151978.6
152035
152095.9
152219.4
152277.2
152748.9
152803.5
152821.6
152830.7
153260.8
153269.3
153333.5
153374.5
153442.7
153529.4
153567.4
153575.6
153648.4
153759.5
153955.7
153996.4
154121.2
154192.5
154354.1
154632.3
155169.7
155313.3
155361.7
155362.8
155364.1
155502
155613
155629.8
155659.9
155903.7
156034.2
156393.6
156549.4
156672.3
156699.2
156779.5
156926.2
156958.2
157565.8
157611.3
158262.6
158447
158602.9
158686.8
158893.1
158972.5
158993.8
159121.1
159139.8
159218.5
159218.6
159305.3
159355.7
159383
159436.5
159462.9
159465.7
159617
159790
160008.5
160024.2
160091.6
160129.2
160228
160352.2
160470.6
160547.4
160666.6
160686.6
160708.1
160825.8
160842.5
161343.9
161499.9
161561.8
161569.2
161576.3
161621.3
161657.2
161757
166760.6
168462.4
168463.4
168482
168705.6
168716.4
170343.8
170583.1
170687
170687.9
170824.9
170859.7
170864.2
170876.5
170915.8
171086.5
171391.2
171411.4
171421.9
171460.9
171511
171535.8
171538.6
171541.5
172661.7
172814.4
172925.3
172935.9
172987
173037.8
173081.3
173085.6
173110.3
173257.3
174395.7
176618.1
176792.2
177199.6
177329.5
177468.1
177572.3
177584
178333.9
178509.4
178553.9
178596.2
178623.9
178941.8
182797.6
183070.8
183105
183217
183229.1
183418.9
183421.3
184075.5
184147.9
184209.9
184225.4
184229.1
184309.7
184414.9
184416.2
184425.9
184460
184486.5
184538
184566.2
184607.7
184655.7
184692.7
184739.7
184743.5
184897.4
187456.4
187601.7
187615.8
187697.3
188098.8
188121.8
188266.8
189032.3
192117.4
192903.4
192925
192991.7
193096.7
193218.3
193332.5
193620.9
193682.5
193805
193902.7
193910.3
194021.8
194045.8
194777.7
194832.4
198417.5
198913.2
198934.6
199069.8
199213.1
205892.5
209994.2
210184.4
211247.7
211391.7
214681.6
215578.2
215582.4
215678.1
215985.5
217081.2
217086.7
217147.8
217766
217880.2
219657.5
220000.1
221247.5
221280.8
221352.5
221360.7
222531.6
222585
222689
222858
222885.5
222930.5
222936.2
222973.7
222983.9
222996.1
223061.9
223205.1
224156.6
224357.4
224369.9
224377.1
224660.2
226231.4
226280.6
226388
226407.8
226408.6
226592.8
226635.1
226740.2
226804.3
226879.4
226916.4
226940.4
227316.5
227417.4
227484.2
227521.1
227592.1
227627.3
227687.9
227692.5
227705.9
227792.4
227795.1
227796.1
227854.3
227947.3
228021.9
228095.9
228111.9
228112.5
228139.2
228188.9
228189.6
228193
228201.2
228274.3
228274.8
228297.4
228349.7
228350.5
228379.6
228417.8
228451.1
228461
228472.2
228552.4
228821.8
228851
228989.7
228995.6
229039.6
229059.4
229074.6
229157
229199.3
229200.2
229483
230969
232568.9
232700.5
232721.1
232843
236054.5
239108.2
239252.4
239356
239412.7
239547.4
239557.6
239624.5
239665.1
239694.8
239788.5
239878
240069
240072.9
240442.2
240502.6
240991.4
249378.8
249550.2
249663.8
249689.6
249791.2
249894.2
249910.4
249957.1
251173.7
251277.2
251383.2
251605.5
252221.8
252317
252424.4
252518.3
252723.4
252809.8
258864.2
258963.6
259028.2
259075
259124.6
259157.7
259212.2
259272.9
259287
259390.3
259404.1
259456
263155.3
264299.3
264356
272792.2
272810.6
272834
272836
272911.4
272947.8
272960.3
273129.3
274035
275861.4
275876.4
275988.1
276041.6
276276.1
276323.7
276454.6
276470.4
276520.9
276524.6
276545.5
276581.9
276593.8
276642.3
276654.7
276779.3
278058.2
287623.4
287813.8
287840.5
287842.2
287905.8
288693.7
289668.8
290754.7
294197.7
294235.2
294463.8
294545.8
294798.7
295161.4
295800.1
295862.4
296081.1
296202.7
296206.9
296217.6
296261.2
296304.2
296374.1
296402.5
296404.8
296416.8
296562.9
296592.8
296633.4
296668.7
296797.5
296917.1
296965.4
296977
297005.6
297206.2
297212.8
297451.5
297455.2
297541.1
297725.5
298932.9
299137.9
307794.1
308065.3
308419.6
308470
308503
310037.6
311294.3
311327.7
311341
311445.3
311458.7
311461.8
311475.2
311495.2
311620.8
312148.1
316236
316417.1
316580.7
316882.4
316921.9
317004.1
317166.7
317289.2
317359.8
317416.9
317483.9
317988
317997.5
318013.3
318076.2
318179.6
318339.4
318584.2
318679.2
318822.3
319004.3
319178.8
319252
319301.8
319343
319641.7
319677.8
320548.4
320710.7
320847.7
320866.2
320903.7
320922.5
320946.3
320971.2
320981.6
320988.3
321234.4
321502
321549.5
321552.6
321556.4
321575.1
321675.8
321729.8
321739.2
321832.7
321842.9
321909.9
322006.2
322071.8
322098.5
322122.3
322163.9
322260.7
322330.6
322340.6
322465.1
322536.1
322537.7
322586.9
322626.3
322647.5
322702
322755.9
322831.1
325923.1
330086.5
330381.5
330575.2
331183.8
331231.1
331258
331260.3
331362.4
331368.4
331393.4
331400.6
331433.9
331495.4
331659.3
331672
331688.6
331705.7
331780.9
331872.2
331884.4
331885.3
331891.5
331916
332009.6
332039.3
332191.8
333897.7
334118.1
334178.3
334179.5
334181.7
334231.1
334274.6
334530.9
334675.7
334730.1
334779.2
334809.9
334824.7
334852.1
334861.3
334880.9
334978.6
335126.8
336464.9
336688.7
336704.6
336705.6
336779
336823.9
336877.7
337025.7
337077.2
337083.6
337901.9
341461.2
341563.2
341572.1
341651
341709.3
341923.6
341962.3
341964.1
342023.3
342143.5
342190.6
342200.3
343360.6
343671.6
343770.5
343878.6
344720.3
344856.7
344912.7
344933.9
344968.8
345078.3
345098.1
345217.4
345217.7
345220.9
345235.5
345377.8
346533.4
346681.8
346702.3
346771.2
346779.3
346872.5
346918.7
346924.9
347130.9
347280.6
347382.5
348961.5
349970
350415
350650.6
350651.2
350652.6
350691.6
350838.1
350897
350936.4
351121.1
351397.9
352751.1
354185.1
354218.5
354238.5
354273.9
354289.8
354344
354345.2
354411.8
354415.1
354457.2
354467.4
354493.9
354537.7
354559.5
354588.5
354597.8
355550
356052.9
356457.9
356621.5
356833.9
357203.9
357329.9
357435.8
357579.4
357980
359295.4
359918.4
360520.2
360591.6
360602.7
360735.8
360864.4
361019.5
361125.6
361259.9
361282.1
361302.6
361434.5
361449.8
361601.3
361634.3
361771.4
362234.2
362499.6
362558.1
362607.8
362616.9
362731.4
362948.8
363009.9
363018.5
363150.8
363250.8
363618.5
363622.9
363686.7
363748.1
363769.7
363839
363855
363872.4
363931
364112.6
364151.3
364169.9
364189.1
364259.4
364273.6
364288.9
364331.8
364477.4
364654.4
364717.9
364751.2
364752
364755.8
364842.7
364881.5
364998.5
365002.7
365016.2
365043.3
365081.4
365571.2
368322.6
368478.2
368697.6
368783.6
368794.9
369019
369252.2
369328.3
369402.2
369756.9
369758.2
369765.4
369824.9
369876.3
369971.4
370012.7
370081.2
370131.2
370190.4
370371.9
370374.5
370631.5
370693
370870.5
371033.8
371258.1
371367.1
371453.9
371598.8
371948.3
372086.5
372222.3
372487.9
372497.5
373017.3
373074.7
373078.6
373196.1
373308.3
373345.5
373354.8
373505.5
376118.8
376257.2
376665
376965.5
377520.8
377700.8
377762.7
378310.6
379039.1
379256.6
379559.3
380053.6
380103.8
381466.5
381502.7
381643.1
381692.7
381747.7
381985.5
382022.2
382177.5
382206.8
382464.8
382629.4
383076.6
383090.5
383111.4
383264.8
383364.2
383423
383714.2
383781.8
383833
383909.4
383987.6
384111.8
384143.2
384221.7
384277.5
384330.3
384330.7
384359.4
384404
384547
384556.8
385366.6
385442.9
385481.8
385495.4
385498.2
385509.5
385523.7
385717.6
385735.7
385758.5
385881.2
385927.5
385954.8
386033.4
386136.2
386184.7
386471.2
386508
386535.7
386550.5
386606.9
386686.5
386711.1
386761
386787.6
386833.4
386845.2
386856
386883.4
386886.5
386902
386963.6
386994.2
387021.5
387093.6
387213.9
387273.7
387279.5
387305.9
387308.3
387427.5
387443.8
387457.7
387501.7
387605.9
387764.7
387779.4
387819.1
387879.9
387907
387928.5
387935.5
387935.6
387960.9
387971.9
388093.7
388159.6
388201.2
388312.4
388354.8
388371.5
388387.8
388407.3
388425.8
388431.7
388450.5
388483.8
388510.6
388524.6
388576.8
388686.8
388702.7
388703.7
388724.1
388777
388845.7
388875.4
388906
388933.8
389032.7
389067.1
389092.5
389117.3
389371.2
392232.4
392533.2
392724
393046.7
393073.9
393190
393248.7
393261.7
393350.3
393518.1
393905.7
393946.9
394818
394831.6
394884.7
394993.6
395133.1
395686.8
395729.6
395848.8
395959
395993.5
400269.6
400423
401024.4
401092
401103.3
401518.5
401520.7
401712.7
401901.1
402020.4
402076.5
402246.8
403153.9
404709.8
404736.9
404869.4
406135.8
406258.1
406477.9
406524.6
406581.1
406735.5
406776.6
406823.7
406892.8
406971.9
407114.3
407132.7
407194.9
407195.2
407341.1
407404.7
407483.8
407525.8
407562.5
407664.2
407736.8
407738.9
407748.2
407767.8
407790.1
407860.4
407922.5
407941.9
407984.1
408022.8
408165.1
408181.6
408189.9
408305.8
408319.5
408338.7
408413.1
408560.7
408632.3
408635.5
408689.2
408728.6
408857
408970.2
409021.8
409083.6
409152.4
409218
409283.3
409288
409320.7
409332.1
409414.8
409484.4
409527
409600.1
409736.3
409935
409992.8
410017.7
410018.4
410026.2
410136
410241.7
410310.8
410386
410417
410573.7
410619.7
410651.9
410686.7
410789.9
410821.3
410849.1
410852.9
410866.4
411020.1
411062
411074.4
411075.3
411167
411301.7
411672.5
411842.8
411975.9
415915.5
415964.8
425211.6
425305.3
425371.9
425479.4
425599.9
429912.6
429942.8
430065.9
430068.3
430334.8
442958.8
443133.3
443789.8
444381
444437.7
444596.9
444614.1
444645.2
444867.7
444905.9
444982.5
446321.5
448103.6
448590.9
448665.7
448673.6
449974.9
450039.2
450055.7
450062.5
450072.3
450118.5
450121.6
450123.3
450148.2
450160.9
450308
450328.3
450412
450438
450449.7
450452.2
450481.4
450625.2
450696.2
450856.9
451512.9
452363.1
452973.5
453189.6
453213.3
453224.8
453340.6
453365
453375.1
453380.2
455037.2
456009.7
456090.1
456105.5
456129.1
456131
456242
456295.4
456431.2
459014.8
459068.6
459080
459140.7
459174
459180.5
459209.1
459287.5
459311
459489
459492.7
459513.1
462565.8
462711.6
462733.8
462749.8
462760.3
462768
462812.5
462823.2
462851.2
462855.6
462876
462883.8
462941.3
463104.8
463213.7
463260.9
463275.7
463346.1
463353.7
463367.7
463441
463472.3
463568.6
464079.8
466968.1
467141.9
467490.2
467685.7
467774.6
467829.7
467867.4
467890.1
467891.2
467898.6
468120.7
473284.8
473766.1
475176.6
475326.8
476165.7
476477
476646.8
477452.6
477749.5
477808.3
478238.9
480373.6
480854.5
486529.3
487053.1
487150.9
487613.8
487832
487974.3
488013.1
488474.5
488638.4
488647.6
488844.8
488923.2
489083
489208.8
489482.5
490024.2
490050.5
490138
490262.7
491381.9
491546.2
491640.9
492297.4
492649.5
494506.2
494566.9
494613.9
494848.1
495466.7
495963.7
496699.4
496741.3
497548.4
498413.8
498851
498856.9
499041.9
499368.1
500090.3
500323.8
500392.2
501411.1
501645.4
501751.8
501881.5
502371.8
502499.6
502545.7
502859.1
503608.6
504042.8
504603
504898.8
505177.5
505251.4
506178.8
506747.6
507109
507867.9
514141.5
514237
515222.5
517233.3
517614.7
517973.9
518015.8
518076.9
518115.4
518138.9
518198.6
527605.7
527606.7
527946.8
528925.5
528969.2
528969.9
529061.3
529343.8
529408.2
529448.2
529479.3
529491
529597
529616.8
529703.3
530521.3
530853
530933.1
530944
531005.9
531029
531043
531087
531150.3
531183.3
531188.2
531232.9
531724
531751.4
531761.8
531772.3
531779.1
531839.1
531931
531939.4
531952.7
531957.9
531959.2
532054.1
532089.3
533301.9
533390.7
533486.7
533553.1
533628.1
533746
533773.9
533886.7
533912.2
533953
533989.7
534038.3
534213.2
534222.6
534272.1
534299.1
534490.3
536526.5
539504.8
539598.7
539605.6
539626.2
541304.2
541417.4
541456.2
541485.4
541506.6
541648.2
541686.4
541734.5
541764.6
541791.9
541874.1
542066.9
542097.7
542155.9
542162.7
542244.5
542259.8
542393.6
542458.8
542534.5
542580.3
542681.8
542698.8
542709.1
542944.6
549803.5
549821.2
549821.9
549891.4
549906.1
549966.7
549990.8
550035.5
550108.3
550118.5
550174.2
550213.8
550340.2
550989.5
551229.4
551284.8
551394.9
551443.2
551551.8
551677.6
551690.2
551840.9
555308.8
556418.9
558261.7
559819.6
560184.2
560216.9
560240.1
560273.7
560310.7
560399.2
560439.9
560452.5
560462.7
560463.7
560471
560547.7
560700.5
560772.1
560891.4
561100.7
561105.1
561110
562036.7
562060.2
562244.7
562255.7
562258.2
562328.8
562343.5
562380.4
562393.3
562403.1
562437
562482.7
562567.3
562582.6
562583.6
562678.4
562711.8
562716.1
562792.6
562831.4
562879.8
562922.6
562947.4
562960
562971.5
563086.1
563138.9
563208.5
563364.2
563387.3
563464
563494
563552.6
563723.4
563828.3
563889.7
563997.1
564071.6
564132.1
564245.4
564297.6
564328.7
564368.9
564531.8
565792.1
567001.2
567693.7
571225.8
571371.8
571606.5
571658.4
571742.9
576621.4
576738.9
576936.9
577087.6
577120.3
577301.3
577381.2
577449.8
577453
577521.3
577521.7
577529
577573.3
577578.7
577669.6
578299.6
578479.1
578519.7
578583.2
578588.6
578628.6
578631.1
578654.3
578673.3
578760.5
578769.2
578823.1
578838.1
578959.8
579099.4
579151.8
579162.7
579265.3
580946.3
580959.3
580983.1
581053.3
582547.8
582684.7
582709.6
582748.9
582788.9
582812.3
582858.4
582868.5
582967
582988
583078.4
583154
583166.8
583174.3
583222.1
583262.8
583283.8
583291.6
583332.5
583336.4
583345.8
583485.6
583516.8
583537.1
583553.9
583561.1
583610.8
583665.1
583765.1
583804.4
583835.1
583844
583857
583921.5
583941.8
584006.4
584031.5
584050.2
584188.1
584196.5
584205.8
584216.4
584252.7
584298.3
584301.7
584328
584339.4
584500.7
584612.2
584643.7
584723.4
584732.2
584797.8
584805.2
584828.8
584917.2
585030.2
585030.5
585089.9
585092.4
585107.4
585123
585233
585289.7
585357.7
588412
588421.8
588666
588799.7
589032.3
589429.6
594949.8
594998.2
595030.6
595059.9
595068.2
595092.1
596365.3
596438.5
596499.3
596512.9
596532.4
596549.2
596557.5
596585.7
596632.7
596662.1
596684.8
596685.7
596737.7
596842.2
596852.2
596878.3
596995
597037.1
599417.4
