197.9
200.4
209.3
309.7
397.4
407.6
464.1
543.8
665.2
685.6
764.8
818.2
986.5
996.6
1007.4
1014.2
1023.4
1061.9
1104.6
1874.8
1986.8
2611.1
2670.2
2712.3
2849.5
3302.2
3765.4
11029.1
11108.8
11120.4
11138.8
11166.4
11249.4
11315.5
11382.2
11515.9
12305.5
12397.1
12482
12594.6
12646.6
14168.3
14430.6
14912.8
14954.8
15068.4
15157.8
15233.8
15268.5
15489.3
21363
21487.1
21515.8
21553.4
21678.3
21765.4
21792.6
21820.5
21936.6
21981.8
22035.9
22102.2
22202.9
22207.4
22235.9
22375.7
22429
22437.3
22438.8
22473.3
22486
22592.1
23587.3
23617.7
23757.2
23759.4
23851.2
23876.1
23901.4
23975
23985.2
24013.6
24018.9
24054.3
24082.1
24087.1
24160
25410.4
25435.5
25711.4
25845.8
26284.7
26308.8
26853.2
27246.4
27326.2
27495.6
28578.7
31330.4
31401.6
31464.8
31464.9
31474.1
31647.3
31656.8
31668
31714.7
31775.5
31814.5
31815.2
31846.5
32229.4
32324.2
32397.1
32432.1
32600.7
32697.2
32745.2
32764.8
32815.3
32879
32921.4
32939.3
32992.7
33014.8
33035.2
33050
33076.5
33087.7
33096.7
33185.9
33230.7
33327
33331.8
33420.6
33583.8
33610.7
33621.1
33648.7
33666.2
33693.1
33742.5
33750.1
33787.1
33818.2
33850.5
33906.1
33907.9
33942.7
33954.3
33989.4
34018.5
34020.5
34064.6
34074.5
34105.9
34983.3
35056.9
35112.5
35266.4
35297.2
35368.3
35441.3
35564.4
36244.6
36256.5
36278.9
36330.9
36374.8
36458
36488.2
36577.8
37482.4
37523.7
37573.5
37775.7
37778.4
37888.7
37956.7
38067
38093.7
40787.1
41441.1
41468.6
41886.8
43425.1
43471.6
43525.4
43539.7
43561.6
43591.6
43596.1
43657.9
43659.3
43669.4
43720.9
43723.3
46288.6
46293.6
46371.8
46478.4
46498.8
46544.2
46592.7
46660.1
46683.3
46689.6
46760.1
46770.5
46809.5
46880.7
46942.7
47020.6
47055.5
47148.6
47180.4
47258.4
47302
47308.9
47340.7
47348.6
49677.1
49922
51070
52498
52557.2
52569.3
52596.5
52600.6
52686.3
52770.6
52817.5
52839.4
52897.1
52998.9
53246.2
53338.6
53341.6
53342
53385.4
53493.8
53581.6
53590.1
53836.6
53889
53925.7
53952.3
53965.4
54297.7
54630.9
54632.8
54684.3
54686.3
54694.2
54717
54795
54801.1
54912.4
57529.4
57778.3
57824.2
57838.2
57840.3
57843.4
57873.3
58110.5
59804.2
59857.7
59919.7
59926.9
59942.4
59954.7
59979.7
60043.6
64268
64526.2
64555
64697.6
64808.2
64957.2
66063.2
66262.6
68701
73590.8
73697.7
73726.9
76944.4
77139.3
77211.4
77685.9
77693.4
77717.2
77751.7
77778.9
77786.8
77821.2
77906.2
80641.8
81892.2
85300.2
85406
85409.8
85421.2
85425.5
85505.1
85525.8
85716.2
85824.5
85841.7
85907
85928.9
86026.3
86042.1
86115.2
86140.7
86345.7
86482.1
86703.6
87611.2
87627.8
87641.5
87907
88460.8
89805.6
89951.4
90033.9
90087.7
90167.5
90220.8
90594.7
93618.4
95715.4
96056
96447.2
96595.8
98666
98992.6
105151.6
105230.6
106733.1
106962.8
107011.7
107033
107046.2
107121.8
107204.3
107291.4
107958.6
108222.2
108745.8
109659.8
109814.5
110415.9
110445.4
110527.8
110619.9
113072.7
118793.2
118827.8
118873.7
118987.7
118995.8
119068.3
119101
119117.4
119126.7
119137.1
119148.5
119217.9
119224.5
119299
119361.4
119384.2
119393
119428.1
119476.4
119509.1
119587.3
119589.8
119676.6
119701.4
119770
119879.9
119891.4
119914.3
119952.2
119977.5
120011
120025.6
120071.4
120082.6
120087.2
120265.5
124896.4
125055.1
125099.7
125101.8
125162.5
125205.8
125247.7
125291.9
125321.5
125430.6
125490.5
125491.1
125531.9
125551.8
125588.1
125673.7
125673.8
125785.7
125855.7
126035.6
126048
126062.5
126194.4
126272.1
126310.8
126411.4
126421.4
126493.7
127043.3
127204.8
127513.3
132256.3
132405.5
132551.7
132553.4
132917.2
133773.4
133945.5
134270.3
134341.4
134531.5
134620.9
134647.6
134815.5
134874.3
134892.2
134894.4
134943.6
134948.2
134977.5
135060
135064.4
135102.4
135206.4
135272.8
135321.9
135345
135396.4
135475.5
135578.1
135579.7
135647.1
135654.7
135693.9
135705.6
135725.5
135761.5
135773.8
135806.9
135871.6
135902
135916.6
136005.3
136036.5
136190.2
136199.2
136209.7
136244.3
136593.9
136602.5
136711.7
136766.3
136788.4
136876.6
137011.2
137064.9
137092.6
137143.3
137223.6
137378.9
137402.1
137616.5
137622
137652
137674.5
137717.9
137720.3
137847
137876.3
137963.6
138055.6
138097.5
138189
138208.9
138331.6
138381.4
138485.3
138505.1
138562.6
138609.4
138776.3
138776.5
138790.8
138798.1
139081.3
139122.1
139128.9
139184.7
139225.3
139259.2
139315.4
139419.5
139453.5
139670.6
139708.9
139711.1
139724.8
160942
161049.3
161296.1
161867.2
162023.9
162229.1
162247.7
162306.5
162356.1
162389
164712.5
168750
168992.9
169009.6
169165.7
169273.6
169390.6
169476.4
169495.4
170744
171284.2
171446.9
174889.2
174952.8
174997.2
175043
175073.9
175101.6
175116.5
175220.2
175222.8
175245.9
175279.6
175280.5
175372
175394.6
175415.4
175432.3
175499.4
175510.5
175605.8
175665.5
175666.2
175729.8
175808.6
175946.9
175949
175965.7
175974.4
176252.8
183906.7
183927.6
183983.1
184107.7
184129.6
184168.5
184170
184174.1
184201
184217.5
184281.4
184399.4
184419.3
184582.5
184648.1
184678.1
184736.4
184739.7
184806.8
187757.9
190854.7
190957.1
190989
191078.3
191090.8
191251.3
191379.4
191549.5
191711.1
191720
191873.2
191947
191974
192088.7
192113
192163.7
192188.5
192192.2
192222.8
192375.2
194538.5
194745.5
194787.6
195276.4
195354.9
195538.7
206011
207344
207461.5
207516.1
207639.3
207683.8
207878.4
207960.9
208019.3
208111.9
208165.8
208183.8
208232.4
208256.6
208295.5
208391.8
208507
208524.7
208570.5
208577.6
208609
208636.1
208741.8
208776.1
208782.6
208790.8
208853.3
208853.5
208970.6
209054.8
209056.6
209075.6
209078.6
209156.2
209181
209325.7
209330.2
209369.6
209412.5
209421.7
209423.7
209539
209580.2
209651.8
210787.3
210910.5
212697.8
213143.3
213471.7
213516
213524.8
213555.8
213584.8
213585.7
213637.5
213657.8
213682.9
213759.5
213809.1
213819.4
214095.7
219318.8
219359.4
219385.6
219388.5
219437.3
219456.9
219470.1
222316.5
222346.6
222442.5
222444.4
222448.1
222516.5
222733.1
223727.2
224114.8
224240.5
229728.7
229801.6
230027.5
230821.4
230909.3
230927.5
231075.5
231134
231925.9
231966.2
232033.1
232071.7
232591.6
232922.6
233011.9
233053.3
233070.1
233111.2
233383.2
233924.7
233969.9
234016.9
234048.3
234112.1
234193.8
234202.3
243720.6
243784.3
243795.7
246673.3
246731.5
246787.2
246796.9
246818.6
246874.5
246924.6
246985.9
247067.1
248202.4
248244.3
248273.3
248834.4
249133.8
249324.6
249366.4
250478
250883.3
251816.2
251901.3
252995.3
253013.5
253304.6
253318.5
253422.5
253432.5
253468
253473
253484
253490.3
253557.6
253678.1
253700.4
253706.8
253845.3
253871.4
253933
253935
253961.1
253972.5
253976.1
253982.9
254107
254285.5
254361
254410.5
254494.4
254640.2
254655.5
254668.5
254668.8
254823.8
254891.3
255070.6
255100.6
255175.3
255181.1
255194
255194.7
255202.7
255249
255283.2
255354.4
255387.8
255525.2
256700.3
256874.7
257155.6
257334.2
257677.9
258039.7
258279.8
258499.3
258608.4
258814.3
258887.9
258992.2
259013
259077.3
259168.2
259186.7
259450.9
260068.7
260179.1
260330.3
260398.1
260453.7
260581.6
260679.8
261175.6
261791.7
262965.7
267514.4
267633.2
267650.9
267750.6
267764.1
267851.5
267866.9
267913.3
267920.6
267968.4
268044.8
268156.5
268222
268232.3
268257
268273.2
268325
268344.9
268362.3
268465.5
268492.5
268566.7
268593.4
270170.7
270585.3
270765.1
270834.5
270957
271187.4
271187.7
271503
271612.7
271741.2
273429.4
273528.8
273539.6
273577.7
273725.7
273770.6
273832.3
273839.8
273874.9
273882.5
273911.2
274022.7
274035.8
275997.9
276012.7
276138.6
276278.9
276366.1
276396.7
276483.1
276684.3
276819.2
276850.7
276854.5
276995.9
277001.5
277033.3
278052.1
278102.5
278148.4
278202.9
279148.7
279162
279229.9
279435.1
282625.8
282760.1
282886.1
285275.5
285402.5
285404.1
285435.1
285856.8
285879.5
285893
286981.2
287392.9
287572.6
290162.4
294485.8
294492
295152.5
296548.3
296797
296959.7
297008.1
297032.6
297055.5
297226.4
297282.1
297294
297351.8
297480.8
298221
298345.8
298456.7
298479.1
298485.2
298496.6
298618.9
298650.5
298669.2
298837.8
299828.6
299857
300095.5
300150.8
300446
300662.9
303259.5
303679.5
303714.4
303722.4
303779.1
303808.7
303938.1
304002.8
304006.5
304111.3
304190.5
304238.1
304309.5
304515.1
304721.2
304940
305641.1
305758.6
309526.1
309534.3
309564.2
309790
310106.8
310313.5
311371.8
311381.1
312496.4
312563.2
312601
312642.9
312673.2
312730.9
312732.8
312735.8
312737.8
312772.5
312808.3
313030.3
313111
313127
313353.9
317750
317787.4
318284
318446.3
318489.6
318748.5
318988.1
319156.2
319206.7
319448.1
320137.7
325961.5
326832.2
327268.2
327415.7
327642.3
327759.9
327987.1
328026.5
328427.1
328901.4
329239.8
329260.2
329278.3
329295.1
329358.9
329392.7
329432.3
329433
329441
329549.2
329626.9
334043.7
334807.4
334882.1
334943.6
334980.8
335049.1
335200.2
335442.2
337984.9
338065.6
338084.4
338113
338113.6
338174
338175.8
338194.3
338218.7
338233.1
338265
338285.3
338361.6
338362
338381.1
338575.1
338590.3
338603.3
338611.2
338620.6
345012.8
346783.6
346852.8
346876.3
346891
346893.9
346947.5
347061.2
347119.8
347123.9
347133.3
347205.1
347242
347246.7
347260.1
347270.8
347283.5
347324.7
347335.2
347350
347355.8
347361.3
347467.9
347501
347542.1
347639.7
347746.8
349488.6
351404
351587.5
351632.8
351658.7
351681.7
351731.3
351753.3
351827.7
351835.7
351847.8
351858.6
351881.6
351895.6
351905.5
351989.9
352165.3
352212.6
352318.1
352393.1
352402.1
352427.9
352468.3
352517.3
352530.4
352565.7
352568.4
352587
352597.7
352605.7
352621.1
352622.8
352635
352730.8
353711.4
353956.6
353991.1
354079.7
354133.2
354142.8
354169
354176.2
354205.9
354210.2
354261.9
354270.6
354332.2
354352.6
354394.6
354465.9
354477.3
354636.5
355530
355687.1
355697
355787.3
355832.6
355977.9
355997
356075.9
356078.5
356100.7
356160.7
356223.8
356237
356292.1
356295.2
356318.7
356432.3
356448.6
356489.3
356592.4
356633
356696
356700.7
356709.4
356716
356762.7
356798.2
356857
356870.4
356916.9
357071.4
357087.5
357096.1
357107.5
357206.7
357233.6
357238.3
357343.4
357349.5
357491
357491.8
357496.7
357511.7
357553.9
357575.3
357615.1
357636.3
357641.6
357674.7
357678
357716.8
357723.5
357929.7
357934.3
357969.9
358007
358038.5
358061.2
358062
358073
358081.5
358108.6
358161.1
358246
358320.2
358408.7
358554.5
358628.5
358743.8
358761.6
358769.6
358771.2
358787.6
358836.4
358885
358885.8
358886.6
359011.3
359051.2
359057.1
359183.7
359186.5
359266.2
359375
359418.5
359420.2
359445.7
359458.5
359501.1
359518
359698.5
359710.3
359787.6
359795.5
359822.1
359929.2
359972
360084.5
360085.6
360153.8
360293.7
360588.1
360589.6
360675.8
360698.9
360743.1
360824.4
360871
360990.1
360990.2
361071.8
361157
361164.7
361259.4
361321.6
361554.9
361594.2
361607.2
361618.2
361651.1
361680.2
361715.2
361743.8
361845
361858.9
361893.8
362103.6
362184.5
362200.8
362249.9
362616.3
363006.4
363032.9
363087.6
363504.8
363575.9
363904.9
363914.1
364116.5
365096.1
368392.5
368620.1
369198.2
369632.1
369823.7
370388
370425.1
370908.4
371089.5
371496.8
371632.2
371661.3
375281.2
375334.7
375424.4
375439.5
375455.2
375485.9
375523.6
375525.9
375558.9
375598.5
375606.7
375610.3
375665.4
379413.9
394323.1
396402.5
396537.7
396583.2
396597.5
396614.2
396618.7
396731.8
396751.7
396792.3
396806
396831.4
396963.3
396970
397024.3
397047.3
397081.7
397112.8
397134.7
397175.4
397206.1
397277.7
397285.4
397306
397418.9
397444.6
397514.4
397696.9
397737.5
397769.3
397795.5
397817.5
397868.7
397939
397989.5
398073.5
398110.7
398201.3
398214
398288.1
398332.4
398656.6
398797.4
402974.3
403052.9
403304.4
403657.5
404395.4
413850.1
414418.1
418298.7
418683.7
418893.2
418895.3
418919.4
419084.3
419247.7
419253.3
419342.2
419352.4
419381.8
419465.5
419647.5
419714.3
421861.8
421868.3
422016.5
422049.6
422171.5
422191.4
422423.9
422633.7
424509.2
424647.6
426778.3
426851
426989.4
426993.2
427047.9
427080.9
427193.2
427330.8
427463.7
427482.1
427488.6
427498.5
427500.8
427518.6
427554.2
427612.3
427634.1
428440.7
430425.6
430441.6
430458.5
430585.6
430624.5
430650.3
430670.4
430708.8
430722.7
430804.3
430807.5
430825.9
430828.7
430848.5
430855.4
430860.2
431190.4
431413.2
431938.7
432634
433266.6
433509.9
434176.1
434854.6
437344.4
438214.7
438242
438345.8
438412.5
438480.2
438746.7
439192.4
439590.9
439623.8
440041.2
440123.7
440228.6
440284.5
440321.9
440419.3
440614.7
440628.7
440650.3
440661.5
440769.4
440812.6
441065.1
441065.9
441119.8
441131.7
441197.4
441270.2
441280.9
441328.2
441336.4
441343.5
441381.8
441406.8
441435.3
447087.7
450966.2
450991.9
451016.8
451029.3
451049.4
451053.9
451159
451203.4
451445.4
456097.7
456213.8
456242.5
456261.2
456339.2
456388.8
456420.1
456423
456459.5
456486.2
456503.4
456541.7
456559.5
456599
456603.3
456709.4
456837.3
457077.7
458140.5
460014.5
460039.5
463584.7
464886.2
465387.8
466580.7
466606.2
466726.9
468163.1
468784.6
469107
469482.4
469848.1
469896.2
470048.6
470082.5
470115.7
470154.5
470180.1
470221.7
470238.2
470275.4
470318.7
470357.1
470365.8
470411.8
470420.3
470441.6
470452.8
470463
470491.7
470525.2
470534.2
470575.9
470622.4
470623
470676.7
470700.1
470773.6
470832
470915.4
471022.3
471375.9
471386.4
471494.5
471644
471855.2
471869.7
471929.4
472159.2
472197.1
472293.9
476005.6
479024.5
479198.4
482562
482567.4
482575.1
482591.9
482600.7
482659
482687.4
482732.5
482737.8
482808.5
482930.8
482934.4
483149.5
483174.3
483256.7
483276.7
483297.6
483668.9
483726.1
483842.7
483865.6
483965.4
484013.8
484049.1
484219.2
484309
484335
484386.7
484578.3
484830.8
485036.4
505810.6
508315.1
508629.6
509147
509527.8
512341.8
512420.7
512495.9
512505.4
512528.2
512629.9
512760.1
512792.4
512833.2
513000.1
513100.3
517716
527472.8
527483.2
528127.3
528274.5
530451.3
530489.6
530550.8
530553.1
530614.2
530659.5
530762.1
530879.9
530970.8
531456
531585.6
531817.5
531850.4
531881.5
531887.7
531892.8
531975.8
532090.3
532106.4
534849.4
535008.7
535107
535172.7
535393.1
535476.7
535548.6
536005
536062.3
536536
536578.1
536690.2
536755.7
540334.6
540391.6
540436.5
540441.2
540528.9
540714
540852
540854.8
540910.5
543330.5
547425.9
547492.9
549561.7
549693.4
549742.4
549779.6
549909
549971
552025.6
552057.9
552070.2
552090.9
558328
558368.8
558409.6
558597.5
558768.4
558798.2
558825.8
558831.3
558832.2
558834.5
558835.4
558942.5
559016.8
559071.7
559072
559116.8
559203.6
559214
562049.3
562229.7
562368.8
562404.3
562416.3
562487.2
562610.7
562735.4
562739.1
563187.7
563307.5
563453.2
563548.1
563614.5
563716.6
563834.8
563844.6
563845.4
563938.4
563966.8
564085.3
564345.8
564375.1
564419.8
564437.3
564473.4
564497.2
564565.4
571878
575743.8
575812
578174.9
578226.4
578236.3
578410.1
578434.3
578443.8
578561.5
578586.8
578689.4
578857.7
579003.6
579022.7
580114.8
580172.9
580292.3
580539.3
582766.6
582822.4
582849.5
582945.8
582996.8
583019.6
583082.7
583095
583234.9
583261.1
583287.7
583290.7
583364.7
583434.6
583468.5
583478
583491.8
583491.9
583555.4
583560.1
583716.5
583749.4
583779.7
583809.4
583811.1
583856.5
583860.2
583865.8
583908.1
583932.6
583935.2
584000.4
584023.5
584049.2
584122.2
584194.5
584447.8
584496.8
584504.2
584552.3
584703.9
584905.6
584928.8
585117.6
585173.8
585176.2
585240.2
585342.2
585486.5
585556.6
586715.4
586903
586989.6
587016.4
587034
587051.4
587069.2
587089.8
587141.2
587145.2
587175.1
587253.5
587537.8
587585.7
588036.5
591066.2
591126.7
591149.2
591168.3
591213.2
591233.4
591333
591398.9
596269.1
596294.7
596350.5
596393.8
596455.9
596459.1
596919.6
