6956.6
7079.1
7119.5
7249.4
7312.9
7329.2
7333.8
7549.5
7878.2
7971.3
8060.3
8081.7
8084.1
8090.9
8140
11067.3
11209.6
11250.3
12367.8
12532.7
12540.5
12554
12587.4
12614.4
12638.7
12662.9
12692.6
20107.8
20930.8
20934.7
21010
21912.8
21962.3
22621.1
24411.7
25349.8
28874.5
29037.6
29042.6
29131.2
29149.7
29292.2
29590.3
29795.1
30441.5
30485.8
30790.9
31080
42384.1
43560.8
43604.5
43635.1
43722.1
43795
43800.4
43893.1
43931.6
44000.5
44021.7
44116.6
50780.7
50784.6
50789.4
50790.2
50827.1
50850.3
52370.6
52485
53117.4
53367.1
53373.3
53387.1
53396.4
53399.9
53606
53614.9
53734.3
53748.1
53754
53964.4
54003
54055.5
54238.5
54333.8
54607.3
54663.6
54735.7
54815.6
54884.1
54986.4
56511.2
56882.8
57737.3
57794.3
58013.4
58051
58109.1
58152.3
58188
58217
58305.1
58470.1
58862.4
59011.6
60012.3
60055.9
60064.7
60117.1
60156.2
60169.5
60261.2
62391.3
63897.2
63933.6
64039.9
64056.2
64129.9
64149.4
64159.7
64176.6
64222.9
64293.6
64362.6
64522.5
64542.6
64547.4
64557.5
64560.7
64705.6
64707.7
64711.3
64764.1
64769.3
64836.4
64862.9
69467.4
69475.1
69652.1
70577.9
70733.7
70748.4
70751.4
70767.8
70788.2
70797.8
70801
70860
70874.1
70933.4
71047.7
71121.6
71361.5
71407.2
71418
71587.4
79101.2
80173.8
80355
80843.8
81130.3
81195
81222
81322.4
81355.3
81473.1
81481.2
81503.3
81523.2
81555.5
81563.7
81596.5
81637.4
81745.7
81773.6
81932.7
83543.4
83683.4
83736.3
83775
84245.8
93664.3
93674
93777.9
94728.3
94753.8
94846.1
94968.8
95035.6
95147.4
95230.3
95435.7
95504.9
95610.6
95735.9
95824.7
95876.7
95881.9
95901.9
95906.8
96054.7
96185.9
96215.1
96294.8
96340.7
96363.4
96520.6
96528.7
96585
96609.3
96613
96676.4
97029.5
97097.3
97146.7
97158.9
97189.1
97804.1
97857.8
97947.6
98162.4
98219.1
98331.8
98464.8
98532.5
98544.7
98709.5
98919.2
99025.5
99070.3
99110.5
99381.8
99641.6
100477
101180
101296.2
101299
101735
101899.9
101963.3
102503.3
102841.3
103017.6
103050.2
103325
103376
103564.6
103944.1
104185.1
104502.3
116034
116071.3
116180.1
116182.2
116211.3
116214.1
116289.4
116318.8
116343.4
116377.1
116383.5
116409.9
116449.4
116669.6
116925.5
116954.6
116967.2
116985.1
116985.9
116988.7
116994.5
117016.6
117023.2
117024.5
117057.7
117157.1
117275.8
117295.1
117357.3
117379.2
117394.2
117398
117427.5
117495.8
117505
117535.4
117546.4
117623.7
117627.1
117658.5
117687.8
117886.9
119012.1
119138.8
119211.7
119220.8
119272.2
119305
119307
119400.4
119421
119486.3
119543.9
119656.3
119683.8
119733.7
119811.1
124835.6
125028
125266.1
125314.4
125381
125487.5
125496.6
125553.2
125764
125824.7
125865.3
125892.2
126129.6
126319.7
128144.4
128362.3
128397.9
128502.2
128651.3
128693.5
128706.1
128875.6
128908.8
128997.4
129003.3
129076.1
129212.7
129538
129588.2
129593.4
129633.2
129716
129751.6
129773.1
129926
129946.5
129994.4
130001.9
130015.2
130050.6
131744.6
132946.6
135690.8
136378.2
136670
137394.8
138013.9
138198.3
138386.3
138670.7
138976.8
139825.2
140958.8
141086
141271.1
141302.9
141378.7
141437.2
141545.1
141740
141794.9
143603.3
143742.8
143849.3
143917.1
144026.3
144404
144584.3
144588.1
144660.6
144909.5
144927.8
145029.5
145362.8
145473.9
145598.2
145772.9
145842.7
146028.6
146404.4
146525.6
146555.1
147263.3
147349.6
147424.1
148663.7
149241.6
149333.1
149755.7
149795.9
150136.3
150151.5
150354.8
150447.4
150457.4
150829.5
150974.7
151938.3
152448.8
152655.4
152840.6
153450
153733.3
153952.8
154913.3
156679
156696.3
158896.7
158984.5
159035.9
159191
159349.8
159379.3
159385
159451.5
159477.5
159524.2
159576.6
159681.5
159843.9
159992.5
160422.3
160448.9
162195.6
162211.1
162385.4
164365.6
164437.8
164543
164584.4
164597.3
164613.3
164635.1
164667.8
164678.6
164683.7
164716.5
164781.5
164873.5
164874
164930.4
164958.3
164970.2
165027.7
165167.9
165313
165322
165389
165872.6
166014
167104.6
167119.3
167120.9
167227.8
167656.5
167757.9
167889.6
168017.7
168743.4
169024.5
169136.7
169381.4
169615.3
175382.2
175683.5
175792.2
175823.4
175891.9
175952.6
176499.4
176570.2
176611.7
176784.4
176855.9
177341.2
177391.5
177761
178268.5
178385.1
178419.9
178729.3
178793.8
180100.1
186969.1
187166.2
187184.8
187232.7
187261.6
187266.1
187289.9
187328.1
187662.8
189290
189343.3
190673.4
190692.3
190696
190901.5
190972.4
190990
191169.7
191229.5
191352.5
191418
191454.3
191494.4
191542.7
191563
191629.1
191694.2
191783.5
191800.1
191803.8
191823.1
191874.4
191894.8
191895.3
191912.3
191926.6
191942.2
191979.3
192032.8
192039.8
192048.7
192060.2
192062.2
192119.3
192126.6
192248.7
195331.3
195367.7
195403.3
195496
207969.8
208012.8
208112.6
208196.5
208220.3
208305.2
208788
208961.6
209149.6
209155.3
209181.2
209208.7
209314.7
209524.7
212019.1
212133.9
218031.1
222347.1
224144.5
224297.1
224333.2
224378.6
224400.4
230831
230863.4
230934.6
230936.2
230966.9
231073.5
231103.1
231173.3
231746.2
232103.7
232690.5
233269.9
233296.9
233303.3
233379.4
233575.8
233598.3
233926.7
233953.8
239253.4
239827.4
239875.3
239941.9
239959.7
239964.1
240039.3
240053.2
240097.2
240197.4
240227.1
240256.4
244333.6
245454.4
245687.6
245776.8
245888.4
246117.4
246250.7
246302.9
246337.2
246447.9
246606.3
246752.8
246856.5
246880.7
249551.7
250600.4
250679.3
250748.2
250751.6
250798
250866.8
250871.9
250891.1
250985.4
251030.9
251048.5
251063.8
251068.4
251107.6
251107.8
251127.2
251162.7
251189.3
251191.7
251240.1
251296.8
251326
251454.8
251463.1
251465.3
251530.8
251536
251600.2
251604.4
251651.4
251680.3
251794.7
251841.2
251912.1
251986.3
252043.8
252137.7
252149
252176.5
252324.1
252325.7
252429.5
270190.6
270272.1
270279.4
270286.9
270308
270384.3
270395.6
270412.5
270469.7
270476.7
270481.4
270519.1
270523
270544.4
270584.8
270608.7
270638.9
270740.8
270748.3
270758.7
270822.3
270937.2
271017.8
271186.9
271216
271287.7
271327.7
271476.2
271528.6
271574.4
271725.9
271762.2
271876.3
273351.4
273377.6
273597.2
273609.9
273666.3
273698.6
273746
273777
273982.6
274032.7
276644.1
276841.4
278290.4
278317.6
278380.2
278415.1
278459
279822.3
298340.7
298348.9
298690.4
298808.7
298861.9
298949.9
299793
299977.6
300326.8
300329.4
300583
300685.3
300710.5
300729.5
300733.9
300910.5
300922
300935
300997.1
301037.5
301052.6
301080
301106.4
301121
301151.7
301456.3
301480.7
301483.9
301486.9
301490.1
301503.9
301543.4
301546.3
301581.6
301604.3
301612.3
301665.6
301722.3
301740.8
301747.9
301774.4
301930.4
301934.1
302249.9
302387.6
303631.9
303646.3
303659.9
303660.4
303671.9
303679.9
303742.8
303744.3
303767.7
303817.6
308062
308062.2
308217.8
322969.1
323025.9
323034.8
323121.5
323512.5
324178.1
324566.8
324667.9
324756.5
324995.4
325094.3
325219.2
327148.4
329357.8
329525.7
329706.4
329903.3
334852.3
334997.4
335064.6
335087.6
335131.1
335149.3
335247
337882.9
337947.8
337979.7
337982.7
338012.9
338048.2
338192.2
338210.8
346799.8
346934.6
347090.5
347249.2
347404.5
347554.9
347585.7
347669.9
347806.7
347812.5
347877.1
348062
349623.7
350292
350379.5
350422.5
350670.2
373158.5
373239.8
373403.3
373439
373446.1
373488
373488.7
374496.7
374607.9
374621.7
374648.2
374807.6
374837.1
374893.1
374909.6
375072.6
375138.1
375189.5
375205.4
375299.4
375346.1
375350.7
375364.8
375471.4
375613.4
377130.1
383453.5
384005.1
384396.4
386544.6
386791.4
387076.4
387174.8
387250.1
387254.6
387472.2
387493.9
387699.3
387987.3
388112.2
388160
388294.7
388307.9
388345.6
388688.6
388752.7
388767.8
388853.3
388890.5
389041.3
389156.4
389163
396590.2
396601.4
396773.5
396805.4
396944.7
396950.2
397036.5
397081.2
397151.1
397206.5
397247.2
397429.1
397520.7
397524.5
397532.1
397547.4
397667.7
397768.6
397780.1
397801.9
397802.5
397810.2
397829.9
397907
397939.8
397982.6
398021.3
398150.1
398350.9
398438.9
399073.4
401293
405185.4
406444.3
407453
408367.7
408369
408540.3
408550.9
408657.7
409227.2
409349.7
409640.7
410522.6
411201.5
411263.3
411408.5
411655.1
418870.6
422674.1
422693.1
422813
425200
425218.9
425412.7
425528
427096.6
428285
428323.9
428343.7
428354.3
428432.1
428448.5
428478.4
428501.5
428520.2
428572.3
428585.9
428687.1
429288.4
429539.3
430597.4
430640.8
430645.1
430663.9
430671.3
430789.2
430853.2
430877.7
430885.9
431231.7
433594.9
439713.3
440265.1
440381.2
440791.6
440827
440855.7
441075.9
441197.3
441288.4
441388.1
441410.4
441440.4
441455.6
441499.2
441538.4
441661
454095.9
454213.2
454230.6
454250.6
454302.7
454333
454415.4
454469.1
456391.5
456562.7
456613.9
456868.2
456872.5
457009.3
457098
457292.9
460213.9
463718.4
463830.8
464594.1
464719.1
464762.5
464845.6
464974.4
465056.3
465066.9
465073.3
465151.2
465175.3
465198.9
465240.3
465296.8
465354.9
465544.1
465594.6
469054.9
469584.3
469802.3
469893.8
470065.8
470081.3
470258.9
470277.9
470278.5
470333.9
470348
470373.2
470468.9
470494.3
470517.3
470659.1
470731.2
470803.6
471139.5
471429.9
471488.5
476865.5
478260.3
482600.3
482779.1
482782.8
482829.5
482839.8
482852.8
482883.1
482898.2
482909.7
482965
482981.9
483064
483111
483147.2
483150.5
483204.7
483240
483308.6
483337.9
483367.7
483390.1
483405.4
483428
483447.1
483457.5
483481.4
483513.3
483554
483666.7
483717.9
483783.8
483786.8
483824
483863.1
484044.1
484094.9
484123
484159.6
484202.3
484231.4
484242.7
484316.2
484329.5
484502.6
484571.3
484578.5
484590.8
484593.8
484671.7
484680.3
484710.2
484734.8
487772.7
500042.6
506850.8
512421.8
512758.6
514775.3
515544
515865.3
515952.4
516008.6
516322.7
517506.6
517653.7
517695.9
517697.5
517701.9
517706.8
517714.6
517743.4
517754.6
517777.1
517786.2
517881.1
517894.5
517913.8
517931.9
518060.2
519042.5
527231.5
527243.8
527358.2
527454.2
527468.4
530250.1
530427.9
531880.7
535289.6
535309.7
535369.6
535385.8
535422.4
535520.6
535553
535580.4
535616.7
535754.1
535795.9
535830
535893.8
535928
535929.2
536066
536075.6
536119
536119.2
536359.5
536419.3
536598.2
536601.8
536704.3
536716.9
536733.9
536799.5
537254.7
537705.8
538022.5
539404.5
540500.1
540518.3
540783
540999.5
541043.2
541136.6
541222.4
541322.5
541856.9
547448
547469.6
547556.3
547581.5
547608.4
547661.1
547767.3
547858
549172.9
549735.5
563736.5
563917.8
564303.4
564359.3
564390.2
564508
564512.7
564710.5
575658.3
575662.6
575723.8
575739.8
576519.3
576627.1
576668.7
576979.1
577228.5
577273.2
578073.8
578087
578092.9
578192.5
578260.6
578290.9
578858.2
580332.7
586621.7
586672.3
586737.6
586738.9
586869.5
586878.8
591212
591375.7
591403.6
591524.2
596092
596147
596167.2
596172.3
596182.8
596222.8
596228
596246.4
596294.1
596483.7
