33.1
82.9
427
927.1
932.4
5224.8
5244.1
5246.1
5319.9
5379.7
7979.9
8008.6
8020.9
8058
10318.3
11687.7
12675.9
12706.2
12744.6
12747.8
17160.6
17164
17212.2
17239.6
17309.5
17323.7
17332.5
17773.8
20999.9
21011.9
22907.7
22974.3
23072.6
23082.7
23108.8
23113.3
23135
24692.7
25397.1
25511.2
25695.6
25950.3
26086.5
26273.2
26352.8
26418.4
26708.2
26734.5
26880.3
27005.4
27036.7
27116.3
27301.9
27345.5
27659.7
28076.6
28124.8
31152.2
31218.5
31266
31328
31426.7
31500.2
31542.3
31587.6
31596.8
31670.1
31758.9
31773.4
31846.1
31890.9
31896.7
32034.6
32046.2
32079.8
32108.3
32245.4
32946.8
33400.3
33428.7
33516.3
33829.1
38850.7
40700.2
40769.1
40770.3
40817.8
40917.8
40956.6
41064.8
41115.2
41140.3
41253.8
41262.5
41318.2
41362.2
41367.4
41438.6
42265.5
42282.7
42394.8
42524.9
45650.1
45703.2
45731.9
45734
45806.1
45882.9
45925.8
45928.7
45931.6
45943.4
45978.1
46012.7
47308.8
51346.3
52206.9
52218.2
52250.7
52261.9
52896.8
54001.5
54039.4
54223.4
54293.9
54375.4
56462.9
56464.9
56491.2
56495
56514.7
56542.7
56570.6
56669.6
56750.4
56926.6
57689.3
57854.6
59722
60963.9
61124.7
61175.3
61294.1
62696.5
63860.3
65043.7
65066.1
65077.7
65165.6
65261.8
65378.7
65379.8
65491.6
65550.4
65679.6
65699.5
65742.9
65755.6
65798.1
66931.2
66952.7
66974.2
67034.5
67235.5
67242.8
67390.1
67391.9
67397.9
67437.5
67446.2
67643.1
67874.1
67895.4
67924.8
67985.5
68257.5
68393.7
68490.6
69511.7
69524
69679.3
69701.3
91434.6
91474.6
91519.5
91587.3
91612.7
91657.8
91668.8
91765.7
91792.7
91798.4
91834.3
91863.3
91889
91904.9
91930.4
91932.2
104633.8
104773.7
104786.9
104856.4
104905.4
104964.1
104996.6
105017.7
105067.6
105137.9
105141.7
105171.8
105174.2
105238.2
105299.8
105531
105628.7
106233.6
111330.6
113125.7
113139.6
113179.1
113201.9
113224.2
118306.6
128100.6
128161.9
128499.9
128521.3
128532.2
128636.8
128638.1
128751.8
128770.5
128801.4
128935.7
128950.3
128969.1
128998.4
129035
129274.4
129323
129330.1
129536.1
129719.7
129739.9
129756.5
129767.3
129852.1
130076.4
130111.3
130112.7
130113.3
130269.3
130314.1
140989.9
140999
141023
141179.6
141190.3
141197.9
141361.4
141367.8
141442.2
141479.9
141581.2
141753.1
143767.8
143968.5
143992.1
143998.4
144012.2
144045.9
144182.8
144245.4
144294.2
144566.1
144777
144804.7
144814.2
144814.9
144886.5
145109.7
145193.8
145277.4
145307.2
145312.8
145440.1
145457
145522.9
145533.9
145555
145563.3
145598.3
145603.1
145615
145992.6
146243.5
146406.6
146459.9
146463.8
146469.4
146517
146568.8
146616.2
146621.6
146638.2
146751.6
146974.8
147110.7
147414.8
147429.4
147515.4
147566.9
147620.6
147791.7
147800.2
147937.4
148013.3
148225.3
148449.9
148480.2
148643.6
148815.2
148872.4
148880
148905.8
148926.8
148952.3
149341.5
149347.9
149375.5
149394.6
149533.3
149609.7
149622.9
149646.7
149705.9
149818.5
150018.5
150049.6
150176
150188.2
150251.5
150258.5
150629.3
150640.6
150720.2
150885.3
150916.2
151027.1
151059.4
151070.6
151265.1
151491.4
151709.2
151766.5
152053.5
152188.4
152475.9
152487.1
152765.6
152895.5
152946.1
153001
153159.9
153229.9
153294.2
153379.4
153795.3
153820.2
153897.8
153982.7
154063.4
154381.7
154393.1
154569.1
154628
154971.3
155577.8
155635.6
156154.7
156285.3
156334.3
156472.2
156514.6
156587.2
157736.2
157962.5
157968.7
158235.3
158291.2
158513
158712.7
158745.2
158775
158910.4
158965.4
159053.4
159188.6
159195.8
159213.6
159216.7
159288.6
159435
159497.7
159592.7
159629
159669.1
159674
159680.5
159694.1
159754.5
159823.6
159879.7
159906.9
159917.6
159926.4
159988.4
160176.3
160357.7
160436.5
160490.8
161415.2
161536.1
161608.4
161620.8
161626.3
161769.2
161825.1
161859.5
164618
167548.4
167766.2
167801.1
167874.4
170051.1
170180.5
170181.6
170205.7
170212.8
170234.1
170285.3
172421.3
172485.5
172535.8
172617.6
174097
178056.3
180151.3
180248
180821.7
182973.7
182988.6
187354.7
188853
188912.6
188984.6
189035.7
189060
189118.2
189130.1
189246.8
189335.6
189343.9
190612.8
190813.8
190949.6
191145.6
191990.5
192822
193656
193659
193758
193786
193832.7
193930.2
193937
193949.5
193970.7
193986.8
194181.7
194226.9
194426.2
194516.1
194544.3
194569.9
194853.9
194921.8
194925.5
195010.7
195020.3
195067.8
195213.3
199059.5
199191.8
199242.5
199441.1
201404
203025.9
204358.2
210262.9
210317
213058.1
213322.5
213348
213375.1
213445.6
213510.3
213510.7
213681
213700.1
213811
213870.1
213933.8
213967.9
214057.6
214059.6
214079.1
214153.1
214203.2
214328.8
214340.2
214356.3
214537.9
220737.3
221011.5
221120.8
221188.8
221251.4
221363
221544.7
221741.1
221888.7
221953.2
221988.7
222068.9
222119
222178.7
222255.2
222760.4
223775.8
225143.8
225221.5
229654.7
230482.1
230707.6
230801.2
230858.3
230861.8
230866.8
232112.5
232559.1
232632.8
232658.9
232673.9
232715.7
232836.5
233424.8
233723.9
239357
239543.4
239631.1
239690.7
239744.4
239758.9
239767.4
239776.9
239834.2
239886.6
240151.9
240182.4
240192
240194.8
240195.1
240208.4
240229.7
240274.4
240280
240287.3
240410.9
240444.1
240518.8
240924.9
241042
241281.6
243659.6
243957
244106.5
244157.2
244812.1
245221.3
245535.3
245689.6
246299
246424.4
249566
249580.6
249624.5
249647
249682.5
249699.7
249781.8
249813.3
249846.9
249849.5
249916.1
249930.8
250004.5
250021.8
250048.2
250051.1
250221.7
252479.3
252633.5
252651.3
252670
252685.5
252688.5
252723.1
252776.9
252858.4
252932.7
252974.4
253008.1
253010.2
253083.6
253475.4
254057.4
254311.2
254387.7
254416.9
254672.2
254852.2
254855.5
255120.3
255158.7
255180.6
255226
255246
255298.4
255337.2
255359.5
255407
265599.4
267368.5
267383.4
267432.3
267531
268312.5
268375.2
268483.1
269842.6
270116.4
270313.2
270528.7
275925
276065
276490.8
281343
281480.1
282474
282481.6
282512.2
282552.8
282591.5
282605.2
282660.1
282660.6
282686.8
282694.1
299039.5
299049.2
299141.3
299151.7
299207.5
299239
299309.3
299377.6
299399
299428.1
299428.2
299474.4
300069.5
300189.8
303256.8
303336
303337.9
303528.5
303595
307101.3
308343.9
308369.4
311474.3
311487.9
312539.3
312670.8
312767.9
312921.3
312927.9
313050
315134.9
320109.3
320162.6
320180.7
320209.6
320248.7
320374.4
320440.3
320609.5
330112.3
330150.8
330292.7
330354.9
330381.8
330384.1
330445.9
330654.4
330656.2
330672.2
330794.2
330884.1
331083.5
331094.2
331096.1
331117.2
331193.8
331385.1
331410
331586.1
331636.8
331677.4
334930.7
334931.6
334986.5
335006.7
335045.8
335085.8
335127.4
335177
335345.6
337044
337130.7
337243.8
337275.5
337356.8
337360.6
337436.3
337456
337530.4
337595.3
337690.5
337734.4
337737.9
337754.6
337773.2
338876.5
338976.7
339014.5
339060.5
339210
339245.4
339434.4
339450.2
339470.6
339514
339549.2
339564.9
339608.9
339623.7
339655.4
339741.1
339835.9
339943.9
340136.1
340211
340311.3
340451.4
340499.6
341135.9
343208.5
343446.3
343467.4
343609.7
344222.2
344349.5
344431.2
344448
344487.3
344589.1
344634.1
344737.2
344756.5
344790.4
344900.3
345082.8
345083.4
345231
345498.5
346718.8
346738.4
346883.2
347004.1
347083.2
347255.1
347467.7
348987.7
352382.7
352576.4
374331.6
376292.3
381800.9
382134.2
382436.3
382778.4
383036.5
383756.8
384025
384087.2
384656.4
384684.4
385212.4
385410.9
385467.5
385570.1
386250.7
386504.3
387121.2
387275.6
387288
387321.3
387418.4
387544
387554.7
387626.4
387728.5
387729.2
387842.7
387964.7
387994.3
388034.1
388179.5
388210.2
388219.7
388318.1
388369.4
388464.7
388541.6
388694.5
388738.9
388830.6
388867
388958.5
389046.1
389120.4
393269.2
394291.4
395208.1
395427.2
395609.2
396252.8
400325.2
400619.1
400741.8
405738.5
406588.9
407154.5
407273.5
407282.1
407292
407329.6
407663.1
407712.2
407798.4
407984.7
407992.1
408075.9
408094.9
408384.8
408499.3
409944.5
410087.2
410379.8
410572.5
410651.3
410661.1
410763.3
410876
410897.9
411067.1
411104.5
411455.7
411680.7
420104.3
422833.8
423026.1
423113.9
423214
423237.5
423281.2
423310.9
423323.5
423398.3
423457.8
423464.1
423503.2
423512.1
423745.8
423793.6
423849.7
423881.4
424898.2
425145.9
430098.8
430110.1
430123
430156.2
430194.5
441734.3
442014.2
442040.1
442144.1
442191.9
442274.8
442317.2
442395.1
442578.1
442599.8
442651.7
442676.5
442679.4
442682.8
442795.1
442803.2
442828.1
442830.6
442843.1
442861.7
442905.3
442951.8
443009.1
443202.2
443222.7
443252.7
443282.5
443288.2
443343.3
443383.2
443390.9
443588.3
443605.9
443717.2
443730.9
443804.4
443940.3
443965.3
443980.6
444031.9
444061
444094.3
444100.4
444102.9
444141.6
444159.3
444228.4
444408.4
444418.4
444476.8
444574.4
444589.8
444617.4
444663
444721.7
448620.5
448697.2
448869.3
448915.2
448995.7
449205.1
451163.2
451486
451586.5
451722.5
451864.8
452339.3
454968.6
455696
455782.2
456287.3
456463.4
456542.4
457153.4
457339.5
457404.8
458854.3
459800.3
464017.4
464202.4
464215.3
464262.6
464365.1
464370.6
464375.8
464703.8
467247
467260.5
467359.2
467378.1
467408.9
467469.4
467498.1
467560.1
467576.8
467694.2
467795.2
467893.4
467901
467997.3
468110.8
468458.6
468760.8
476232.4
478266.8
487529.9
488149.2
488765.3
490480.1
490913.2
491771.9
498226.6
501842.2
502089.5
503548.4
504742.3
513340.3
513453.8
513478.9
513484.8
513538.5
513542.5
513570.8
513591.5
513617.5
513693.4
513720.5
513778.7
513800.3
513813.4
513864.3
513870.1
514012.6
514029.4
514043.8
514105.3
514109.3
514308.2
514344.1
514353.5
514364.9
514374.1
514540.5
514544.3
514566.2
514768
514814.2
514817.5
514997.9
514998.9
515022.4
515109.1
515299.3
515317.5
515337.9
516295.1
516514.4
516708.7
519606.3
526333.2
526340.1
526440.5
526873.5
526957.7
526979.4
527066.9
527152.4
527462
527775.9
527900.2
529090.9
529272.8
530697.7
531817.5
531936
531981.7
532049.2
532061.3
532179.1
532277.1
533202.5
533747.4
534590.8
534620.1
534652.2
534798.6
534852.2
534891
534961.2
534975.3
539333.5
539771.1
539900.3
539907.5
539913.4
539970.1
540120.8
540138.1
542002.9
542204.1
542248
542597.8
542607.8
542680.2
542732.4
542843.6
542851
542851.2
542856.8
542870.7
542884.4
542917.7
543005.7
543015.1
543109.7
543135
543151.9
543207.5
543236.6
543292.2
543359.1
543387
543427
543430.7
543488.6
543525.8
543539.4
543755
543793.7
543896.3
543938.3
543949.3
544174.7
544360.1
544448.8
544454.9
544461.6
544586.8
544604.1
544619.7
544622
544692.8
544822.1
544988.6
545102.6
545163.3
545354.9
545423.1
545557.6
545700.8
545798
546081.9
546441.3
547893.7
548178.3
549487.4
549500.3
549600.8
549651.9
549700.2
549801.1
549834.6
549834.9
549925.7
549989.1
550006.8
550113.4
551887.3
551893.6
552039.3
552069.5
552074.9
552089.2
552103.8
552118.3
552142.7
552219.4
552276.9
552299.5
552317.7
552328.8
552374.6
552403.1
552474.2
552514.1
552593.9
552724.5
552928.1
553058.9
553076.5
553325.8
553733.4
554026.6
554197.8
558513.6
558833.6
559038.5
559167.5
559473.3
560551.1
561995.3
562141.8
562238.4
562320.8
562334.8
562350.8
562386.1
562502.5
562544.6
562544.8
562702.3
562770.7
562770.9
562771.5
562793.4
562890.6
562981.7
562994.7
563055.1
563093.1
563105.6
563137.9
563144.7
563222.2
563233.4
563296.8
563322.3
563353.7
563397.5
563400.5
563419.2
563423.7
563438.7
563439.9
563468.8
563511.1
563567.7
563612
563678.8
563683
563751.7
563784.2
563907.7
563965.5
563988.8
564006.4
564028.6
564049.8
564074.8
564093.8
564121.5
564171.7
564187.9
564224.5
564227.5
564229
564229.4
564284.3
564325.5
564378.9
567861.2
568094.8
568118.3
568251.4
568296.8
568657.2
568733
569119.3
569143.5
569284.2
569344.5
569421.8
569649.2
569682
569691.2
569831.9
569858.3
569910.2
569943.9
570090.7
570474.7
570486.6
570497.8
570545.1
570603.4
571826.7
571893
571897.2
571992.2
572100.2
572157.7
572172.8
572225.2
572263
572340.9
572635.2
572639
572992.2
573590.7
573642.2
573684.1
573763.5
573806.8
573824.6
573825
573858
573906.3
573945.6
573947
574122.4
576136.2
576158.6
576223.7
576236.3
576273.6
576294.5
576390.8
576538.1
576601.8
576762.8
577331.8
577375.4
577381.7
577452
577498.1
577563.3
578451.1
578595.1
578631.8
578664.1
578791.8
578899.2
579017.4
579040.7
579053.3
579087.8
579090.6
579115.2
579287.7
579458.1
586102.3
586115.4
586123
586163.6
586209.9
586232.9
586289.7
586351.3
586361.1
587400.2
587670.1
587706.2
587730
587767.9
587804.3
587829.5
587872.9
587874.2
587898.6
588020.3
588048.1
588143.3
588304.7
588358.8
593886.1
593973.9
594680.4
594732
594770.8
594810.9
594855.7
594857.4
594923.3
594934.9
594988.6
595042.4
595050.2
595054
595155.2
596368.1
596454.8
