2186
4700.6
4904.3
4942.7
6724.5
6765.4
6791.6
6802.2
6948.2
7018.7
7186.6
10930.4
10980.6
12329.4
12394.1
12609.1
12687.3
15966
16033.6
16072.2
16139.5
16275
16318.5
16438.9
16525.9
16532.6
16567.7
16729.6
16746.6
16756.8
19093.1
19151.4
19198.6
19357.4
19405.1
19894
20129.3
21410.6
21670.5
21834
21905.1
21909.3
21960.5
22221
22389.1
22411.5
22474
22514.2
22603.9
29237
29336.9
38932.1
38968.4
39026.8
39123.9
39185.6
39203.2
39214.4
39248.3
39664.9
39781.2
40695.7
40870.5
40914.6
41411.3
41527
42937.1
43203.7
43218.7
43240.7
43324.8
43351.6
43401.4
43548.8
43571.5
43684.8
43817.1
50848.6
50881.9
50965.1
50968.9
51009
51020.6
51036.2
54117.6
54778.5
54847.3
54869.4
54938.6
55061.5
57896.7
58113.6
58355.3
58767.5
59018.5
59020.3
59854.8
60151.4
60326.5
62737.8
62970.1
71037.9
71045.5
71172.3
71258.9
71322.3
71330.8
71353.9
71455.3
71474
71719.4
74162.5
74168
74269.6
74348.2
74420.6
74438.3
74526
74543.2
74819.4
74823.3
74839.2
74918.8
78475.4
78639.6
79044.8
79815.7
79872.8
79956.5
79990.5
80108.6
80202.2
80321.3
80492.7
80658.1
80668.9
80742.9
80802.7
80888
81086.3
81096.3
81101.6
81138.1
81150.6
81207.5
81220.5
81355.2
81368.7
81739.3
81863
82660.5
83611.1
83701.7
83841
83975.9
84068.6
84094.9
84118.4
84272.5
84490.6
89903.9
90222.2
92653.5
93146.5
93210.1
93240.7
93241.8
93376.9
93459.5
93468.3
93485.1
93543.7
93575.6
93585.1
93648.1
93717.7
93723.3
93734.8
93743.1
93751.1
93764.7
93766.2
93831.5
94273.1
94324.3
94386
94454.8
94514.6
94674.4
94684.9
94749.2
94928.8
94943
94959
94993.9
95130
95177.2
95229.9
95256
95272.3
95305
95331.9
95527.3
95558.8
95647.5
95684.3
95689.8
95738.6
95767
95791.7
95907.8
95967.3
96006.2
96050.2
96054.9
96087.7
96365.8
96410.3
96472.2
96503.9
96607.4
96625.9
96634.2
96708.2
96810.1
96838.9
96844.4
96868.5
96902
96916.8
97035
97074.6
97109.9
97116.2
97117.3
97150.3
97152.3
97159.3
97219.9
97312.4
97370.1
97402.2
97417.2
97442.1
97449.7
97484.5
97551.2
97603.2
97631.9
97666.8
97680.6
97691.5
97813.6
97861.8
97943.7
97980.1
97980.9
98033.3
98068
98123.4
98141.5
98147.3
98186.3
98324.9
98335.9
98383.4
98398.7
98415.2
98425.5
98459.2
98500.7
98541
98605.5
98631.2
98647
98655
98660.2
98671.4
98695.2
98727.4
98728.6
98729.5
98788.3
98813.6
98875.1
98893.1
99031.2
99042.8
99153.3
99163.6
99212.9
99218.3
99234.3
99243.4
99247.3
99267.1
99346
99384.6
99422.7
99462.2
99495.8
99505.3
99535.6
99573.3
99662.8
99735.2
99759.9
99895.5
100003.8
100007.4
100086.4
100093.6
100159.9
100273.6
100277.5
100335.9
100349.5
100367.7
100403.4
100444
100458.5
100522.2
100539.8
100583.7
100664.3
100682.6
100682.8
100809.6
100884.7
100953.3
101000
101006.9
101038.6
101083.2
101271.1
101329.5
101365.6
101465.8
101550.4
101579.5
101630.1
101634.6
101700.2
101724.5
101806
101951.9
101960.3
102076.1
102139.3
102149.7
102286.6
102393.8
102756.7
102896.1
102936.1
103019.4
103099
103142.1
103150
103187.5
103214.4
103229.4
103244.3
103313.8
103349.2
103392.4
103468.5
103509.4
103545.5
103628.9
103701.6
111872.9
112015.9
112063.5
112103.5
112152.3
112278.6
112499.4
115575.6
115629
115683.4
115706.4
115732.6
115887.6
116026
116133.6
116334.3
117109
117179.2
117232.3
117356.6
118796.9
118835
119196.5
119213.3
119317.5
119339.6
119634.7
119683.6
119684.3
119975.4
120118.5
120199.7
120208.6
120228.2
120285.1
120297
120305.8
120410.9
120432.7
120435.3
120469.6
120480.1
120496.6
120497.6
120501.2
120561.2
120586.9
120837.7
120842.5
120880.6
120893.2
124771
124794.9
124797.8
124801.1
124817.2
124829.7
124842.3
124884
124900.5
124901.1
124997.4
125006.5
125022.5
125036
125251.1
125262.4
125505.7
127566.2
127568.9
127598.3
127688.3
131667.1
131856.1
131898.7
131980.5
132019.9
132078.9
132136.5
132142.8
132330.4
132381
132431.5
132446.4
132531.3
132536
132551.6
132577.8
132587.8
132807.4
132839.7
132915.5
132921.8
133017.4
133088.6
133257.6
133267.2
133448.9
133525.1
133910.6
134871.2
134878.9
134900.5
134920.4
134995.7
134997.7
135038
135038.9
135256.7
135257.5
135293.5
135476.1
135502.6
135764.5
135832
135885.5
135954.4
136045.4
136241.9
136286.2
136325.8
136556.9
136616.8
136620
136759.4
136818.7
136840.8
136914.7
136955.7
136957.8
137184.6
137433.1
137490.2
137518.7
137536.5
137660.7
137902.3
137946.6
138064.1
138100
138128.1
138225.3
138348.2
138555.9
138578.4
138628.7
138701.5
138720.9
138777
138823.2
138910.8
139005.4
139432.6
139467.2
139560.7
139562.2
161978.3
162259.5
164554.5
164562.2
164658.2
164740.1
164821.3
164842.6
164872
164960
164962
164963.6
165019.4
165057.1
165102.3
165217.1
165218.8
165494.3
165624.2
167047.2
167085.5
167095.4
167101
167162.6
167388.1
167608.7
167789.8
167854.4
167967.1
167983.9
172680.3
172741.2
172852.9
172931.9
172937.2
172947
172983.5
172993.8
173023.8
173044.8
173151.5
173191
175522.1
175799.3
177707.9
177754.4
177796.3
177798.1
177803.4
177881.1
177932.3
177972.6
178142.1
178183.9
178298
178493.9
178694.7
178794.7
178886.5
178926.9
179056.8
179093.2
179218.1
180904.4
181112.9
181766.6
181921.8
181959
182024
182241.2
183056.8
186600.4
186864.5
186949.3
186978.6
187043.8
187101.5
187166.7
187226.7
188949.6
189008.6
189059.2
189119.6
189138.6
190725.4
191119.6
191137.2
191284.3
191430.4
191449.7
191497.9
191523.5
191535.7
191561.1
191603.7
191616.8
191633.7
191677.7
191684.7
191759.3
191764
191772.1
191832
191916.4
191939.2
191974.6
191989.2
192042.5
192044.5
192063.7
192093.7
192157.7
192158.2
192176.6
192392.8
192398
192403.5
192494.5
195437.6
195452.8
195529.4
195558.4
195623.8
205718.5
205782.7
206009.3
206056.3
206078.6
206444
206447
206635.1
206764.4
206832.6
207383.8
207439.3
207589.6
207752.6
207763.3
207819.8
207942.2
208019
208082.4
208161.1
208191.4
208326.5
208345.9
208506.8
208591.5
208674.5
208692
208700.6
208775.8
208788.1
208801.6
208816
208852.3
208863.2
208932
209055.7
209089.4
209162
209227
209260.5
209271.3
209302.1
209311.7
209416
209426.5
209495.9
213750
213981.1
215633.1
217182.7
217221.7
217262.6
217263.7
217329.2
217463.1
217523.5
217536.7
217589.8
217640.5
217660.5
217728.6
217745.2
217752
217791.4
217810.6
217813.8
218031.2
219028.1
220989.6
221244.9
221480
221490.8
221555.3
221640.4
224445.2
225452
225532.4
225565.3
225710.9
225789.7
225946.4
230658.6
230875.8
230878.1
230911.4
230926.8
230966.4
231042.6
231043.8
231047.9
231097
231102.8
231144.9
231147.1
231158.2
231172.5
231188
231356.4
233954.9
234031.2
234095.7
234126.6
234171.5
234183.3
234195.6
234240.3
234250.4
234263
234324.1
234351.9
234490.1
234515.4
234782.9
235640.2
236415.2
236644.7
236976.5
237113.6
237140
237269.8
237414.7
237502.3
237505.5
237526
237553
237576.5
237708.9
237716.5
238118
238151.5
238254.3
238474
238668.9
238709.3
238715.7
238737.2
238812
239116.7
246764.7
246818.1
246820.7
246870.7
246872.6
246964.8
246973.3
247008.2
247399.6
247619.5
247896.4
247966.7
248095.9
248756.6
249380.1
250294.7
250413.1
250438.6
250660.7
250852
250897.3
250982.2
251245.3
251436.9
251902.9
252147
252208.9
252348.4
252448.1
259614
264244.4
264254
264274.7
264456.6
264478.6
264576.3
264628
264649.6
264994.1
266829.4
267662.7
268648.4
269979.4
270155.8
270163.3
270285.1
270287.8
270346.4
270379.2
270410.9
270572.9
270621.3
270668.1
270766.5
270891.6
270962.7
271399.7
271465.1
271600.9
271907.6
274051.1
276183.4
276282
276506.9
276862.3
276938.6
278162.1
278299.1
278312.2
278342.1
278384.5
278395.7
278648.8
278678.1
279213.9
279335.7
279472.3
279531.7
279574.3
279616.9
279719
279745.4
279837.2
279903.3
280236.8
281918.1
282049.2
282203.2
287723.3
288070.6
288612.4
288946.3
289413.2
289448.4
292627.6
294574
294750.3
294878.6
295529.1
300586.8
300930.6
301051.1
301179.1
301241.8
301539.9
301606.6
301637
301649.1
301706.3
301713.9
301785.2
301813
301917.3
301967.8
302010.2
302049.5
302065.6
302217.1
302255.7
302325.1
302459.8
302520.7
302565.8
302691.8
302710.4
302767.8
302786.1
302830.6
302835.2
302856.9
302951.1
302969.7
302998.4
303035.4
303696.7
303754.6
303799.7
303844.9
303880.7
303932.9
304030.8
304076.5
304159
304368.7
304476.8
304530.2
304701.6
304783.7
304912.3
305336.1
305398.3
305810.6
308843.1
310981.8
311481
312769.8
313163.6
313365.4
313521
313565.3
313596.3
313626.2
313788.1
313797.8
313806.3
313838.4
313839.9
314047.5
314163.5
314243.7
314323.1
314338.3
314443.3
314671.3
314687.1
314790.9
315066.3
315100.2
315156
315184.2
315266.1
315402.1
315699.8
315826
315888.8
316059.8
316103.6
316188.6
316288.8
316411.5
316443.4
316517.8
316532.8
316552.8
316604.7
316610.3
316643.7
316674.2
316738.6
316790.2
316819.1
316881.7
316914.4
316993.4
317091.3
317153.3
317176.8
317193
317303.9
317384.9
317446.6
317498.1
317875.8
317887.7
317914.3
318057.5
318137.8
318507.4
318527.1
318612.3
318919.4
319063.9
319064.5
319263.5
319277.3
319382.8
319395
319498.2
319678.6
319852.4
321054.3
321212.4
321288.8
321779.3
322133.8
322698.5
322748
322784.9
322886.6
322901.4
322959
324729
324975.7
326782.9
326896
326966.4
326984.9
327158.9
327183
327202.7
327224.6
327332.7
327354.7
327442.5
327539.1
327631.3
327652.8
327749.7
327766.7
327931.3
328026.9
328057.1
328083.3
328170.8
328183.1
328269.5
328312.8
328328.6
328365.3
328383.1
328405
328640.8
328767.3
328934.3
329041.6
329043.6
329227.4
329340.6
329401
329439.3
334953.7
335020.3
335087.2
335091.4
335122.4
335284.9
335337.3
335363.6
335391.3
335515.5
337570.1
337943.7
340540.4
341557.8
341609.8
341611.8
341619.7
341644.9
341955.1
342009.4
342010
342026.3
342039.8
342057
342253.8
342372.5
345217.5
346804.9
347132.2
347179.8
347277.8
347333.8
347437
347482.4
347505.2
347511.2
347534.9
347542.1
347631.7
347687.1
347703
347733.5
347736.2
347755.5
347786
347786.7
347872.2
347943.1
347964.1
348033.5
348523.8
350453
350470.9
367037.9
367127.6
367248.2
367249.2
367331.4
368428
371503.8
372154.5
373314.6
373418.6
373435.3
373437
373457.3
373538.6
373595.5
373689.6
373711.5
373717.2
373728
373731.3
373758.8
373873.5
373900.1
373905.6
373915.6
373944.2
375304.2
375313.5
375406.3
375466.8
375509.1
375563.2
375563.8
375677.2
375683.8
375819.6
375862
376962
379307.1
379975
380033.7
381318.9
382968.8
384389.2
391529.6
394144.4
396650.2
396721.8
396842.2
396853.4
396871
396900.5
397031.3
397097.7
397206.4
397250.7
397253.6
397336.5
397464.5
397569.3
397762.6
397872.6
397906.1
398009
398177
398233.6
398308.4
398347.3
398422.6
398430.4
398454.6
398510.3
398529
398540.6
398562.4
398571.3
398617.5
398687.9
398765.4
398813.7
398842.9
398910.6
399041.1
399062.9
399129
399160.1
399220.4
399386.8
400842.6
402294.7
402893.6
403584.6
403904.7
413271.3
413343.9
413388.4
413452.8
413535.7
413561.5
413589
413653.1
413656.3
413679.8
413758.6
413821.1
413829.9
413904.1
413943.7
413950.7
413985.4
414205.5
414221.3
414277.8
414279.7
414383.7
414414.3
414525
414597.1
414607.2
414679.4
414717.6
414766.1
414785.1
414845.5
414898.2
414912
414948.2
414948.9
415126.6
415129.1
415190.7
415235.5
415325.7
415353.6
415477.8
415600.8
415952.6
416800.1
418134.7
418301.3
418437.7
423943.5
424080.9
424113.6
424147.2
424861.6
425028.2
425117.6
425158.6
425160.6
428145.2
428215.7
428373.5
428417.8
428452.6
428498.2
428550.1
428640.6
428720.9
428794.1
429300.8
429407.7
430497.9
430509.1
430601.3
430642.3
430720.7
430727.3
430746.6
430797.2
431024.7
431071.7
431079.6
431091.1
431216.6
431243.5
431243.8
431268.2
431268.8
431334.4
431376.2
431395.7
431417.2
431429.7
431469
431472.2
431494.7
431523
431561.3
431590.9
431595.3
431655.1
431667.5
431707.8
431711.5
431759.5
431801.7
431857.3
431857.6
431867.6
431909.6
432102.3
432147.7
432188.8
432225.2
432606.4
432744.8
432802.6
432865.7
432895.9
432934.4
432968.4
432992.2
433225
433346.3
433381
433462.2
433527.2
433543.8
433563.2
433566.5
433595.3
433747.3
433775.1
433856.6
433861.5
434068.3
434137.7
434156.6
434221.3
434311.6
434327.5
434357.8
434392.1
434546.6
434615.6
434634
434802.8
434924.1
434975.2
434984.3
434990.8
435115
435126.1
435138.1
435196
435286.8
435304.6
435324
435357.8
435410.8
435659.9
435687.2
435761.1
435777.5
435880.8
435954.7
435962.4
435990.5
436038.1
436080.6
436344.4
436425
436498.9
436508.8
436552.5
436624.4
436632.1
436664.7
436670.4
436676.8
436695.8
436937.6
436947.7
436962.4
436989.4
437036.2
437039.9
437135.9
437170.6
437199.2
437339.1
437366
437407.7
437442.8
437471.5
437524.7
437538.1
437618.1
437620
437643.8
437659.7
437671.3
437681.1
437733
437781.5
437795.3
437888.3
437904.5
437978.1
438030.5
438181.4
438219
438358.4
438531.4
438550.5
438554
438583.3
438585.3
438615.8
438635.8
438646.7
438713.4
438756.7
438779.7
438789.1
438894.2
438936.3
438998.5
439061
439091
439149.5
439185.6
439205.9
439228.1
439243.9
439282
439424
439429.7
439430.8
439509.5
439573.1
439600.6
439662.2
439705
439718.8
439826.3
439838.7
439858.2
439939.8
439945.3
439954.3
440031.2
440111.9
440198.3
440214.4
440240.7
440254.8
440279.3
440283
440359.2
440388.9
440476.9
440482.4
440524.1
440526.7
440562.2
440585.6
440593.8
440634.3
440679.4
440694.3
440718.1
440818.2
440961.5
441108.5
441135.7
441139.8
441187.1
449930.5
449965.2
449967.2
450104.8
450157.5
450175.9
450268.7
450382.1
450410.6
450489.2
450521.8
450694.9
450721.8
450729.8
450839.9
450857.4
450876.6
453394.8
453684.4
453691.8
453696.3
453738.8
453759.6
453873.3
453906.2
453908.7
453930.4
453937.1
453989.5
454005.8
454056.4
454060
454104.4
454180.8
454204.6
456281.6
456327.7
456353.3
456600.4
456616
456733.9
456736.3
456753.8
456755.8
456790.1
456799.5
456854
457070.6
457081
457152
457329.6
457440.2
459001.7
459109.2
459192
459237.8
459250
459343.7
459354.7
459381.3
459396.2
459459.6
459480.4
459496.9
459497
460476.9
461096.4
461609.1
464011.6
464039.3
464106.6
464988
465287.4
465294.4
465334.7
465346.3
465355.4
465396.6
465460.1
465516.5
465539.3
465601.1
465608.1
465679.9
465698.7
465721.4
465759
465894.8
465939.5
466086.4
466173.8
466220.5
466277.8
466349.2
466415.9
466591.2
466678.5
468294.3
468711.9
469521.2
470232.9
470333.5
470427.7
470441.9
470495.6
470504.5
470598.3
470790
470843.7
470855.7
470973.9
471029.2
471033.7
471053.2
471101.3
471204.6
471241.7
471266.2
471358.6
471382.8
471438.5
471496.5
471637.2
471658.8
471711.2
471760.6
471851.8
471859.6
471944.2
471982.2
472070.5
472086.9
472141.4
474147.1
476369.2
476615.8
477139.1
479952.5
482774.6
482791.1
482798.3
482846.5
482864.8
483016.2
483161.6
483226.7
483230.6
483266.6
483628.4
483924.8
484040.4
484584.4
484638
484702.2
484736.7
484791.7
484803.2
484828
484887.3
484909.1
484960.2
484973.6
484990.8
485042.2
485067.7
485081.9
485103.5
485134.5
485150
485368.7
485464.2
485520.4
485913.3
486020.3
486329.7
492121.1
492571.4
492775
492820.6
493325.3
493532
495970.5
501600.1
504717.2
508125.9
510200
515313.3
515408.8
515468.6
515548.9
515570.9
515672.9
515838
515861.5
515887.5
516015
516039.1
516083.9
516088.8
516181.9
516259
516496.1
516575.1
517686
517729.2
517805.5
517818.9
517820.5
518016.9
518057.3
518364.2
518401.3
518590.3
518677.7
518709
518756.7
518823.3
518834.9
518835.7
518845.7
518879.4
518926.8
518939.5
518940.7
519066.8
519112.4
519167
519168.5
519217.1
519286
519410.7
519419.7
519475.4
519521.7
519657.4
519844.8
519847.9
519898.6
520096.4
520100.4
521929.8
524425.9
524475.7
527433.7
530066.9
530300.5
530380.4
530395.3
530469.8
530492.7
530504.7
530506.4
530508.6
530538.9
530543.8
530603.9
530618.5
531010.3
532002.8
532171.4
533564.2
533716.4
533794.8
533841.4
533843.9
533899.3
533906.2
534102.1
534160
534219.4
534250.5
534258.1
534268
534352.2
534399
534446.1
534553.3
534590.5
534605.6
534626
535694.3
535829.6
535835
535906.9
536149.2
536235.1
536288.7
536454.9
536605.6
536644.2
536733.7
536754.3
537431.3
537656.3
537664.7
537798.1
537805.1
537865.5
538018.1
538107.1
538180.4
538360.4
538395.8
538766.4
538995.2
539016.9
539066.4
539085
539130.8
539235.5
539253.7
539525.6
539605.2
541027.9
542142.6
542473.3
545588.3
546705.1
546862
546877.6
546933.1
547105.6
547107.4
547170
547238.5
547244.2
547252.3
547273
547298.5
547332.1
547334.4
547336
547376.4
547406.2
547474.1
547541
547562.6
547663.7
547687.5
549413
549415.7
549711.2
549748.3
551075.8
551120.1
551129.4
551144.3
551198.8
551242.8
551458.6
554645.2
554911.8
555469.7
555544.8
555614.4
555667.6
555742.5
555846.4
555979.3
556372.8
556780.2
556790.2
556825.1
556835.3
557002.6
557091.3
557213.4
557227.6
557289.8
557433.3
558007.4
558312.5
559718.5
560313.9
562276.8
562350.8
562378
562441
562664.3
562769.9
563885.6
564018.3
564173.8
564243.6
564346.6
564360.8
564382
564386.1
564405.9
564430.4
564489.6
564506.3
564700
573334.9
574261.8
574558.9
574623
574722.6
574803.1
574964.9
575013
575087.2
575165.2
575174.9
575187.6
575345.6
575372.3
575417.5
575538.1
575560
575619.4
575626.2
575783.6
576932.8
577226.1
578071.5
578123.2
578168.1
578173.3
578175
578207.4
578267.5
578273.3
578359.8
578420.5
578498.6
578565.2
579020.3
586378.8
586434.7
586462.7
586569.7
586573.6
586619.8
586741
591412.6
591459.5
591507.8
591574.2
591838.8
594029.4
594518.5
596151.2
596202.3
596372.3
596395
596399.1
596419.2
