5000
5072.1
5080.3
5103.4
5268.9
5323.1
12562.2
14649.6
16912.1
17043.7
17086.5
17092
17131.6
17177.6
17209.5
17210.6
17219.6
17301.3
17319.6
20445.7
20547.8
23063.5
23812.6
23893.4
28615.9
29084
29283.5
29462.2
29746
29916.3
30065.3
30225.9
30239.2
30314.6
30401.4
30499.8
30727.4
30759
30864.6
31514.3
38624.2
40721.1
40973
40976.8
41055.7
41270.9
41354.4
41429.4
41441.1
41442.1
41473
41510.2
41577.9
41637.5
41651.9
41816.7
41895.4
41902.6
41995.5
45467.4
46279.8
50546
50831.4
50940.3
50946.8
50973.7
50997.2
51012.3
51081.4
51094.1
51971.7
57296.8
57416.7
57475.6
57563.9
57571.2
57602
57651.7
57711.5
57753.9
57851.8
57857.1
57907.9
57944.4
57947.9
57988.7
58054.6
58124.5
58649.7
58649.9
58881.1
58960.8
59045.7
59955
60201.1
60272.3
61258.4
61291.3
61519.9
61543.5
61659.1
61763.1
62072.8
62417
62481.7
62596.3
62647.2
62721.8
62723.1
62863.1
62888.2
62951.7
63001.2
63019.1
63087.5
63118.7
63135.4
63161.6
63196.5
70060.2
73914.7
74762
78349.3
78509.7
78831.9
78853
78860.7
78867.1
78928.5
78956
78965.4
79272.7
79308.7
79333.1
79444.7
79551.9
79562.3
79655.2
79663.4
79872.4
79988.1
80034.1
80096.7
80113.5
80120.1
80164.2
80173.1
80181.5
80190.9
80240.9
80275.3
80322.7
80384.2
80418.8
80422.8
80451.9
80464.1
80493.1
80506.2
80536.2
80627.7
80673.1
80678.9
80709.4
80711.2
80728.7
80748.7
80762.6
80815.3
80822.5
80901.2
81023.9
81052.4
81248.4
81369.3
81420.9
81437.9
81568.5
81581.3
81587.2
81667.7
81689.3
81791.7
81870.8
81935.3
82035.5
82106.4
82121.1
82155.8
82189.3
82265.9
82290.5
82303.9
82470
82538.7
82684.5
82690.7
82889.1
82895.7
82982.7
83009.6
83058.9
83114.9
83142.7
83227.6
83234.8
83236.2
83307.7
83363.7
83402
83409.6
83485.1
83527.8
83560.2
83582.9
83595.3
83625.4
83792.6
83893.8
86148.2
88650.7
88803.9
88808.2
89001
89076.5
89339.6
91322.5
91325
91339
91495
91518
91574.7
92924.2
93002.9
93093.9
93129.8
93267.5
93270.3
93310.3
93375.1
93378.3
93385.1
93393.6
93415.2
93472
93560.1
93591.8
93616
93642.3
93657
93767.5
93776.3
93794.4
93812.2
94008.5
94020.8
94034.6
94047.4
94136.9
94163.4
94202.8
94252.7
94257.5
94326.8
94342.8
94359.7
94373
94413.4
94484.8
94500
94512.9
94568.3
94650.2
94680.4
94696.3
94742.7
94787
94820.7
94822.3
94828.7
94879.8
94893.4
94894.5
94903.2
94907.9
94995.1
95028.7
95051.6
95076.7
95089.4
95095.6
95147.3
95190.7
95192.8
95196
95245.4
95286.1
95309.4
95328.2
95400.5
95404.1
95434.3
95461.2
95509.9
95516.7
95581.8
95585.4
95660.3
95755.2
95790.1
95806.6
95837.4
95889
95903.9
95904.2
95969.5
95972.2
96007.2
96036.4
96158.7
96200.3
96280.7
96353.4
96369
96370.7
96409.6
96447
96526.3
96540.2
96550.1
96576.4
96577.9
96605.7
96742.1
96744
96797.5
96857
96981.6
96985.7
97005.4
97060.7
97063.4
97150.4
97155.4
97157.6
97237.6
97240.6
97249.8
97297.5
97314.3
97395.8
97450.7
97579.7
97587.2
97614.9
97748.9
97764.4
97769.3
97795.6
97866.3
97886.3
97898
98037.9
98068.3
98121.4
98180.4
98205.9
98217.9
98246.3
98290.1
98339.4
98396.4
98433
98576.1
98633
98677.1
98738
98746.1
98848.1
98988.8
99095.7
99117
99124.7
99315.5
99322.9
99474.9
99519.3
99632
99656.9
99756.3
99885.8
99924
99956.3
100159
100170.8
100282.4
100471.9
100755.4
100770.3
100777.5
100815.3
100954.6
100990.8
101136.3
101206.5
101261.7
101284.6
101404.4
101447.9
101471.7
101500.3
101599.3
101723.1
101895.7
101905.7
102047.4
102069.5
102076.5
102161.9
102167.6
102210
102433.7
102454.3
102499.6
102506.9
102559
102567.5
102601
102610.7
102612.8
102626.7
102668.6
102673
102780.8
102846.6
102880.3
102908.7
102912.4
102991.4
103047.2
103078.2
103215
103344.4
103356
103357
103363
103388.6
103398.7
103438.1
103444.1
103445.6
103540.3
103549
103555.1
103560.1
103590.9
103640.3
103820.4
104078.2
104381
105604.7
105690.7
105981
109220.5
109363.6
112333.4
112669.7
112732.6
112980.2
112986.7
112992.4
113024.5
113071.9
113107
113185.4
117854
118136.1
162121.1
164467.7
165495.4
169394.6
169421
169569.7
169575.9
169748
170269.3
170604
170659.4
171100.2
175473.7
175937.1
175990.5
176428.2
177517.5
177629.4
177653.5
177676.6
177720.7
177797.9
177823.6
177823.9
177831.4
177834.9
177940.6
177941.3
177951.2
177984.7
178011.9
178020.3
178022.1
178059.3
178129.4
178255.8
178385.9
178386
178511.6
178738.7
178742.9
178760.7
178799
178844.8
178848.9
178875.5
178896.7
178910.7
178918.3
179038.1
179051.4
179051.9
179069.5
179085.4
179149.4
179176.3
179188.5
179198.5
179250.2
181375.3
181625.7
181869.8
181893.5
181946.1
182092.9
182144.6
182246.5
182321.5
182382
182389.5
182411.7
182561.6
182698.5
182751.3
182897
183048
185891
186752.4
186782.1
186876.7
189063.9
189272.4
190963.3
191183.2
191234.1
191276.9
191565.4
191584.8
191602
191710.7
191944.7
192045.1
192055.3
192218.8
192260.3
192409.5
194816.2
202894.6
203196.1
210828.9
210882
210911.4
211081.4
211135.1
211150.3
211346.6
211469.6
211479.2
211484
211498.3
211623.2
211636.6
213428.6
213528.2
213738.5
213838.4
214010.3
214019.7
214019.9
214064.6
214124.2
214155.5
214174.9
214303.2
214338.2
222099.3
222189.7
222479.6
222485.7
224232.4
224383.2
224830.2
225894.8
225973.8
226126.8
226169.7
226183
226671.6
227035.5
227407.8
227621.6
228428.2
228681.9
229099.9
229781
230984.9
231089
242297.4
250221.7
250477.8
250536.8
250672.3
250730
250784.5
250796.7
250816.7
251025.7
251084.2
251144.2
251156.7
251163.6
251177.9
251266
251311.8
251736.3
251769.6
252041.6
252209.8
252276.4
252327.4
252330.3
252359.3
252451.7
252515
252967.8
259801.3
264840.9
265111.5
265210.4
265424.8
265558
265581
265616
265638.1
265657.8
265674.2
265755.5
265783.4
265788.3
265863.8
265880.7
265919.5
265992.9
266018.7
266112.6
266177.3
266239.7
266552.8
266580.8
266609.7
266750.6
266811.5
266892.6
266974.7
267070.4
267072.7
267226.4
267269.6
267326.2
267589.9
267740.4
267986.6
270430.6
270713.3
270791.4
270793
270894.9
271308.5
271443.6
271481.9
271533.2
271612.2
271617.3
271713.4
274626.4
275130.2
275327.4
275388.5
275428.4
275446.8
275470
275483.9
275638.9
275663.7
275724.9
275730.1
275774.5
275834.5
275888.5
275994.8
276070.5
276108.8
276113
276140
276181.9
276211
276229.3
276278
276302.3
276315.2
276352.3
276412.8
276478.5
276483.7
276512.7
276543.1
276565
276581.5
276619.8
276629.2
276645.3
276694.5
276762.5
276780.9
276812
276854.9
276944
276947.8
276962.7
277010.7
277049.3
277050.6
277054.8
277117.3
277124.2
277161.7
277243.4
277620
277664.3
277751.6
277856.5
277856.6
277875.7
277893.4
277937.6
277982.6
278060.4
278076.2
278090
278139.1
278167.3
278224.1
278228.8
278266.4
279374.8
279386
279392.4
279534.2
279559.7
279597.5
279606.1
279640.9
279655.1
279676.4
279678.9
279738.7
279739.4
279750.7
279755.1
279764.2
279764.3
279778.2
279787.9
279885.7
279989.6
280188.5
280259.4
281963.7
281993.9
282006.3
282224.9
282524
290225.7
290576.5
295425.4
295578.4
295704.5
295723.5
295753
295762.2
295987.9
296029.4
296059.6
296265.5
296399.1
296468.7
296718.5
297800.2
297903.5
297918.8
297930.7
297937.9
297949.3
297984.9
298058.3
298075.5
298195.8
298231.6
298257.1
298257.9
298271.2
298306.5
298317.5
298378.6
298417.4
298573.4
298849.1
300795
300915
301261.2
301505.6
301547.8
301550.8
301622.7
301703.8
301711.2
301802.1
301819
301902.6
301931.3
301937.2
302006.5
302080.6
302140.1
302191.7
302204.5
302240
302297.7
302322.2
302355.8
302381.4
302390.5
302437.3
302486.4
302585.5
302614.3
302615
302741.5
302756.3
302786
302794.3
302805.3
302818.7
302929.3
302995.3
303089.7
303113.7
303114.4
310834
311026.7
311119.1
311272.7
311364.7
311368.9
311382.3
311388
311428.3
311444
311542.2
311584.8
312956.5
313173.6
313181
313275.9
316042.9
316199.7
316220.3
316430.6
316557.7
317598.9
318556
318584.5
318846.8
318866.7
319093
319205.4
319427.9
319474.9
320051.1
320065.1
320097.8
320141.9
320212
320283.7
320460.3
325312.2
325437.6
325516.4
325544.6
325613.8
325934.1
325936.2
330881.6
332151.7
332781.6
332815.9
332992.8
333038.8
333068.6
333075.7
333148.2
333245.3
333258.2
333361.3
333499
333543.7
333696.6
333735.2
333842.7
333887.5
333940.2
334032.8
334302.4
334367.2
334511.8
334593.6
334745.4
334779.6
334894.3
334907.6
335224.6
335280.2
335365.7
337900.4
338077.7
338718.5
338864.1
339270.2
339382.6
341588.5
344081.2
344482.2
344899.4
344944.6
345369.7
345497.3
346716.3
346787.3
346807.4
347045.6
347073.4
347131.9
347186.8
347192.8
347260.3
347308.7
347321.8
347341.4
347489.6
347489.8
348005.1
350715.6
365402.9
365451.8
365469.5
365554.1
365616.6
365755.2
365967
366080.9
366177.9
366210.6
366265.1
366368.2
366516.5
366852.4
366856.8
367017.5
367143.3
373186.3
373253.5
373583.5
373627.6
373631.8
373768.8
373814.9
373847.5
373865.8
425265.1
425598.3
427049.2
427188.7
427254.2
427356.3
428642.2
443348.8
446827.4
446858
447227.5
447483.2
447596.4
447958.4
448035.4
448105.2
448146.7
448358
448408.1
448409.3
448435.7
451187.6
451464.8
455183.3
456093.2
456097
456097.7
456134
456177.7
456210.9
456273.9
456280.8
456294.8
456309.8
456334.2
456344.8
456415
456441.5
456523.1
456536.2
457074.4
459853.2
460012.2
460074.3
460094.3
460119.2
460121.7
460203
460237.3
460248.1
460296.6
460510.5
460522.5
460577.6
460620.8
460676.4
460823.4
460954.9
461147.9
461211.9
461430
462564.2
463291.2
463559.7
463563.9
463591.9
464874.3
465102.4
465125.9
465244.6
465330.2
465488.1
465676.3
465723.1
465739.9
465801.6
465892.1
465952.9
465953.1
466215.9
466255.3
466268.6
515521.4
515933
516009
516335.9
517296.3
517302.4
517520
517654.5
517685.1
517830.9
517885.1
517901.3
517947.2
517975.3
517988.9
518007.9
518049.5
518061.6
518123.4
518136.4
518174.8
518209.5
518219.9
518222.9
518291.9
518300.5
518307.8
518348.8
518364.5
518410
518489.1
518541.2
518560.3
518600.9
518636.5
518641.9
518797.2
518804.4
518834
518852.7
518886.4
518915.9
518935.1
518961.7
519121.6
519123.7
519223
519286.3
519400.9
519503.2
519754.3
520104
520106.3
520248.5
520645.8
520786.6
520913.4
521064.4
521129
521240.7
521241.6
521717.1
522064.9
522123.6
522391.4
523148.5
523734.2
524384.8
524454
524863.3
525136.8
530592.7
530601.5
530606
530616.5
530624.2
530768.8
530778.9
530796.1
530819.7
530844.2
530854.6
530857.3
530865.3
530916.2
530944
530965.8
531138.4
531142.9
531209.8
531223.3
531257.5
531304.8
531320.9
531460
531493.5
531512.9
531582.2
531628.5
531649.3
531657.2
531685.6
531701.2
531724.7
531957.3
532029.1
535107.5
535115.4
535206.1
535303
535359.3
535494.2
535511.2
535543.6
535581.2
535692.9
535695.4
535747.7
535866.5
535881.1
535983.9
536040.4
536342.1
536545.4
536619.7
536772
536905.2
536922.4
536961.2
537030.7
537139.6
537237.2
537353.4
537364.4
537375.5
537405.5
537496.3
537521.8
537590.7
537595.7
537739.1
537843.6
537991.8
537994.4
538006.3
538191.3
538295.5
538311.1
539246.6
539302.7
541142.9
541494.1
541606.4
541612.5
541642.2
541663
541736.5
541810.6
542060.7
542264
542288.2
542320.4
542371.9
542391.1
542411.3
542467.9
542476
543752.3
544304.3
545206.5
545874.6
546116.6
546148.4
546282
546489.9
546663.9
546665.5
546765.4
546922.8
547067.8
547281.5
547419.5
547429.9
547432.5
547435.8
547551.8
547552.3
547841.7
549606.4
549697.4
549717.9
549943.8
550073
551875.3
552137.9
552202.2
552218.2
552299.3
552390.2
552395.4
552400
552508.7
552555.6
552593.1
552596.7
552645.6
552669.2
552728.1
552750.8
552803.5
552833.6
552839.4
552853.5
552904.3
552928.7
552931.5
553042.4
553153.2
553197.8
553203
553207.8
553280
553324.5
553388.2
553422.9
553424
553426.2
553473.6
553517.5
553517.8
553549.9
553550.2
553596
553669.5
553898.1
553943.5
554003.1
554019.6
554021.8
554098.7
554151.8
554255.2
554289.9
554314.1
554341.4
554424.9
554501.5
554522.8
554619.3
554716.5
554888.3
554949.5
556972
557002.8
557527.6
557536.9
557812.7
557970.6
558043.5
558261.2
558307.9
558452.6
558470.5
558823.5
559664.1
561913.6
562110.7
562214.8
562265.8
562270.4
562276.8
562395.7
562422.6
562475.4
562567
562586.8
562622.5
562683.7
562748.2
562778.2
562964.9
563089.4
563155.4
563361.6
563450.5
563552.6
563726.1
563791.5
563868.7
563891.9
563894.3
564101.3
564217.8
564248.2
564287.3
564386.9
564408.1
564545.1
564571.5
564589.8
564680.1
564724
564771
572184.8
572409.4
572437.6
572477.9
572708.9
573111.2
573192.3
573333.4
573339.3
573592.9
573715
573748.4
573824.6
574001.6
574002.5
574134.4
574209.6
574290.8
574317.7
574319.7
574360
574582.7
574625.6
574644.1
574996
575042.2
575060.7
575388.3
575648.8
577075.5
578265.3
578357.3
578376.2
578380.8
578401.6
578438.5
578496
578587
578599.5
578685.7
578703.1
578745.7
578758.9
578823.7
580158.5
580220.7
580289.2
580305.8
580504.6
580600.3
580609.5
580612.3
580617.4
580648
580682.5
580795.2
580802.3
580815
580830.4
581007.9
581552.3
586798.7
586913.3
587162.1
587800.8
588403
588662.2
588694.6
588698.9
588747.2
588834.2
588895.9
588934.5
588986.7
589025.9
589077.1
589191.3
589250.9
589266.5
589403.1
589405.9
589406.9
589417.2
589517.3
591324.3
591330.9
591361.4
591424.6
591456.4
591510.5
591532.9
591591.7
591693.2
592200.4
593115.5
593634.4
593669.5
594292.9
594323.9
596173.9
596252.1
596300.8
596315.1
596410.9
596537.9
596540.8
596647.2
596780
596845.5
