5580.7
6110.1
6616.7
6701.2
6729.9
6778.1
6785.7
6815.1
6831.9
6872.5
6888.7
7018.5
7049.8
7057.6
7071
7103.5
7134.1
7167.4
7205.1
7309
8096.7
8141.5
8158.4
8223.6
8248.7
8268.1
8404.3
8447
8534.4
9025.4
9075.8
9259.7
9415.9
9430.4
9459
9529
9682.8
9695.3
9746.1
9793.4
9908.8
9915.2
9952.1
9997.4
10041.1
10156.7
10208.6
10237.1
10382
10466.2
10472.5
10646.7
10687.9
10743.2
10781.7
10785.8
10813.2
10851.4
11041.4
11054.5
12076.5
13599
13649.7
14589.2
15568.9
18674.2
18736.8
18753.1
18824.2
18964.8
18985.7
19006.3
19027
19071.9
19217.4
19253.6
19315.9
19328.4
19740.1
19763.3
19766.2
19772.6
19842.2
19876.1
19944.6
19982.6
20059.2
20130.3
20145.6
20933.5
21048.5
21145
21195.6
21224.2
21234.6
21274.6
21394.1
21417.7
21578.1
21669
21739.9
21753.7
21961.2
22271.4
23943.1
24347.8
24375
24879.4
25261.6
25603.7
25637.2
25768.7
26288.6
26309.8
26474.8
26511.3
26685.7
27111.7
27198.7
27330.4
27408.1
27435.4
27697.3
27801.1
27823
28372.1
28654.7
42306.8
42333.9
42360
42457.2
42525.3
42662.8
42684.2
42712.5
42714.5
42831.6
42859.8
42995.1
43054.8
43082.5
43127
43258.8
43261.4
43301.3
43321.9
43725.3
53593.5
53668.7
54950.2
55116.7
55118.3
55200.8
55232.6
55368.3
55375.7
55418.6
55425.1
55464.1
55471.9
56090.3
56101.9
56111.5
56162.8
56185.7
56276.7
56379.5
56455.4
56486.8
56492.2
56525.2
56557.6
56764.9
56791.9
68644.2
68914
69026.4
69086.7
69143.2
69235
69303.9
69349.7
69461.5
70947.8
71004.9
71072.7
71142.1
71146.7
71150.6
71150.8
71219.3
71225.9
71250.2
71317.8
71387.7
71414
71438.3
71548
71628.7
71644.5
71726.8
71728.6
71991.7
71992.4
72002.4
72066.6
72149
72352.8
72749.1
79903.2
80428.6
81392.7
83671.4
83781.2
106919.3
113624.1
115376.3
115584.5
115604.5
115631.7
115641.1
115886.8
115912.9
116099.7
116154.4
116266.2
116503
116544.5
116857.5
117066.3
117150.5
117226.3
117337.8
117459.9
117636
118549.2
118755
119170.7
119490.1
119805.7
120038.8
120042.1
120190.9
120546.1
120579.2
120641.7
120661.5
120674.7
120701.4
120816.1
120865.3
120865.5
120908.6
121003.7
121053.5
121068.7
121088.8
121181.2
121229.8
121467.7
121575
121614.7
121620.9
122052.8
122163
122250.8
122300.1
122522.3
122651.8
122701.8
122796.9
122809.2
122878.6
122910.4
123072.7
123226.7
123496.5
123547.5
123737.4
123871.1
124332.4
124464.3
124491.8
124519.6
124573.2
124606.2
124635.3
124654.4
124678.2
124701.6
125344.5
125452.3
125543.7
126672.6
126765.6
126847.3
127143.5
127147.9
127190.1
127460.2
127503.9
127540.1
128026.3
128041.3
128064.7
128163.4
128180
128292.1
128331
128337.4
128399.3
128472.1
128546.4
128558.4
128616.9
128807.6
129740.2
130309.5
130376.8
130713.6
130821.7
130914.8
130993.1
131056.8
131289.4
131384.5
131531.7
131598.1
131605
131627.7
131669.8
131673.8
131743.5
131767.1
131837.8
131918.2
131954.7
132210.6
132283.6
132328.3
132358.5
132414
132424.8
132705.6
132771.5
132860
132907.9
133039.9
133219.6
133451.3
133492.3
133547.8
133840.2
133907.2
134140.1
134179.3
134198.3
134347.3
134378.5
134383.2
134550.6
134592.5
134601.6
134733.3
134813.2
134882.7
135183.7
135344.6
135438.4
135489.4
135525.2
135529.9
135538.2
135604.4
135920.2
136168.7
136278.7
136596.7
136750.9
137013.1
137249.9
137372.3
137529.2
137761.9
137787
137998.7
138184.2
138186.7
138293.5
138394.6
138551.2
138565.4
138614.2
138654.2
138767.7
138878.5
138893.4
139291.8
139342.5
139466
139560.2
139662.1
139763.9
139794
139964.1
140021.4
140061.9
140068.5
140146.2
140417
140504
140528.6
140533.3
140631.1
140671
140683.4
140700.6
140710.8
140746.5
140746.9
140880.7
140880.8
140984.3
141006.5
141021
141071.8
141147.1
141442.6
141520.6
141743.5
141807.6
141849.2
141860.3
141900.8
141909.1
141935.3
141965.8
142015.5
142035.1
142049.9
142067
142073.7
142146.4
142207.3
142427.4
142522.9
142668.2
142683.1
142698.6
142699.8
142724.8
142776.6
142883.6
142895.8
142983.2
143045.7
143114.8
143126.8
143144.2
143164.9
143239.3
143256.5
143555.2
143573.4
143591.2
143611.6
143632.4
143645.5
143701.7
143727.3
143875.8
144138.3
144281.4
144301.8
144516.4
144611.9
144676.7
144740.5
145105.5
145198.7
145397
145532.9
145556.5
145606
145671.2
145891.4
145998.3
146068.9
146132.8
146226.2
146303.6
146406.7
146661.7
146752.6
146771.8
146790.6
146873.2
147010.7
147061.3
147086.3
147137.8
147235.2
147240
147250.4
147321.1
147490.8
147520.1
147539.3
147877.6
147974.8
148016.5
148060.1
148168.6
148308.8
148435.3
148503
148551.8
148710.7
149153.6
149329.9
149334.1
149370.4
149382.7
149404.9
149493.8
149504.3
149602.9
149650.2
149772.2
149792.7
150189.8
150506.7
150617.8
150699
150699.9
150898.5
151098.9
151267.5
151521.9
152239.1
152492.4
152611.5
152668.6
152975.3
153019.8
153107.9
153278.9
153359
153504.7
153707.4
153879.3
153886.6
153938.1
154076.2
154090.7
154105.2
154114.6
154161.6
154312.6
154324
154333.8
154388.2
154459
154638.7
154829
154972.3
155078
155233.5
155336.4
155341.4
155467.6
155549.8
155707.8
155719.2
155786.9
155949.1
155952.4
155981.6
156060.7
156316
156403
156603.7
156747.2
156912.8
157417.2
157542.6
157799.1
157856.8
157900.6
157982.5
158050.2
158132
158192.5
158230.3
158267
158310.5
158444.8
158566.1
158593.4
158855.8
158957.6
159707.9
159877.8
160170.9
160207.9
160215.5
160231.4
160270.7
160359.6
160372.9
160410.9
160422.2
160784.6
160793
160958.5
160962
160979.7
162507.6
162658.4
163023.5
163427.1
168254.9
168425
168710.8
168711
168716.5
173982
174228.8
174407.8
174641.7
176185.5
187184
187208.5
187286.5
187342.5
187472.2
187490.6
187519.4
187604.4
187626.5
187706.9
187767.6
188033.2
195497.3
195682.8
195709.3
195728.5
195825.3
195826.6
195892.8
195893
195926.3
196062.2
196076.1
196111.9
196268.5
196346.7
196385.6
196390.8
196393
196418.8
196832.8
197040.7
197162.5
197302.7
197324.7
197336.8
197377.4
197524.5
197740.9
197744.4
197807.7
197873.8
197906.3
198027.9
198077.9
198088.1
198205
198229
198372.3
198393.9
198482.8
198530.2
198556.5
198614.7
198774.7
198786.3
198808.6
198838.4
198995.3
199041
199121.2
199203.9
199238.1
199309.2
199433.6
199817.6
199873.1
200595.7
200784.8
201033.4
201280.6
201389.9
201476.2
201628.4
202314.7
202384.9
203736.2
204600.7
205403.4
205463.8
205503.6
205545.7
205678
205711
205764.4
205804.1
205832.7
205869.1
205914.7
205922
205986.1
205999.4
206050.3
206062.1
206086.6
206196.6
206204.9
206209.4
206219.5
206233.8
206240.4
206270.6
206343
206370.8
206479.8
206512.2
206530.4
206543.7
206649.2
206663.4
206801.8
206915.5
206993
207010.2
207280.7
207483
207492.3
207493.8
207628.7
207649.8
207771.2
207852.6
208060.4
208342.2
208751.2
208875.7
209172.7
209408.7
209596.4
209680.8
209746.3
210044.9
210060.3
210089.3
212149.2
212333
212389.1
212554.7
212630.2
212724.2
214881.2
215696.2
217130.3
217168
217189.2
217194.6
217233.4
217275.5
217283.5
217325
217346.5
217358.2
217371.5
217385.6
217394.2
217514.1
217517.3
217568.7
217601.8
217621.3
217625
217666.9
217845.7
217849.7
217850.5
217860.4
217875
217941.1
217943.7
218046.4
218048.1
218106
218135.9
218218.4
218254.4
218325.8
218425.9
218439
218618.3
218828.9
218921.7
218944.1
218975
218984.8
219123.8
219162.1
222550.9
222614.6
222644
222673.8
222705.2
222753.8
222774.8
222807.9
222835
222844
222871.7
222883.2
222921.4
222954.1
223048.6
223111.5
223175.3
223201.1
223440
223477.7
223777.6
225249.9
231553.9
231897.3
234124.1
234239.5
234369
234422
234447.1
234737.2
234783.2
234796.4
234801.5
234863.4
234879.4
234976.6
235010.4
235058.5
235167.5
235456.7
235547.7
235601.5
235607.4
235642.7
235646.5
235683.9
235726.4
235781.1
235843.1
235877.4
235913.4
235944.1
236001.9
236052.5
236086.7
236088.1
236206.5
236229.9
236284.6
236286.3
236514.5
236548.1
236553.9
236637
236684.3
236809.8
236863.1
236918
237078
237150.9
237152
237231.3
237306.7
237412.9
237477.6
237483.5
237584.6
237686
237998.5
238088.5
238169.2
238231.6
238313.7
238336.5
238459.6
238484.7
238611.3
238664.6
238796
238819.5
238858.4
238886.7
238920.6
238936.4
239016.2
239053.5
239104.9
239125.4
239145.6
239270.9
239328.9
239378.8
239501.9
240544.9
240626.8
240755.8
240776.4
240839.2
241359.2
244120.3
246893.6
246918
246920.9
247012.3
247219.1
247245.6
247261.3
247313
247330.6
247338.3
247357
247371.3
247428.4
247518.7
247522.5
247548.5
247561.1
247587.6
247632
247765
247802
247803
247848.4
247854.9
247855.2
248034
248088.4
248131.2
248157.7
248168.6
248185.6
248205.6
248349.9
248587.7
248613.7
248832.7
248927.2
249254.9
249341.6
268354.7
274593.6
274850.4
278871.7
287979.7
297972.8
298545.7
298980.5
299000.4
299020.7
299061.1
299138.2
299156.3
299190.2
299197.2
299218
299251.6
299481.9
299765.4
299904.2
300480.4
303955.1
304056
304123.7
304246.6
304256.2
304273.2
304273.8
304348.8
304392.3
304418
304445.4
304456.3
304525.6
304690.8
304783.4
304808.6
304823.4
304891.6
304892.7
305017.8
305173.6
305206.1
305218.5
305288.4
305316.1
305484.9
305508.9
305513.9
305533.8
305569.3
305600.9
305782.3
305852.7
306069
306104.1
306234.1
306247.7
306283.4
306286.8
306308
306363.2
306368.4
306386
306497.7
306791.6
306957.4
306964.4
307041.3
307248.9
307259
307326.3
307360.7
307393.7
307551
307572.7
307799.1
307832.8
308141.3
308155.3
308177.2
308186.5
308400.7
308492.9
308503.2
308642.6
308677.7
308709.2
308716.9
308776.7
308820.5
308896.6
309167.6
309720.3
310483.7
311869
311926.3
312035.6
312098.8
312099.6
312114.2
312392.8
312393.9
312420.6
320786.8
320840
320910.7
321120.1
321236.4
321343.5
321396
321413.6
321691.4
321695.2
321739.9
321742
321742.1
321830
321868.3
322104.2
322145.9
322350.3
322590.8
322709.1
322723.1
322839.2
322989
323012.4
323071.2
323077.1
323097.7
323249.4
323336.1
323456.3
323483.9
323590.3
323596.5
323704
324058.1
324122.7
324245.9
324362.4
324477.8
324816.8
324985.6
326432.6
326584.8
326587.9
326649.9
326694.1
326806.5
326822.5
326947.5
327037.3
327460.2
327518.2
327569.5
327741.8
327851.5
327980.4
327995.4
328009.9
328099.5
328189.8
328339.2
328365.7
328373
328477.3
328507.8
328666.7
328689.6
328744.4
328795.4
328843.7
328876.6
329044.1
329088.6
329115.5
329120.3
329121.1
329122.7
329198.1
329199.7
329315.1
329413.7
332358.4
336500.1
336596.5
336600.1
336646.9
336664.6
336748.6
336775.6
336918.2
336970.8
336971.3
336971.4
336978.8
337006.5
337086.6
337111.8
337171.6
337242.8
337370.2
337382.1
337406.7
337425.8
337459.6
337492.9
337589.3
337639.4
337701.1
337706
337778.4
337920.6
337930.2
337933.8
338005.4
338077.8
345892.4
345959.7
346238.9
348741.7
348767.8
348786.2
349028.5
349117.9
349200.3
371307.8
372229.5
372691.4
375719.5
375842.2
375868.2
375912
375924.1
375934.4
376016.2
376067.6
376077.9
376085.6
376095.6
376105.4
376105.9
376172.1
376201.1
376205.8
376231.4
376232.5
376331.8
376381.2
376406.5
376441.5
376468
376513.1
376539.3
376602.1
376622.1
376668.4
376672.5
376682.6
376742.1
376804.9
376831.2
376944.5
377084.9
377091.2
377099.3
377115.4
377123.5
377143.7
377166
377215
377251.7
377321.1
377357.1
377369.4
377387.5
377413.5
377504.8
377604
377652.9
377662.8
377813.9
377837.4
377860.1
377864.7
377877.5
378011.8
378029
378039.1
378051.3
378095.7
378109.7
378219
378223.9
378229.8
378307.4
378354.2
378360.9
378407.7
378431.2
378539.9
378559.8
378579.6
378628.8
378698.4
378809.3
378828.5
378870.1
378892.5
378896
378927.5
378970.9
378978.2
378982
379020
379080.6
379103.4
379113.4
379115.9
379213.9
379217.1
379226.4
379324.9
379348.9
379375.6
379407.8
379430.5
379446.9
379476.5
379523.3
379541.8
379566.2
379684.4
379716.8
379717.1
379779.3
379842.1
379893.5
379906.4
379974.3
380159.2
380216.5
380236.4
380239.4
380248
380249.9
380277.2
380323.5
380389.7
380394.3
380488.7
380580.3
380652.1
380654.6
380658.5
380665.6
380700.4
380798.2
380803.5
380819.8
380883.1
380901.1
380992.1
381007.9
381061.6
381082
381103.9
381136.9
381138.5
381140.2
381159.4
381184.5
381215.8
381293
381301.5
381318.1
381330.1
381355.4
381362.4
381446
381448.8
381464.5
381548.3
381649.1
381699.7
381701.5
381859.6
381976
382038
382071.3
382096.9
382162.6
382164.7
382186
382209.9
382212.5
382309.9
382330.5
382366.5
382386.2
382428.5
382444.7
382550.3
382579.4
382580.8
382609.8
382674
382675.4
382751.4
382827.1
382841.5
382909.4
383031.9
383069.1
383071.7
383079.8
383103.9
383124
383164.2
383169
383205.1
383216.6
383220.5
383242.4
383262.6
383269.9
383419.7
383460.1
383526.1
383540.8
383620.9
383799.6
383855.6
383896.2
383956
383973.8
383975.4
383990.1
384006.6
384017.7
384159.5
384211.1
384215.3
384274.8
384277.9
384309.6
384313.8
384350.6
384432.5
384492.5
384496
384573.3
384645.1
384659.3
384697.5
384698.6
384707.6
384708.8
384781.5
384829.2
384842.5
384873.8
384875.3
384911.3
384914.4
385073.2
385081.6
385124.1
385131.2
385172.5
385205.1
385275.5
385410.4
385452.9
385471.9
385511.6
385535.8
385657.9
385673.4
385691.9
385697.7
385795.8
385967.5
385990.8
386091.8
386134
386137.8
386152.3
386235.4
386273.4
386277.7
386354.7
386473.9
386651.2
386657.4
386745.9
386783.5
386842.6
387040.6
387046.7
387090.5
387426.2
387450.5
387519.8
387700.6
387711.4
387759
387880.6
387883.1
387957.5
388000.8
388049.4
388230.6
388254.5
388278
388285.5
388298.7
388311.8
388317.8
388424.5
388429.2
388445.4
388483.3
388513.1
388515.4
388629.6
388644.5
388665
388920.5
389073
389087.1
389243.6
389282.5
389311.5
389331.5
389404.5
389408.7
389438.9
389469.9
389475.6
389561.6
389624.8
389689.7
389888.4
389929.9
390006
390088.7
390178.8
390228.4
390305
390409.3
390424.3
391199.6
391218.1
391261.6
391312.3
391438.9
391501.8
391529.9
391530.4
391533.3
391603.7
391886.6
392003.5
392039
392040.9
392059.9
392086.8
392132.9
392161.7
392228.3
392400.7
392486.8
392498.9
392560.2
392649.9
392685.7
392716.1
392737.4
392795.4
392810.3
392823.4
392855.2
392859.1
392895.7
392904.3
392920.9
392949.8
392972
392979.6
393012.5
393030.2
393084.8
393113.9
393160
393190.7
393195.4
393195.6
393222.8
393248.7
393269
393307
393338.3
393343.1
393363.8
393369.5
393411.1
393428.2
393440.7
393461.6
393512.8
393523.4
393640.4
393687.9
393896.5
393910.7
394026.3
394045.3
394070.8
394111.9
394133.9
394169.5
394221.1
394264.9
394291.4
394300.5
394355.6
394432.4
394470
394781.8
394839
394865.6
394872.8
394911.3
395011.4
395082.7
395172.3
395228.5
395340.2
395343.6
395361.3
395388.2
395482.4
395523.5
395528.4
395542
395562.1
395579.4
395697.5
395710.9
395766
395808.1
395887.5
395909
395924
395926.5
395981.6
396007.5
396275.4
396279.7
396384.4
396387.6
396393
396613.2
396673.3
398105.1
398274.9
398388.9
398423.1
399280.5
399294.4
399517.5
399535.2
399695.3
399840.2
399936.5
399978.2
400004.8
400010.5
400035.2
400082.8
400181.5
400221.7
400269.3
400294.3
400361.4
400402.6
400417.8
400465.1
400468.1
400472.7
400481.7
400485.7
400489.1
400593.3
400597.3
400651.3
400691.7
400766
400798.8
400810.5
400813
400916.2
400922.4
401053.3
401089
401092
401109.3
401129.7
401195.7
401239.5
401264.4
401280.6
401307.6
401323.6
401325.1
401336.3
401376
401405.5
401438
401459.2
401464
401516.6
401525.9
401581.3
401592.4
401700.8
401744.5
401811.3
401859.3
401881.6
401894.4
401903.9
401905.1
401953.3
401956
401985.1
401991.8
402021.4
402167.9
402241.9
402263.7
402288.1
402308.5
402381.7
402406.6
402424.5
402439.2
402626.7
402638.3
402687.9
402714.2
402739
402771.6
402782.4
402941.1
402954.5
402967.2
403025.7
403086
403132.7
403168.4
403592.1
403611
403731.3
403856.2
403922.1
404065.8
404068.8
404075.1
404287.4
404288.5
404389.8
404466.3
404469.5
404591.7
404615.4
404619.7
404631.5
404636.9
404648.9
404718.8
404740.7
404807.2
404844.4
404874.5
404919.4
404985.2
405047.2
405111.7
405192.6
405212.1
405246.1
405250.4
405298.7
405308.9
405314.7
405423.1
405465.8
405524.8
405542.9
405554.4
405582.7
405627.9
405629.4
405637.9
405666.9
405678.7
405693.2
405714.1
405773.3
405778.5
405779.2
405838.9
405931.5
405974.7
405995.1
406040.6
406064.4
406102.3
406105.9
406166.7
406177.3
406273.7
406275.9
406292
406428.4
406501.6
406548.1
406554.8
406645.5
406704
406756.7
406814
406829.6
406844.4
406851
406877
406912.7
406956.6
406981.2
407132.9
407193.6
407211.4
407221.9
407243.3
407358.4
407378.2
407429.9
407536.1
407833.7
407982.8
408095.1
408241.5
408321.5
408409.4
408418.5
408431
408444.2
408629.6
408657.1
408769.4
408771.9
408893.5
408931.2
408972.4
409012.6
409064.8
409292
409316.2
409335.4
409478.6
409501
409568.7
409596.2
409631.2
409715.7
409726.4
409921.1
410011.3
410085.5
410264.3
410519.8
410618.4
410627.6
410673.6
410711.2
410747
410790.4
410902.1
410903.2
410990.6
411003
411188.5
411226
411305.5
411340.1
411617.4
411703.2
411729.2
411826.9
411955.4
412003.1
412004.2
412115.4
412151.1
412248.6
412274.7
412320.5
412581.1
412666.5
412734.1
412793
412957.8
412964.4
413304.6
413476.7
413765.3
413798
414011.9
414257.7
414369.4
414462.7
414648.3
414662.7
414713.1
414962.3
415059.5
415097
415200.2
415230.6
415242.2
415249.2
415256.6
415425.3
415545.1
415718.4
415729.4
415817.7
415839
415888.4
415890.4
415906.4
415956.3
416057.1
416064.9
416205.9
416221.5
416273.1
416396
416451.8
416492.5
416510.7
416603
416813.6
416822.7
416826.7
416849.5
416933.4
417021.8
417118.4
417127.3
417196.8
417264.3
417311.8
417325.1
417379
417387.7
417394.3
417536.1
417553.3
417564
417595.2
417688.7
417778.7
417883
418033.7
418102
418190.1
418193.7
418259.9
418293.9
418454.1
418470.4
418545.2
418603.7
418613
418682.7
418864
418881.3
419380.1
419719.6
419885.1
421675.5
422562
423020.4
423024.1
423032.5
423137.9
423277.6
423420.8
423428
423431.8
423435.4
423451.7
423494.8
423619.1
423619.7
423746
423843
423852.9
423896.4
423910.2
423920.8
424951.6
425041.4
425108.3
425126.6
425143.2
425182.1
425184.5
425194.9
425223.9
425258.3
425284.2
425296.5
425346.2
425409.5
425438
425467.2
425625.7
425652.9
425665
426296.5
426499.9
426578.1
426763.7
426804.3
426929.7
427069.7
427371.3
427468.5
427619
427751.2
431206.8
431228.2
431262.4
431277.7
431456.5
431615.5
431791.5
431823.1
431888
432217.3
432299.6
432313.2
432401.8
432466.4
432496.2
432592.1
432596.8
432635.1
432736.4
432856.4
432876.7
432950.4
433048.6
433203.1
433210
433210.1
433218.7
433254.9
433268.1
433290.6
433483
433489.9
433660
433935.1
433938.8
433979.3
434048.6
434062.3
434114.7
434302.7
434383.4
434426.5
434580.5
434598.5
434640.2
434683.8
434723.9
434919.2
434993.5
435110.2
435111.3
435189.5
435573.5
435663.9
435873.8
435903.6
435959.5
435965.8
436098.5
436213.4
436218.2
436238.4
436329.8
436341.5
436382
436393.2
436556.2
436978
437022.5
437036.1
437096
437108.6
437172.8
437180.1
437216.4
437434.4
437465
437544.2
437604.2
437724.8
437931.1
438024.4
438039.9
438103.3
438104.3
438113.3
438213.9
438274.9
438335.8
438357.5
438373.8
438533.9
438605
438674.1
438681.1
438683.6
438690.7
438756.1
438775
438785.1
438794
439002.4
439055
439102.8
439166.5
439333.4
439474.8
439487.9
439679.2
439853.1
439895.6
440020
440068.6
440117.1
440121.3
440121.6
440304.9
440509.9
440627.7
440757.1
440974.5
441151
446318.1
450994.8
451163.2
453053.5
453067.4
453094.6
453121.7
453186.7
453371.1
453376.1
453384.9
453555.9
453561.3
453582.8
453609.7
453658.7
453679.6
453718.9
453754.3
453796.1
453824
453848.6
453879.6
454025.1
454048.5
454135.8
454204.8
454254.2
463841.9
463984.7
464131.2
464249.4
470017.5
470594.3
470609.2
470628.8
470843.2
470957.5
470972.5
471158.8
471208.4
471238
471390.9
471396.6
471397.8
471524.6
471543.3
471905.5
472085.7
472169
472352.8
472377.1
472429.8
472533.5
472573.4
472576
472582.6
472583.5
472631.7
472737.2
472748.1
472771.7
472889.6
473126.6
473204.5
473205.7
473208.2
473253.3
473280.7
473347
473390.4
473512.5
473528.3
473533.1
473609.2
473630.4
473660.7
473674.3
473781.5
473854.8
473922.5
473931.6
473974.8
474016.3
474031.4
474093.7
474108.3
474150
474188.8
474226.4
474275.7
474408.6
474479.5
474488.1
474553.2
474561.5
474585.5
474628
474632.1
474651.8
474659.4
474661.9
474700.4
474709.5
474739.9
474811.3
474821.3
474847.5
475010.6
475111.3
475190.2
475192.1
475312.7
475353.5
475402.5
475471.9
475561.8
475607.1
475626.1
475711.4
475775.2
475895.8
475912.9
476040.3
476130.6
476162
476292.6
476301.9
476324.9
476444.4
476451
476543.9
476572.4
476660.1
476838.8
477032.9
477039
477296.2
477339.8
477347.9
477376.1
477383
477573.5
477619.6
477712.1
477847.7
477862.8
477926.2
477930.9
477931.9
477940.5
477961
478075.9
478080
478085.5
478159.3
478173.3
478184.5
478271.3
478303.3
478362.8
478555.1
478593.3
478643.9
478948.5
479000.1
479293.3
479344.1
479927.7
480032.4
480263.1
481009.5
481415.9
482410
482498.3
482634.2
483975.4
485150.8
485218.8
485337.1
485417.1
485419.7
485547.1
485549.7
485575.3
485577.6
485604.9
485628.1
485633.1
485656.3
485728.8
485829.2
485951
485966.7
485983.7
486001
486039.9
486045.1
486071.3
486073
486143.2
486236.3
486275.7
486287.6
486370.5
486383
486403.2
486429.1
486473
486506.3
486568.2
486581.3
486650.2
486650.6
486657.6
486703.3
486753.2
486773.7
486798.9
486823.4
486896.2
486911.2
486912.4
486914.8
486948
487017.9
487024.7
487072.8
487095.8
487127.1
487139.5
487141.1
487222.9
487306.8
487312.7
487409.9
487692.1
487695.3
487799
487865.8
487868.1
488012.9
488035.7
488212.7
488247.9
488359.4
488421.3
488595.6
488644.2
488648.6
488788.4
488828.9
488838.9
488840.4
488841.7
488842.9
488864.4
488932.9
489032.2
489050.8
489075.2
489119.4
489122.6
489191
489207.9
489266.2
489276.6
489299.4
489408.5
489438.5
489472.8
489492
489558.5
489559.1
489616.3
489629.7
489633.6
489719.8
489785.7
489828.5
489845.9
489902.8
489912.4
490131.9
490158.7
490165.9
490199.3
490285.7
490293.8
490418.4
490474.3
490490.4
490539.8
490649.8
490723.1
490795.5
490861.7
491007.1
491033.6
491070.6
491140.1
491190.8
491250.4
491304.7
491324.9
491378.1
491382.9
491402.7
491413.7
491462.5
491529.7
491542.2
491564
491673.7
491768.7
491775.7
491806.4
491880.2
491906.5
491931.1
491938.5
491941.8
491963.6
492047.3
492081.7
492097.5
492105.1
492126.2
492162
492184.7
492289.3
492330.2
492347.7
492428.4
492431.7
492468.1
492510
492531
492555.6
492588.2
492590.3
492632.8
492668.5
492696.2
492728.3
492738.3
492794
492809.6
492809.8
492815.2
492839.9
492842.1
492862.1
492874.3
492897.7
492923.9
492950.8
492953.8
493076.9
493142.8
493172.4
493238.7
493283.9
493303.5
493438.3
493527.4
493534.6
493577.9
493619.7
493689
493703.4
493704.4
493829.1
493896.8
493938.7
493957.8
494001.4
494023.2
494065.9
494086.3
494117.1
494120.7
494156
494161
494163.2
494170.4
494193.9
494214.2
494244.1
494263.9
494295.8
494341.4
494367.5
494473.1
494554.2
494570.4
494571.4
494592.1
494650.9
494654.8
494669.1
494694.6
494718.7
494780.3
494830.2
494895.7
494971.4
495003
495062.4
495065.4
495096.9
495120.1
495134.9
495148.6
495182
495224.8
495273
495296.5
495373.4
495383.7
495390.4
495392.2
495433.9
495553.2
495554
495558.5
495569.3
495613.1
495694.9
495701.5
495745.3
495773
495778.7
495796.1
495850
495855.9
495878.6
496091
496236.1
496241.1
496244.6
496267.3
496313.1
496472.6
496510.7
496540.8
496671.4
496721.3
496724.3
496734.9
496752.8
496760
496812.2
496827.2
496864.7
496874.2
496900.3
496903.5
496988.5
497004.3
497047.9
497060.8
497076.2
497094.6
497176.6
497269.1
497306.4
497316.3
497357
497360
497378.9
497383
497452.5
497464
497528
497611.7
497688.6
497707.1
497729.1
497744.9
497842.6
497897.1
497915.8
497939.8
498045.6
498102.7
498132.3
498156.8
498216.9
498519.7
498566.5
498568.6
498624
498681.9
498727
498756.9
498788.1
498788.5
498822.8
498831.5
498855.7
498877.4
498899.2
498903.7
498937.6
498952.9
498989.3
499013.9
499050.8
499054.1
499061.2
499073.4
499108.5
499118.9
499174.7
499209.6
499288.2
499301.3
499376.1
499439.3
499459.9
499490.1
499529.1
499550.8
499583
499619.5
499627.7
499696.8
499739.8
499762.2
499809
499859
499946.4
499981.5
500066.4
500067.3
500071.8
500091.5
500097.5
500108.5
500116
500139.4
500149.4
500210.1
500210.9
500277.9
500303.5
500312.7
500338.7
500354.2
500390.3
500450.9
500534.2
500580.6
500600.2
500615.2
500617.5
500648
500709.6
500714.6
500717.5
500758.5
500810.4
500844.1
500876
501020.1
501059.4
501067.8
501093.2
501159.4
501208.1
501243.1
501291.5
501348.3
501366.7
501573.8
501578.2
501587.9
501605.3
501637.7
501671.5
501746.6
501754.1
501821.4
501843.1
501845.7
501855.3
501876.4
501878.2
501897.1
501957.6
501958.1
502023.4
502037.2
502039.5
502049.7
502068.6
502110.1
502125.5
502166.3
502236.6
502249.2
502313.5
502410.7
502481.9
502675.6
502681.2
502806.6
502817.5
502822.5
502839.4
502931.9
502964.4
502976.9
503031.2
503040.4
503074.1
503103.2
503205.5
503273.6
503288.7
503403
503410
503424.8
503430.2
503498.9
503520.3
503536.4
503539.9
503668.3
503806
503846
503854.5
503862.2
504026.3
504098.6
504106.4
504190.9
504299.2
504399.5
504436.3
504561.2
504604.9
504689.8
504704.9
504733.2
504809.7
504892.8
504993.6
504995.4
505065.1
505073.9
505216.5
505229.2
505310.9
505324.7
505326.9
505359.6
505364.3
505452.5
505457.5
505483
505637.3
505702.2
505704.3
505766.2
505893.9
505935.3
505994
506038.9
506050.4
506116.5
506135
506195.5
506213.7
506214.5
506261.4
506367.3
506523.8
506554.6
506602.7
506611.4
506624.4
506789.2
506792
506800.8
506844.3
506850.6
506956.7
507031.1
507061.2
507149.3
507190.9
507302.5
507468.1
507520.2
507613.9
507632.1
507677.8
507690.6
507792.8
507800.9
507824.4
507826.2
507833.6
507872.4
507882
507901.4
507929.5
507945.8
507984.5
508002.8
508071.3
508087.3
508149.7
508298.4
508600.6
508719.7
508918.8
509284.9
509311.7
509949.1
511345
511565.1
512728.8
513137.3
513480.3
513517.1
513649.3
513734.6
513741.9
513800.1
513818.9
513843.4
513889.3
513945.7
514012.3
514365.1
514448.6
514636
514648.6
514701
514863
514863.9
514886.2
514996.7
515111.4
515267.1
515277.8
515362
515370.1
515411
515433.9
515510.7
515824.1
515827.4
515855
515988.4
516033.6
516035.6
516051.1
516169
516324.6
516474.6
516549.3
516616.2
516624.7
535273
535466.2
535563.4
536037.4
536085
536107.8
536232.2
536483.3
536543.6
536672.2
536991.2
537792.6
537819.9
539062.1
539132.6
539154.9
539215.8
539284.9
539430.8
539451.2
539477.2
539571.4
539582.9
539600.7
539620.7
539657.4
539707
539805.5
539810.7
539843.3
539968.4
540058
540143.1
540513.9
540527.1
540734.7
547941.1
548234.9
548317.4
548632.8
550810.8
550897.2
550953.2
551092.3
551140.9
551162.8
551216.5
551252.7
551284.2
551441.4
551704.8
551763.9
559339.7
559595.3
559631.3
559635
559793.1
559924.9
559931.4
559948.4
559952.4
559963.4
560063.2
560248.3
560331.6
560355.3
560377.4
560454.7
560462.6
560468.1
560503.7
560587.8
560751.6
560774.8
560863
561039.6
561044.1
561046.3
561070.4
561102.5
561188.9
561225.3
561294.1
561406.2
561444.9
561562.2
565274.1
567877.9
567898.2
567972.6
568116
568181.8
568550.2
568652.5
568823.8
568875.1
569029.7
569123.4
569242
569434.3
569713.8
569767.5
569917.2
569957.8
570348.8
576219.6
576308.7
576331.1
576366.9
576392.4
576397.1
576434.6
576504.4
576523.2
576571.2
576651.3
576652.5
576684
576705.9
576773.3
576781.4
576816.6
576836.2
576845
576918.2
576967.8
577012.9
577103.4
577128.2
577132.1
577137.5
577227.2
577241
577245.2
577311.7
577315.3
577359.5
577493.7
577494
577516
577517.5
577532.5
577601.1
577604.7
580257.6
580361.5
583019.4
585872.4
585916.5
585926.6
586203
586418.9
586426.7
586508.5
586619.1
586634.5
589418.2
589432.8
590654.4
590763.2
597008.3
597733.2
597943.2
598155.1
598205.5
598271.9
598319.9
598321.9
598347.1
598464.4
598503.2
598697.6
598861
598933.6
599021.3
599883.2
