451.5
936.7
965.8
1158
1264.2
1292
1371.9
1385.3
1407.5
1637.8
5234.5
5277.7
5325.1
5471.1
5576
5634.4
5705.7
5713.9
5757.8
5758.9
5829.9
5850.7
5888.3
5980.4
5988.8
6016.4
6034.4
6180.7
6193
6237
6268.7
6269.1
6287.1
6288.9
6523
6580
11552.2
11669.1
12816.8
12939.7
12950.3
12965.2
12981.5
12992.8
13038.2
13074
13098
13138.2
13202.6
13203.7
13236.2
13257.5
13320.6
13390.4
13395.5
13453
13462.3
13462.6
13498.1
13506
13556
13563.8
13565.7
13584.9
13621.4
13675.2
13675.4
13694.4
13724.8
13742.7
13743.1
13876.4
13945
14395.7
14745.4
15159.1
15324.6
15434
15610.8
17401.7
17403.6
17538
17585.8
17606.3
17650.8
17795.8
17830.8
17873.3
17881.3
17948.9
17952.2
17977.5
17992.9
18018.6
18022.8
18196.7
18229
18229.4
18267.4
18374.2
18399.7
18414.1
18421.7
18429.8
18446.4
18562.6
18578.6
18767.9
19595.7
19699.2
19830.7
19869.3
19952.6
22628.6
22692.3
22721.2
22761.5
22767.2
22813.5
22918.2
23050.3
23288
26197
29780
30064.5
30375
30454
30634.3
30701.1
31514.4
32094.1
32203.2
34102.9
34201
34244.6
34290.6
34303.4
34321.4
34335.1
34347.1
34385.4
34428.9
34680.1
34838.4
40353.8
40414.1
40590.1
40590.7
43706.2
43772.4
43834.5
43859.6
43996.7
44045.6
44063.1
44087.3
44188.3
44210.2
44340.9
44341
44365.9
44418.9
44541.3
44555.7
44668.8
44816.8
45180
45312.8
47361.2
47377.9
47456
47503.2
47510
47628.6
47657.4
47690.2
47804.4
47814.2
47829.8
47938
47945.1
48095.5
48125.1
48176.8
48189.5
48197
48199.6
48229.8
48240.9
48312
48350.2
48361.9
48383.2
48417.8
48422.7
48435.1
48552.1
48561.6
48572.3
48724.3
48765.1
48769.1
48984.2
48995.9
49078.3
49173.8
49256.9
49287.6
49316.6
49344.1
49428.7
49662.7
50184.7
50586.8
51297.2
51478.8
51509.5
51603.6
52124.5
52153.7
52356.7
52379.9
53080.1
53233.7
53344.5
53360.6
53393.2
53780.9
53875.2
54004.9
54224.5
54519.3
54685.8
60496.5
60678.8
60724.5
60921.6
60971
61998.7
62309.7
62381.5
62514.9
63222.4
63306.9
63416.6
63443.8
63483.9
63673.1
63702.2
63737.8
63764.4
63767.7
63792.1
63803.6
63869.2
63922
63924
63935.3
63964.9
64059.3
64086.1
64719.1
64759.3
64774.5
64832.6
64911
65065.5
65106.5
65200
67632.5
68137.4
81595.3
81618.2
82145
83874.6
90773.3
91065.9
91418.7
104470.8
105267.9
105589.4
105634.3
113266
113342.9
113360.9
113374.8
113378
113409.1
113482.3
113509.4
113556.9
113565
113601.5
113611.7
113665.8
113679.8
113792.6
113840.7
113868.3
113955.7
114018.8
114032.8
114047.7
114058
114067.8
114127.7
114152.8
114158.4
114202.2
114244.3
114284.1
114449.1
114467.5
114479
114682.4
114801.7
114812.2
114831
114854.5
114880.8
114887.2
114910.7
114917
114933.5
115002.3
115039.5
115103.8
115137.6
115139.4
115197.6
115228
115270.2
115321.4
115324.9
115359.2
115393.7
115434.8
119450.1
119786.2
125225.9
125823
125828
126487.7
134700.7
161866.5
162675.6
162895.5
162961
163171.5
163251.4
163262
163330.8
163377.9
163437.6
163521.2
163590.7
163661
163744.1
163769.8
163915.7
163922.3
163935.9
163974.4
164007.9
164034.7
164038.6
164081.1
164148.5
164260.1
164379
165144.9
167190
167313.9
167337.8
167394.6
167557.5
168090.8
168122.6
168136.9
168230.5
168238.9
168252.8
168368.2
168398
168423.9
168470.4
168488.8
168489.9
168510.6
168545.6
168558.1
168563.6
168566.3
168582.6
168664.5
168672.2
168674.4
168786
168804.5
168834.4
168946.2
169035.8
169063.8
169070.9
169082.4
173492.3
173544.5
173650.2
173653.2
173940.9
174021
174546.8
177539.2
179270.3
179440.5
179498.8
179502.7
179511
179513.2
179648.3
179653
179666.1
179745.9
179799.5
179835.9
179866.1
179877.6
179969
179979.4
180031.3
180035.2
180038.6
180061.9
180109
180155.6
180218.5
180224.6
180244.4
180297.7
180306.6
180327.1
180371.7
180406.9
180437.9
180630
180653.3
180687.7
180846.6
181853.4
182169.8
183117.3
183183.8
183566.7
187142.8
187476.5
187511.9
187529.2
187538.2
187598.7
187600.4
187693.7
187751.4
187775.5
187840.6
187896.7
187942
187944.1
187985.3
188002.3
188121.9
188169.5
188181.5
188284.9
188310.9
188460.6
188592.9
189099.5
189387.7
189842.5
190006.5
190079.7
190165.6
190664.3
193502.1
193702.4
193722.2
193748.3
193846
193924.6
193978.5
194091.8
194113.8
194697.7
195077.9
195194.9
195206.1
195370.6
208175.4
209146.3
213256.6
214574.1
214579.6
214701.6
214758.4
214762.2
214803.2
214854.6
214858.8
214879.8
214901.8
214923.5
214978.7
214985.9
215021.2
215049.6
215133.6
215173.7
215263.7
215309.5
215460.1
215483.9
215517.3
215548.6
215563.1
215613.4
215792
215940.1
215978.5
215988.6
216063.2
216142
216183
216200.1
216227.2
216305.5
216340.8
216454.4
216484.8
216486
216507.8
216512.9
216535.7
216631.1
216735.3
216750.8
216840.3
216915.8
216935.5
216940.4
216948.9
216970.4
217000.4
217096
217607
220166.8
222622.1
222627.2
222719.9
222991
223012.3
223082.8
223336.2
230090.4
230402.5
230490.6
230613.5
230767
230816.9
232221
232258.6
232349
232351.2
232404.5
232512.7
232575.9
232588.7
232620
232673.9
232683.3
232808.1
232833.1
232835.6
233007.5
233268.2
233383.6
233557.2
233599.9
233643.3
233643.6
233721.7
233738.4
233780.6
243956.6
244014.7
244176.3
244239.4
244259.2
244317.7
244519.5
244599.2
244681.4
244760.7
244815.7
244917.5
245000.5
245001.6
245036.5
245063.2
245130.5
245148.1
245157.2
245175.7
245207.2
245221.6
245233.2
245275.2
245408
245418.5
245469.2
245552.7
245571.3
245581.6
245594
245605
245654.5
245672.8
245687
245809.6
245876
245878.4
245978.6
246024.1
246026.7
246047.2
246070.6
246078
246121.7
246256.3
246279.9
246291.6
246337.4
246365
246400.7
246410
246493.7
246524
246544.9
246554.8
250250.5
253074.3
254630.5
255629.6
255649.9
255734.5
255767.5
255819
255848.4
255885.9
255922.1
256061.4
256185.6
256203.4
256475.1
256630.7
256742.9
257128.2
257515.1
257603.7
269345.2
269442.8
269578
269603.8
269664
269787.3
273046
273600.7
273777.5
273795
274017.6
278677.3
280825
280836.1
280854.1
281055.2
281086.1
281154.7
281202.7
281329.8
281347
281427.9
281477
281553.5
281573.2
281607.3
281877.2
282961.3
282995
283023.8
283029.9
283053.6
283063.6
283089.1
283097.5
283165.9
283167.8
283183.5
283190.3
283227.3
283241
283292.4
283322.2
283344
283355.9
283542.7
283629.6
283631.2
283633.6
283751.6
283861.4
283888.4
283935.5
283964.8
283965.2
284007.2
284035.7
284050.6
284057
284063.2
284114.8
284136.6
284140.4
284200.1
284206.8
284240.7
284354.3
284360.9
284361.8
284376.1
284386.8
284387.6
284397.1
284424.1
284457.3
284511.3
284540.6
284550.9
284606.4
284638.4
284677.5
284682.6
284718.4
284780
284891.1
284925.2
284940.5
284952.5
284974.2
285144.2
285150.5
285183.9
285203
285211
285222.3
285281.3
285315
285417.5
285646.7
285700.1
285737.3
285857
285861
285889.1
285924.4
286030.7
286145
286162.2
286166.8
286181.2
286220.4
286234.2
286331.1
286422.7
286423.3
286436.9
286439.3
286443.8
286458
286599.7
286666.6
286944
287199.9
303308.3
303499.4
303500.3
303505.4
303642.4
320133.2
320257.3
320351
320488.3
320571.2
320620.5
320624.4
320687.3
320715
320746.2
320754.1
320794.7
320983.8
321496.4
321545.4
321588.7
321906.7
322032.3
322094
322149.2
322155.8
322177.6
322250
322260.4
322325
322442.2
322512.7
322569.3
322597.3
327718.1
329721.8
329952
330043.1
330095.3
330102.7
330206.2
330216.8
330217.1
330249.4
330261.8
330263.9
330326.3
331041.1
331217.5
335513.2
335622.2
335680.4
335859
335907.8
335984.9
336000.5
336061.8
336184.9
336279.4
336305.5
336415.8
336444.2
336478.8
336501.3
336517.1
336533.9
336539.8
336543.4
336546.3
336616.3
336618.7
336689.8
336749.6
336781.5
337689.5
338149.8
343337.7
348104.9
348613.9
348814.9
350050.5
351028.4
351225
351364.6
351367.1
351441.1
351569.8
351599.4
352733
352748.5
352750.8
352754
352779.8
352784
352888.7
352932.1
353004.8
353006.9
353020.3
353104.9
353161.5
353371.9
353383.3
353400.1
353578.9
366823.1
373018.5
373938.3
374096.2
374104.7
374198.3
374274.3
374329.4
374460.8
374468.5
374491.6
374530.1
374555
374627.6
374668.7
374781.4
374803.8
374823
374967.3
374986.9
375053.3
375262.5
397163.6
397505.4
397566.4
397829
397879.4
397957.1
397966.2
398114
418933.6
425467.7
425468.7
425510.9
425514.4
425603.4
425605.1
425616.8
425696.5
425772.8
425799.1
425827.1
425857.7
425871.5
426045.5
426062.2
426079.9
426200.8
426348
426397.8
426457.5
426503.4
426531.4
426536.5
426636.5
426648.3
426797.8
426812.3
426818.4
426930.9
426933.3
426936.9
426955
426971
427009
427059
427139.1
427170.6
427526.5
427721.5
427727.3
427746.4
427803.9
427992.8
428018.6
428112.8
428170.5
428251
430286.5
440986
441329.5
441330.7
441364.7
441553.9
441654
441689.3
441726.8
441852.8
441894.9
441903.1
441969.3
442220.1
442380.2
442438.7
442514.1
442770.2
442790.1
442840.9
442933.5
442969.2
443736.9
443952.2
444241.8
444262.7
444382
444406.5
444443.8
444479.2
444793.9
448877.3
449070.2
449244
449415.6
451174.8
451194
451638.5
451679.4
451718.5
451827.8
451844.6
451986
451987.2
452031.9
452126.4
452148.7
452154.3
452191.1
452236.7
452286.5
452301.4
452318.6
452346.1
452526.9
452560.3
452611.9
452623.6
452630.5
452637.5
452658.4
452662.6
452675.5
452703.7
452720.6
452730.6
452767.6
452790.6
452821.2
452877.6
453011.2
453026
453050.7
453160.4
457638.5
457644.2
457675.4
457677.6
457679
457738
457774.2
457907.7
458208.4
458250.5
458389.8
467746.8
467812.3
467837.3
467894.7
467982.3
468983.6
470072.3
482664.5
483090.4
483609.6
483670.5
483755
483819.9
483931.3
484094.9
484233.1
519579.4
520133.2
525227.5
525506.7
525619.7
525637.3
525689.2
525759.4
525782.8
525803.5
525808.1
525808.7
525815.6
525831.4
525887.2
525914.1
525921.4
525953.1
525955.1
526056.8
526104.7
526173.8
526210.4
526256.6
526354
526383.5
526444.9
526451.1
526501.3
526508.7
526509
526531.2
526537.1
526558.9
526607.9
526653.7
526655.5
526658.6
526664
526801.3
526856.7
526988.6
527056
527063
527127.7
527186.5
527429.7
527744.8
532210.7
532294.6
532400.3
532531.7
532636
532656.9
532681.9
532841
533031.7
533036.6
535249.9
535395.9
536177.2
536501.9
536505.5
536817.4
547143.3
548643.2
548739.1
548777
548881.9
549046.4
549106.1
551477.8
551509.4
551822.7
551960.2
552290.9
552358.7
559177.2
560043.2
560413
560430.9
560469.2
560575.8
560660.6
560670.3
560782.5
561036.1
567773.6
571114.1
571120.1
571172.9
571272.9
571383.3
571424.6
571482
577052.8
577459.8
577619.8
577706.8
577827.9
577915.6
577939.3
578010.2
578076.2
579600.3
579628.4
579677.5
579747.3
579762.2
579864.1
579893
580060.1
580113.3
580265.9
586794
586872.8
587303.8
589563.2
589729.7
589776
589788.5
589811.1
589827.5
589833.9
589927.4
590039.2
590117.4
590184.7
590227
590240.4
590259.9
590467.9
590490.6
591742.3
591765.4
592813.8
592966.9
592975.8
593095.5
593205.1
593320
594459.6
594731
594935.5
