2037.3
2050.3
2116.7
2124.2
2125
2151
2162.3
2181
4226.3
4398.6
7431.9
7517.5
11211.7
11214.3
11332
11352.2
11402.6
11471.1
11580.6
11591.9
11597.4
11664.1
11708.7
11730.2
11764.7
11780.1
11848.7
11853.3
11956.4
12851.4
12969.2
12999.6
13138
13170.7
13232.9
13399.3
13471
13500.4
13538.2
13568.7
13628.6
13862.3
15297.7
15457.4
17080.4
20370.3
20397.2
20416.6
20470.6
20508.7
20509.2
20549.3
20594.1
24057.4
24329.8
24655.4
28395.2
28584.1
28775.1
28879
28952.6
28984.4
29067.6
29085.3
29116.2
29164.6
29190.5
29227.7
29262.4
29272
29381.8
29518.5
29530.9
29551.5
29573.4
29593.3
29685.3
29695.6
30048.3
30135
30179.3
30590.2
30605.8
30681.1
30797.8
35474.1
35479.4
35639.4
35685.3
35689.3
35703
38421.5
39468.8
39559.3
39571.2
50718.2
50734.7
50756.2
50785.8
50917.5
52456.7
52643.3
52763
53083
53667.9
54692.7
60124.7
60140.4
60159.5
60838.6
61354.9
61815.1
62192.3
62414.2
65237.2
65458.7
65674.1
67002.6
68207.7
68241.8
68315.1
68436.5
68475.5
68531
68575.5
68594
68759.1
68763.7
68881.8
73805.7
73851.2
73883.2
73955.2
74010.4
75547.6
75605.5
75775.5
78705.7
84067.8
84372.7
84409.7
84514.3
89516.5
89592.6
89634.7
89679.3
89738.4
89751
89929.8
89963.1
89983.5
90070
90082.4
90084.5
90084.9
90098.1
90291.7
90326.9
90958.4
91074.5
91171.1
91255.4
91283.1
93610.2
94234.2
94782.9
95077.1
95215
95466.1
95635.2
95707
95755.3
95896.3
96121.4
96603
96617.7
96683.8
96826.8
96911.3
97133.6
97157.7
97196.9
97298
98259.7
98559
99054.4
99314.4
99472.6
100934.5
101324.8
101342.9
101469.4
101707
101759.8
101988.6
102187.2
103316.8
103381.6
103471.2
103647.8
103701.7
103755
103787.4
103848.2
104090.8
104258.7
104281.6
104560.9
105855.2
105904.9
105994
107121.8
107137.1
107354.2
111079.6
111097.9
111118.3
111140.2
111217.4
111225.5
111265
111325.6
113192.3
116593.5
117777.4
117909.1
118006.2
119101.1
160959.6
161294.4
161363.9
161418.4
161430.8
162082.6
162258.1
162441.1
162889.9
162997.4
163248.1
163253.7
163284.9
163384.6
163397.8
163483.4
163529.9
163576.2
163578
163590.3
163701.2
163837.9
163965.7
167154.5
167832.4
168080.1
168218.9
168238.3
168300.3
168315.7
168388.6
168497.1
168511.1
168554.5
168572.3
168582.8
168607.9
168613
168630.9
168656.6
168703.5
168783
168903
170210.1
170364.1
170437.5
172183.6
172207.7
172231.5
172308.9
172397
173556.2
173651.1
173702.2
174064.8
174172.8
174185
174446.1
175947.3
175948.4
176396.5
176404
176424.7
176528.1
176693.9
176865.2
177157.9
177169.8
177283.3
177454.2
177573.2
177750.7
177788.8
177919.3
178293.2
178314.2
178326
178483.4
178704.8
178930.9
183468.3
184515.9
184869.6
184902.4
184938.9
185286.2
187558.1
187625.7
187700.4
187757.5
187797.4
187854.1
187932.1
188046.3
188128.7
188132.6
188234.9
188285.5
188296.1
188422.3
188455.1
188557.2
188615.5
189211.3
192953.8
192956
193077.2
193085.2
193162.8
193264.4
193357.2
193577.9
193628.3
193638
195015.4
210600.4
211082.6
211403.8
211470.4
211494.3
211519.5
211525.6
211545.9
211651
211675.7
211682.8
211721.9
211761.4
211837.3
211908.7
213247
213379.8
213408.7
213430.9
213479.7
213509.5
213533.4
213557.4
213578
213595.3
213641.1
213707.7
213781.4
213916.5
213955.8
214064.9
214224.4
214227.6
221797.7
224003.6
224152.7
224193
224393.7
224500.4
224569.7
224593
224672.8
225188
225533.4
225550
225594.8
225683.5
225701.6
227166.7
227327.3
231611.1
231696.7
231716.6
231863.9
231872.7
231915.2
232075
232188.5
232779.4
232898.9
233803.1
241576.6
243491.4
243507.1
243565.6
243657.5
243672.6
243683.6
243690.9
243703.3
243705.5
249160.5
249334.1
249433.1
249453.2
249697.5
249727.5
249776.6
249825.8
249925.1
250864
250920.8
251003
251003.2
251088.3
251118.8
251126.2
251209.7
251223.9
251227.4
251401.5
251490.1
251541.6
251543.3
251553.9
251598.2
251649.3
251684.4
251835.6
251850.5
251856.7
251864.7
251866.9
251893.5
251959.9
251985.8
252120.6
252143.2
259006.3
259154.2
259200.3
259427.5
259494.4
259530.3
259566.3
263574.3
263633.5
263689.4
263719.5
263817.4
263860.5
266067.8
266485.2
267497.9
267808.4
267888
267952.1
267972.3
268025.1
268071.2
268104.8
268171
268209.3
268232.9
268394.2
268404.3
268437.4
268675.3
269810
269906.7
272750.6
272753
272774.2
273058
273099.1
273409.5
273689.4
274168.7
275781.7
275828.7
276009.4
276981.8
287713.1
287783.2
287892.3
287899.4
287930
287946.1
287966.2
288026.5
288072.7
288130.8
288136.4
288361.7
288374
288426.9
288436.1
288565.8
288665.1
288750.4
288855.2
288942.2
288990.7
288998.5
289008.1
289172.4
289329.7
289355.2
289363.7
289371.3
289472.5
289580.4
289598
289675.7
289813.7
289818.8
289876.3
289884.6
289973.1
289992.9
289994.6
290026
290026.1
290057.1
290078.6
290107.8
290132.3
290141.2
290285.6
290289.8
290370.3
290400.2
290426.8
290470.3
290538.6
290548.7
290698
290789.3
290821.4
290871.3
290880.9
290968.4
291053.6
291118.8
291171.9
291180.1
291242.6
291277.1
291311.6
291342.2
291351.3
291513.7
291515.9
291599.3
291601.8
291703.5
291708.7
291744.2
291752.7
291872.8
291918.6
291973.3
292006.6
292115.7
292119.7
292192.3
292228.1
292260.6
292263.5
292303.5
292308.7
292336.3
292399.7
292403
292459.1
292494.6
292561.1
292739.6
292744.8
292804.5
292827.5
292903.1
292963.8
292982.6
293059.3
293085
293104.7
293112.2
293205.5
293274
293290
293387.4
293420.1
293489
293499
293648.7
293772.9
293781.2
293794.3
293821
293966.7
294052.1
294053
294070.5
294086.9
294093.6
294173.5
294259.4
294332.7
294392.8
294436.6
294454
294492.9
294496.8
294516.2
294521
294822.1
294855.6
294860.4
294917.3
294947.2
294983.6
294993.2
295052.4
295076.8
295078
295078.5
295146
295156.9
295190.6
295255
295359.9
299648.4
300283.7
300799.9
300829
300919.9
300935.1
300959.5
300965.7
300985.5
300988.2
300988.6
301036.2
301113.3
301127.5
301155.9
301212.5
301384.2
301497.2
301518.4
301518.7
301543
301577.2
301585.5
301602.9
301721.4
301906.5
302145
302506.4
302508.5
309410.9
309418.1
309431.6
309463.6
309468.5
309638.2
309781.4
309997.1
310037.2
310066
310127.7
310131
310163.2
310259.2
310317.6
310324.6
310487.4
310552.4
310639.9
310661.8
311738.9
312464.3
312659.6
312675.6
312683.9
312702.5
312706.1
312718.5
312761.8
312833.4
312856.8
312880.4
312913.9
312917.8
313066
316281.3
317526.6
317668.1
317776.9
317788.9
317918.4
318107.8
318180.6
318468.4
318600.5
318619.5
319061
319064.4
319278.6
319952
320144
320256.5
325034.8
325243.1
325253.8
325262.5
325332.8
325531.5
325552.8
325664.3
329659.5
329697.5
330458.9
331244.8
332014
332044.1
332093.9
332120.9
332274.6
333353.4
333539.9
333548.7
333583.3
333684.9
333806.4
333866.2
334021.2
334234.5
334299.4
334426.3
334440.1
334455.9
334458.3
334476.5
334479.4
334559.2
335408.7
335756.9
335767.7
335793.1
335938.1
335953.7
336121
336170.7
336175.1
336207.9
336227.4
336278.9
336314.2
336324.8
336356.5
336365
336418.7
336419.4
336478.4
336515.2
336656.1
336741.6
336850.3
338316.4
339943.9
340997.1
348003.4
349392.4
349504
349646
349676.7
350002.3
350040.9
350095.6
350196.1
350322.5
350388.5
350424.2
350426.8
350448.1
350591.2
350670.5
350671.3
350684.6
350732.5
350758.5
354276.9
354408.4
354458.3
354489.4
354493.6
354516
354603.9
354660.8
354671.6
354680.9
354761
354769.8
354831.2
367741.7
367797.9
367893.1
367929.5
368095
368295
368460.9
368888.8
368894.4
368966.2
368994.4
369006.1
369085
369164.9
369247.6
369264.6
369310.4
369390.5
369415.3
369459.5
369470.8
369480.8
369522.7
369526.8
369551.8
369583.3
369655.3
369678.5
369786.6
369867.4
369899
370020.8
370027.8
370035.6
370039.1
370075.5
370097.9
370099.9
370127.6
370153.1
370185.3
370224.1
370257.5
370271.5
370343.6
370376.8
370426.7
370436.6
370587
370626
370663.6
370673.8
370748.5
370774.7
370874.1
370876.7
370903.8
371008.8
371032.4
371062.6
371120.8
371185.4
371185.5
371185.9
371320
371328
371348.9
371354.9
371393
371413.9
371445.4
371477
371501.3
371507.7
371571.3
371647.5
371687.5
371852.3
371884.3
371899.3
373426.1
373510.9
373527.8
373582.7
418885.4
419097.4
419498.9
419701
420690.5
420811
420898.8
421015.9
424667
424953.4
425536.1
425598.9
425647.8
425714.5
425722.5
425727.7
425862.6
425945.1
426053.4
426140.2
426175.2
426217.3
426242.9
426271.8
426277.2
426294.4
426326.8
426392.2
426411.9
426432
426443.4
426501.2
426535
426583.4
426588.7
426597.8
426614.7
426658.8
426688.5
426714.3
426716.5
426750.4
426766.7
426777.9
426811.1
426826.1
426856.2
427665.7
427736.2
427752.6
427754
427818.8
428038.1
429152.3
429718.8
429898.8
430015.5
430162
430650.7
444491.3
444552.2
444553.6
444591.6
444595.3
444671.8
444694.7
444707.4
444765.4
444787
444934.8
445798.5
445943
445953.2
447466.4
447955.8
447985.1
448045.2
448116.4
448140.4
448146.2
448196.6
448307.6
448329.2
448387.4
450827.5
450898
450941.9
451008.8
451081.7
451121.9
451136.7
451153.2
451171.3
451180
454705.3
454772.9
454907.6
455002.8
455076.5
455144.8
455203.8
455278.9
456055.3
456430.4
457744.2
464669.9
464688.3
464729.2
464755.9
464857.8
464878.5
464883.4
464937
464970.4
465026.3
465123.7
465156.5
465164
465165
465209.6
465309.8
465312.1
465314.5
465483.7
465592.5
467645.2
467943.2
467945.3
468015.4
468067
468125.1
468182
468254.6
468327.7
468374.8
468453.8
468453.9
468464.4
468514
468570.7
468639.6
468690.3
468735.4
468773
468940.8
469085
469118
469133.2
469196.1
469285.6
469295.8
469328.8
469397.5
469569.8
469628.7
469640.2
469821.9
479304.4
479387.4
479629.1
479810.5
479879
479948.7
480133.5
480405
480541.3
480681.8
480721.5
480794.2
480839.3
480952.9
481099.1
482148
482491.6
482558
482627.9
482643.7
482738.6
509006.8
509183
509348.8
509430.2
509675.3
509911.2
509933.3
510016.3
510100.3
510133.3
510174.3
510210.5
510239.1
510247.6
510267.1
510387.7
510389.3
510553.6
510730.9
510798.1
511001.7
511052.9
511176.6
511260.5
511300
511413.4
511430.9
511495.1
511574
511580.1
511606.1
511648
511667.8
511781.3
511802.4
511872.6
511901.3
517401.1
517409.2
517490.6
517620
517672.6
517753.4
517798.7
517813.1
517864.5
517868.1
517871.7
517882.9
518002.6
518292.8
518446.5
518885.6
527171.1
527580.2
527615.6
527652
527655.8
527666.1
527696.6
527725.1
527743.8
527747.4
527806.8
527862.5
527965.2
527986.1
528089.1
528301.6
528328.2
528547.1
528549
528821
528949.6
528985.8
530714.6
531254.7
531416.4
531533.8
531557.9
531812.5
532478.4
537902.9
537961.4
538262.4
538450
538761.5
538804.7
538839.4
538857.9
538901.8
540979.7
541057.7
541132.5
541139.3
541209.3
541235.3
541272.9
542100.9
542248.5
547518.9
547532.8
547563.7
547596.9
547608.7
547615.6
547633
547700.8
547817.6
547985.3
548740
549107
549152.4
550156
550603.8
552081.3
558371.5
558434.5
558457
558467.9
558513
558609.6
558746.5
558775.2
558787.6
558789.2
558791.1
558819.2
558820.3
558918.9
558933.8
558953
558953.9
558972.8
558982.7
558996.5
559037.3
559112.1
559204
559268.8
565362.8
565443.6
565476.8
565515
565703.1
566188.3
566561.8
566575
566850.1
571217
575694.5
575728.5
575733.5
575750.1
575756.4
575778.5
575795.7
575855.1
575968.7
577671.6
577735.4
578033.1
582534
582543.9
582651.2
582748.6
583279.6
584124.3
584556.9
584743.3
584927.8
585303
585335.4
585472.7
589054
589991.4
590050
590098.6
590213.6
590258.4
590341.7
590343.4
590459.6
594952.9
596572.1
596635.3
596798.9
596842.9
596919.1
596995.9
596997.8
597023.7
599851.3
599896.2
599927.4
599964.4
