4151.1
4215.6
4304.5
4308.7
4317.1
4371.9
4378.6
4463.8
4469.7
4472.5
4492.5
4504.4
4590
4655.5
4709.5
4768.5
4774.1
4858
4898.9
23229.4
29757
30433.5
30508.6
30613
31641.6
33480
37301.9
38323.1
38349.5
38391.5
38463.6
38570.7
38604.5
38683.5
38730.4
38731.2
38747.7
38777.6
38820.6
38832.4
38948.1
39011.5
39313.3
44449.3
44615.9
44671.7
44783.6
44801.3
44883.8
44972.5
45020
45034.9
45154.1
45252.2
45312.7
45336.2
45349.1
45456.8
45506.5
45572.8
45625
45679.7
45753.2
47063.3
47156.9
50842
50961.9
51019.8
51103
51347
51347.8
51500.4
51633.4
51666.7
51747.4
51801.9
51961.9
51966.1
51969.9
52153.7
61060.9
61067
61266.7
61462.8
61484.6
61764
61859.1
62707.9
62862.5
62922.5
62999.8
63082.5
63146
63174.6
63234.7
63250.4
63261
63441.3
63461.6
63581.4
63933.6
64070.7
66777.1
66883.5
67069
67645
67747.5
67795.5
74425.9
74994
75240.3
75292.6
75305.4
75362.6
75391.7
75475.2
75528.2
75658.4
75733.5
75736.5
75741.3
75751.9
75842.7
75875.3
75946.9
75971.7
75975.2
75992.7
76041.4
76333.7
76334.1
86221.1
86828.5
86912.9
87434.1
87630.9
91556.2
91974.1
92182.3
92270.7
92289
92421.2
92434.3
92442.2
92458.5
92459.3
92487.6
92487.7
92496
92525.2
92580.7
92644.4
92653.6
92669.1
92671.6
92782.2
92825.5
92833.3
92921.5
92939.1
93084.4
93166.3
93244
93359.7
93368.3
93567
93755.7
93795.6
93866.9
93880.9
93887.5
93890.1
93969.4
93984.3
94134.1
94140.2
94168.6
94198.3
94291.4
94381.7
94474.9
94481.6
94512
94621.6
94679.4
94715.4
94758
94759.7
94825.8
94867.7
94900.1
94997.5
95192.9
95320.2
95474.7
95496.6
95633.7
95666.9
95747.3
95764.9
95805.2
95816.5
95829.5
95934
95981
96018.7
96271.8
96404.5
96411.9
96431.3
96468.9
96603.1
96649.7
96953.4
97025.7
97286.3
97404.1
97412.3
97512.7
97513.7
97611
97692.9
97731.2
97767
98018.2
98021.7
98048
98230.4
98236.1
98249.6
98287.6
98397.7
98536.4
98679
98771.1
99244.8
99328.4
99510.9
99657.1
99700
99710.8
99724.7
99734.8
99752.9
99754.3
99850.2
100066.6
100080
100107.5
100126.5
100231.6
100287.4
100320
100377.9
100568.7
100599.2
100650.9
100689.1
100743.1
100777.6
100863.5
100875.8
100971.1
101042.3
101264.3
101279.6
101297
101301
101398.6
101504.2
101524
101553.7
101555.4
101581.7
101615.4
101619.1
101619.4
101632
101692.4
101993
102078.7
102163.8
102166.6
102274.4
102336.1
102447.5
102462
102549.6
102705.3
102743.5
102775.2
102789.6
102803.6
102832.2
102884.8
102979.9
102982.2
102991.7
103081.2
103099.4
103124.5
103129.4
103323.7
103368.3
103462.3
103636.7
104267.5
105041.2
105273.9
105337.6
105436.2
105617.1
108018.8
109074.4
111019.3
111038.4
111142.7
111178.4
111246.8
111258.3
111349.2
111357
111564.9
111567.3
111769.3
111825.2
111852.7
111939.5
112016.7
112412
162031.9
169742.9
169886.4
169949.3
170112
170184.6
170209
170402.1
170443.2
170511.4
170512.3
171814.8
172118.1
172297.3
172336.4
172337.1
172354
172382.7
172436.1
172552
172657.4
172817.8
172979.8
174954.8
175088.5
175849.9
177720.6
177752.1
177912.6
178072.6
178084.8
178226.5
178250
178266.2
178293.5
178356.8
178443.3
178540.3
178665.2
178775.7
178836.7
178971.7
179117.7
179163.7
179172.1
179182.4
179238.1
179304.5
179307.9
179345.7
179364.4
179462.9
179475.1
179493.5
179497.7
179549.6
179575.6
179656.7
179777.3
179903.7
180078.6
180340.4
180638.7
180641.9
180671.3
180736.3
180751.8
180767.6
180904.1
180915.9
180983.1
181018.8
181044
181046.9
181132.8
181199.2
181238.7
181322.4
181362.3
181380.3
181391.2
181437.3
181524
181631.2
181637.5
181846.8
181878.3
181898
181904.3
181998.9
182012.2
182086.4
182221.6
182260.9
182310.2
182347.4
182389
182411.3
182427.9
182444.3
182513.9
182546.2
182597.9
182609.3
182610.2
182639.5
182655.4
182697.3
182705
182743.9
182785.4
182924
182943.9
183152.3
194012.7
194195.6
194665.1
194890.1
213788.2
219871
221216.3
221282.3
221380.8
221444.7
221487.2
221539.8
221642.4
221695.9
221703.4
221810.8
221989.7
222168.4
222173.1
226874.7
227086
227131.2
227476.3
227513.6
227646.4
227675.2
228367.7
229226.3
229235.1
229490.4
229694.5
232522.9
233064.7
244001
244193.3
244213.8
244520.1
244523.6
244584.8
244643.5
244839.4
245237.9
245503.1
246038.7
246302.1
246369.8
249985.3
250035.3
250320.2
250506.9
250691.3
250721.5
250745
252588.4
252787.1
252869.4
253051.2
254823.6
259909.1
263222.6
263337
263425.7
263480.6
263564.7
263590
263625.9
263641.1
263650.4
263654.4
263692.2
263723.1
263743.8
263768.6
263802.5
263893.8
263940.6
264011.5
264044.7
264082.4
264153.5
264185.1
264189.8
264286.9
264428.4
264922.6
265142.8
266364.7
272853
273023.9
279041.7
279184.8
279241.1
279445.9
279478
279503.9
279547.9
279707.7
279796.9
279900.8
279972
279988.1
280032.1
280047.1
280102.4
280157.3
280168.7
280198.7
280207.8
280225.9
280297
280340.9
280357.1
280372.5
280402.7
280448.7
280468.1
280480.9
280505.1
280569.7
280588.7
280623.5
280673.3
280848.6
280877
280918.5
280928.3
280962.5
281019.7
281159.4
281450.2
281546.9
281565.5
281605.1
281639.9
281667.6
281721.4
281943.7
282006
282015.6
282117.5
282142.5
282223
282251.2
282284.8
282297.9
282343.3
282882.3
283203.2
296622.5
296725.8
296750.4
297784.4
298873.6
300898.9
300934.4
301034.4
301186
301513.5
301991
302082.1
302155.2
302221.7
302236.8
302305.4
302437.1
302457.5
302493.6
302549.5
302576.4
302617.9
302622.2
302675
302722.1
302904.5
302917.3
302923.4
302946.1
303118.5
303235.8
303297
303351.4
313566.7
313715.8
313871.1
313976.3
314145.1
314233.1
314339.4
314512.1
314644.7
314645.7
314747.1
314766.4
314793.2
314884.8
314919.2
314978.8
315002.8
315093.1
315099
315123.5
315213.5
315252.8
315303.1
315590.9
315631.9
318128
318647.9
319537.7
329794.2
330236.4
330682.1
330703.9
330990.9
338524.2
338917.8
339057.3
339360.9
339535.1
339628.3
339648.7
339723.5
339805
339876.6
340015.9
340169.7
340195.7
340293.7
340418.1
340484
340491.9
340695.3
340696.7
340707.1
340735.4
340839.6
340846.5
340869.2
340876.3
340890.6
340898.8
341084.2
341091.8
341177.7
341212.7
341283.5
341361
341386
341466.4
341627.2
341627.8
341665.1
341740
342002.5
342023.3
355733.4
356481.1
357511.2
359559.6
361883.3
362422
363223.2
363436
363519
363862
364727.3
364734
364994.8
373073.5
373433.9
373644.5
373694.9
373761
373814.6
373870
373877.5
373914.5
374068.9
374101
374128.2
374202.1
374264
421952.4
421992
441849.5
441947.3
442074.2
442098.7
442342.9
442459.5
442592.3
442683.5
442699.4
442750.1
443109.9
443296.3
443367.3
443464.4
444084.1
444157.7
444436.4
450157.9
450372
450698.2
450719
458598.8
458885.1
458934.2
459239.8
459458.7
459594.1
459594.2
459643.2
459763
462668.9
462746.7
464932.3
465196.8
465472.1
465503.5
465521.1
465560.7
465651.8
465660.3
465680.2
465683.2
465764.7
465783.9
465832.7
465847.4
465897.3
465900.5
465901.9
465911.7
465924.1
465936.2
465937.8
465944.5
466144.7
466160
466163.5
466302.8
466390
466767.2
466832.6
467204.8
467410.7
483377.6
512566.3
512884.2
517856.2
517949.3
518414
518444.5
518507.5
518515.1
518532.7
518578.6
518614.9
518635.1
518822.3
518835.5
518854.2
518869.2
518928.5
518942.4
518945.3
518960.7
519031.2
519074.3
519115.5
519154.7
519221.9
519244
519277.7
519432.3
519434.8
519518
519536.1
519551.9
519552.8
519588.5
519639.8
519645.8
519650.4
519659.2
519846.4
519879.6
519889.1
519890.8
520126.6
520144
520200.1
520277.7
520313.6
520372.9
520449.5
520482.7
520503.8
520523.8
520598.3
520650.3
520712.9
520736.1
520759.3
520806.2
520850.7
520958.4
520971.1
521001.7
521026.1
521161.2
521173.6
521186.7
521245
521286.9
521330.1
521339.4
521355.3
521382.4
521425.6
521494.8
521512.4
521527.4
521566.6
521639.5
521674.9
521764.8
521773.1
521847.7
521860.8
521871.6
521882.2
521892.8
521936.4
521936.8
521951.6
521960.5
521969.1
521985.8
522001.3
522078.2
522101.7
522123.4
522125
522177.7
522212.9
522227.1
522257.2
522305.9
522327.8
522346.1
522353
522488.7
522540.6
522566
522654.7
522730.3
522769.6
522807.9
522884.7
522915.7
522952.3
522992.1
522995.7
523114.5
523170.8
523306.7
523366.6
523406.3
523513.2
523521.5
523648.7
523665.4
523755.4
523767.5
523818.9
523837.9
523840.4
523859.8
523908.1
523940.1
523975.3
524104
524167.5
524222.1
524317.8
524341.8
524355.3
524432.6
524499.6
524514.1
524563.1
524624.3
524667.2
524760.9
524796.3
524800.8
524832.7
524849.7
524917.3
524928.8
524950.4
524961
525028
525180.8
525195.4
525283.4
525424.1
525426.2
525448.6
525509.6
525582.3
525596.7
525623.1
525680.6
525740.9
525778.2
525811.4
526189.8
526233.4
526236.7
526295
526332.2
526642.2
529440
533359.2
533564.9
533945.3
533990.4
534020.3
534316.7
534318.4
534423.3
534603.1
534617
534694.5
534745.9
534753.6
534789.5
534790.5
534845.1
534852.7
534884.9
535045
535297.4
535511.3
537422.8
540992.3
541354.6
541658.6
541938.6
542025.3
542120.1
542129.7
542248
542264.3
543115.2
543211.8
543243.2
543243.7
543266
543266.2
543403.1
543410.4
543615.8
543679.6
543901.6
543904.9
543944.8
544130
544186.1
544269.7
544438.6
544440.5
544769.1
544778.6
544831.1
545117.1
545446.9
545785.7
545970.6
546089.8
546265.2
546269.2
546400.6
546406.3
546450.9
546482.4
546515.9
546527.8
546577.6
546582.3
546598.7
546630
546695.5
546726
546728.9
546781.2
546872.5
546906.8
546908.4
546909.1
546976.8
547007.5
547046.2
547103.1
547141
547163.2
547251.3
547363.1
547534.3
547609.7
554299.1
554612.8
555026.2
555084.4
555280.8
555338.1
555339.4
556490.3
557133.6
557136
557206.9
557416.5
557631.2
571468.8
571675.8
572409.3
572426.1
572440.8
572442.4
572652.8
572669
572909.8
572965.1
572968.1
573019.4
573046.5
573087.4
573233.5
573349.6
573353.8
573369.9
573402.4
573456.9
573560.5
573586.5
573735.3
573809.7
573824.7
574020.8
574297.9
574311
574370
574447.8
574457.6
574490.5
574556.1
574643.7
574694.4
574769.8
574779.4
574811.8
574838.6
574912.8
575012.2
575094.9
575122.3
575167.3
575201.3
575296.2
575401.6
575424.7
575635.5
575682.9
575759.7
580930.8
587407.6
588033.1
588092.2
588196.9
588227.5
588246.4
589143.7
589228
591502.6
591560.2
591587.4
591594
591605.1
591626.3
591652.6
591737
591791.5
591938.9
592013.3
592021.6
592059.7
592060.1
592069.6
592070.1
592074.8
592122.4
592141.1
592163.3
592195.7
592212.6
592264.8
592474.8
592485.6
592550.5
592592.7
592612.3
592644.5
592653.4
592658.2
592701
592750.6
592768.4
592937.6
592938.2
592940.2
592990.1
593122.4
593152.6
593255.3
593297.4
593300.8
593387.2
593390.5
593395.7
593423
593439.5
593460.9
593472.9
593487.5
593510.5
593585.5
593592.7
593602.2
593613.4
593616.3
593639.7
593643.1
593666.3
593695.3
593754.1
593773.5
593842.3
593843.2
593847.8
593902.9
593912.2
593983.5
593995.9
594000.5
594024.8
594088
594181.8
594192.1
594198.8
594313.6
594330.9
594334.3
594359.3
594360
594382.9
594433.3
594482.8
594502.9
