4710.8
4844.3
4868.5
6676.2
6809.8
7610.8
10967.4
11558.8
11777.5
11923.4
12765.6
12792.2
12849.2
12937.9
13563.4
14226.6
16151
16497.9
16597.9
16615.6
16712.1
16759.7
16808.5
17699.6
18654.2
18676.9
18716.4
18717
18725.6
18764
18766.9
18804.5
18836.6
19423.2
19613.1
19620.1
19677.4
19703.5
19887.2
21436.5
22490.4
23601.4
23612.3
23645.5
23717.3
23727.8
23743.8
23797.1
23855.8
23863.3
23866
23924.5
23928.3
24026.8
24073.7
24115.6
24430.5
25224.7
25249.2
25346.3
25509.5
25567.6
25574.6
25765.3
26529.2
26542.3
26678
26746.3
27150.2
27364.7
27409.5
27465.1
27552.3
27660.3
27690.7
27824.8
27838
27873.3
28114.9
28196.1
28292.7
28348.5
28375.7
28558
28595.2
29121.9
38977
39284
40243.9
40483.5
40558.4
40618.6
40659.8
40686.2
40703.8
40713
40800.2
41112.7
50821.7
51122.7
59798.1
59825.4
59900.3
60089.7
68730.8
68746
68802.7
68930.2
68937
70189.4
70256.2
70295.3
70439.8
70460.9
70531.2
71394.5
74683.4
74881.8
74889.3
74910.9
74943.4
74946.5
75001.4
75014.5
75088.7
75173.4
78475.4
78666.8
78703.5
78707.9
78774.6
78784.6
78796.7
78833.8
78871.7
78876.2
78889.7
78890.6
78895
78930.7
79014.9
79027.7
79095.5
79101.4
79257
79288.8
79406.4
79421.1
79681.4
79689.4
79755.1
79807.9
79885.4
79892
80027.8
80102.4
80145.4
80156.2
80221.4
80225.9
80238.1
80315.6
80331.1
80381.2
80389.1
80433.1
80439.3
80472.5
80475.7
80574.4
80616.1
80631.4
80657.3
80659.3
80776.7
80834.3
80862.9
80911.5
81059
81069.2
81083.7
81104.4
81149.5
81185.6
81196.4
81213
81231.7
81308.3
81338.1
81380.2
81466.6
81556
81646.1
81647.2
81721.8
81753.2
81754.1
81792.9
81808.2
81825.8
81842.9
81887.6
81888.7
81913.8
81931
81975.3
81978.8
82005
82008.1
82061.2
82159.7
82642.8
82779.6
82796.6
82810
82894.3
83070.1
83463.8
83469.2
83539.6
83566
83570
83593.7
83634.7
83656.1
83676.6
83682.5
83687
83692.3
83737.8
83769.5
83826.1
83937.6
84005.7
111966.4
111990.1
112010.8
112175.8
112260.5
112460.2
117671.4
117921.1
118630.3
118656
118661
118673
118676.5
118713.7
118822
126591.5
126927.8
126998.3
127034.5
127094.1
127149.5
127246.8
127790.4
133706.1
133719.6
134020.4
134217
135367.1
135492.3
136894.7
139403.5
139991
140100.3
140410.8
144252.6
148103.9
151519.4
152426.8
152521.1
153691.8
154978.8
156640.2
157322.1
157730.3
158552.5
158915.8
158963.5
161195
161521.8
162041.6
162052.6
162077.1
162109.3
162218.8
162238.3
162257.9
162260.7
162357.4
162390.9
163783.8
163826.1
163983.5
164441
164453
167265
167414.9
167489.5
167568.5
167610.4
167676.3
167679.7
167771.2
167864.4
174834.5
174937.2
174974.1
174979.5
175120.5
175212.4
175315.5
175479.5
175623.5
175689.1
175738.1
175756.7
175771.7
175779.5
175789.6
175903.5
186341.5
186577.1
186673.1
187046.8
187052.3
187089.4
187146.4
187172.2
187309.3
188511.8
188870.1
188935.9
188966.5
189126.4
189188
189269.9
189272
189337.1
189569.9
189658.4
189728.4
190163.5
190304.4
190389.5
190421.4
190433.7
190484.8
190521
190637.8
190648.1
190751.6
193464.9
193481.7
199474.5
199809.5
199866.4
200520
200713.6
200744.5
201240.7
201375
201507.2
201656.6
201811.8
201978.1
202011.7
202252.9
202381.3
202438.5
202476.8
202584.8
202629.6
202706.6
202767.4
202831.7
202977.4
203191.7
203423.6
203529
203572.3
203640.1
203693.2
203711.5
203746.8
203771
204048
204619.7
205029
205035.3
205436.1
205441.3
205990.4
209521.9
209591.7
209700.9
209736.7
209748
209793.7
209824.8
209842.1
211806.1
213181.6
214600.9
214607.2
214709
215095.5
215127.5
216159.5
216596.2
220020.3
221405.2
222395.3
223727
223769.5
223834.5
225903.8
230411
230489.8
230502.4
230556.1
230586
230622.6
230634
230643.7
230672.2
230689.7
230726.6
230735.5
230792.9
231725.8
231733.3
241639.7
241762.6
242210.9
242507.2
242791.8
243019.8
243032.5
243079.6
243240.5
243284.5
243296.4
243303.4
243367.4
243374.8
243420.5
243435.7
243445.8
243474
243476.7
243477.2
248803.7
248827.6
248906.4
249232.6
249360.4
249428.7
249562.8
251305.2
251870
263986.3
264216.6
264301.8
264328.7
264457.9
264493.3
264507.1
264578.6
264642.2
264645.1
266238.3
266417.3
269695.4
269734.7
269742
269760.5
269785
274088.1
274162.7
274195.4
274198.5
274214.4
274214.9
274484.6
295627.8
295701.2
295702
295797.3
295803.1
297886.6
297921
297937.7
298051.5
298099.8
298102.9
298191.6
298302.7
298531.5
299575
299609.6
299630.6
299658.9
299685.9
299688.6
299693.1
299752.1
299855.1
299957.6
299989.6
300124.1
300752
300911.4
304585.2
308795.4
308916.2
309005.3
309113.3
309117.2
309127.6
309162.8
309215.4
309232.3
309232.7
309317.6
309320.1
309515.3
309629.3
309686.5
309717.8
309735.7
309745.7
309777
309835.9
309855.4
309884.5
309964.6
309972.3
310016.7
310025.3
310047.2
310133.3
310195.5
310295.6
310361.7
310385.4
310605.1
310639.5
310640.2
310658.4
310726.1
310795.9
310812.4
310936.4
312280
313340.3
313406
313657.4
313699.7
313700.7
313703.8
313730.7
313818.3
313847.5
313897.6
313904.8
313942.5
313998.8
314081.3
314106.6
314123.2
314203.1
314226.6
314257.3
314270.8
314280
314314.7
314319.6
314397.1
314413
314521.3
314521.6
314544.2
314586.9
314591.9
314595.9
314605.2
314658
314721.4
314734.6
314744.3
314792
314844.8
314888.1
314914.3
314930.1
315041.1
315059.5
315109.6
315201.6
315212.3
315408.6
315431.9
315481.5
315482.5
315499.7
315544.7
315604.1
315624.9
315662.9
315684.6
315826.8
316417.6
320519
320602.6
320629.8
320692.7
320717.3
320996.9
321668
321760.8
321775.7
321797.3
321820.2
321900.7
321940.2
322039.2
322041
322131.9
322202.5
322298.6
322360.3
322369.6
322481.4
322601.7
326182.2
326286.2
326505.8
326536.6
326599.2
328646.8
331933.6
332213.4
332310.7
334973.6
335411.3
335422.5
335801.6
335856.2
335880.7
336040.2
336146.7
337831.7
340084.4
340192.7
340515.7
340569.4
340715.9
341099.4
341133
341449.3
341453.1
341578.7
341582.5
341596.8
341612.1
341824.2
341936.3
342685
342758
342814.7
342896.1
343254.6
343297.2
343352.7
343508
343669.8
344448.7
344891.9
345105.3
346586.3
347871.9
349306.4
349417.6
349469.6
365421.5
365549.4
365894.2
365987.6
366147.8
366727.1
366812.3
367299.6
395026
395882.8
395971.9
403512.5
403925.7
404002.3
404198.9
418712.1
418939.9
419591.1
419592.2
419641.8
419775
420019.4
420023.4
420108.2
420205.9
420214.1
420335.8
420446.5
420475.5
420538.1
420564.4
420647.2
420650.7
420719.6
420892.6
421577.6
421680.8
421706.5
421791.6
421824.8
421833.1
421846.5
421905.1
421964.4
421973.1
421996.7
422080.8
422207.5
422290.9
422364.9
422366.1
422390.2
422403.1
422416.1
422487.3
422536.6
422605.9
422623.9
422635.3
422716.7
422783.7
422800.1
423034.9
427137.2
427262.5
427359.3
445001.4
445946.4
445975.3
446011.2
446087.1
446088.1
446248.7
446276.3
447868.6
448756.4
448833.7
448846.5
448862.3
448873.8
448883.9
448954
449108.2
449210.7
449293.6
449385.8
450186
450466.5
450625.2
450820.6
451319.5
451332
452418.7
453074.6
453209.2
453239.1
453419
453539
453545.6
453673.5
457010.9
457025.8
457444.9
457465.9
457553.4
457564.1
457566.1
457568.5
457600.9
457695.7
459182.2
459436.6
459568.3
460104.9
460171.3
460177.9
460394.1
460425.5
460438.1
460460
460465.2
460466.1
460492
460538.5
460648.1
460938.1
461103.5
464632.7
465114.8
465249.9
465261.2
466498.7
466573.2
468195.9
468440.2
468543
468653
468677.3
468754.3
468855.2
469024.8
469126.9
469226.6
469424.8
469470.1
469733.3
471829.6
475381.7
475965.6
476888
477467.7
477874.9
479198.6
479265.3
479305.9
479403.6
479415
479417.1
479495.5
479496.2
479587.7
479663.2
479891.9
479944
480200.2
480358.4
480380.7
480393
480495.1
480505.5
480528.5
480782.4
480789.5
480809.8
480814.3
480815.2
480853.2
480855.9
481004.4
481014.7
481067.6
481087.8
481148.1
481163.5
481178.1
481189.2
481193.7
481206.1
481227.3
481245.4
481349.7
481457
481458.9
481466
481517.1
481552.3
481553.7
481567.7
481608.1
481629.2
481765.8
481813.3
481886.7
481892.7
481902.7
481944.4
481965.2
482047.4
482158
482167.1
482237.7
482280.8
482292
482309.6
505838.9
508635.5
508650.4
508972.3
508976.6
508984.9
509002.6
509093.9
509158
509239
509302.8
509313.5
509323.7
509359.5
509389.5
509400.1
509435
509527.9
509571.1
509596.4
509606.7
509642.9
509661.1
509829.1
509861.6
509871
509884.6
509887
509967.4
510037.9
510051
510213.5
510237.1
510333.1
510382.4
510382.5
510431.8
510482.8
510548.3
510568.7
510570.8
510584.8
510673.3
510742.7
510792.9
510818
510819
510820.4
510841.1
510931.9
510972.1
511001.1
511041.4
511057
511070.7
511195.2
511317.5
511375.5
511413.5
511541.2
511543.6
511677.7
511722.8
511838.6
512485
512491.4
512521.4
512536.7
512555.1
512557.1
512676.6
512807.5
512817.8
512975.1
513144.9
513193.4
513265.9
513373.4
513636.9
513750.7
513786
516096.5
517341.8
517350
517529.6
527543
527556.7
527791.4
527834
528062.7
528194.9
528356.5
528420.6
528466.7
528479.3
528609.9
528632.8
528642.7
528655.5
528678.1
528766.4
528767.2
529066.3
532230.4
532258.7
532317.6
532419.7
532448.2
532450.4
532484.2
533535.4
533584.6
533779.7
533822.4
533825.1
533927
533972.7
534064.3
534165.7
534297.9
534320.6
534356.3
534364.5
534367.1
534474.1
534509.8
535273.1
535402.1
535456.6
535608.7
535620.9
535625.9
535649.7
535690.2
535731.5
535790.7
535809.2
535919.6
535922.3
535969.2
536090.5
536348.1
536585.7
536592.7
536819.1
536894.5
536973.2
536989.5
536989.8
537006.8
537020.5
537170.5
537514.7
537760.9
540119.7
540246.5
540295.7
540405.2
540458.3
540474.8
540516.1
540531.1
540611.5
540630
540678.2
540682.2
540702.5
540714.4
540755.2
540889.5
540890.8
540932.7
540967.8
541003.7
547771
548005.7
548171.6
548195
548366.2
548491.6
549107.8
549125.5
549147
549233.3
549329.8
549375.2
549388.8
549437.1
549680.3
549757
551315.7
551499.2
551521.8
551536.2
551603.3
551647.4
551728.2
551852
551907.6
551909.1
554969.1
555257.9
555278.8
555462.7
555464.3
555507
555589.2
555629.7
555694
555695.4
555703.4
555760.5
555812.5
555875.6
555909.8
555973.2
556013.8
556160.1
556274.8
556309.4
556427
556937.1
557018.7
557259.8
557427.1
557443.8
557517
557553.9
557764.3
557866.1
559448.9
559454.9
559647.9
559710
559801.5
559998.3
559998.6
560096.8
560222.8
560353.6
560408.7
560494.1
560611
560632.1
560657.7
560667.2
560692.7
560723.3
560736.2
560747
560755
560783.4
560843.8
560911.7
560935.9
561029.6
561073.8
561119.7
561363.6
562020.8
562064.8
562078.1
562137.1
562690.9
562903.1
562942.9
563162.5
563229.3
563525.1
563551.8
563607.5
563644.3
563792.9
563808.5
564099.6
564975.2
565058.4
565222.7
565230.9
565332.4
565379
565439.6
565542.7
565856.1
566150.9
566225.5
566307.2
566350.3
566370.1
566411
566412
566460.1
566478.3
566663.3
566716.1
566854.8
567891.1
570091.8
570205.1
570222.9
575763.9
577059.8
579377.4
579431.4
579482.1
579664.1
579765.3
580398.3
580789.6
586672.3
586807.8
589254.9
589388.7
589411.6
589438.5
589482.8
590028.8
590197.9
590893.3
591118.1
591135.1
