153.6
307.4
327.4
339
425.7
587.3
597.8
757.5
762.7
776.6
824
867.1
877.8
1143
1597.3
7393.6
11927.2
11979.8
12004.4
12069.1
12186.2
13145.5
13164.2
13380.7
13431.3
13469
16182.1
16267.7
16357.1
16398.7
16480.3
16489.2
16528
16529.7
16545.8
16595.2
16630.3
16716.6
16848.8
20007.7
20032.2
20178.5
20267.9
20273.6
20413.4
23188.1
31578.7
31619.6
31802.6
31942.8
32163.6
32272.2
32504.3
32505
32632
32634.8
32712.2
32757
32782.8
32851.9
32852.2
32953.1
32958.5
32964.3
33010.9
33177.1
33283.3
33287
33497.9
33672.4
33762.1
33792.6
33815.7
33878.4
34616
34705.9
34751.2
34783
34835.5
35388.5
38973.6
38975.4
39075.9
39134.8
39221.7
39275.7
42045.7
42086.6
42234.2
45385.7
46110.9
46130.3
46236.4
46301.5
46310.2
46319.9
46323
46340.8
46343.7
46394.6
46451.9
46557.3
46589.4
46638.8
46656.3
46678.4
46699.4
46713.5
46823
46823.5
46893.1
46940.3
47128.6
47257.2
48796.1
48864.7
49798
49804.5
49932.4
50130
50154
50156.4
50182.1
50287.2
50908.3
51083.1
51103.5
51103.7
51188.8
51727.2
51770.5
51804.1
51823.8
51832.7
51856.9
51954.7
52003.9
62900.7
63099.8
68909.9
71570.4
71928.2
71981.3
72140.5
72323.3
72326
72622.1
73431.6
74002.5
74428.1
74453
74479.5
74615.6
74620.4
74627.9
78485.6
78571.7
78912.6
78961.6
79019.2
79202.8
79710.8
79730.8
79770.6
80129
80136.6
80283.2
80386.9
82842.5
83003
83059.4
83090.7
83100.9
83132.4
83239.1
83345.5
85880.9
86382.3
86547.5
86851.5
86896.5
87014.5
87078.4
87134.7
87289.7
87525.5
87711.7
88117.2
88333.9
88392.4
88608.1
88731.6
88771.4
88813.7
88827
88836.6
88839.3
88989.5
89043.6
89129.4
89154.5
89202.8
89262.3
89267.5
89323.4
89407.7
89596.6
90485.2
90619.1
90659.2
90747.1
90820.2
90827.3
92384.7
92956.3
92968
92974.6
93024.3
93170.2
93207.3
93233.7
93346.8
93561.9
93583.4
93626.4
93652.5
93695.8
93746.6
94135.5
94225.5
94278.7
94324
94552.5
94609.5
94924.4
95259.2
95372
95570.4
95653.3
95799.6
95850.2
95976.5
95981.9
96010
96172.2
96574.6
96584.5
96777.5
96806.9
96904.2
97165.2
97241.3
97270.9
97287
97331.6
97402.2
97408.4
97422.9
97447.8
97602.7
97613.9
97677.5
97733.8
97825.2
97888.3
97891.6
98069.4
98088
98099
98482.6
98579.1
98595.7
98663.2
98674
98933.2
98983.1
99070
99084.4
99119.2
99162.6
99188.8
99226.3
99299.9
99456.9
99511.4
99511.7
99529.3
99535.2
99540.1
99563.7
99587.1
99682.1
99733.9
99736.1
99769.5
99795.9
99824
99891.9
99903.1
99913.5
99916.7
99924.9
99986.5
99997.6
100028.7
100082
100122.7
100164.5
100265.5
100319.4
100377.9
100497.3
100502
100542.6
100611.7
100680.4
100841.9
100863.6
100876.5
100880.3
100898.3
100917.1
100955.4
101090.1
101135.1
101136
101173.3
101209.9
101215
101333.7
101339.9
101374.7
101417.7
101490.7
101585
101608.1
101631.1
102014.9
102276.4
102358.3
102729.1
102854.9
102859.6
102932.4
103062.1
106321
106461.3
106618.7
106687.3
106762.9
106832.8
106866.6
106934.4
108050
108067.8
108090.4
108222.4
108257.4
108343.7
108516.4
108570.6
108576.9
108727.4
108783.8
108904.8
108967.2
109020.7
109054.7
109075.2
109173.5
109246.5
109312.4
109370.1
109407.8
109443.6
109451.5
109485.8
109523.7
109535.2
109590.8
109852.2
110175.3
110820.5
110910.5
111016.7
111103.5
111987.2
112015.1
118569.8
118582
118599.6
118836.5
126561.7
126589.3
126809.1
126855.9
126946.9
126968.4
126999
127043.6
127160.5
135658.8
139558.2
140242
140465
140672.1
145707.3
146566.2
147355.3
147382.1
147395.2
147433
147705.3
148026
150224.9
151811
151959.5
154127.8
154370.7
154372.6
154880.2
154919.7
154927.8
155085.8
155326.9
155379.1
155430.6
155443.9
157249.3
157299.2
157345.3
157465.8
157518.7
158186.8
158315
158338.5
158350.5
158440.5
158479
158661
160494.1
160649.1
161119.8
162661.6
162743
162888.9
162935.4
162982.3
163001.8
163035.9
163072.2
163343.7
163435.4
163535.4
163536.3
163643.6
163656.3
163702
163979.5
164211.6
168212.5
168372.6
168465.9
168483.5
168622.9
169811
170724.1
170934.1
170990.1
171457.5
171554.8
172755.5
172884.3
172949.4
172962.5
173036.9
173049.3
173083.5
173124.1
173133.3
173184.5
173738.6
173932.9
173937.8
173981.1
174057.1
174500.1
174518.8
177942
177956.2
177957.5
178065.8
178126
178177.6
178211.3
179094
179350.6
180895.6
181150.6
181156.8
181208
181778
181886.1
181888.5
182206.3
182225.5
182268.5
182281.1
182340.6
182401.4
182774.2
183640.1
183700.8
183757.2
183819.3
183832.4
183835.8
183857.5
183898.8
183916
183936.9
183940.7
185528.4
185707.2
185918
185994.8
186111.3
186220.5
186391.8
186425.7
186538.2
186540.3
186573
186653.8
186673.8
186718.1
186770.1
186788.5
187468.2
187487.5
187587.2
187852.8
187979
188017.3
188046.3
188269.4
188272.8
188283.8
188292.1
188332.1
188340.2
188372.4
188420.8
188505.1
188523
188527.2
188547.6
188685.9
194091.1
199401.4
199493.9
199513.5
199549.4
199613.6
199682.9
199685.8
199707.8
199760.2
199820.1
199877.1
199915.7
199968.2
199987.2
200098.7
200167.3
200168.7
200233.9
200360.1
200397.2
200406.1
200536.7
200562.7
200669.6
200763.5
200767.2
200823.1
200873.2
200923.9
200994.4
201095.7
201113.3
201117.3
201162.4
201162.7
201215.4
201220.7
201307.8
201317.4
201446.6
201455.4
201505.3
201521.2
201534.7
201605.6
201650.5
201829.8
201940.7
201942.3
201992.2
202028.2
202151.2
202153.4
202201.1
202241.6
202250.2
202336
202372.7
202421.6
202540.2
202559
202568.9
202569.1
202624.6
202639.7
202693.8
202718.1
202726.5
202740
202892.2
203011.5
203020.7
203228.1
203259.3
203281.2
203307.1
203461
203534.7
203539
203593.3
203691.4
203819.5
203842.5
203878.6
203896.6
204028.4
204055.6
204082.2
204095.7
204127.3
204140.7
204260.4
204268.8
204303.4
204318
204341.3
204535.6
204619.2
204652.2
204676.7
204754.6
204772.3
204795.8
204852.3
204864.1
204873.7
204893.8
204908.6
204971.5
205017.6
205030.4
205083.1
205099.3
205107.1
205255.8
205323.1
209634.3
209653.3
209705.1
209751.4
209755.3
209799.7
209808.8
210034.8
210055.6
210133.1
210170.8
211926.2
212042.1
212149
212199.8
212314.7
212449.7
218293.1
218306.7
218997.5
220979.1
221341.5
221356.4
221421.3
221452.4
221568.9
221595
221672.1
221835.1
223148.4
224933.9
225134.7
225308.3
226133.3
226134.2
226147.7
226228.5
226298.1
226317.3
226323.9
226361
226376.6
226454.7
226460.3
226506.7
226558.7
226820.7
227303.4
227549.5
227646.1
227698.7
227917.7
228151.4
228195.8
228369.5
228377.8
228504
228522.4
228545
228549.9
228575.1
228623.6
228674.2
228737.2
228781.9
228847.8
228865.6
228941.1
228975.3
228987.2
229029
229099.5
230493.9
231587
231590.5
231627.6
231638.9
231676.6
240392.8
240430
240480.3
240558.9
240596.4
240695.9
240857.4
240950.7
241072.2
241151.6
241348.6
241460.9
241485.8
241916.2
242333.8
242342
242372.6
242375.1
242596.4
242668.1
242687.3
242710.4
242726.3
242782.3
242803.5
243039.5
243046.3
243093.5
243112.2
243114.6
243144.3
243271.8
243332.5
243387.8
243391.8
243492.2
244851.2
248510.9
248604.9
248754.5
248812.3
248979.5
249076.6
250370.8
250382.2
250461.8
250476.4
250597.3
251129.3
253091.1
253148
253355
253365.5
253381
253410.3
253511.7
253654
253673
253740
253756.5
253769.6
253785.5
253788.2
253876
253896.3
253934.3
254018.8
254023.4
254116.5
254144.8
254473.6
254689.2
254749.5
254849.5
254948.1
255015.3
255058.8
255469.9
256025.5
256079.7
256282.2
256318.9
256375.8
256513.9
256526
256704
256747.8
256875.3
256890.1
256970.5
257191.9
257225.3
257361.3
257370.3
257381.7
257396.6
257409.9
257424.5
257453.5
257587.1
257630.9
257760.2
257898.8
257942.6
257984
258007
258020.4
258050.3
258115.5
258163.2
258240
258310.2
258316.3
258440.2
258470.5
258554.9
258564.1
258586.1
258600.4
258702.9
258878
258919.6
259692.3
259838.5
264175.5
264239
264362
264526.2
266558.5
266562
266860.1
272867.6
274187.5
274237
274259.4
274284.7
274437.1
274497.9
274579.6
274587.8
274605.4
274658.5
274936
277397.9
279471.5
279536.7
279545.8
279643.7
279657.2
279668.2
279688.7
279874.4
279916.3
280047.6
280287.7
280721.9
281759.9
282023
282608.4
283717.9
284523
285397.9
286929.7
286958.6
286981
287021.1
287100.7
287117
287162.1
295747
295797.9
295811.8
295947.5
296084.7
296088.1
296131.5
296138
296148.6
296149.7
296304.1
296306.8
296318.9
296339.5
297072.4
297114.3
297245.1
297494.1
297801.9
297812.4
297834
297913.7
298029.9
298144.2
302008.8
302185.1
302205.7
302272.1
302281.7
302285.9
302296.2
302358.5
302442.1
302448.9
302468.5
302528.5
302586.3
302612.7
302620.7
302648
302721.3
302731.8
302767.7
302773.6
302848.7
302851.1
302855.6
302872.6
302899.6
303027.6
303110.4
303204.7
304681.3
308868
309148.7
309284.2
309377.9
309412.8
309465.4
309891.9
310109.5
310110
310239.2
310486.4
310612.1
310698.2
310746.1
310857.3
310959.9
311087.4
311682.3
311793.1
311843
312050.3
313393.2
313497.4
313614.6
313617
313718.3
313741.8
313755.7
313837.7
313896.1
313946.6
313976.3
314080
314124.6
314129.5
314232
314457.4
314624.5
314804.4
315088.7
315438.9
315493.4
315604.5
315698.3
315821.8
316068.8
316132.4
316408.8
316694.9
316814.6
316856.9
316905.4
317076.3
317187.9
317217
317251.1
317291.4
317324.1
317373.9
317761.3
317848.6
318015.1
318228.3
318644.5
318679.7
319021.3
319086.8
319231.8
319374.6
319402.1
319511
319605.4
319660.9
319720.9
323200.5
323359
323482.7
323547.9
323561.6
323667.3
323741.1
323822.2
323830.2
323935.5
323968.6
324079.1
324163.4
324437.5
324480.6
324562.4
324570.7
324661
324736.4
324823.9
324851.4
325041
325171.7
325995.9
326028
326070.8
326143.7
326158
326210.9
326220.3
326269.5
326287.9
326321.1
326355.3
326453.9
326467.4
326504.2
326523
330963.5
332282.8
332314.9
332438.5
332603.6
332627.1
334225
334486.8
335634.9
335925.9
335964.3
336251.1
336311.9
336539.3
336546.4
340136.2
340200.7
340236.8
340264.6
341398
341439.5
341549.1
341578.7
341615.7
341762.6
341870.6
341876.5
341877.5
341881.8
341965.4
342028
342051.8
342105.2
342224.1
342231.4
343863.5
344180.5
344181.8
344366.1
344439.1
344911.5
345293.8
345517.1
345620.7
345680.1
345735.2
345738.3
345802.5
345838
345867.2
346008.7
346167
346192.7
346220.4
346234.8
347994.7
348045.1
348186.3
348566.7
348724.5
348956.9
351709.6
351713.7
351727.8
351753.6
351789
351907.3
351953.5
352009.6
352010.3
352083.9
352146.1
352164.8
352189.5
352189.8
352193.2
352210.5
352287.7
352348
352361.7
352380.9
352453.8
353349.1
353448.6
353501.6
353530.8
353581.9
353583.1
353601
353661.5
353668.7
353698.3
355190.9
355674
357123.4
359069.7
360161
361413.7
361536.2
362946.6
363214
363913.2
364822.3
365051
365098.1
365118.1
365197.3
365201.1
365206.9
365434.2
365474.2
365502
365537.3
365592.3
365670.3
365670.7
365720.9
365732.5
365801.7
365816.3
365870.1
365935.6
365976.1
366006.6
366020.3
366023.8
366073.8
366075.3
366141.4
366184
366250.1
366409.9
366507
366540.4
366554.6
366583.1
366781.7
367072.9
372004
372574
372580.4
372583.7
372645.8
372649.5
372778.6
372819.6
373649.5
373656.9
373895.6
373943.5
373956.3
395041.8
403484
419687.3
419900.8
419909.2
419931.1
419985.3
420077.8
420111.5
420160.1
420167.8
420239.9
420286.3
420554.5
423621.8
424774.5
425604.1
425896.5
425918.6
425963.7
426058
426088.7
426104.3
426186.1
426192.9
426217.6
426225
426312.6
426459.8
426479.3
426497.8
426589.1
426780.8
427733.3
427787.3
427899.9
428021.2
428072.9
442058.4
442604.1
443937.6
445950.7
446010.7
446016.3
446049.8
446125.3
446248.7
446263.2
446267.5
446378.1
446381.2
446500.8
446562.3
448211.9
449942.2
450006
450086.7
450105.4
450334.6
450514
450557.4
450561.6
450604
450631.4
450655.5
450774.6
454747.3
454773.3
454810.5
454971.9
455008.2
455041.5
455107.1
455155
455155.6
455193.9
455287.2
455387.6
455474.9
455589.7
455603.2
455648.6
455793.1
455798.8
455807.2
455821.9
455895.9
455901
459155.7
459188
459211.4
459212.4
459228.7
459297.3
459312.5
459354.8
459380.4
459399.2
459439.1
459454.2
459476.6
459532.7
459585.1
459597.7
459597.9
459636.6
459727.9
460470.7
460578.8
460592
460655.8
460706.8
460772.3
460831
460849.8
460866.2
461019.9
461238.5
461375.2
462287.8
462484.2
462530
462642.9
462776.8
462959
463139.4
463166.4
463283.3
463301.8
463528.2
465500.8
465545.9
465644.8
465675.3
465684.6
465762
465802.7
465840.7
465884
465985
465988.1
466007.2
466023.6
466042.4
466091.1
466117.7
466141.7
466211.5
466231.6
466277.5
466298.5
466299
466363.7
466375.8
466522.2
469769.4
474954.6
475705
476819.5
479172.2
479228.3
479466.8
479929.8
479961.6
480003.8
480091.9
480123
480405.5
480489.9
480558.1
480608.7
480757.5
480837.9
480998.8
481131.1
481183.2
481340
481364.9
481422.1
481457.2
481490.3
481499.4
481531.2
481655
481707.8
481727
481828.2
481884.8
481941.8
482042.1
482153.9
482203.5
482272.5
482298.6
482308.1
482308.4
482314.3
482319.4
482438.9
508019.7
508499.8
508626.1
508712.8
508795.3
508956.5
509223.6
509255.4
509306.2
509311.4
509348.1
509370.6
509507.9
509612
509627.6
509683.1
509809.1
509982.4
510193.5
510317.4
510352.9
510361.1
510376.2
510429.3
510433
510480.8
510529.1
510572.2
510655.3
510708.3
510898.4
510968.7
511004.9
511126.8
511245.6
511268.9
511304.3
511479.3
517124.2
517775.2
517953.9
518420.8
518681
518740.4
518804.8
518943.6
519104.2
519171
519205.8
519334.5
519369
519477.1
519483.6
519538.6
519550.9
519597.6
519610.2
519688
519713.5
519720.6
519770.2
519847.7
519884.6
519884.8
520013.7
520084.1
520143.7
520185.8
520195.4
520203.9
520346.9
520386.9
520425.3
520460.8
520699.2
521020.9
521117.4
521536.1
521639
521767.4
522090.3
523881.2
523962.2
524332.9
524371.7
524489.3
524493.2
524511.5
524739.2
524801.5
524936.7
525238.4
525548.4
527908.6
528208.9
528609
528701.2
533396.9
533417.5
533494.9
533496.2
533555.7
533564.5
533578.4
533611.4
533632.1
533662.3
533702
533706.6
533743.6
533747.4
533810.5
533846.1
533863
533878.5
533936.7
533943.1
533956.6
534088.1
534093.1
534128.7
534131.6
534173.7
534215.2
534223.2
534232.1
534238.4
534280.9
534556.6
534605.7
535587.6
537354.7
537583.3
546823.6
546948.2
546989.6
546995.6
547018.1
547057.6
547061.6
547062.5
547093.8
547158.1
547276.1
548502.9
548750.5
548921.6
548963.5
548984.8
549045.3
549107.6
549130.7
550527.6
550556.2
550645.9
550658.8
550672.3
550741.8
550746.6
554834.8
554917.7
555271
555319.9
555957.5
556248.4
556309.3
557361.6
558103.8
558262
561618.9
561668.1
561677.8
561796.4
561839.1
561849.4
562391.9
564922.9
565192.2
565203.8
565239.4
565277.3
565341.6
565366.7
565837
566111.7
566201.2
566209.2
566380.4
566447.4
566465.1
566465.7
566483.6
566492.9
566552.7
566559.9
566585.8
566634.6
566637.1
566642.6
566655.6
567638.4
568596.4
570593.9
571709.4
574098.4
574238.7
574346.3
574392.1
574604
574645
574867.2
574934
574978.2
575065.8
575108.2
575153.2
575211.9
575233.9
575326.2
575372.7
575547.6
575556.5
577655.3
577777
577782
577812.5
577816.3
577819.6
579035.5
579768.3
579848.9
580876.1
580908.5
580910.2
580912.7
580913.3
580975.7
580996.8
581031.7
581064.9
581193
581407.4
581422.8
581596.2
581614.6
581648.6
581655.6
585516.1
588480.4
588554.7
588664.3
588755.9
588962
589119.1
589302.6
589976.1
590077.6
590223.1
590324.7
590361.5
590414.4
590476.4
590656.2
591406
591471.9
591548.2
591574
591591.7
591601.8
591849.7
592020.2
592072.2
592391.9
593313.8
593374.6
593482.6
593839.2
594525.6
596034.1
596909.6
597099.5
597224.1
597254.8
597265.3
597296.5
597367.4
597447.9
597448.9
597515.4
597702.8
597808.4
597882.5
597931.1
597944.1
598217.2
598745.3
598774.5
598813.4
598834.2
598879.4
598936.5
599012.3
599038.4
599060.6
599108.5
599132.2
599186.7
599253.7
599273.9
599278.6
599305.2
599321.1
599405.8
599433.9
599514.2
599521.6
599586.3
599683
599800.1
599811.6
599827.9
599832.3
599903.8
