13063.3
13362.7
13367.6
13370.8
13398.8
14473
15550.4
24282.7
25459.1
25597.6
25865.8
26712.7
27131.7
27872.6
34774.5
35492.9
35613.9
38219
38314.6
78081.2
78797.5
78912.2
79052.2
79191.7
79343.4
79410.6
79432.7
79538.6
79638.4
80207
80277.6
80306.4
80374.9
80409.1
80458.8
80487.2
80546.1
80596.4
80650.2
80675.6
80741.4
80820
80822.2
80845.7
80883.6
80901.6
80911.1
80951.1
80975
81001.3
81043.7
81211.6
81342.8
81371.9
81412.8
81455.8
81495.1
81533.2
81807.9
81838.9
81846
81887.3
81905.7
82006.4
82094.5
82299.4
82457.1
82658.2
82707.7
82719.5
82965.6
83017.6
83054.8
83436.4
83452.6
83543.2
83565.5
83566.8
83620.2
83646.5
83684.4
83730.1
83750.4
83798.7
83955.8
84056
84086.9
84174.2
84386.9
84597.5
85261.4
88845.8
88895.2
89550.5
89575.7
90087.7
90419.4
90478
106724.9
106837
106863.1
107107.4
107821.7
107836
108549.2
108827.6
109236.2
109277
109375.5
162443.8
162531.4
162594.3
163041.2
163329.8
168361
168365.6
168585.9
168672.2
168697.5
168722
168723.2
168744.4
168859.2
169027.8
169197.9
169215.8
169311.5
169358.8
169444.9
169526.5
169641
169764.4
169793.7
170128.8
173672.5
174954.4
175008.6
175041.2
184905.7
185813.5
185861.4
185869.3
186128.2
186168.3
186330.5
186413.1
187044.8
187092
187095.5
187124.3
187153
187206
187209.9
187232.7
187273
187277.6
187290.2
187341.8
187361
187410.6
187614.4
187638.8
187644.7
187786.6
188481.3
188657.7
222170.9
222277.8
222297.7
222387
222460.2
222592.7
222699.6
222778.1
222976.9
223084.6
225015.2
225022.6
225048.7
225241.8
225334.4
225534.4
225560.4
225827.4
225848.6
226090
226096.2
226192.6
226453.6
227647.1
228859.9
228894.5
229201.9
229666.8
229823.9
229850.8
230037.2
230050.4
230164.2
230367.9
259041.3
259235.6
284507.1
287208.6
287851.4
287969.3
288170.1
288350.3
288688.9
288762.3
289005.6
289274.7
289541.4
290226.8
290432.8
290435.1
290641.9
290733.9
291047.1
291628.5
291687.1
292174.2
292474.6
293411.3
293733.3
293825.7
294952.6
295083.3
295798
295959.3
296067.4
296862.8
297402.8
297774.6
297878.5
297941
298130.9
298277.8
298405.5
298426.1
298558.7
298668.2
298707.5
298782.7
298786.9
298854.3
298987
299011.5
299038.5
299235.2
299292.4
336003.3
336167
336489
336575.4
336771.2
336914.6
336915.2
336930.7
336936.6
337010.1
337044.8
337134.9
337288
337318.3
337394
337408
337473.6
337502.5
337540.3
337641.8
337646.4
337731.7
337894.2
337925.8
337933.8
337961.2
338017.6
338066.8
338106.3
338114.5
338236.4
338349.5
338572.6
338689.1
338697.7
338882.4
339002.6
339026.8
340074
348954.9
348994.1
349060.2
349566.9
350909.3
356243.2
365136
365326.2
365464.4
365656.9
365826.6
365887.4
366251.9
366429.3
366443.4
366986.2
367359.8
367786.1
369093.7
370182.5
370803.6
370919.4
371441.1
371515.5
371619.3
371881.1
371973.7
372197.8
372376.5
421353.6
421474.8
421580.6
422230.2
423100.1
423156.1
423260.9
423306.6
423359
423473.3
423488.7
423714.9
423829
423877.5
423946.3
424108.1
424249.5
424950.8
424989.8
425005.2
425054.4
425123.6
425169
425225.3
425234.3
425273.1
425338.1
425382.6
425386.7
425454.1
425461.3
426004.5
426348.4
426512.9
426539.3
426576.8
426691.1
426798.3
427109.8
427216.4
427296.5
427334.7
427335
427481
427498.7
427758.8
427870.5
457823.1
460029.9
460053.9
460116.9
460212
460332.5
460333.9
460336.6
460367.9
460527.8
460617.9
460666.7
460748.4
460890.2
461243.3
461318.4
461450
461589.9
461942.5
463757.7
463807.3
463935
463994.5
464039.3
464074.4
512579.5
513248.6
513380.5
513567.3
513629.3
513634.7
513919.5
513965.4
514092
514212.3
514236.4
514261.6
514359.9
514440.5
514489.6
514532.9
514564.9
514646.1
514650.7
514720.3
514750.3
514781
514842.7
514907.7
514909.7
515040.5
515052.3
515164.8
515237.2
515296.1
515350.6
515401.3
515424.6
515460
515515.4
515525.7
515586.9
515598.5
515873.9
515910.4
515947.2
515956.7
516082.3
516085.4
516098.9
516102.3
516136.5
516154.4
516156.7
516188.9
516305.6
516317.6
516344.8
516449.8
516641.9
516781.6
516786
516868
534998
535110.9
535132.9
535160.6
535224.2
535245.6
535307.2
535447.3
535536.3
535600.3
535748.1
535880.6
535948.5
535971.1
536056.9
536061.3
536064.9
536220.9
536291.2
536332.5
536423.4
536430.1
536460.9
536462.8
536595.6
536605.8
536707.7
536718
536725.5
536813.6
536861.2
537178.7
537228.5
537229.1
537319.3
537323.5
537536.9
537547.6
537572.5
537779
537887.3
538006
538033.3
538145.9
538325.4
538337.1
538392.6
538617.1
538914.2
539152.3
539187.1
539236.6
539445.2
539463.2
539477
539533
539627.1
539684.5
539825.2
539964.4
540156.6
540190.4
547962.7
548394.3
548709.8
549019.6
567682.2
567716.4
568023.8
568096.6
568371.4
568611.9
568980.3
569339.6
569501.9
569714
570190.8
570229
575933.2
576373.8
576506.7
576526.9
576538.6
576604.5
576608.5
576642.7
576651.5
576698.2
576848.8
576869.4
576897.2
576961.6
576963.8
577041.5
577068.1
577095.6
577128.7
577129.9
577241.7
577327.9
577468.3
577575.1
579789.7
579932.2
579966.5
580021.9
580325.1
580476.1
580523.9
581597.4
581671.1
581781.5
582033.4
584039.5
584343
584395.9
585955.1
586085.2
586355.9
586447.1
586465.9
586556.3
586571.3
586575.2
586582.8
586601.6
586603.1
586622.5
586665.9
586670.6
586698
586812.6
586853.1
586868.6
586870.1
586874.6
586952.8
586976.7
587082.4
587122.9
587146.3
587178.8
587218.5
587697.6
587764.2
588356.1
589212.1
589398.4
589441.5
589740.1
589863.2
595771.8
