2441.9
2558.2
2564.6
2705.7
4413.4
4575.7
6626.3
6668.6
6714.3
6716.1
6718.3
6831.7
6845.9
6873.6
6992.7
7601.1
7748.1
9633.9
10109.5
10201.3
10319.9
10479.7
10618.9
10661.5
10669.9
10701.6
10724
10730.9
10747.6
10761.7
10765.8
10775.6
10925.7
11859.1
20630.9
20672.5
20689.6
20704.7
20741.4
20741.5
20743
20840.2
21163.2
21189.6
21236
21250.1
21302.8
21308.7
21312.5
21350.1
21370.2
21409.1
21422
24202.8
29334.4
29342
29380.3
29393.7
29459.1
29468.7
29531.9
29546.9
29661.9
29710.9
29882.5
29884.5
29964.8
29968.7
30013
30013.6
30037.3
30150.9
30155.9
30158.3
30224.7
30228.9
30294.4
30497.4
30528
30661.7
30724.5
30991.5
30997
31049.1
35984.2
36010.1
36028.7
36069.1
36130.7
38755.8
41648.6
42504.5
42557.5
42624.3
42637.6
42655.3
42670.4
42679
42812.1
43205
43238
43295.9
43343.4
55139.3
55155.8
56109
56298.8
56362.3
56491.8
57030.7
59098.7
59246
59289.5
59392.4
59457.1
60188.6
61330.1
61825.3
61863.9
61948.6
62016.9
62022.7
62206.1
62242.1
62287.1
62353.5
62398.7
62493.9
62521.4
62708.4
62903.3
62922
66031.1
66355.6
66436.2
67031.1
67880.6
68195.2
68213.8
68364.7
68413.1
68457.2
68942.1
69085.5
69932.1
70013.5
70019.7
70130.3
71066.5
71235.4
71281.6
71290.2
71448.7
71459.5
71550.3
71611.9
71633.3
75567.7
75741.4
75742.6
75849.9
75853.9
75936.8
77764.9
77778.7
77858.2
77884
77994.4
78006.6
78102.3
81276.5
84913
85129.7
85133.7
85203.1
85210
85216.2
85271
85294
85347.5
85441.7
85457.9
85512.6
85548
85626.4
85854.3
85979.9
86156.9
86208.7
86290
86420.8
86444.2
87075.8
87848
87956
88231.3
88289.1
88380.3
89315.3
89400.9
89464.9
91081.1
93563.2
94602.7
95206.3
95471.7
95511.9
95579.6
96192
96247.1
96327.1
96341.9
96595.9
96662.3
96690
96772.5
96811.2
96876.4
98009.9
99204.9
100981.5
101432.6
101766
102403
103044.7
103162.8
103267.3
103285.3
103338.9
103366.9
103382.9
103591.9
103643.7
103663.2
103731.2
103751.3
103806.9
103819.3
103880.4
103900.7
103942.2
103989.5
104002.3
104112.6
104116.6
104124.7
104147.7
104147.8
104189.6
104329.5
104369.1
104412.6
104431.3
104453.5
104482.9
104498.5
104538.1
104712
105511.9
107845.8
107889.8
107936.7
107985
108075.5
108138.9
108255.9
108381.9
108456.9
108553.7
108788.3
109354.9
109456.3
109507
109646.4
109649
109686
109712
109781.1
109818.8
109824.6
109910
109955.2
109986
109993.5
110084.9
110128.3
110151.9
110306.4
110334.4
110360.3
110377.2
110377.7
110434.6
110436.9
110503.4
110530.6
110539.9
110571.4
110730.1
111128.6
111180
111252.1
111255.1
111295.9
111329.7
111333.9
115478
115522.1
115578.9
115630
115653.5
115660.4
115770.8
115779.2
115857.1
115883.4
115883.5
117984.2
118018.5
118064.4
118104.7
118186.9
118271.7
120756.5
120849.9
120872.7
121027.5
121108.6
121190.4
121223.3
121479
122031.6
122134.3
122300.9
122311.8
122770.2
123155.3
123274.6
123630.8
123746.9
123799.5
124330
124566.9
124740.5
127702.4
127775.9
127899.2
127915.2
128135.9
128532.3
131606
131674.4
131845
132732
133076.4
133197.4
133504.6
133511.5
133771.2
134104.4
134315.9
134371.8
140095.1
140448.1
140735.2
140840.8
140903
141926.6
141969.3
142019.2
142025.7
142083.9
142198.4
142218.7
142411.6
142442.4
142544.6
142594.6
142598.7
142619.7
142638.9
142668.7
142678.5
142720.2
142750.8
142774.6
142895.2
142940.9
142995.4
143017.2
143065.3
143085
143118
143150.7
143185.4
143264.4
143280.1
143287.2
143316.1
143381.7
143409.8
143417.6
143462.4
143538.2
143592.8
143628.5
143637.8
143764.5
143769.5
143800.7
143844.2
143983.5
144743.3
145211
145696.5
145958.2
152664.4
154521.6
157342.3
158346.2
160873.2
164862
165047.7
165120.1
165447.1
165586.3
165603.7
165618.2
165618.9
165619.6
165690.1
165694.2
165699.1
165721.2
165742.8
165819
165912
165992.5
166060.5
166071.3
166086.7
166156.2
166258.8
166404.4
166443.8
166445.5
166553.7
166685.9
166688.2
166706.3
166791
166830.9
167174.5
170140.6
172291
172316.9
172352.5
172372.9
172422.9
172730.4
176775.3
177159.2
177352.4
177467.5
177575.2
177584.2
177586.1
177612.6
177627.5
177632.7
177636.1
177642.2
177647.2
177655.2
177712.2
177771.9
177970.1
178221.2
178296.8
178439.2
178584.8
178656.6
178672.5
178732.7
178814.4
178861.7
178982.5
182862.9
183075.6
183084.3
183225.6
183238
183268.3
183293.6
183300.2
185845.6
185867
185889.3
185905.9
186164.8
186212.8
186561.4
187092.9
187281.9
187307.2
187366.1
187694.2
192685.5
192714.2
192725.5
192737.7
192752.3
192756.8
192869.1
193029.6
195663.1
195767.6
195794.7
195924.3
195978
196688.8
197017.7
197082.9
197288.4
197433
197530.9
197663.5
197726.1
198417.6
198488.4
198602.6
198693.4
198757.5
199168.2
199322.7
199331.4
205680.1
205911.6
205955.4
206132.1
206231.7
206557
206778.2
206932.3
207087.1
207135.1
207146.1
207255.9
207322.5
207507.5
209478.8
210634.1
210802.8
211506.9
215949.3
217171.6
217250.9
217279.6
217280.3
217283
217353.1
217405.9
217464.8
217539.6
217542.1
217590
217608.1
217621.5
217762.3
217763.7
217841.3
217902.4
221935.2
222496.4
222581.1
222618.3
222659.2
222665.1
222946.7
223994.7
224498.9
228448.7
229577.3
231368.5
231405.2
231614.7
234248.8
234359.2
234888.1
234933.9
235365.3
235586.9
235776.8
235820.2
235915.8
235937.6
236009.5
236014.1
236019.9
236079.3
236085.9
236168.4
236179.3
236196.2
236328.6
236385.2
236431
236571.8
236625.4
236640.7
236651.3
238618.7
238740.5
238802.5
238909.1
238921.8
239022.7
239040.8
239119
239431.9
239439.6
239485
239507.7
246980.2
247226
247251.6
247339.3
247385
247394.1
247412
247412.7
247488.9
247495
247529.9
247623.2
247713.8
247722.8
247847.1
248026.6
248084.2
248103.3
248299.2
248445.4
250747.9
250868.1
250936.6
251118
251136.4
251300
251420
251716.4
251784.5
251816.4
251833
251899.7
252098.1
252113.1
252151.8
252152.3
252156
252239.4
252270.2
252296
252410.9
252474.1
252642.4
259838.4
259877.4
259932.8
259983
260000.8
263477.5
263635.3
263819.3
263846.3
263898.1
263954.1
263991.8
270632.9
270852.5
271542.7
271825.5
271885.8
271949.8
271984.8
272003.7
272027.5
272042.9
272054.7
272132.7
272133.2
272245.2
272249.9
272254
272430.3
272471.3
272484.5
272527.6
272542.6
275983.2
277817.1
279447.4
292084.7
298829.7
298892.6
298940.2
298942.9
299033.2
299033.7
299046.3
299059.9
300880.8
300936.9
301077.9
301111
301119.1
301249.6
301284.9
301310.8
301626
301647.1
301711
304210.6
304432.1
304569
304597.4
304773.6
304778.8
304805.4
304851.1
304916.5
305029.6
305115.3
305162.2
305292.3
305431.8
305516.9
305736.8
306020.4
306073.7
306132.6
306139.5
306271.1
306357.3
306375
306416.8
306426.8
306564.7
308533.6
308546.6
308602.9
314871.6
320981.4
321118.5
321136.2
321174.3
321251.5
321328.3
321579.3
321710.6
321970.2
322541.2
322627.1
322687.1
322748.5
322783
325289
325394.3
325415
325441.5
325453.4
325478.8
325665.8
327349.4
327395.8
328377.8
328412.9
328609
328785.7
329264.5
332941.9
333080.3
333244.4
333293.3
333295.4
333356.6
333479.6
333556.3
336723.7
336801.7
336995.5
337159
337179.8
337330.1
337440.9
337451.5
337568.3
337644.5
337822.5
337844.4
337850.4
337935.5
337941
337946.2
339130.8
340007.6
340412.1
340428.7
341064
341142.7
341415
349752
350044.8
350244.3
350288.9
350451.8
350479.1
350506.2
350526
350558.3
350631.6
350668.7
350702.7
350703.8
350782.5
350790.1
355214
355301.4
355309.9
355383.6
355471.9
355509.8
355524.8
355539.7
355609.2
355658
355697.7
355735.5
355757.8
355908.9
356003
356527
356760.2
357160.9
357456.6
357860.4
357865.6
358266.2
358360.6
358433.8
358614.7
358763.7
358814.8
358905.7
358918.6
359021.2
359156.4
359314.3
359681.5
359888.7
360368.4
360616.5
360842.4
362071.7
363982.7
364740.9
365249
373106.5
373151.6
373260.4
373262.2
373263.7
373407.8
373449.5
373541.9
373549
373581.3
373607.8
375754.8
375775
375866.3
375869.2
375874.7
375878.4
375954.6
375963.1
375989.3
376171.7
376251.8
376279.2
376287.4
376324.6
376462
376648.2
376690.4
376697.2
376721.6
376785.3
376803.7
376840.8
376864.7
376903.4
376928.1
376938.2
376976.3
376991.6
377019
377169.9
377235.2
377292
377334.2
377366.9
377402.7
377424
377426.3
377460.7
377463.2
377515.5
377590.1
377632.8
377708.4
377717
377753
377773.4
377847
377864.7
377875
377883.4
377896.9
378035.4
378116.9
378147.6
378161.4
378204.2
378257.6
378272
378290.2
378290.4
378341.3
378356.7
378369.8
378418.6
378434.4
378445.8
378497.1
378502
378514.6
378539.4
378624
378853.4
378952.6
378974.2
379065.7
379081.8
379093
379153.3
379174.4
379177.8
379252.3
379409
379420.6
379424
379428.6
379473.5
379533.4
379540.1
379589.2
379592.6
379620
379650.9
379673.5
379675.4
379700.5
379703.1
379714.1
379722.9
379737.2
379765
379804.7
379809
379892.3
379901.2
379922.4
380055.2
380093.2
380100.9
380138.8
380204.4
380220.1
380365.3
380376.9
380497.3
380588.8
380619.7
380687.9
380705.5
380708.4
380820.6
380836
380911.7
380948.4
380975
380985
380991.3
381046.3
381089.5
381093.7
381094.1
381109.7
381228.2
381267
381289
381344.4
381424.5
381524.6
381525
381919.2
381949.7
382010.9
382248.6
382301
382607.5
382669.6
382689.4
382913.7
382929
382941.8
382958.2
383116.9
383391.1
383570.4
383683.9
383711.1
383747.6
383840.5
383880.8
383885.8
383969.7
384008.6
384039.4
384267.3
384317.4
384370.3
384431.2
384672.8
384845.9
384847.2
384926.9
384935.9
385332.5
385337.5
385343.1
385388.8
385484.3
385539
385548.3
385562
385746.9
386011.4
386291.6
387695.5
388217.4
389378
389619
389672.6
389733.9
390796.4
390861.6
391088.1
391515
391740.4
391822.5
391822.8
391855.5
391929.4
392204
392247.5
392347.2
392396
392416.9
392494.4
392505.4
392645.1
392688.6
392768.2
392916.9
392973.2
393007.6
393188.1
393228.2
393261.4
393370.5
393468.1
393567.2
393596.9
393804.4
393849.1
393973.1
394224.5
394256.9
394413.1
394843.1
395228
395477.9
395573.4
395692.8
395743.8
395783.5
395834.7
395937.6
396104.8
396259.8
399756.9
399785.5
399848.7
399861.8
399873.3
399912.8
400004
400238.9
400338.4
400394.3
400425
400466.7
400475.8
400674.6
400701.8
400834.9
400861.8
400984.5
401000.2
401148.6
401156.1
401281.4
401325.1
401355.6
401390.9
401431.9
401555.8
401857.7
401883.6
401999.4
402043.2
402201
402204.2
402207.3
402252.7
402314.9
402332.8
402455.4
402460.6
402479.2
402536.2
402551.6
402616.2
402638.5
402646.8
402962.7
403240.8
403689.1
404121.4
404262.3
404424
404476.4
404501.6
404658.5
404680.3
405004.4
405072.8
405209.3
405233.4
405365.9
405436.1
405441.3
405478.1
405484.3
405490.4
405513.6
405596.5
405643.5
405767.3
405774.5
405811.5
406352.9
407135.3
407787.7
407810.6
407936.4
408499.3
408808.1
409023.5
409055.7
409133.7
409173.9
409573.8
409639.9
409720.8
410080.4
410102.7
410233.7
410723.1
410886.1
410887
410899
411021.7
411301
412078.5
413086.2
413205
413363.2
413531.1
414131
414160.2
414327.4
414646
414852.9
415168.5
415428.5
415434.9
415451.6
415570.6
415585.5
415610.1
415613.4
415652
415783
415825.7
415852.1
415866.8
415877.1
415901.9
415964.7
416026.8
416053.7
416056.5
416085.1
416199.7
416225.4
416245.9
416304.5
416403.4
416408.2
416427.3
416500.2
416526.8
416572.7
416657.3
416873.6
416917.2
416957.3
416989.5
417059.3
417061.8
417081.6
417114.1
417141
417367
417422.1
417445.7
417488.5
417511.7
417661.8
417671.6
417721.2
417782.1
417939.5
418042.7
418067
418147.6
418162.3
418200.1
418230.6
418530.8
421141.3
421164.7
421166.8
423679.5
424143.2
425065.2
425157.4
425159.8
425202.5
425205.7
425263.6
428715.9
428792
428796.8
429006.1
429048.6
429133.4
429149.1
429197.3
429260.4
429435.4
429452
429562.8
429564.8
429615.7
429625.4
429701.1
429714.6
429739.3
429759.3
429776.4
429795.4
429844.4
431862.1
432080.2
432189.2
433106.2
433218.1
433384.5
434398.2
434801.2
435211.7
435501.1
435722.2
435797.5
436038.3
436111.5
436142.7
436296.9
436359.1
437281
438122.1
438302.5
438777.3
439012.8
445197.7
445232.5
445272.7
445286.9
445291.5
445326.7
445359.7
445428.7
445433.6
445454.4
445463.6
445491.4
445500.6
445514.1
445547.9
445559
445643
445646.7
445696.6
445741.8
445820.5
447136.9
447280.8
447293.3
447317.2
447400.6
447445.5
447481.5
447506.7
447555.7
447577.2
447587.4
447592
447626.3
447666.6
447700.6
447805.5
447805.8
447811.6
447899.2
447931.8
447948.7
447955.7
448106.3
453095.1
453198.3
453404.5
453508.6
453565.2
453579.8
453626.8
453768.1
453786.6
453879.8
453982.9
454013.5
456588
462493.6
463065.5
463160.1
464979.5
465120.5
465149.2
465330.3
472163.7
472169.3
472233
472373.4
472412.6
472528.2
472628.6
472797.7
472804.8
473080.4
473190.7
473220.2
473222.8
473387
473596.9
473682.5
473703.2
473825.4
473833
473895.8
473930.3
473967.7
473995.9
474025.8
474027
474028.6
474040
474049.7
474052.1
474084.5
474142.4
474172.9
474270.4
474342.2
474362.7
474369.3
474404.6
474413.2
474415.9
474427.9
474429.5
474517.5
474563.4
474584.5
474592.6
474704.6
474714.4
475091.6
475274.8
475402.8
475870.9
476156
476367
476411.7
476467.6
476620.1
476668.8
476708.9
476731.7
477039.6
477418.6
477466
477690
477991.3
478082.4
478171.2
478427
478688.7
478698.4
478710.6
478743.6
478936.7
478945.1
485423.3
485602.9
485614.6
485655.9
485698.7
485735.9
485775.6
485798.7
485806.6
485930.2
485950.1
485973.4
486052.4
486087.8
486202.4
486202.7
486319.1
486325.2
486437.5
486500.5
486581.9
486591.3
486591.9
486605.9
486654.3
486729.9
486788
486829.7
486982
487079
487123.6
487219
487220
487222.5
487235.9
487331.7
487405.7
487406.9
487489.5
487538.9
487586.8
487642.3
487666.6
487727
487785.7
487790
487801.4
487974.5
487977.6
487988.6
488003.9
488212.3
488228.7
488246.6
488250.3
488282
488321.3
488353
488363.7
488419.4
488458.4
488539.2
488551.1
488592.7
488710
488753.6
488862.6
488926
488985.6
489097.8
489139.3
489146.1
489185.4
489228.1
489563.8
489594.5
489596.3
489602.6
489647.7
489712.2
489864.4
489896.1
489905.3
490081.5
490184.7
490297.6
490312.4
490356.8
490374.2
490404
490451.6
490543
490581.1
490631.2
490644.2
490645.1
490653.7
490737.9
490889.6
490958.2
491096.1
491112.8
491149.1
491206.3
491232.2
491307.6
491308.6
491387.2
491448
491506.9
491700.3
491720.1
491744.5
491763
491768.2
491840.7
491845.8
491852.3
491855.5
491865.1
491869.5
491895.2
491901.4
491920.2
491966.2
492009.3
492017.7
492121.4
492178
492213.3
492280.7
492295.8
492352.3
492450.7
492480.4
492978.3
493002.9
493149.1
493160.9
493172.7
493193.3
493259.5
493335.8
493416.3
493440.9
493442.3
493453
493558.1
493596.9
493602.4
493729.8
493743.3
493744.8
493756.1
493778.9
493786.7
493799.1
493801.5
493834.5
493999.5
494018.4
494043.4
494045.1
494230.2
494267.1
494292.7
494432
494512.9
494546
494550.8
494623.2
494727.5
494889
494903.8
494904
494928.3
495018.6
495088.6
495155.3
495174.1
495187.2
495189.3
495244
495400.5
495416.1
495468.3
495523.3
495568.3
495703.1
495736.3
495761.3
495876.2
495885.6
495921.9
495961.8
496021.8
496150.6
496163.1
496170.8
496248.8
496252.5
496366.3
496454.3
496508.3
496521.2
496594.7
496610.1
496610.6
496613.6
496648.8
496649.2
496676.7
496726.8
496732.8
496756.3
496776.5
496796.3
496801.8
496909.8
497045.3
497085.2
497145.9
497205.9
497265
497315.2
497322.4
497345.9
497366.9
497460.2
497517.4
497523.7
497537.2
497551
497573.3
497624.4
497637
497658.1
497690.2
497726.4
497806.5
497854.2
497877.5
497903.6
498037.4
498165.7
498220.4
498400
498424.5
498432.7
498472.5
498519.6
498542.1
498582.9
498591.3
498634.2
498654.6
498670.7
498711.5
498740.9
498881.7
498949.7
498957.7
499028.6
499159.3
499211.5
499214.8
499238.8
499239.8
499270.6
499365.6
499376.6
499379.8
499437.3
499470
499649.1
499677.2
499700.7
499834.9
499835
500088.8
500128.3
500138
500166.4
500240.6
500280.1
500282.8
500352.1
500353.5
500366.2
500399.9
500418
500423.2
500506.4
500582.2
500632.6
500659.9
500684.6
500786
500901.2
500937.2
500997.6
501005.2
501137.7
501176.1
501238.9
501246.6
501303.9
501358.2
501419.8
501425.9
501426.7
501435.9
501438.7
501547
501661.3
501786
501793.2
501844.1
501919.6
501962.1
502025.7
502056.2
502099.2
502140.4
502192.4
502314.2
502317.9
502550.8
502552.7
502560.2
502583
502612
502742.3
502815
502828.5
502836.6
502919.5
502990.9
502994.2
503042.8
503046.4
503065.9
503069.8
503119.2
503165.3
503216.9
503310.1
503348.5
503353.1
503432.2
503522.2
503637.1
503686.6
503688.6
503721.5
503729.8
503733.2
503805
503805.3
503864.4
503866.3
503879.7
503892.5
503904.5
503916.9
503985.8
504020.5
504041.6
504064.8
504109.5
504114.6
504125.9
504255.2
504300.5
504311.6
504317.6
504335.5
504359.3
504371.8
504384.8
504499.2
504547.7
504574.8
504611.3
504644
504703.1
504704
504723.1
504821.9
504849
504856.6
504943.5
504978.7
505096.9
505138.2
505186.3
505192
505872
505974.2
506055.3
506083.1
506127.7
506165.5
506178.3
506193
506203.4
506278.9
506495.6
506927.9
506956.9
507017.6
507025.3
507076.2
507094.9
507144.5
507209.6
507323.9
507518.2
507544.1
507691.7
507711.1
507752.2
507760.3
507965
508062.9
508243.9
512054.1
512094.1
512128.3
514342.8
514404.7
514413.6
514428.9
514560.5
514704.2
514807.3
515081.4
515163.6
515444.2
515460.9
515517.9
515626
515715.1
515846.5
515876.3
516029.4
516250.1
516306.6
516318.4
516350.9
516380.7
517406.7
517407.2
517629.9
517869
517954.7
518017.3
518077.4
518116.8
518180.5
518240.2
518361
528916.6
529042.1
529044.1
529451.9
529801
529863.6
529912.7
529954.3
529968.7
529994.9
530067.7
530091.2
530117.6
530118.3
530134.5
531417.1
535461.5
535817.1
536367.1
536381.1
536514.5
536570.9
536595.1
536644
536734.5
536781.9
539330.7
539384.6
539489.9
539514.2
539534.1
539569.1
539592.9
539597.7
541097.8
541312.8
541349.2
541412
541442.2
541772.9
541888
541944.2
541978.6
542002.7
542203.4
542216.1
542417.9
542475.8
542484.7
542567.2
542588
542591.5
542632.5
547674.3
547864.2
551057.7
551157.3
551201.1
551204.9
551387
551453.4
566654.7
566810.7
566868.7
566972.3
566975.8
567053
567132.5
567146.8
567165.5
567180.7
567283.5
567418.9
571639.9
575444
575840.4
576460.1
576513.9
576656.1
576684.4
576720.5
576774.6
576861.6
576868.2
576929.8
577001.1
577003.2
577009.6
577020.3
577034.4
577216.7
577227.8
577260.2
577282.4
577353.8
577355.7
577373
581391.3
581524.5
581646.1
581757.5
586414.9
586466.5
586475.3
586527
586592.3
586613.6
586683.5
586694.8
595315.5
595376.8
595401.4
595409.5
595454.8
595532.3
595553.3
595591.8
595613.5
595650.1
595776
