1332.4
1364.6
1538.6
1564.1
1564.7
1684
1704.6
1709.7
1799.5
1803.5
1830.5
1944.5
2585.9
2686.8
2772.4
2786.9
2855.7
4728.3
4824.1
4854.8
4877.7
4898.9
4959.8
4995.1
5021.6
5059.9
6692.5
6717.4
6837.7
6982.9
7006.3
7036.5
7067.8
7098.5
7105.6
7180.4
7240.7
7248.7
7264.1
7906.7
7909.2
7916.3
8070.9
8095.8
12582.9
12645.5
12744.7
12850.1
12857.6
12859.8
12878.9
12893.5
12895.9
12940
12961.1
12968.2
13025.1
13030.4
13037.4
13073.8
13125
13136.2
13147.4
13229.5
13240.5
13264
13368.1
13480.1
13864.9
14853.2
15359.1
16545.8
16663.2
16723.5
16833.6
16896.5
16918.9
18994.9
19045.7
19065.9
19167
19684.4
19987.3
20878.5
20891.3
20912.6
20961
20962
21014.8
21053.4
21096.6
21215.9
21311.1
22669.9
22695.3
22780.8
22825.8
22875.4
23004.2
34261.9
34346.8
34376.1
34417.8
34454
34503.9
34546
34564
34607.7
34633
34635.6
34646.6
34770.7
34783.3
34833.4
34879.6
34892.5
35039.7
35113.5
35139.8
36119.3
36435.3
37448.8
37477.1
37690.8
37978.1
38022
38051.8
38222.7
38237.6
38237.7
38257.1
38257.3
38300
39327.6
40284.9
40330.2
40530.8
40684.9
40863.2
42014.3
42146.3
42171.4
42227.2
42317.3
42325.9
42408.4
42410.8
42491
42527.3
44186.9
44305.5
44382
44398.9
44414.9
44416.2
44425.4
44538.6
44619.8
44642.4
44645.8
44668.5
44769.2
44830.3
44835.6
44958.9
44992.5
45056.9
45069.3
45120.6
47768
48254.9
48334.6
48638.6
48726.6
48763.8
48772.5
48866.6
48952.8
49206.2
49342.1
49426.9
49583.7
49611.2
49619.8
49645
49649.8
49664
49666.6
49671.7
49704.9
49756.8
49785
49794.2
49808.3
49829
49857
49954.6
49967.1
49990.2
50010.2
50012.4
50084.9
50086.3
50107.4
50171
50205.4
50207.5
50230.2
50345.8
50426.7
50451.7
51233.2
51247.1
51460.2
51474.2
51480.5
51505.3
51564.8
51689.7
51824.6
51843.1
51968.4
52022.1
52080.5
52082.1
52180.1
54503.5
56498.4
56621.2
56635
56694.2
56712.8
56766.1
56828.6
56832.6
56882.6
56884.8
56917.1
56923.4
56983.5
57142.9
60417
61742.8
63144.9
63216
63354.1
63387.4
63453.1
63477.6
63483.8
63502.4
63512
63573.9
63632.6
63636.2
63709.3
63907.4
66974.4
67390.1
69232.5
69269.5
69315
69600.5
69665.7
69711.6
69716.4
69801.7
69859
70738.2
70776.1
70835
71011
71012.4
71077.1
71122.3
71135.8
71171.1
71203.4
71211.5
71297.3
71318.2
71337.7
71354.4
71387.3
71400.7
71412.5
71441.8
71464.8
71526.1
71647.9
74082.5
74700.3
74724.9
74749.2
74807.7
74808.5
74829.6
74896.4
76486.3
77835
77952.1
78076.7
78314.6
78439.7
78500.7
78531.1
80200.2
82470.1
82552.3
83234.9
85420.1
85446
85478.8
85480.6
85555.6
85591.9
85612.3
85913.9
85924.4
85931.5
85981.5
86045
86134.2
86137.4
86142
86189.8
86221
86269.5
86335.9
86405.2
86478
86491.5
86544.5
86554.3
86730.5
86822.4
86910.3
86951.8
86993.3
86995.2
87099.6
87187.3
87208.7
87218.2
87249.4
87253.4
87267.3
87270.8
87335.4
87374.3
87646.7
87735.3
87745.4
87750.6
87773.3
87866.1
87868.4
87872.5
88010.3
88016.2
88312.3
88396.9
88526.7
88559.7
88587.8
88618.9
88765.9
88773.7
88779
88921.6
89051.9
89166.9
89289.5
90479.7
90516.2
90777
90781.4
90810.3
91020.3
92994.5
93097.8
97244.9
99853
99911
100735.8
101874.9
106447.7
106724.4
106789.2
106793.1
106996.3
107992.3
108125.7
108249.6
108291.5
108297.5
108444.5
108462.5
108528.4
108557.5
108585.3
108598.9
108654.9
108727.3
108792.1
108907
108948.7
109071.9
109087
109141.3
109146.6
109153.6
109164.4
109211.1
109274.7
109291.6
109299.2
109361.7
109449.5
109477.6
109564.5
109650.2
109711
110032.4
110232.7
110322
110705.8
110802.2
110836.7
110839
110856.6
110864.8
110865
110873.8
110926.9
112003.4
112155.3
112233.1
112294
112310.8
112319.2
112353.4
112367.8
112410.1
112440.8
112546
112562.5
112639.1
112801.7
112852.2
112869.3
112884.2
115584.7
115599.9
115638.8
115640
115686
115713.4
115734.7
115745.3
115775.1
115803.1
115854.6
115864.1
115938.1
116167.1
116169.6
116185
116196.7
116341.1
116428.4
116694.6
117185.6
117318.2
117364.6
118708.2
128033.6
128063.1
128135.7
128150.1
128151.6
128376.2
128677.7
128788.9
128836.8
128873
128877.7
129201.8
129740.9
129980.2
130012.1
140873.2
140901.4
140903.8
141350.7
141352.7
141354.1
141463.3
141861.6
141972.5
142051.3
142092.4
142106.9
142210.5
142223.8
142256.3
142356.6
142851.5
143414.7
143484.1
143703.4
143789.7
143852.2
143942.2
143991
144140.5
144184.4
144217.5
144306.5
144347.2
144350.4
144481.1
144686.3
144790.3
144964.2
144987.7
144994.3
145011.6
145032.7
145039.4
145132.8
145141.7
145178.2
145276.2
145303.1
145355.6
145367.8
145427
145450.2
145541.7
145576.2
145607.1
145648.5
145689.1
145736.4
145752.7
145789.6
145805.8
145928.4
145971.5
146059.4
146064.5
146080.8
146150.9
146175.5
146206.1
146318.2
146335.1
146340.5
146377.4
146400.5
146414.5
146426.7
146445.8
146482.1
146485.5
146567.4
146607.1
146638
146685.6
146704.6
146746.6
146748.3
146769.6
146772.4
146845.2
146970.1
147075.9
147104.2
147112.5
147130.9
147147.9
147179.1
147360.7
147407.4
147415
147508.7
147830.9
147866.8
147966.4
148014.9
148143.7
148189.6
148191.1
148205.6
148398.3
148552.3
148578
148667.4
148704.8
148705.9
148722.3
148732
148856.5
148897
148910.9
148915.6
149134.8
149135.7
149177.4
149184
149190.3
149210.4
149212.6
149228.8
149240.5
149392.4
149413.5
149429.1
149463
149478.8
149501.9
149517.3
149541.4
149621.1
149634.6
149665.4
149742.9
149784.7
149822.5
149900.5
149998.9
150041.3
150044.2
150066.3
150145.1
150175.7
150181.3
150191.8
150204.5
150238.7
150328.1
150405.3
150419.5
150574.6
150578.2
150625.7
150715.9
150752.6
150783.1
150816.6
150899.2
150912
150938.2
150952.4
151029
151168.2
151301
151318.4
151363.4
151598
151687.7
151719.7
151795.8
151867
151882.9
152011.5
152093.9
152151.3
152152.5
152248.5
152256.5
152270.5
152311.9
152327.9
152356.3
152375.2
152467.2
152489.8
152520.7
152569.2
152637.9
152655.1
152662.8
152669.5
152674
152826
152887.4
152895.3
152899.1
153112.3
153239.3
153354.3
153416.8
153462.8
153473.8
153513.1
153566.5
153596.3
153623.7
153629.3
153668
153685.6
153755.8
153980.5
153991.2
153991.6
154041.3
154063.8
154318.1
154340.7
154373.2
154467.7
154535.3
154536.3
154567.3
154570.1
154571.5
154603.3
154657.7
154741.4
154859.1
154964.2
155038.1
155121.8
155192.8
155453.1
155472.1
155547.1
155596.2
155629.1
155645.9
155678.4
155682
155682.9
155716.1
155754.8
155810.7
155837.7
156053.9
156094
156116.3
156119.9
156207.6
156275.4
156335.3
156394.1
156490.4
156548
156583.8
156625
156682.9
156776.7
156834.4
156863.5
156887.4
156967.3
157013.5
157059.1
157067.4
157158.2
157168.5
157296.1
157303.7
157375.9
157466.1
157512.6
157524.9
157718.8
157756.3
157795.3
157873.4
157883.4
157900.2
158007.1
158025.8
158252.2
158290.9
158413.6
158600.9
158661.5
158731.3
158788.4
158807.1
158817.8
158843.3
158925.7
158945.3
158971.3
159024.8
159032.9
159042
159091.5
159094.1
159130.6
159148.7
159216
159248
159351.6
159354.1
159565.9
159580
159587
159631
159690.1
159714.9
159740.1
159784.8
159810.1
159824.5
159832.3
159891.7
159917.6
159934.4
159983.2
160202.6
160207.3
160219.7
160284.7
160306.4
160353.1
160357.5
160404.2
160470.8
160553.9
160596.3
162818.9
163212.7
163246.6
163301.7
163346.2
163401.3
163405.5
163478.1
163481.6
163493.5
163532.4
163622.8
163693.1
163746.1
163761.3
163767.5
163800.3
163911.2
164064.3
164139.3
164212
164313.8
164365.8
164394.4
164497.9
164498.8
164562.4
167182.8
167189.3
167223.5
167249
167321.7
167356.5
167363.4
167654.5
167890.7
167916.3
167958.8
168094.6
168116.8
168176.8
168202.7
168205.2
168215.5
168237.4
168588.6
168680.3
170286.8
170726.2
170741
170824.3
170858.6
170930.1
170949.6
170993.9
171047.3
171146.3
171166.3
171220.6
171280.5
171287
171302.2
171331.7
171366.7
171368.6
171379.9
171398.6
171429.1
171436.8
171450.6
171528.3
171613.1
171865.1
173052.7
173602.4
173704.2
173844.7
173889
173906.5
173928.7
173960.4
173995.9
174068
174075
174108.9
174131.7
174134.7
174148.6
174212.8
174462.5
174597.7
176922.2
177224.5
179249.6
179326.8
179354.1
179405.4
179432
179442.2
179603.8
179675.6
179683.8
179700.3
179800.8
179941
179989
179995.3
180003.4
180051.2
180205.6
180216.2
180229.7
180294.9
180368.6
180527.1
180562.8
180663.7
180707.2
180724.5
180792.6
180823.8
180835.4
180946.2
181091.8
181691
182032.3
182173.5
182254.9
182301.6
183548.8
183614.4
183625.6
183658.6
183661.2
183756
183813.3
183923.7
184006.1
184061.3
184133.1
184465.3
184579.1
185330.5
185651.1
185716.5
185732.6
185813.5
185834.9
185962.9
186430.5
186512.2
186518.1
186825.7
187870.5
187952.2
188051.7
188146.8
188353.3
188475
188501.7
188529.8
188550.8
188581
188623.6
188639.7
188655.6
188661.2
188697.2
188754.3
188803.8
188845.6
189074.9
189152.6
189397.9
189476.6
189823.4
190338.6
190381.7
190418.6
190524.8
193690.9
194960.8
198859.1
198922
199068.4
199098.1
199136.4
199253.7
199293.7
199305.4
199416.8
199803.6
199914.9
200380.5
200742.2
200986.8
201002.1
201035.9
201275.9
201326.7
201453.4
201863.3
202277
202439.3
202473
202550.3
202640.9
202935.1
203103
203517.8
203567.3
203598.1
203709.6
203764.8
204081.9
204492.8
204511.2
204691.6
205380.3
209974.4
210176.8
210237.9
210259.5
210259.7
210360
210414.2
212090.5
212190.6
214796.5
217261.2
217294.7
217420.6
217635.9
217644
217712
217856.7
217911.6
217924.6
217931.3
218200.4
218371.8
218481.4
219004.2
221669.5
223158.1
224946
226166.2
226200
226255.3
226258.6
226310.2
226350.9
226388
226408.4
226436.7
226459.1
226482
226502.6
226530.9
226612.9
226681.4
226723
226847.5
226856.9
226882.1
226901.9
226949.6
226997.9
227060.1
227299.8
227473.7
227604.4
227618.9
227633
227654.8
227695.9
227701.1
227815.8
227831.2
227900.4
227950
228014.7
228020.1
228063.8
228091.5
228123.3
228194.5
228206.8
228260.6
228354.3
228363.3
228458
228515.9
228586.8
228617.3
228670.3
228772.3
228778.9
228921.4
228944.2
229010
229010.4
230416.2
230442.8
230466.6
230472.1
230575.5
230874.4
232502.9
233730.5
239130.7
239808.2
239921.8
239958.7
240017.2
240035.9
240046
240061.6
240107.6
240124.1
240144.6
240209.3
240213.9
240382.7
240788.7
240815.7
240995.5
241043.7
241137.9
241149.2
241246.4
241302.7
241340.6
241369.3
242892.5
243029.6
244191.4
244199.3
244285.9
244334.5
244550.8
244640.6
244664.8
244799.2
244800.2
244848.6
244888.4
244925.4
245030.7
245076.7
245119.6
245128.9
245241.9
245444.8
245919.8
246004.8
246129
246217.7
246223.6
246263.4
246383.1
246441.1
250132.7
250235.6
255911.1
255914.7
255918.2
256027.3
256098.2
256304
256347.4
256374.6
256400.3
256400.7
256400.9
256404.2
256426.9
256440.9
256441
256466.3
256487.1
256491.1
256556.1
256565.4
256700.3
256768.8
256852.3
256985.6
257105.8
257114.1
257135.5
257214.9
257284.2
257323.7
257324.3
257350.6
257376.5
257402.1
257629
257629.5
257731.7
257794.1
257800.2
257871.4
257911.6
257958.6
257985.9
258041
258046
258063
258070.3
258074.3
258162.8
258175.9
258193.8
258232.8
258233.6
258246.9
258250.3
258330
258331.5
258345.7
258360.9
258376.8
258383.7
258398.5
258505.5
258607.8
258813.8
259825.1
259839.4
259883.5
260183.5
260262.6
261354.7
261371.6
264428.4
264507.6
264544.3
264582.3
264662.9
264681.4
264691
264697
264699.2
264782.3
264812.4
264820.4
264984.9
265047.2
265125.2
265134.4
265184.8
265208.6
265216.4
265227.1
265323.7
265333.9
265412.4
265460.3
265481.9
265589.8
265653.1
265702
265886.6
266062.7
266074.9
266076.3
266123.1
266189.5
266193
266243.3
266244.8
266260.3
266292.7
266350.4
266369.8
266431.2
266463.4
266495.5
266539.9
266560.4
266597.9
266781
266796.2
266817.4
266849.3
266898.3
266936.3
267091.6
267181.2
269755.1
269769.8
269832.3
269850.7
269951.5
269982.4
270107.4
270147.1
270184.8
270250.1
273003.2
274992.2
275004.4
275034.4
275185.3
280642.3
280657.2
280772.8
280809.4
280811.8
280831.9
280870.3
280883.7
281049.5
281059.9
281061.9
281164.4
281168.4
281191.9
281204.1
281402.6
281431.6
281504.9
281613.6
281653.5
281713.9
281848.2
283078.2
283644.8
283769.7
283837.6
283962.6
284059.4
284203.4
284960.4
285488
286536.7
286582.2
286669.6
286693.4
286694.4
286700.4
286757.1
286761.2
286794.5
286806.5
286838.1
286873.3
286893.7
286930.5
286933
286969.7
286973.2
287072.5
287117.9
287218.9
287240.6
287506.2
295614.9
296107.5
296121.1
296152.7
296226.1
296280.9
296309.9
296365
296366.3
296547.7
296549.9
296577.5
296591.4
296683.2
296700.1
296729
296798
296821.3
296825.5
296853.1
296859.2
296883.4
296890.9
296930.8
297076.6
297125.3
297159
297475.9
297479.1
297542.3
297549.4
297613.8
297615.3
297625.6
297664.5
297682.3
297697
297731.3
297790.1
303039
303143.5
303222.7
303313.2
303329.1
303345.6
303385.3
303450.4
308060.1
308065.2
308510.5
308634.2
311921.9
312975.2
313251.2
313281.6
313389.5
313424.4
313481.7
313557.4
313600.2
313621
313656.3
313752.9
313763
313811.6
313910.1
313961.6
314105
314144.5
314194
314200.5
314317.4
315187.1
315302.8
315313.9
315347.5
315383.6
315787.2
315931.5
315939.2
315954.3
315960
315984.1
316006.6
316068.4
316146
316184.3
316244.9
316418.3
316605.1
316645.8
317011.5
317211.2
317695.7
317721.7
318012
318124.8
318468.3
318481.7
318493.2
318684.7
318755.3
318766.1
318795.3
318936.8
319531.8
319597.9
319723.3
319836.5
319942.9
320021.3
320125.5
320998.7
321106.5
321122
321282
321484.1
321671.2
321935.3
322378.5
322482.9
322631.1
322728
322837
322837.8
322893.6
322967
322989.4
323070.4
323219.7
323221.7
323738.8
324678.2
324680.9
324853.3
324874.1
324892.5
324893
324958.2
330078.2
330116.5
330225.9
330330
330437.4
330565.6
330723.7
330804.1
330848.2
331012.1
331037.9
332760.3
335364.5
335379.7
335466.9
335518
335685.6
335762.4
335780.1
335858.4
335890.6
335906.7
336207.2
336262.4
336275.5
336304.4
336321.8
336357.4
336528.2
340308.1
340349.9
340719.9
341463.4
341782.5
341800.9
341846.6
342852.7
343301.4
343319.2
343573.2
346766.4
347937.3
347969.6
348044.8
348075.1
348093.3
348141.6
348212.8
348232.6
348319.1
348393
350011.9
350054.8
350889.2
351056.7
351165.3
353298.2
353305.1
353421.6
353468.5
353660.8
353664.8
353760.6
353837.8
353936.4
354007.9
355484.6
355564.7
355566.4
355786.2
355928.6
355984.3
356127.3
356260.2
356309.4
356385.2
356385.4
356446.7
356547.7
356582.8
356629.1
356713
356817.4
356827.5
356935.1
357061
357072.2
357386
357520.3
357541.4
357542.2
357579.8
357589.7
357595.9
357667.2
357756.7
357775.6
357801.4
357822.3
357898.9
357904.8
357982.9
358023.3
358028.5
358043.2
358285.3
358290.4
358420.6
358427.8
358524.3
358552.9
358582.5
358695
358727.2
358729.2
358959.1
358963.7
359007.9
359020.2
359040.9
359159.3
359166.5
359321.4
359377.2
359456.7
359508.6
359654.9
359715.9
359752
359764.5
359788.2
359793.6
359989.9
359995.9
360071.8
360076.5
360192.5
360234.3
360289.5
360315
360316.2
360432.9
360552.5
360564.1
360738.3
360806.8
360876.8
360958.7
360976.7
360996.5
361005.1
361097.8
361156.9
361174.2
361294.4
361326.1
361347.5
361422.9
361427.1
361530.7
361613.8
361692.8
361728.6
361737.1
361841
361849.4
361938.1
361958.5
361995.7
362042.8
362272.4
362385.4
362423.7
362621.6
362748.9
362753.3
362931.4
363016.5
363232.6
363287.2
363353.4
363431.5
363446.3
363471.2
363492.8
363545.2
363737.9
363794.1
363809.6
364153.5
364220.8
364314.5
364338.1
364481.1
364515.5
364527.4
364595.1
364624
364714
364865.5
364876.7
364878.1
364957.6
364961.2
364973.5
364996.1
365044.4
365048
365142.5
365237.6
365268.6
365304.6
365360.6
365376.1
365510.9
365748.7
365814.2
365825.2
365928
366163.6
366740.7
366792.9
372568.6
372685.3
372697.4
372699
372762.5
372772.4
372812.1
372892.3
373984.2
374060.2
374102.8
374103.3
374117
374143
374170.9
374182.9
374187.2
374206.9
374331.2
374369.2
374376.1
374385.7
374513.6
374541.9
374628.1
374734.8
374822.4
376725.5
377514.8
379954.7
381900.3
382022.1
382149.3
382193.1
382259.3
382510.1
382585.4
382607.5
382623.8
383054.5
383895.4
384211.8
384220.1
384499
384568.8
384586.2
384604.2
384908.5
384920.9
385375.2
385433.2
385699.1
385828
386563.4
386809.4
386926.7
386987.4
387176.2
387281.7
387332.6
387346.2
387383.3
387565
387743.5
387777.4
387787.8
387791.7
387860
387884.6
387899.7
387986.3
388145.3
388222.8
388413.9
388420.9
388475.1
388476
388476.5
388816.9
388858.1
388859
388948.1
388957.3
389142.1
389150
393225.4
393263.4
394218.2
394400.9
394433.8
394646.5
395012.8
395226.7
395496.5
395628.3
395803.4
396130.5
400241.5
400365.5
400416.8
400565.6
400579.3
400698.5
400781.5
400947.5
401538.5
401591.3
401634.5
401931
403925.2
403986.6
404619.5
404678.5
405209.8
406940.8
407143.3
407204.6
407325.8
407514
407529.4
407669.7
407737
407753.9
408048.4
408231.1
408268.4
408316.4
408466.4
408490.2
408508.6
409043.5
409090.9
409201.9
409216.1
409413.6
409431.1
409611.1
410032.1
410032.8
410188.2
410469
410530.7
410559.1
410666.1
411050.2
411077.3
411228.7
411364.3
411559.2
416118.4
419875.9
419993.1
426108
426118.5
426191.6
426225.6
426239.2
426243.1
426285.3
426786.1
427806.4
427811.3
427899.1
427952.8
427989
428038.5
428110
428216.5
428274.8
441697.4
441804.5
441972.7
441984.3
442055.6
442083.6
442226.7
442261.3
442277.9
442383.4
442438.1
442524.2
442593.2
442614.9
442649.9
442673.3
442749.6
442817.7
442824
442916.5
443004.1
443015.7
443045.6
443089.8
443259
443402.3
443641.8
444063.1
444224.6
444260.9
444261.7
446503.5
448991.8
448998.7
449064.2
449064.9
449163.8
449221
449305.9
449541.3
450696.4
450745.3
450855.1
450974.6
453154.4
453229.6
453505.7
453597.5
453634.8
453655.6
453795.9
453826.1
453832
453970.9
454000.2
454067.5
454068.7
454076.5
454099.8
454161.8
454256.3
454525.3
456934.2
456993.5
457010.3
457130.2
457349.2
457410.2
457415.4
457448.2
457453.4
457495.8
457624.9
457626.5
457737.3
459546.5
460674
460698.6
460989.4
462241.4
462565.2
462602.1
462635.7
462658.8
462779.3
462818.6
462872.7
462891.1
462903.5
462906.9
462955.3
463154.4
463219.5
463303.1
463364.3
463589.5
463592.5
465676.9
465711.3
474771.2
475009.2
475029.7
475114.7
475252.5
475771.9
475891.6
476035.1
476299
476411.1
476460.4
476746.7
476981.3
477600.2
477751.9
477833.6
478081.8
478210
478295.9
479237.8
481116.1
486860.5
486967.9
487348.2
487827.9
488719.4
489674.1
489835.4
491827.7
493106.9
494105.4
494223
495009.2
495313.9
497124.2
500232.9
504233.9
504531.2
505284.2
506075.6
506969.8
507098.6
507978.2
507992.3
509973.9
519793.8
520061.7
520164.9
520262.2
520681.7
520852.6
520955.7
523279.9
524170.2
524581.8
524789.9
524973.1
525247.7
525266.7
525299.6
525307.6
525435.3
525504.7
525505.3
525514.8
525568.4
525572.3
525576
525620.9
525629.4
525666.8
525668.8
525684.5
525755
525818.6
525843
525853.3
525907.7
525979.8
525981.5
526116.3
526137.1
526179.5
526207
526262.5
526318.7
526492.3
526513.7
526533.6
526616.4
526651.6
526709
526787.1
526846.9
526873.9
526961
526990.7
527013.7
527048.3
532218.2
532310.5
532355.4
548798.1
548934.5
549040.8
549051.1
549056.1
549083.9
549099
549264.6
549409.4
549412.3
549546.2
550648.8
551062.1
551094
551281.7
551343.6
551357.3
551567
553549.1
553982.2
554023.4
554041.8
554046.3
554144.4
554173.7
554215.8
554304.6
554450
554465
554515.7
554522
554575
554636.3
554823.7
554840.6
554848
554888.1
554968.3
554970.9
555093.3
555106.2
555223
555232.4
555285.6
555290.2
555306.9
555322.3
555359.6
555483.2
555542.9
555593
555598.2
555614.8
555623.4
555669.8
555671.4
555698.5
555705.4
555716.9
555754.1
555955.1
555961.8
556044
556177.3
556183.6
556186.2
556223
556266.9
556303.5
556334.1
556357.2
556371.8
556449.5
556474.7
556516.9
556529.1
556551.4
556554.3
556672.3
556727.6
556859.3
556869.1
556882.5
556895.1
556998.9
557013.9
557019
557038.8
557050
557050.4
557058.1
557141.9
557180
557190.1
557250.9
557342.3
557349.4
557387.3
557416.5
557459.2
557472
557479
557522.3
557626.5
557658.6
557695.5
557721.9
557762.4
557811.3
557849.9
557860.9
557899.9
557995.3
558010.5
558035
558189.1
558193.9
558299.9
561109.2
561129.5
561296.3
561309.6
570688.7
571074
571467.2
574460.5
574549.8
575380.2
577802.5
577834.7
579753.5
579781
579894.8
580815.3
580840.3
580888.9
580927.4
580948.3
581118.1
581182.6
581483.1
581537.1
581580.9
581631.1
581632.8
582849.3
583066.7
583958.3
584092.8
584161.8
585283.2
585700.7
585813.2
588732.2
588772.8
588950.6
589255.9
589839.9
589977.1
590016
590028.4
590062.9
590241.9
590269.4
590270.5
590286.5
590307.8
590308.1
590359.4
590368.6
590409.1
591454.6
591732.2
591879.8
591961.5
592067.1
592493.2
592622.6
592819.6
593241.2
593399.5
593501.5
594543.9
594558.4
594593.9
594609.3
594665.8
594739.3
594776.4
594888.9
598648.5
