2114.6
2197.8
2219.5
2226.6
2246.6
5640.3
5708.7
5774.4
5818.1
5821.1
5968.6
6196
6267.1
6287.1
6309.8
6330.1
6331.1
6350.9
6382.3
6426.9
6428
6523.3
9749.3
10719.1
12026.5
12032
18241
18284
18342.5
18499.6
18707.5
22164.1
22890.3
23058.6
23114.1
23129
23134.6
25762.8
26072.9
27210.9
27336.3
27420.1
27842.4
30174.9
30431.5
30499.5
31024.9
31320.7
31612.1
34336.8
35493.5
35565.9
35609.8
35637.7
35783.1
38491.1
38535.1
38715.3
41777.5
41805.6
41855.4
41907.2
41973.5
42002.6
42753.5
43108.6
43190.4
43233.4
43311
43316
43359.9
43375.4
44248.4
44561.7
44617.8
44865
47471.4
47523.6
47537.9
47663.8
47859.9
47946
48342.6
48603.5
50396.8
51172.1
51195.6
51227.6
51243.9
51272.2
51309
51320.1
51411.6
51486
51623.8
51644.4
51651.6
51895.8
51929.3
51968.1
51988.9
52008.4
52047.6
52068.4
52071.8
52143.6
52157.9
52191.1
55049.8
55089.6
55109.5
55144.8
55146.7
55298.2
55304.1
55356.8
55405.5
55859.2
56067.3
56270.1
57213
57244.6
57372.9
58466.4
58471.8
58578.8
58620.3
60490
60559
60599.2
60641.7
60698.2
60822.4
60823.5
60906.8
60961.1
61001.8
61112.5
61178.4
61302.3
61326.2
61484.1
61510.4
61539.1
61617.8
61623.7
61665.6
61684.3
61761.4
61811.9
61892.9
62207.2
62333.9
62352.5
62432.5
62489.8
62508.5
67170.4
67505.2
69036.8
82414
82617.9
84503.1
84629.4
84679.6
89661
89969.8
90156.7
90219.7
91001.4
91246.2
91264.7
93125.3
98610.4
99720.7
103650.8
104297.1
104309
104362.7
104505.4
104690.7
104775.1
105528.7
105567.2
105655.3
105661.4
105693.8
107237.6
107357.6
107396.1
107503.9
107519.4
107604.4
111099.4
111130.4
111151
111220.6
111252.9
113646.9
113648.8
113702.4
113713.5
113740.4
113778.4
113798.6
113804.5
113831.3
113883.5
113890.9
113901.8
113935.5
113995.9
114002.5
114016.5
114037
114103.2
114236.9
114298.9
114306.9
114369.4
114374.6
114441.4
114490.3
114528.1
114549.9
114583.5
114709.3
114711
114755.9
114758.5
114815.6
114817.2
114878
114888.1
114933.9
115009.5
115010.8
115041.7
115050.6
115071.9
115094.5
115107.8
115247.5
115303.5
118182
118346.3
120420.7
120466.4
120493.7
120555.3
120633.9
120684.2
120801.4
121225.7
122033.3
122222.2
124086.3
124318.5
124356.8
124414
124448.4
124454.1
124473.3
124503.6
124540.9
124542
124564.6
124592.1
124627.1
124684.4
124699.5
124714.9
125071.3
131342.7
131377.1
131408.5
131469.7
131491.3
131557.4
131666.7
131689.9
131885.6
131904.8
131971
132019.5
132092.6
132252.8
132254.9
132328
132387.4
132472
132506.4
132590
132756.5
132805.6
132808.7
132861.8
132941.3
132942.5
133000.5
133048.6
133171.1
133182.2
133240.2
133300.5
133319.6
133394.1
133458.8
140348.2
142540.7
142835.4
153218.5
154723.9
155848.7
158530.7
161700.8
162476.2
162814.9
163209.4
169378.1
169566
169692
169774.5
169803.2
169845.7
169888
169981
170052.4
170091.1
170142.6
170212.6
170293
170300.3
170306.9
170317.4
170547.2
174365.7
174434.7
174454.2
174573.2
174582.8
174646.8
174772.7
177432.3
179350.1
179539.4
179576.6
179842.4
179920.2
180141.8
180238
180301.9
180356.7
180425.5
180426.8
180514.7
180691.9
180719.3
180859.4
181091.6
182049.1
182416.4
183187.1
183235.8
183245
183470
183514.6
183594.4
184783.8
184790.2
184896.6
184897.2
184922.5
184965.4
185037.6
185055.5
185056.4
185176.1
185246.7
185280.7
185563.5
187777.4
188120.9
188450.8
191351.4
193886.1
193888.3
193891.7
193937.2
193999.7
194974.1
195691.1
195718.2
195729.2
195922.2
196025
196093.8
196786.2
198688.9
199435
199518.1
199535.3
199594.6
199617.3
199659.1
199719.3
199921.8
199961.8
200380.8
200430.3
200444
200472.4
200994.1
201131.8
201660.6
201931.7
201945.7
201994
202875.1
203177.1
203203.6
203221.4
203259.4
203479.2
203556.5
204048.2
204098.9
204550.2
204725.4
204747.1
207327.2
207456
208839
209010.6
209284.6
210212.6
210331.4
210538.6
210632.4
210722.4
210794.3
210795.9
210818.9
211042.9
214948.7
215109.6
215356.3
215527.5
215726.6
215756.9
215826
215827.4
215835.4
215931.6
215975.7
215992
216062
216066
216091.8
216093.7
216096.7
216139.3
216144.1
216279.3
216298.8
216365.6
216371.6
216448.6
216466.2
216474.6
216490.8
216492.3
216516
216561.5
216603.2
216609.7
216645.4
216796
216826.2
216842
216884.2
216887.4
216900.9
216922.4
216956.9
222766.4
222873.4
222880.4
222900.4
223009.4
223015.8
223059.5
223077.7
223090.1
223105.6
223125
223139.8
223234.1
223326.3
223355.9
223440.5
223447.7
223465.5
223473.4
223498.5
223576.6
224628.8
224634.5
227168.3
227257.1
227371.6
229393.9
229409.4
229460.9
229492.4
229504.1
229513.9
229596.9
229895.7
232539.9
232850.8
232883.4
234349.2
234355.6
234533
234645.9
234714.9
235144.7
235199.7
235259.9
235511.4
235552.5
235686.7
235753.7
236168.1
236415.7
236607
236824.7
236872.4
236878.2
236892.7
236911.1
236920
237018.6
237039.6
237132.2
237187.9
237246.1
237313.5
237316.4
237342.3
237349.1
237461.3
237530.4
237589.1
237590.5
237622.1
237660.7
237821.5
237996.6
237999
238068.3
238081.4
238163.1
238190.3
238194.8
238214.9
238275.5
238286.8
238297.5
238391.8
238393.3
238402.5
238467.8
238486.7
238588.9
238608.4
238649.7
238675
238756.1
239408.7
241566.5
241732.3
241855.5
241866.7
241964.4
242007.9
242035.1
242091.5
242098.2
242212.5
242233.4
242441.1
242705.4
242846.1
242933.6
243058
243260.9
244250.4
244250.5
244650.9
244689.3
244692.3
244716.6
244910
244977.8
245102.8
245154.7
245170
245339.2
245899.8
245990.8
246266.8
246939
247235.9
247350.3
248114.2
250104.8
250136.8
252600.3
252882
254553.6
255509.6
255651.8
259162.2
259445.7
259479.2
271397.7
271420.4
271426.2
274454.9
274514.7
274557.3
274616.8
274625.4
274780.6
274817.2
274910.5
274931.8
275018.5
275543.7
275566.1
277296.9
277307
277377.2
277403.7
277462
277528.5
277555.5
277574.8
277600
277601.5
277662.9
277708.9
277743.9
277796.8
277833.6
277914.9
278088.1
278121.5
278729.9
280564.8
280882
281411.5
281605.4
281694
283050.8
283414.4
283434.5
284697.8
285016.3
285046.9
285650.8
286024.4
286183.5
286269
286515
287721
287899.8
288064.3
288090.1
288156.1
288161.7
288267
288507.7
288671.8
288774.6
288784.8
288785.8
288807.5
288831.5
289037
289111.9
289190
289244
289273.9
289286.6
289314
289340
289348.7
289378.6
289422.3
289437.2
289454.1
289605.4
289671.4
289733.2
289770.1
289827
289892.1
290221.4
290387.3
290401.2
290420.1
290443.8
290501.6
290592.6
290616.5
290782.4
290798.5
290807.9
290866.7
290932.3
291008
291104.9
291105.5
291163.6
291187.7
291236
291301
291302.3
291303.9
291426.3
291467.7
291526.7
291596.3
291606.8
291614.8
291662.7
291729.6
291797.4
291808.5
291830.1
291890.9
291906.7
292012.9
292093
292157.4
292212.5
292250.5
292253.1
292386.6
292465
292498.4
292652.5
292790.5
293126.2
293166.4
293197.5
293223.1
293290.4
293334.5
293409.2
293454.9
293595.2
293731.3
293742.1
293761.3
293907.4
293911.7
294004.8
294049.6
294195.2
294240.6
294249.1
294375
294424.5
294451.3
294496.9
294555.2
294606.9
294765.7
294850.1
295020
295167.3
295177.9
295220.4
295234.6
295262.8
295363.9
295377.2
298198.8
298369.8
299447
299574.4
302604.2
302730.2
303005.9
303084
303132
303244
303245.2
303285.2
303358.2
303358.7
303369.7
303426.3
303473.8
304250.2
304390.3
306134.7
306141.8
306350.3
306384.3
310862.4
310867.3
310986.5
310998.9
311022.4
311100.9
311114
311120.3
311181.8
311202.8
320817.3
321855.1
322212.3
322379.9
325615.8
325687.5
325829
325838.3
325858.4
325890.8
325902.1
325919.6
326061.9
326103.3
326137.7
326172.3
326172.4
326323.5
326459.4
326820.7
326915.8
326969.7
327226.5
327251.2
327296.2
327323.9
327331.9
327510.1
327698
328037
328401.6
328671
329787.7
330103.9
330109.5
330145.9
330209
330267.3
330282.7
330324.6
330329.1
330454.3
330782.7
330910.4
330997.1
331038
332356
332375
332478.3
332514.5
332589.9
332607.5
332646.2
332750.5
332784.3
332807.3
332852.8
332935.3
332962
332996.2
333031.8
336539.4
336677.2
336838.7
336892.1
336998.9
337065.8
337580.7
338769.1
338895.3
339039.9
339208.7
339247.8
348749.3
348908.1
348929
349099.9
349119.4
350739.4
350796.3
350824.7
351102.6
351119.2
351121
351138.9
351209.5
351231.5
351264
351281.4
351290.2
351310.5
351388.8
351402
351418.1
351524.6
352760.5
352914.2
353279.9
353316.5
354442.8
354466.8
354580.2
354599.7
354716.5
354750.1
354820.4
354961.5
365227.7
367832.5
367834.7
367838.8
367901.7
367923.2
368006.6
368007.4
368043.6
368133.5
368145.2
368254.4
368283.5
368292.3
368325
368375.1
368395.9
368398.2
368631.5
368646.8
368819.7
368826.7
368859.6
368888.4
368899.9
368921.6
368955.3
368966.3
368974.3
368981.4
369039.7
369052.7
369245.8
369326.8
369351.8
369364.1
369389.8
369402.5
369435.2
369536.4
369566.8
369612.7
370074.3
370089.7
370133.4
370134.5
370153.1
370196.3
370427.5
370566.9
370593.8
370607.9
370681.5
370756.4
370795
370869
370956.7
370961.8
371234.8
371244.8
371584.2
371964.3
372835.4
373058.1
373083.3
373353.8
374019.1
374083.3
374106.6
374129.4
374227.8
374354.3
374422.9
374519.3
375650.3
375755.1
375900.1
375966.1
377926.6
378313.7
378489.7
379339.3
379822.5
380002.4
380357
380898.1
380982.6
380986.9
381197.7
381251.6
389769.9
390170
391157
391273.8
391615.8
393938.3
398438.7
398468.1
398643
398654
398760.5
398863
398946.9
398963.5
399000.8
399016
399051.7
399203.5
399285.2
399363.7
399367.4
399431
399440.8
399510.8
399569.6
400091.8
413130
413233.7
413267.4
413322
413330.4
413331.1
413367.4
413368.8
413380.5
413481.9
413540
413564.9
413610
413654.3
413720.2
413850.6
413880.8
413911.3
414030.1
414064.1
414121.7
414372.1
414418.7
414449
414567.3
414604.3
414608.2
414616.1
414721.1
414772.7
414896.9
414983.4
414984.7
415063.8
415095.1
415169
415182.5
415283.6
415301.3
415324.4
415345
415403.8
415444.4
415536.7
416200
416491.8
416859.8
417147.3
417183.7
417189.2
417941.1
418079.6
418099.8
418198.5
418237.1
418273.9
418290.8
418420.2
418451.6
420292.7
420459.7
420611.3
421491
431112.3
431195.9
431231.5
431299.5
431321.9
431466.4
431544.5
431665.2
431712.2
431796.2
431918.9
432013.4
432062.8
432087.8
432114.3
432209.4
432235.8
432262.8
432284.9
432295.3
432324.8
432348.7
432357.3
432358.7
432385.8
432407.1
432411.1
432452.4
432640.1
432689.2
432750.5
432878.6
432962.7
432995.9
433290.3
433331.3
433433.3
433550.7
433598.4
433668.4
433677.1
433737.9
434120.3
434165.6
434175.7
434219
434225.2
434225.5
434235.4
434302.3
434309.3
434415
434451.5
434469
434489.8
434513.8
434578.7
434634.4
434662.3
434689.8
434777.7
434873.2
434905.6
434953.8
435057.9
435087.2
435091.9
435156.7
435412.8
435560.6
435640
435646.1
435724.7
435786.8
435817.4
435984.5
436001.8
436042.2
436196.1
436222.6
436295.4
436343.1
436354.4
436363.7
436384.7
436831.7
436935.3
436998.6
437047.8
437157.9
437195.5
437316.5
437552.3
437581.7
437901.5
438030.9
438031.3
438037
438297.1
438502
438918.2
438941.8
438946.1
438992.6
439159.1
439165.7
439301.6
439938.7
440055.3
440146.7
440368.4
440617.1
441810.8
441891.6
441915.9
441968.6
442018.5
442069.6
442099.9
442215.4
442260.4
442276.9
442291
442467.5
442476.1
442477.7
442573.4
442826.7
442957.2
442963.2
443042.5
443050.5
443075.1
443163.7
443202.8
443233.4
443267.1
443384.4
443441.1
443474.5
443655.7
443918.8
443928.1
443956.8
444220.5
444222.2
444305.4
444396.6
446142.5
446559.2
446629.5
446727
446734.9
446765
446772.2
446806.7
446831
446850
446922.9
446928.8
447028.8
447064.9
452195.6
452313.3
452340.8
452377.3
452473.4
452606.6
452632.2
452702.1
452755.5
452766.3
452829.8
452857.8
452932.2
453112.5
461557
461929.9
461987.1
462099.4
462125.5
462147.7
462409.9
466164
466425.8
467464.2
467693.2
470867.6
471329.4
471522.1
471649.2
472156.3
472193.4
472312
472353.9
472370
472376.5
472403.1
472405
472411.5
472439.8
472485.2
472526
472612.9
472775.3
474050.9
474105.4
474290.2
474549
481363.5
481369.3
484679.5
485108.4
485256.1
485309.4
485314
485326
485411
485431.1
485435
485510.2
485532.1
485580.8
485597.8
485670.3
485861.5
485927.8
485943.3
486079.6
486096.4
486433.5
486682.1
486690.9
487136.5
488776.3
490363.6
491096.6
491211.9
491449.7
494345.2
495127.3
496683.1
497151.5
497317.9
498246.6
499710.9
499834.5
500691.9
502520
503825.2
506514.6
513924.2
519229.6
519339.7
519560.5
519655.4
519942.8
524811.4
525224.4
525294.2
525475.4
525556.3
525580.1
525714.2
526055.6
526203
526259.3
526499.9
526557.7
526743.1
526989.7
531425.6
534704.1
534923.4
535051.5
541363.9
541500.3
541750.5
541810.2
542012.3
542183.8
542349.4
542479.7
542505
547038
548299.3
548337.6
548506.7
548650.1
548684.6
548699.6
548718.9
548815.3
548887.8
560304.5
560917.1
564834.4
565193.4
565498
566650.4
567581.6
567713.1
567827.4
567828.4
567829.5
567841.5
567944.9
570191.7
571214.9
571349.5
571360.1
571585.3
571602.6
571655.3
571716.6
571795.5
576196.1
576578.5
576640.9
577240.4
577535.4
577651.3
577726.9
577727
581786.2
581912.6
581995
582035.8
582131.7
582134.2
582192.5
582201.1
582210.4
582282.4
582290.8
582301.3
582349.7
582366.2
582367.6
582410.7
582443.7
582563.1
582576.8
582584.3
582607.8
582779
583803.3
584290.2
584483.6
584502.6
584572.6
584708.6
584723.3
585197.6
587351.8
587372.8
587460.7
587807.4
587918.7
587934.6
588035.4
588212.4
588258
588358.8
588885.2
589007.2
589034.4
589214.5
589312.2
589350.2
589412.3
589442.6
590506.5
592801.2
593009.4
593270.8
594602.7
594632.7
594643.2
594645.6
594708.4
595066.7
