5905.5
5996.2
6361.5
6676.7
6682.8
6721.9
6723.9
6775.7
6800
6834.6
6847
6872.1
6885.4
6930.6
6958.4
6993.3
7035.1
7067.1
7154.5
7165
7273.6
7492.3
7922.2
8006.6
8029.8
8030.4
8048.8
8103.6
8106.3
8144.8
8151.6
8156.5
8374.6
8429.4
8431.2
8435.6
8453
8516.7
8612.7
8862.9
8907.7
8980.9
9187
9224.3
9281.8
9337.7
9368.3
9853.2
10303.8
10376.5
10433.4
10445.6
10456.6
10481.1
10754.7
12686.8
12767.7
12825.6
13033.3
13038.1
13041.4
13159.9
13377.9
13402
13414.2
13419.5
13433.5
13516.8
13524.1
13540.7
13563.5
13667.7
13690.1
13713.7
13729.4
13813
13980.2
14061.7
14134.9
14145.9
14317.5
14734.5
14942.7
15218.6
15281.4
15648.3
15656.8
18060.6
18720.5
18792.3
18927.9
18949.3
18952.5
19109.5
19307.4
19316
19385.9
19417.4
19454.5
19484.9
19778.8
19942
20028.7
21091.8
21144.2
26779
40486.2
40802.5
42469.9
42566.4
42581.3
42750
42791
43022.4
55510.2
55536.1
55968.6
56294.8
56361.8
56396.2
56410.9
56435.9
56459.5
56511.4
56542.5
56571.2
56617.8
56642.1
56687
56804.9
56855.5
69197.5
69201.7
69286
69297.8
69349
69364.9
69491
69589.7
69691.7
70631.3
71151.3
71333.8
71385
71390.9
71409.3
71429.5
71503.1
71639.4
71646.2
81070.3
113539
113928.6
115191.4
115339.2
115397.4
115426.7
115497.9
115604.9
115642.1
115768.3
116012
116226.8
116285.9
117131.2
117612.2
120603.9
122035.6
123022.5
123156.6
123626.3
123936.7
124501.7
128060.6
128130.3
128380.5
128426.7
128626.4
128681.6
128700.1
128714.6
128744.1
128762.6
128835.7
128864.1
128922.5
129197.4
129315.3
129532.5
129557.3
129877.6
129896.3
129909.6
129926.5
129944.1
129968.6
130030.2
130045.7
130078.4
130218.5
130280.4
130302.8
130350.3
130528.9
130616.1
131006.3
131146.8
133817.8
140923.4
141062.8
141066.6
141077.7
141101.4
141200.8
141205
141269.5
141303.3
141347.8
141383.2
141534.6
141593.9
141606.6
141647.5
141779.6
141784.2
141814.9
141838.9
141915.6
142179.3
142187.8
142225.5
142435
142544.5
142577.3
142770.9
142776.9
142885.5
142916.2
143065.1
143144.9
143244.5
143349
143382.7
143665.5
143844.2
143917.4
143941.4
143997.7
144058.7
144063.2
144121.9
144164
144168
144228.7
144268.4
144398.6
144422.2
144430.2
144465.7
144496.8
144544
144544.3
144565.1
144720.7
144732.2
144837.8
145004.6
145086.3
145090.9
145092.2
145167.9
145170.3
145262.4
145280.6
145289.9
145292
145310.7
145318.2
145328.8
145438.5
145658.3
145702.9
145750.6
145775.8
145934.2
146108
146211.7
146360.7
146452.4
146625.4
147016
147151.9
147183.6
147302.7
147451.1
147529.7
147723.9
147780.6
147822.7
147884.5
147978
148328.9
148510.3
148582.9
148628
148675.3
149226.8
149407
149441
149584.5
149648.2
149895.4
149949.5
149982.9
150095.8
150115.8
150136.6
150185.3
150273.3
150466.6
150762.6
150857.4
151083.8
151386.3
151821.7
152109.6
152170.9
152222.1
152301.9
152396.3
152522.1
153011.9
153045.5
153099.5
153136.2
153173.8
153248.8
153400.4
153412.1
153565.4
153708.3
153912.4
154036.8
154306
155157.8
155487.2
155512.7
155848.4
156027.7
156121.6
156264
156400
156407.7
156518.2
156623.2
156755.5
156928.3
156982.7
157177.7
157230.4
157346.4
157478.8
157563.3
157836.8
157936.3
157984.2
158099.2
158414.4
158501
158510.8
158592.9
158662.7
158671
158831.7
158856.7
158968.6
159036.7
159125.1
159131.7
159132.7
159163.4
159183.9
159245.1
159304
159337.4
159431.8
159494.3
159553.3
159691.8
159763.4
159936.5
160000.5
160005.8
160125.7
160138.9
160152.4
160214
160225.4
160230
160237.6
160264.2
160312.7
160326.8
160379.8
160443.2
160565.5
160627.2
160696.6
160869.1
162557.7
163249.5
163274.3
163346
163410.4
163430.9
163447.4
163508.3
163549.9
163568.1
163574.2
163590.4
163603
163628.6
163688.3
163709.3
163725.3
163879.9
163970.8
164170.9
164179.3
164325.5
164392.1
164447
165202.1
165521.7
167188.7
167380.9
167610.1
167789.3
168021.1
168073.2
168083.2
168130.9
168140.9
168180.6
168185.5
168204.7
168225.9
168301.8
168309.3
168459.2
168469.6
168492.9
168520.8
168523
168613.6
168626.2
168701.6
168761
168764.2
168772.1
168787
168820.8
168867.9
168899.7
168904.2
168959.6
168992.4
168995.8
173501.9
173662
173702.6
173798.4
173870.8
173921.4
174114.3
174117.3
174248.6
174326.6
174335.7
174417.2
174509.5
174545.6
174734.3
187419.8
187502.9
187683.2
187787.6
187793.7
187807.9
187810.1
187819
187843.5
187953.7
188007.5
188068.9
188207.4
188424.7
188504.7
188541.9
188635.4
189161.6
190464.1
190827.5
191853.7
196289.1
196396.3
196503.4
196602.2
196749.9
197102.6
197382.5
197524.7
197716.4
197762.5
197802.7
197814.8
197894.8
198017.6
198022.3
198184.4
198190.6
198246.4
198465
198591.6
198636
198777.1
198848.5
198898
198913.8
198919.6
198991.7
199053.2
199128.1
199255.1
199380.9
200085
201117.7
202102
202400.8
205328.1
205820.7
205914.5
206014.1
206268.6
206800.1
206817.4
209765
211766.8
212513.3
214539.9
214584
214741.9
214978.6
215745.9
215751.3
216349.9
216599.2
217014.7
217130.4
217134
217206.8
217218
217331.6
217345.5
217394.3
217419.7
217429.8
217441.7
217520
217534.6
217539.4
217697.5
217704.9
217820.7
217850.7
217879.3
217995.7
218012.3
218219.6
218320.5
218409.7
218628.2
218780.8
220473.5
222575.2
222612.1
222897.3
223001.5
223291.4
230307.1
230352.9
230522.9
235662.9
235805.3
236061.6
236143.9
236328.4
238043.1
238858.4
239003.4
239040.5
239130.3
239197.8
239215.8
239244.5
239265.4
239290.6
239311.4
239361.3
239367.9
239368.5
239449.1
239455.2
239536.6
239545.1
239572.1
239658.3
239715.3
239731.6
239732.7
239735.8
239751.8
239754.2
239825
239844.5
239853.9
239861.7
239932.5
239941.9
239943.7
240015.1
240055.3
240085.2
240152.2
240163.1
240314.8
240420.4
240484.8
240490.5
240541.5
240833.1
240859.6
240978.1
240984.8
241279.6
241290.5
242587.6
242986.4
247302.4
247379.1
247530.1
247613.4
269476.4
269515.1
269821.8
269854.1
269933.3
269968
269974.4
277763.9
278632.4
298773.9
298939.3
299254.9
299381.3
304114
304922.7
305119
305324.9
306533.5
306536.8
306565.2
306750.3
306814.1
307347.3
307471.8
307527.2
307718.5
307969.4
307982.2
307998.6
308051
308177.9
308227.8
308246.9
308265.9
308286
308293.9
308378.9
308483.8
308542.6
308584.7
312109.2
312621
320835.1
320880.7
320993.9
321046.2
321065.9
321075.6
321169.8
321182.7
321220.9
321268.9
321439
321726.3
321749.6
321963.1
321993.2
322420.5
322494.9
322579.3
322602.4
322746.4
322796.7
322955
323003
323084.5
323151.9
323349.7
323451.1
323730.7
324506.4
324659.6
328055.2
335680.9
335686.6
335752.9
335879
335934.5
336075.8
336112.5
336194.9
336220.4
336278.3
336299.1
336318.2
336346.8
336450.3
336455.5
336497
336530.1
336599.5
336705.6
336781.7
336867.8
336993.5
337052.3
337788.3
337990.3
338198.5
338337.4
342726.8
343115.1
348014.8
348154.1
348242.6
348281.4
348316.4
348551
348573.9
348577.8
348690.5
348729.8
348793.6
348822.5
348830.4
348937.1
376169.3
376251.6
376334
376375.9
376398.3
376487.6
376915.1
377018.1
377083.1
377085.8
377102.4
377162.3
377398
377745.7
377847.9
377908.5
378252.6
378360.5
378376.1
378723.1
378781.2
379036.5
379525.5
379627.6
379808.5
380091.9
380397.7
380435.4
380497.1
380609.9
380612.3
380743.6
380792.1
380883.4
380931
381069.7
381163.8
381505
381559.4
381586.3
381587.4
381590.7
381846.1
381935.3
381958.4
382120.5
382549.2
382573.8
382580.7
382646.1
382664.4
382707.2
382764.3
382788.3
382850.2
382858.4
383150.3
383166.7
383203.9
383296.1
383323
383333.5
383376.1
383387
383402.6
383476.9
383517.2
383550
383560.1
383754.3
383936.4
384048.7
384086.9
384166.9
384202
384340.8
384499
384535
384562.3
384564.1
384585.2
384642.1
384778.3
384917.8
384961.2
384986.5
385074
385075.5
385214
385227.5
385237.5
385266.8
385295.7
385433.8
385491.5
385528
385553.3
385566.1
385691.7
385811.7
385812.9
385844
385931.3
385932.5
386073.4
386115.9
386131
386145.6
386166.9
386170.4
386223.8
386226
386235.3
386257.3
386295.7
386326.3
386346
386384.1
386413
386452.5
386494.8
386561.7
386702.8
386749.6
386769.5
386771
386803.7
386868.7
386914.4
387013
387103.1
387117.2
387126.2
387189.9
387211.8
387260.1
387274
387305.3
387313.2
387314.9
387370.9
387412.2
387412.9
387456.3
387599.4
387608.8
387638.9
387659.9
387679.8
387691.5
387718.9
387776.3
387786.9
387800.5
387859.4
387894.2
387926.7
388108
388147.2
388245.6
388256.4
388347.2
388349.7
388350.5
388392.2
388394.8
388404.3
388589
388646
388702.1
388704.4
388770.1
388784.7
388831.9
388855.2
388874.5
388898.8
388902.3
389143.4
389197.9
389199.1
389250.4
389312.3
389318
389331.8
389344.7
389358.5
389369.3
389373.2
389386.6
389419.9
389526.8
389539.3
389809.5
389933.6
390038.3
390361.7
390775.7
390920.5
391421.1
391450.3
391836.2
392156.9
392265.6
392279.5
392377.9
392544.7
392880.2
392969.9
392994.9
393177.6
393210.6
393257.7
393292
393384.6
393523.8
393622
393673.3
393678.3
393802.7
394009.5
394015
394049.7
394125.7
394488
394591.8
394903.3
395159
395301.1
395371
395516.7
395614.4
395616.8
395750
395850.1
395853.7
395996.6
396187.9
396221.9
399410.6
399577.4
399738.2
399746.4
399997.9
400256
400326.4
400359.5
400405.8
400475.4
400634.7
400867.8
401060.8
401066.8
401068.3
401103.5
401139.2
401330.1
401343.5
401480.2
401502.6
401715.7
401727.2
401942
402016.2
402314.8
403053.7
403821.6
404069.2
404473.1
404866.4
404877.3
404878
404896.5
405062.7
405095.4
405106
405342.9
405420.1
405527.9
405581.5
405596.4
405865.5
405894.3
406128.1
406262.8
406354.3
406355.1
406426.3
406492.3
406542.1
406546
406590.6
406595.6
406637.1
406640.5
406643.5
406650.5
406671.6
406673.5
406692.5
406695.2
406735.1
406810.5
406848.9
406875.1
407062.3
407064.5
407163
407368.3
407553.1
407560.9
407576.8
407642.9
407650.9
407663.3
407674.4
407712.9
407816.8
407829.6
407857.2
407893.7
407932.5
407993.9
408094.6
408269.2
408313.1
408353
408360.4
408424.1
408454.6
408485.5
408510.8
408590.6
408594.6
408648
408650
408658.9
408717.7
408726.7
408778
408781.8
408820.2
408871
408990.7
409069.4
409114
409180.9
409198
409291.4
409421.9
409444
409526.9
409540.7
409548.9
409566.5
409619
409626.8
409630
409758.6
409925.6
409947.3
409964.6
409966
409976.3
410025.5
410052.5
410078.5
410091.4
410120
410165.4
410179.6
410184.7
410202.4
410288.1
410424.5
410554.9
410572
410584.3
410614
410619.7
410671
410706.8
410735.7
410771
410797.2
410886.8
410920.1
410941.1
410950.6
410993.4
411024.3
411081.9
411106.1
411114.5
411188.8
411273.7
411278.5
411284
411291.9
411306.1
411316.2
411350.7
411399.7
411468
411484.4
411604
411675.5
411712
411783
411860.1
411940.9
411983.5
412012.3
412035.4
412052.2
412056.6
412068.5
412084.6
412155.4
412894.8
412921
413312.2
413756.2
415320.7
415521.2
415795
415851
415893.5
415936.5
416428.8
416448
416464.5
416501
416554.8
416566.8
416614.8
416857.7
416869.2
416909.4
417369
417434.6
417437.8
417458.9
417522.1
417628.3
417632.8
425100.5
425426.5
425595
425602.5
425667.6
425700.1
425736.2
425759.7
425780.1
425784.2
425790.8
425793.2
425976.1
426091.5
426096.6
426102.9
426129.2
426162.7
426165.2
426181
426287.6
426337.3
426344.4
426390
426400.5
426609.8
426650.5
426654.7
426704.6
426720.5
426857.9
426894.9
426913.1
426940.7
427160.5
427579.4
427643.6
427735.3
427745.8
427789.4
427798
427833.6
427844
427893.5
428013.8
428049.5
433269.8
436970.6
438407.6
446352.7
449085.9
449197.8
449217.5
449269.8
449436.6
449628.7
453186.4
453192.8
453196.2
453206.9
453251
453264.3
453359.9
453365
453416.1
453440.9
453528
453532.3
453542.4
453671.8
453788.9
453833.1
453846.3
453874.3
453884.3
453896.3
453940.4
454108.2
454128.3
454179.9
454195.6
454270.7
457280.8
457464.1
457705.3
457972.1
458014.9
458474.6
472793.5
472956
473219.2
473399.8
473454.3
473462.9
473528.4
473554.6
473648.6
473659.8
473731.4
473946.5
474045.2
474153.1
474261.3
474502.8
474535.9
474700.2
474915.2
476000.2
476133.4
476268.3
476388.1
476504.7
476519.8
476544.9
476801.7
477145.6
477703.3
478071.5
478548.1
478585.1
478953.9
486001.6
486113.4
486144.9
486370
486396.9
486503.3
486533.9
486608.5
486727.8
486733.3
486808.9
487047.3
487248.1
487269.9
487388.7
487447.3
487534.1
487722.6
487792.2
487878.1
488142.9
488148.6
488308.1
488385.4
488453.9
488570.1
488733.4
488835.8
489146.4
489202.4
489211.9
489444.2
489560.2
489693.4
489996.2
490028.9
490044.7
490104
490155.8
490187.1
490368.9
490469
490627.4
490974.9
491351.9
491356.3
491388.7
491418
491469.1
491543.6
491766.3
491861.7
492046.1
492069.1
492545.3
492569.5
492899.5
493037.5
493254
493355.8
493376.7
493489
493658.3
493755.1
494359.1
494576.6
494578.8
494736
494881.8
494945.3
495134.8
495248.5
495290.2
495388.7
495450.3
495517.5
495613
495673.6
495852.6
495905.7
495999.1
496033.1
496201.1
496283.5
496311.6
496346.7
496417.6
496775.7
496938.2
496953.8
496979.6
497447.6
497494.6
497692.1
497766.7
497846.2
498127.1
498135.3
498138.1
498157
498173.3
498315.8
498450.5
498640.4
498709
498863.4
498891.9
498929.2
498939.3
498941.8
498949.7
498961
499042.5
499071.1
499224.9
499580.7
499798.8
499858.2
500004.6
500072.8
500248.8
500384.5
500404.6
500446.7
500673.8
500713.5
500779
500826.7
500840.2
500851.7
500860.8
500890.8
501009.1
501032.3
501083
501178.3
501266.5
501324.5
501343.8
501543.7
501649.6
501663.3
501725.7
501779.2
501790.6
501868.8
501930.7
502143.9
502270.1
502379.7
502482.5
502617.7
502620.6
502846.4
502891
502974.9
502980
503107.2
503222.5
503425.7
503530.1
503534.6
503554.8
503611.3
504007.3
504035.6
504128.6
504439.2
504475.2
504478.9
504650.3
504699.4
504770.9
504918.5
505106.2
505407.5
505850
506162.7
506292.6
506300.4
506401
506422.4
506433.6
506434.7
506502.4
506581.4
506639.6
506773.1
506796.2
506797.6
506889.6
507022.2
507135.8
507287.2
507299.8
507317.5
507525.4
507641.2
507657.9
507739.9
507983.7
508279.4
509799.4
510444.9
513349.9
513592.8
532225.2
532310.1
532486.9
532504.1
532879.8
548515.6
548816.6
548889.7
548948
548958.9
548960.7
548973.5
548990.1
548999.5
549024.1
549028.3
549048.6
549231.5
551106.4
551128.2
551203.4
551277.2
551285.2
551287.1
551540.2
551561.8
551628.1
559586.1
560097.5
560360.4
560574.2
560651
560742
560797.1
561025.3
561050.3
561115
561125.2
566622.3
567668.1
567873.4
567890.2
570129.5
576455.9
576516
577438.4
577554.8
577663.1
577675.7
577702.2
577844.6
578003.8
578339.7
579674.2
580124.3
580275.9
589850
589902.9
589953.7
590018.2
590107.1
590133.8
590190.5
590221.6
590241.5
590245.7
590353.1
590483.9
598578.3
599264.6
