5929.6
5936
6249.5
6332
6359.9
6384.7
6551.9
6554.6
6562.9
6602
6607.2
6655.9
6687.6
6723.6
8303.4
8386
8650.7
9160.5
9303.9
9413.5
9798.7
10111.5
10116.1
10287.3
10315.4
10431.7
10452
10582.8
10685.4
12327
12353.7
16175.2
16368.5
18011.9
18692
18706.9
18802.6
19191.8
21073.2
21090.8
21169.9
21203
21237.3
21248.9
21249.2
23652.5
25016.2
28968.5
28982.6
29029.8
29119.7
29270.8
29285.6
29373.3
29416.4
29434.2
29465.5
29467.9
29549.7
29578.3
29621.2
29635.4
29664.7
29677.9
29878.4
29903.5
30030.4
30061.4
30097.5
30137.1
30139.2
30245.6
30383.3
30407.4
30454.3
30663.4
30888.6
30935.2
30936.2
31007.9
31100.4
39502
39574.5
39717.5
39719.7
39792.6
39817.9
39998.3
40021.5
40028.3
40050.9
40075.8
42296.2
42355.7
42364.6
42381.7
42545
42573.7
50680.7
50768.1
50768.9
50780.1
50822.5
56360.4
56373.3
56378.9
56400.2
56410.5
56465
56476.5
56491.7
56508.1
56539.6
58216.7
58274.4
59108.6
59151.1
59195.1
59199.6
59220.2
59245.6
59282.2
59385.6
59386.6
59424.5
59454.8
59485.8
60027.1
60119.3
60153.9
60238.8
60301.7
60420.4
60660.1
61652.1
61828.1
61859.9
62038.7
62411.5
62514.4
62711.7
69287.5
69339.1
69354.6
69389.2
69528.3
69536.8
73563
73684.1
73688.4
73744.3
73860.7
73948.4
74348.8
80440.1
80746.9
80774
80896.2
80999.4
81021.7
81042.7
81175.8
81215.7
81223.9
81279.9
81289.3
81313.4
81368
81465.1
81480
81542
81591.4
81825.9
81903.4
93392
93819.7
94473.7
94523.2
94585.2
94887.8
94925.2
94964.1
95015.7
95042.9
95235.3
95236.7
95302.4
95340.1
95352.1
95375.7
95481.3
95524.9
95543.7
95580.9
95611.7
95657.7
95676
95758.7
95919.8
96286.3
96509.1
96526
96539.9
96630.9
96651.4
96778.3
96796.4
96970.7
97072.9
97395.4
98080.5
98093.1
98127.6
98188.6
98744.9
98809
98819.6
98875.5
99085.2
99110.5
99378.2
100242.6
101214.8
101621.5
101719.5
102022.7
102254
102268.7
102560.3
102792.3
103240.1
103263.5
103478.9
103615.5
103638.1
103691
103719.3
103809.6
103831.8
103976.1
104015.6
104075.5
104184.5
104239.1
105796.7
113541.6
113552.1
113916.8
115129.4
115265
115307.4
115347
115352.7
115358.9
115365.1
115533.4
121181.6
121272
121333.8
121599.7
124482.3
128126.5
128246.3
128293.9
128353.5
128359.3
128371.4
128455.2
128503.2
128533.6
128544.1
128555.5
128562.6
128591
128604.5
130047.7
130060.1
130067.5
130291
130302.8
130515.6
131299.7
131673.3
133734.8
134452.3
138803.5
140857.2
140954.7
140959.9
140963.1
140983.9
141073
141297
141482.5
141636.4
141640.2
141646.1
141707.7
142006.8
142059.8
142094.9
142128.1
142130.1
142209.1
142225.5
142280.3
142302.9
142334
142334.1
142374.6
142387.6
142407.6
142497.6
142558.8
142561.9
142580.8
142657.8
142805.2
142818.8
142819.7
142824.8
142913.8
142927.7
143001.3
143060.3
143176.6
143242.4
143247.4
143263.4
143323.3
143513
143553.7
143608.8
143620.4
143691
143828.4
143976.1
144199.6
144331.6
144347.9
144397.2
144481.5
144504.1
144514.4
144516.7
144541.3
144599.9
144601.6
144620.2
144907.8
145058.3
145075
145141.9
145180.3
145376.3
145727
145769.1
146005.8
146559.5
146594.6
147297.9
147564.4
147760.3
148226.2
148279.6
148932.1
148959.6
150324
150442
150611.1
150689.9
150731.8
151506.2
151521.7
152039.2
152320
152812.8
153112.6
153284.3
153760.6
153805.9
154636.9
154903.6
155532
155565
156366.5
156743.5
157026.9
158012.4
158060.1
158758.6
159290.4
159371.6
159708.5
159737.2
159809.2
160162.2
160290.4
160501.1
160546.4
160562.6
160810.6
164850.4
164882.5
164908.7
164984.1
165001.3
165130.8
165150.4
165180.3
165246.7
165251.3
165258.6
165262.8
165293.1
165311.1
165317.6
165318.3
165358.2
165366.5
165376.2
165389.3
165517.7
165562.6
165721.6
165748.2
165804
165813.3
165890
165900.9
165905
165933.8
165969.5
165997.9
166019.7
166071.1
166110.3
166123.1
166135.3
166152
166160.6
166203.9
166285.3
166652
169032.8
169147.7
177151.2
177301.2
177532.3
177700.6
178265.6
178324.7
178411.7
178412.2
178473.9
178540.8
178584.1
178605.2
178640.5
178690.8
178760.4
178791.2
183058.7
183223.2
183307.3
187165.1
187178.4
187184.3
187185.5
187222.4
187264.1
187268.7
187294.3
187325.9
187392.2
187529.3
187629.8
189681.4
191401.7
191419.7
192543.7
192550.9
192590.2
192691.7
192814.5
192824.2
195792
196051.8
196938.2
197054.2
197149.6
197270.3
197301.2
197356.8
198082.4
198153.8
198222
198290.5
198505.2
198696.1
198702.6
198781.2
198936
198956.7
198961.1
199080.9
199111.1
199287.3
199318.4
206515.9
207325.1
207444.6
215054.7
215079.2
215492.7
215652.4
215708.3
215923.1
216000.3
216069.8
216111
216111.9
216135
216171
216337
216350.2
216365.1
216472.4
216689.9
216693.7
216721.4
216850.9
216877.9
216923.4
216991.8
217007.1
217065.7
217068.2
217092
217107.1
217135.3
219515.4
219569.1
219571.2
219592.7
219793.5
219837.1
222497.6
222541.6
222637.8
222840.4
224079.6
224285.1
224301.6
224304.1
224358.6
224386.1
224494.6
224495.8
224736.6
231065
231128.1
231302.5
231350
231382.6
231392.2
231417.1
231487.3
235092.4
235833.7
235900.6
235942.9
236009.3
236111.5
236150.3
236169.6
236504
236547
238430.8
238656.7
239042.5
239049
239054.5
239075.2
239076.4
239080.3
239130.8
239162.5
239188.1
239222.8
239250
239277.5
239337.9
239354.2
239426.1
239441.6
239448.3
239477.5
239532.4
239651
240972.7
241974
247689.3
247697.1
247697.5
247706.9
247736.5
250642.2
250734.7
250751.6
250779.2
250789.7
250810.9
250884.3
250907.3
250916.1
250940.9
250955.9
251022.4
251035.2
251093.4
251139.3
251140.9
251173.7
251173.9
251224.2
251275.8
251305
251343.3
251362.6
251373.5
251378.2
251383.2
251397.6
251447.1
251462.6
251505
251813.3
251859.7
251913.8
252084.7
252095.8
252130.3
252170.5
252204.8
252285.5
252295.2
252345.2
252426.6
268599.4
268628.6
268679.7
268716
268802.5
268825.6
268846.5
268849.2
268868.6
268937.5
269062.8
270773.8
270871.8
271144.2
271276
271399.8
271427.1
271828
271836.1
271899.4
271949.4
271973.2
272006.3
272093.4
272131.2
272152.4
272172.7
272188.2
272251.4
272310.4
272396.1
278424.4
278474.3
278491.7
279461.3
298005.2
298781.4
298958.2
299013.2
299031.8
299034.8
299037.4
299043.5
300156
300458.2
300495.7
300931.9
300961.6
300977.7
301115.9
301168
301204
301234.3
301264.4
301269.5
301289.5
301352.3
301370.3
301373.6
301451.4
301460.3
301462
301550.3
301610.1
301758.9
301760.3
301787.8
301847
301856.5
301874.2
301980.7
302036.3
302249
302546.8
305672.9
305788.5
305788.7
305810.5
306041
306280.2
306648.4
306885.1
307113.4
308002.9
308020.3
308500.7
308504.7
308509.3
308525.6
308530.1
308538.2
308699.3
308705.6
317124.3
317935.1
320636.7
320642.8
320701.8
320786.7
320797.5
320927.8
321030
321041.9
321055
321061.8
321067.4
321088.5
321254.9
321290
321290.6
321321.8
321557.2
321573.2
321576
321581.1
321641.3
321673
321713.6
321816.4
321835.1
321949.8
322024.2
322067.5
322104.7
322152.9
322183.5
322294.5
322415.3
322460
322631.2
322643.7
322732.3
332054.6
336885.5
336916.5
337237.8
337833.2
337857.7
337874.4
337925.1
337931.6
337938.3
337971.4
338003.1
342058.2
347676
349559
350486.6
350504.8
350583.3
350608.2
350682.1
350774.1
350802.7
373206.1
373288.4
373289.6
373410.6
376066.6
376073.4
376121.8
376127.2
376130.8
376304.6
376315.7
376493
376496.4
376517.7
376579.2
376638.3
376849.1
376862.9
376868
376881
376883.9
376893.6
377048
377096.6
377162.4
377169.9
377208
377251.1
377269.1
377363
377367.3
377410.8
377446.9
377467.9
377541.1
377563.3
377604.9
377641.6
377651.5
377662.5
377667.8
377782.3
377835.4
377861.5
377872.1
377879.6
377880
377978.6
377981.3
378030.1
378034.4
378194.7
378286
378294.4
378336.9
378364.3
378380.4
378477.8
378527.7
378534.8
378565.4
378632.2
378665
378669.7
378676.5
378680
378745.5
378800.7
378874.9
378891.3
379134
379171.1
379195.2
379338.8
379623.3
379649.4
379940.6
380099.7
380128.2
380128.3
380129.2
380137
380165.8
380288.2
380304.9
380382.6
380466.9
380573.1
380646.2
380736.2
380740.3
380794.7
380817.2
380819.9
380940.1
380976.3
381245.4
381248.9
381355.6
381384.9
381482
381525.5
381528.1
381565.6
381665.3
381764.4
381878.1
381884.6
381937
381947.2
381974.4
382004.7
382018.5
382099.3
382116.1
382137.3
382183.9
382208.9
382269.4
382275.2
382277.3
382282.7
382327
382334.4
382353.1
382456
382483.4
382494.5
382722.2
382792.4
382826.8
382922.3
382928
383005.1
383012
383053
383063
383071.2
383091.4
383116.6
383159
383177.5
383188.9
383190.1
383204.8
383223.1
383291.7
383437
383530.9
383550.1
383581.8
383630.5
383648.5
383694.8
383707.2
383725.7
383747.6
383809.4
383815.3
383860.9
383931.1
383995.4
384006.4
384018.1
384037.6
384053.4
384111.7
384182.5
384233
384247.4
384251.6
384280.5
384322.5
384468
384513.4
384538.6
384581.7
384630.9
384716.4
384735.4
384755.3
384788.6
384902.2
384953.6
385066.4
385093
385096.6
385131.7
385177.2
385264.1
385371.5
385527.9
385587.9
385611.1
385730.6
385767
385792.1
385821.7
385862.6
385957.8
385975.1
386055.1
386099.2
386116
386140.2
386140.3
386205.3
386224
386236.5
386330.5
386343.9
386407.8
386431.2
386622.5
386652.7
386696.9
386735.8
386964.1
386979.5
387146.1
387223.4
387293.9
387315.3
387387.3
387418
387505.1
387630
387656.5
387720.3
387853.7
387961.4
387998.1
388009.9
388110.1
388171.3
388287.9
388634.7
388940.3
388981.3
388998
389044.1
389165.4
389190.7
389245.5
389348.9
389365.7
392417.1
392472
392501.4
392582.8
392641.1
392801.6
392822.1
392834.1
392839.1
392859.6
392893.5
392899.6
392909.3
392981.6
392986.3
393046.2
393110.5
393120.6
393122.3
393124
393124.8
393127.2
393263.3
393278.4
393382.9
393387.1
393469.5
393471.2
393520.3
393529
393655.3
393732.7
393935.7
394035.8
394037.1
394666.8
394680.5
394714.1
394740.6
394791.9
394924.1
394937.1
394970.1
395053.9
395147.8
395557.3
396281.7
399858.4
399948.3
400039.5
400111.7
400138.4
400164.9
400181.5
400302.8
400309.9
400386.5
400464.2
400575.8
400615
400626.6
400821.2
400830
400871.6
400904.7
400997.8
401071.9
401091.9
401183.1
401201.2
401264
401315.2
401381.6
401383.6
401388.9
401394.8
401520.5
401558
401594.6
401605.9
401607.8
401694.2
401706.4
401779.3
401783.9
401793.6
401895.8
401915.2
401940
402124.3
402154
402228.6
402254.3
404503
404541.4
404675.1
404696.5
404724.5
404828.8
404906.2
404916.5
404967.1
405021.3
405177.4
405191.1
405270.2
405310.5
405402.6
405520.5
405883.4
406303.6
406329.1
406434
406507.3
406520.6
406522.9
406592.5
406623.7
406655.7
406723.4
406750.1
406790.1
406794
406816.4
406816.9
406884.2
406936
406951.6
406994.9
407031.9
407152.3
407166.6
407175.6
407207.6
407223.4
407233.8
407272.1
407287.5
407290.7
407292.2
407317.8
407326.1
407412.1
407450.8
407499.6
407503.6
407616.7
407643.9
407764.4
407772.9
407779.3
407854.9
407890.5
407891.1
407933.3
407934.5
408081.6
408104.3
408121.4
408213.2
408235.5
408327.8
408351.6
408358.9
408394.5
408419.3
408426.8
408432.8
408450.6
408454.2
408578.5
408715
408821.6
408864.8
408914.1
408965.5
409021.5
409034.6
409072.4
409114.9
409118.2
409118.3
409195.7
409220.5
409275.3
409280.9
409491.8
409535.2
409617
409729.1
409809.8
409882.2
409921.3
409956.7
409977.1
409987
410053.2
410080.5
410101.6
410117
410245
410393.4
410410.8
410411.5
410465.3
410534
410565.9
410597.4
410690.2
410708.2
410723.9
410748.9
410863.7
410946.2
410985.5
411000.2
411078.5
411102.5
411182.2
411188.1
411456.2
411605.8
411676.8
411872.2
411915.7
411986.4
413512.2
415614
415860.5
415879.3
415900.5
416046.1
416136.5
416184.5
416500.5
416546.3
416627.6
416658.3
416701.5
416790.5
416799.6
416864.2
416896.2
416982.1
417053.5
417059.3
417100
417475.2
417483.3
417579
417674.9
417696.5
417722
417755
417926.4
420958.7
421094
421172.6
421222.8
425113.3
425113.7
425116.8
425141.6
425214.8
425216.5
425249
425297.7
425443.1
426514.8
426956.9
428554.5
428728.5
428752.3
428815.4
428826
428907
429026.5
429048.6
429084.4
429123.7
429124.6
429151.6
429160.6
429162
429178.4
429211.7
429316.8
429340.6
429349.8
429500.6
429505.1
429623.1
429648.8
429656.4
429722.9
429738.1
429743.8
445073.8
445202.1
445507.8
445523.4
445630.8
445719.5
445788.3
449606.9
449687.1
449699.9
450812.4
450919.4
452640.3
452648.2
452734.9
452798.2
452980.8
453055.5
453217.2
456839.1
456862.2
457048.3
460302.7
464887.7
465007
465078.3
465118.7
465151.6
465213.1
465249.4
465282.6
465429.9
465440.7
465449.2
465548.9
465581.9
466052.8
472512.2
472761.3
473035.9
473570.7
473639.3
473738.6
473859.7
473887.7
473890.1
473949.5
473970.5
473991
474004.6
474006.9
474217.8
474403.5
474461.1
474469.2
474476.7
474504.3
474702.1
475033.1
475037.4
475063.7
475133.6
475386
475419.3
475448.7
475650.4
475694.4
476434.1
476605.6
476739.6
477011.4
477236
477271.3
477309.6
477392.6
477404.3
477585.4
477721
477995.5
478043.4
478130.3
478268.8
478634.9
478702.4
485973.7
486012
486190.9
486269.8
486358.7
486361.3
486555.7
486611.7
486687.3
486744.6
486747.6
486787.2
486843.2
486847.6
486915.2
486936.3
486996.5
487258.4
487299
487323.6
487394.2
487468.3
487469
487511
487524.9
487530.1
487565.2
487610.7
487625.9
487650.8
487746
487755.3
487770.9
487773.2
487774.5
487881.1
487898.3
487917
487942.5
488143
488204.4
488210.6
488222
488273.4
488333.8
488368.8
488395.2
488450.5
488457.4
488485
488496.4
488511.7
488647.7
488919.3
488928.7
488968.4
489004.8
489033.4
489074.5
489149.4
489263.9
489378.2
489447.7
489456.9
489584.3
489691.1
489729
489769
489800.6
489828
489831.8
489841.2
489851.5
489890.7
489937.5
489984.1
490008.6
490023.9
490058.6
490080.4
490132.1
490139.4
490140.7
490154.6
490299.7
490377.1
490394.7
490402
490429.7
490432.7
490494.9
490565.5
490698.3
490734.7
490810.5
490989
491000.3
491030.1
491040.3
491064.9
491112.1
491132.1
491321.7
491324.7
491456.1
491759.4
491783.9
491821
491842.4
491849.2
491959.8
492072.8
492122.1
492146.4
492227.7
492270.1
492474.2
492634.2
492800.8
492844.8
492968.5
493008.1
493034.6
493139.3
493201.2
493318
493330.3
493337.7
493339.9
493373.6
493406.5
493439.1
493460
493503.7
493522.2
493728.2
493832.6
493840.5
494190
494248.2
494258.1
494359.2
494368.1
494382.6
494530.1
494554.8
494559.8
494843.6
494895.9
495127.7
495134.5
495150.6
495177
495286.1
495364.7
495380
495473.3
495511.4
495512.5
495535.7
495565.2
495606.1
495694.1
495759.8
495823.1
495968.5
496025
496083
496088.6
496125.4
496207.9
496333.2
496342.4
496364.6
496378.7
496419.1
496426.8
496436.5
496480.6
496564.8
496569.1
496573.8
496725.2
496745
496781.1
496782.4
496824.6
496830.5
496831.1
496884.2
496890.4
496918.9
496970.1
496980.8
497039.1
497143.6
497173.3
497291.7
497411.3
497433.3
497507.8
497512.2
497629.8
497666.9
497955.5
497991.6
498051.6
498070.7
498143.8
498226.4
498248.9
498267.7
498273.9
498378
498394
498525.7
498576.2
498670.2
498711.7
498717.2
498832.1
498991.2
499010.1
499075.4
499191.1
499215.9
499268.2
499291.2
499351.2
499389.8
499397.1
499454.6
499622.3
499628.4
499648.4
499692.8
499750.7
499799.2
499853.2
499884.9
499895.1
499975.6
500064.1
500088.5
500091.5
500155
500232.1
500274.5
500380.2
500477.1
500488.6
500525.2
500638.4
500827.1
500828.7
500960.5
501343.4
501416.9
501442.3
501531.7
501560.3
501621.1
501623.1
501640.8
501732.9
501746.6
501768
501786.1
501795.6
501821.2
501832
501882.3
502011.2
502063.9
502132
502149.6
502307.6
502350.6
502392.5
502551.9
502554.9
502561.7
502693.9
502734.9
502797.4
502835
502925.3
503009.3
503076.1
503171.1
503171.2
503210.7
503288.8
503335.6
503458.4
503494
503545.7
503548.8
503584.5
503649.8
503718.8
503747.5
503921
504066.2
504076.1
504078.2
504106
504178.7
504259.7
504274.3
504336.4
504365
504437.5
504517.7
504571.9
504697.2
504698
504748.7
504764
504794.9
504833.7
504856.3
504888.1
504904.1
504933.8
504938.6
504942.5
504953.4
504997.1
505042.3
505141.4
505545.3
505800.3
506073.8
506140.2
506193.9
506203.1
506233.5
506249.7
506276.1
506300.9
506307.9
506343.6
506352.3
506393.6
506462
506485.4
506531.6
506537.8
506581.9
506600.2
506627.9
506666.6
506696.9
506765.1
506826.1
506940
507031.1
507062.8
507181.8
507319.4
507359.4
507510.8
507514.9
507567.2
507634.5
507665.6
507695.9
507764.9
507772.5
507785
508121.8
508151.7
511617.4
511915.6
512571.2
514786.8
515214.3
515245.3
515691.1
515845.3
516070.8
516111.1
516214.7
516296.3
516334.7
517311.4
517448.1
517611.5
517620.1
517699.4
517700.5
517793.6
517842
517902.6
517998.5
518161.8
518288.1
518472.8
518498.9
518535
518665.1
519033.5
528906.6
530069
530135.4
530167.7
530169.2
530171.4
530174.6
530185.6
530285.4
530355.9
532672.7
532994
535182
535330.3
535364.2
535375
535570
535599.3
535605.8
535621.6
535665.7
535865.2
535924.9
536005.8
536105.3
536158.4
536290.8
536344.9
536418.5
536446.9
536489.4
536614.1
536710.3
536810.4
536878.1
537038.2
539256.7
539257
539726.4
541002
541072.4
541088.2
541214
541298.2
541310
541392.4
541415.5
541495.2
541535.8
541559.9
541597.2
541627.4
541883.3
542026.7
542175
542344.8
547530.8
547627.2
547628
547634
547763
560389.7
560427.8
560634.6
560696.1
560696.8
560714.7
560732.8
560818
565456.4
566979.5
567012.5
567028.1
567085.5
567099.9
567217.4
567281.7
567300.2
567491.1
575480.6
575634.6
575809.6
575873.9
575974
576529
576639.1
576823.6
576850.2
576954.2
576967.9
576970.6
576977.8
576981.5
577114.1
577135.4
577257.2
577340.5
577405.8
578053.7
586405.2
586483.2
586509.5
586552.7
586564.9
586585.8
586694.1
586749.1
586776.2
586903.9
591383.1
591443.6
591511.5
595427.6
595507.1
595867.7
596046.5
596068
596082
