7807
7817.4
7840.1
7863.1
7892.2
7927.8
7945.9
7976.2
8021.6
8077.5
8181.6
8216.8
8305.4
8398.1
9884.4
9950.8
10206.3
10282.7
10403
10685.4
10741.7
13162.6
13266.8
13423.4
13527.1
13639.8
13772.3
13927.7
13948.8
14016.4
14094.5
14178.6
14228.6
14366.2
14369
14498.7
14551.5
14775.6
14801.1
14807.4
14837.4
14843.6
14865.9
14960.7
14970
15135.8
15167.6
15247.4
15307.4
15495.5
15595.1
15598.8
15730.4
15731.3
15770.2
15777.7
15789.8
15801.3
15821.1
15848.6
15894
15899.8
15911.8
15913.9
16233.6
16235.2
16290.3
20839.3
20988.3
21028.6
21084
21096.4
21127.8
24070.7
27770.1
28515.3
28675.1
29182.3
29185.4
29260.6
29491.9
29564.3
29600
29778.1
30037.4
30158.8
30178.3
30185.4
30702.9
30815.7
30947.2
31063.8
31097.5
31136.9
31140.5
34208
38498.7
38850.6
38915.6
39032.1
39063.9
39101.1
39202.3
39318.4
39392.1
39919.5
40049.4
40062
40107.7
40250.9
40252.8
40379.5
40481.6
40857.9
41983.8
42045.2
42058.5
42176.5
42219.6
42283.3
42284
42327.9
42545.6
45157.5
45450.8
45590.8
45626.5
50748.4
50773.5
50894
50950
51198.3
51863.4
56406.5
56473.2
56596.6
56640.8
57032.5
57264.7
59891.9
59971.6
60000.6
60091.4
60161.8
60184.3
60294
60344.5
60879.3
60912.5
60992.7
61000.8
61073.3
61336.4
61547.1
62007.7
62387.7
62425.9
62736.3
62739
62740.2
62751
62853
62871.2
62891.3
62983.4
62986.8
63331.1
69108.9
69314.1
69414.3
69512.7
69555.1
69555.5
69565.1
69586
69605.9
69615.8
69780.6
73783.1
74267.6
74290.2
82091.2
91084.3
91482.5
91507.6
91539.5
91688.1
91776.1
92143.1
92180.4
92291.1
92341.3
92380
92447.4
92544.5
92571.8
92637.1
92665.6
92822.6
92940.1
93017.2
93164.6
93190.5
93311.1
93358.8
93427
93513.3
93699.1
93726.4
93768
93787.6
93812.7
93841.9
93879.6
93902.1
93934.4
93945.8
93958
94054.1
94079.6
94092.1
94100
94105.1
94166.3
94190.9
94215.7
94247.3
94263
94345.4
94404
94461.7
94479.4
94485.6
94504
94542.9
94562.5
94632.1
94632.6
94659.5
94690.4
94712.4
94726
94757
94854
94886.3
94914
94928.2
95011.6
95023.9
95029.3
95158.1
95174.4
95214.1
95223.8
95255.1
95293.2
95328.2
95354
95367.8
95418
95506.3
95513.7
95523.5
95778.5
95810.8
95875.5
96005
96079.6
96081.3
96126.7
96164.2
96191.2
96202.4
96244.2
96262
96367.1
96466
96477
96519.9
96527.1
96607.2
96625.4
96628.2
96657.8
96665.3
96690
96692.7
96818.9
96840.2
96854.9
96928.3
96939.1
97006.8
97136.4
97147.2
97177
97200.3
97218.6
97267
97302.6
97372.5
97401.3
97474
97565.8
97571.8
97612.2
97668.5
97681
97703.3
97756.3
97811.3
97831.5
97845.4
97955
97966.5
97974.7
97998.4
98049.9
98109.1
98120.6
98125.6
98146.2
98192.7
98284.1
98301.3
98410.3
98428.3
98444.4
98455.2
98478.7
98503
98517.2
98536.6
98554.2
98580.4
98588.4
98596.4
98657
98776.4
98792.3
98793.6
98807.1
98824
98829.1
98881.9
98923.2
98927.4
98997.2
99003.1
99064.9
99145.8
99264.9
99286.4
99298.7
99327.3
99432
99441.3
99537.7
99575.9
99591.3
99608.2
99690.3
99710.5
99711.1
99866.1
99893.6
99912.2
99924.9
99955.4
99982.3
100000.5
100096.5
100101.2
100115.3
100188.4
100196.7
100426.5
100492.6
100495.1
100580.5
100584.9
100611.2
100698.3
100770.6
100778.7
100841.6
100917.3
101076.5
101096.5
101125.8
101178.5
101182
101212.7
101276.7
101379.1
101457
101469.7
101511.4
101557.9
101583.7
101714.9
101720.1
101721.1
101723.1
101751.6
101777.3
101779.3
101817
101850.8
101899.3
101916.9
101954
101976.5
102003.9
102086.3
102097.4
102153.2
102166
102259.4
102364.3
102367.5
102436.4
102479.1
102497.1
102589.4
102591.9
102684.9
102778.4
102779.7
102806.2
102926.3
102947.3
102970.7
103006.7
103014.1
103017.3
103052.2
103149.7
103175.9
103177.3
103234.9
103247
103261.6
103316
103376.2
103496.9
103534.9
103551
103629.9
103707.5
103800.8
104642.7
104809
104898.6
105487.7
105553.3
105576.4
105623.8
105650.6
105725.1
105784.3
105882.3
118726.1
120556.2
122147.9
122777.1
123536
124141.8
125327.8
127143.2
127149.1
127655
127756.4
127872
128016.1
128133.6
128316.2
128359.2
128508.7
128534
128568.6
128668.1
128762.9
128768.4
128957.3
128981.3
128984.7
129023.4
129043.3
129060.3
129104.2
129142.4
129264.7
129417.7
129600.2
129648.2
129653.4
129705.4
129713.1
129732.8
129758.3
129783
129805.8
129935.9
129948.3
130001.2
130138.6
130253.8
130355.9
130384.2
130540.2
130827.3
133656.6
133944.6
134060.3
134373.5
134588.4
137541.8
139840.2
140909.1
141018.2
141026.9
141034.7
141278.4
141299
141304.2
141350.3
141398
141407.9
141444
141452.1
141461.9
141464.7
141464.8
141502.2
141517.9
141545.6
141628.2
141637.3
141837.7
141888
141898.1
142044.9
142296.1
142352.1
142432.7
142503.7
142544.3
142623.5
143030.5
143083.5
143101.2
143110.5
143172.5
143265.5
143273.2
143588.2
143623.4
143772.9
143853
143912.7
143949.1
143976
143977.7
144024.8
144029.3
144047.1
144048.8
144055.8
144175.5
144191.8
144229.7
144236
144247.5
144255.7
144310.8
144312.7
144351.2
144439
144607.6
144663.3
144683.2
144714
144920.1
144933.2
144939.6
145043
145077.6
145097.4
145123.6
145219.3
145263
145350.2
145360.4
145371
145397.2
145413.5
145436.5
145456.5
145464.4
145578.1
145583.7
145663.9
145693.5
145725.9
145783.9
145797.8
145827.5
145835
145860.6
145880.6
145956.5
145961.2
145973.1
145975.8
145977.6
145993.6
146049.9
146169.6
146226.2
146293.1
146321.6
146387.2
146414.7
146430.6
146455.7
146471.2
146535.7
146572.1
146630.9
146643.1
146702.4
146768.7
146791.7
146823.9
146868.7
147001.9
147132.1
147134.3
147207.3
147230.1
147322.6
147355.3
147399.3
147463.2
147503
147524.4
147584.7
147616.8
147640.1
147652.6
147702.3
147712.2
147781.1
147901.9
147945.7
147949.6
147962
147974.7
148045.2
148073.5
148084.9
148112.4
148140
148195.6
148263.2
148288.6
148304.4
148311.6
148372.4
148458
148460.3
148496.2
148651.8
148687.4
148776.8
148837.4
148939.1
149005.6
149025.4
149057.5
149107.9
149119.1
149126
149224.3
149334.5
149350.8
149364.5
149432
149444.9
149537.8
149657.8
149662.2
149689.3
149696.8
149730.3
149752.9
149780.9
149793.2
149845
149890.7
149984.7
150015.2
150166.3
150227.4
150276.8
150301.1
150337.7
150361.3
150517
150541.7
150584.9
150750.6
150804.8
150807.6
150813.6
150842.2
150919.3
151235.5
151349
151450.8
151457.3
151560.6
151641.5
151763
151764.8
151835
151927.2
151944
151960.1
151962.2
152023.6
152043.6
152197.6
152302.8
152358.2
152397.4
152467.8
152474.7
152607.5
152664.4
152943.4
152961.1
152977
153015.8
153038.4
153055
153062.8
153066.8
153167.3
153233.1
153233.9
153271.1
153314
153329.2
153360.1
153564.3
153576.6
153601.5
153604.7
153715.1
153727
153730.5
153733.2
153850.2
153873.6
153880.8
153894.8
153901.1
153952.7
153975
153979.8
154199.3
154335
154345.5
154516.8
154524.1
154528.8
154546.2
154599.9
154732.3
154784.2
154835
154881.6
154951.1
155015.9
155111.9
155152.3
155214.5
155391.2
155400.5
155462.6
155496.4
155517.9
155564.9
155574
155677.1
155687.7
155756.1
155796.3
155919.4
155929.5
155965.7
156075.3
156168.3
156172.5
156214.1
156250.5
156272.6
156367.8
156441.1
156485
156493.4
156518.8
156744.8
156754.2
156811.3
156890.2
156894.6
156998
157029.7
157033.4
157063.2
157074.7
157103.4
157148.8
157159.1
157172.8
157225
157319.7
157394.4
157412.4
157427.5
157465.1
157506.5
157716.3
157812.5
157936.4
157995
158030.5
158037
158097.7
158156.8
158255.9
158297.2
158300.3
158301.2
158332.1
158350.3
158386.7
158399.3
158536
158569
158635.3
158853.8
158894.3
158913.3
158926.2
158940.8
158974.5
159018.6
159160.5
159212.1
159290.8
159312.9
159328
159359.1
159458.3
159534.7
159550.2
159589.4
159658.4
159677.6
159821.2
159868.1
159984.6
160020.4
160037.3
160052.1
160054.6
160153.1
160181.4
160221.8
160224.4
160365.9
160401.1
160439.1
160451.2
160460.4
160485
160485.7
160528.8
160625.2
160704.6
162296.6
162312.3
168523.5
169354.5
173178
173266.7
173315.8
173339.4
173365.8
173426
173544.7
173644
173648
173777
173849.8
173982.6
175097.8
175379.9
175618
175724.6
175731.5
175806.7
175856.5
176836.8
177477.5
177508.4
177530.1
177559.5
177590.4
177613.9
177622.4
177642.5
177716.2
177734.2
177740.1
177740.3
177746
177747.8
177790.5
177829.1
177854.1
177885
177891.7
177919.4
177937
178116
178120.6
178123.3
178126.2
178147.1
178232.5
178328.6
178344.2
178378.1
178380.4
178497.2
178508.1
178609.1
178611.7
178626.9
178629.3
178704.5
178755.5
178861.2
178902.4
178987.9
179051.2
179066
179093.1
179145.8
179339.1
179379
181012
181036.7
181036.8
181183.3
181236.8
181455.3
181589.4
181622.5
181629.9
181737.2
181946.5
181984.8
182045.9
182111.8
182243
182356
182357.1
182734.9
182899.6
182945
182986.8
182997
183195.5
183211.5
188989.3
189490.1
189503.4
189618.1
189672.8
189754.8
189884.8
189893
189939.5
189966.4
190009.4
190021.2
190099.8
190150.6
190180.5
190207.3
190267.6
190268.1
190272.2
190393.6
190410.8
196748.7
196969
197127.3
197305.1
198100.3
198222.8
198450.1
198499.3
198723
198729.7
198822
198840.1
198854.6
198921.8
198983.1
199073.7
199098
199137
199139.8
199274.7
199436.1
199505.4
199758.1
199929.6
200471.7
200627.5
200765.3
200897.6
201132.6
201323.3
201456
201590.6
201824.4
201988
201990.4
202182.3
202322.9
202794.5
203079.4
203258.6
203961.1
204002.9
204241.5
204545.8
204912.3
204925.9
204936.2
205002.2
205025
205150
205753.5
208215.1
209908.3
210036.1
210094.9
210171.9
210250.6
210271.4
210321.5
210608.8
210641.2
210654.9
214001.6
219454.1
219641.9
219847.6
219892.9
219900.1
220073.2
220089.8
220161.4
220163.9
220192.9
220238.6
220307.9
220379.5
220382.5
220428
220439
220508.3
220647.2
220651.9
220659.6
220660.7
220735
220759.8
220777.9
220788.5
220856.7
220858.7
220885.8
220947.1
220979.5
220997.5
221004.8
221038.4
221080.6
221470.3
221558.1
221795
221799.2
221839.2
222181.7
222439.3
224305.6
224499.6
224511
229640.7
229923.7
230045.3
230215.4
230268.1
230424.9
230441
230558.3
235147.4
235979.9
236015.5
236028.7
236030.1
237000.4
239216.4
239329.2
239447.8
239643.3
239661.9
239697.8
239812.7
239857.8
239881.8
239898.6
239926.4
239930.5
239986
240008.1
240016
240062.6
240090.7
240103.1
240139.1
240227.2
240309.9
240361.2
240388.7
240390.2
240493.7
240614.5
240640.7
240763
240857.4
240896.9
240984.5
241118.2
241210.5
241300.9
241487.6
242800.9
242815.7
242948.7
243208.3
247514.1
247783.7
250043.1
250219.3
250502.4
250729.3
250731.5
250851.7
250864
250957.7
251110.3
251155.6
251236.1
251364.8
252071.3
252136.7
252189.7
252218.8
252228.2
252270.8
252343.6
252393.9
252397.3
252464.8
252532.8
252539.1
252559.9
252680.5
252817.3
252904.3
268255.9
268559
268680.8
268796.5
268821
268948.8
269091.3
269302.3
269341.7
269382.1
269395.1
269413.3
269421.9
269455.7
269601.3
269609.8
269681.6
269859.8
274188.2
274751
275245.5
277562.8
279285.6
279348.4
279365.9
279371
279546
279554.8
279594.3
279631.2
279692.2
279814.4
279842.2
279975.9
279982.5
280001.2
280325.1
280540.8
281489.4
281562.4
281923.8
282002.1
282106.6
282267.4
282329.5
282362.2
300712.1
300742.2
300751.4
300875.7
300976.7
301007.5
301063.8
301081.7
301169.2
301230.4
301570.1
301597.8
301641.6
301672
301676
301753.1
301842.6
301947.9
302023.5
302059
302104.4
302119.6
302146.2
302190.5
302191.6
302278.4
302328.6
302336.9
302387.7
302395.7
302402.4
302444.9
302529.6
302540.6
302631.4
302641.2
302645.1
302647.6
302653.6
302701.5
303067.2
303225.8
305279.2
305540.9
306554.3
306761.4
307286.1
307569
308044
308348.6
308396.6
308428.9
308517.1
308527.7
309289.6
313427.9
313598.5
313799.1
314603.1
314710.5
315133.7
316467.3
318454.9
318668.1
319112.8
328883.7
330575.3
333656.6
335615.8
335956.8
336200.7
338190.2
338305
339079.9
339510.3
339523.3
339917.8
342021.6
342098.7
342188.3
342227.9
342233.7
342272.4
342320.6
342345.3
342379.2
342437.2
342448.2
342489.8
342531.9
342600.3
342612.5
342632.8
342686
342729.4
342777.6
342826.6
342887.6
343289.5
343321.7
344269.6
344856.3
350982.3
373098.4
373293.2
373405.9
373418.8
373491.2
373596.2
373600.2
373702.8
373725.9
373748.8
373946.1
373998.9
375879
376107.4
376138.2
376660.4
376716.6
376886.2
376979.8
377050.8
377348.2
377610.8
377655.7
377663.7
377724.6
377754.1
377813.3
377844.8
377943.2
378191
378447.8
378668
378736.4
378850.6
378893.2
379034.8
379348
379420.8
379714.6
380028.8
380058.4
380330.8
380482.5
380705.2
381067.6
381315.7
381324.4
381428.8
381443.6
381451.3
381488.3
381489.5
381648.4
381747.9
381798.3
382101.7
382133.2
382170
382192.3
382199.9
382316.5
382364.4
382516.1
382738.4
382774.8
383090.1
383106.4
383110.6
383115.3
383148.1
383211.8
383233.5
383372.7
383383
383392.6
383547
383547.2
383670.2
383742.7
383758.9
383798.5
383912.4
384034.8
384153.3
384235.4
384297
384307.6
384493.5
384506.8
384541.3
384585.2
384667.1
384678.3
384755.6
384783.4
384785.2
384888.1
385020.3
385024.3
385062.2
385090.7
385185.7
385516.2
385674.8
385676.6
385713.9
385865.7
385947.9
385996.8
386050.7
386170.9
386180
386185.9
386222.7
386282.7
386305.2
386415.5
386585.8
386715.5
386769.8
386838.3
386853.4
386869.4
386945.9
387156.6
387261.6
387304.3
387335.5
387503.6
387554.4
387634.8
387676.2
387801.6
387849.5
387856
387882.6
387894.6
387991.9
387993.6
388070.7
388161.4
388211
388293.8
388355.9
388406.1
388506.4
388646.8
388689.6
388712.8
388790.3
388832.2
388884.1
388942.5
388949.4
389032.8
389098.6
389172
389209.1
389239.8
389271
390119.8
391502.3
392090.9
392336.2
392561.7
392581
392688.7
392783
392928.5
392957.3
392998.1
393020.3
393153.4
393177.5
393639.8
393692.1
393823.6
393838.4
393924.3
394597.7
394623.7
394696.9
395047
395099.4
395232.9
395540.1
395753.4
395793
396002.9
396044.5
396186
399785.2
399820.3
399833.3
400054.3
400350.4
400397.5
400445.1
400541.4
400801.5
400821.3
400906.3
401022.3
401088.6
401100.4
401196.8
401206
401230.3
401300.8
401363.8
401434
401503.1
401643.2
401732.7
402148
402242
402305.9
402671.7
403186.7
404061.4
404157.3
404572.9
404602.5
404638.8
404686.5
404990.9
405289
405404.8
405769
406191.1
406264.2
406267.3
406800.9
406819.5
406919.2
406944.7
406963.6
406996.6
407004.5
407085.2
407098.5
407129.3
407296.6
407370.5
407372.3
407383.5
407501.5
407538
407605
407692.4
407709.6
407744.2
407825.2
407844.1
408004.9
408089
408121.2
408228.9
408261.7
408473.6
408476.2
408542.1
408558.6
408781.9
408800.8
408810.7
408841.2
408887.5
408922.7
408992.2
409058.7
409118.9
409184.7
409246.4
409250.7
409293.7
409381.1
409405.6
409455.5
409468.7
409479.1
409488.3
409546.3
409629.6
409721
409813.3
409822.5
409880.3
409893.2
409913
409960.8
410021.5
410066.1
410086.8
410088.3
410146.3
410184.8
410536.8
410611.5
410629.4
410649.9
410672.7
410706.6
410821
411002.2
411026.5
411037.6
411068.1
411085.4
411146.9
411195.9
411223.9
411649.1
411850.6
411933.9
413523.6
415923.1
416851.3
416991.6
417106.9
417121.7
417314.6
417378.6
417388.7
417453.9
418137.7
420043.3
420117.5
420328.5
420544.5
425491.8
425572.1
426100.1
426886.6
427629.2
431736.9
432052.2
432978.7
433673.1
433817.3
434026.3
434960.3
436607.6
436921.8
438114.6
446297.1
446414.1
446506.3
446739.9
449317.1
449327.6
449388.2
449467.4
449535.4
449620.1
449631.8
449744.2
449834.5
449874
450003.6
450158.3
450215.1
450295.3
450399.1
450399.7
450484.8
450790.5
457857.3
457906.8
457947.1
458102.2
458108.6
458234.6
458261.1
458261.8
458353.2
458380
458392.8
458393.3
458399.3
458514.8
458523.8
458573.5
458588.3
458626.8
458626.9
458702.6
458893.9
459011.5
459018.4
459037.4
459146.9
459204.8
459354.3
459879.5
464771.5
465040
465216
465254.8
465273.3
465304.7
465447.7
465456.6
465547.1
465613.4
465728.9
465734.6
465745.2
465821.3
465843.9
465855.8
465912.1
465980.9
466082.8
466114.8
466229.8
466307.2
466357.7
467132.3
472537.5
472804.9
473330.4
473654.8
474055.5
474320.2
474499.4
475121.9
475235.5
475273.9
475435.6
475617
475881.4
475986.3
476022.9
476173.4
476226.2
476400.8
476875.6
476985
477090.1
477213.3
477256.1
477401.5
477435.9
477462.8
477575.8
477608.4
477771.9
477799.3
477821.4
477883.7
478067.9
478276.1
478409.1
478474.4
479706.8
481349.5
486343.1
486526.9
487031.6
487245.4
487276.2
487445
487446.6
487816.6
487880.9
488122.7
488219.7
488286.5
488437.7
488780.1
488807.4
488809.2
488984.8
489006.7
489052.6
489439.6
489588.9
489614.5
489676.7
489836.7
489916.2
490192.4
490202.9
490226.6
490282.5
490291.4
490368.6
490710
490722.6
490827.1
490842.8
491292.6
491434.2
491617.4
491758
491790.1
492057.6
492199.5
492687
493110.5
493162.8
493283
493331.9
493629.1
493677.6
493696.2
494110.6
494149.7
494186.6
494475
494667.2
494873
494972.4
495038.3
495311.2
495643.1
496111.6
496296.8
496298.2
496468.4
497064.4
497158.6
497228.6
497255.9
497372.5
497498.4
497515.7
497700.7
497883.2
497968.2
498273.2
498908.8
499027.1
499027.5
499028.4
499175.7
499228.4
499417.6
499449.1
499653.3
499777.4
500341.8
500368
500470.9
500497.4
500645.5
500944.7
500992.1
501274.7
501381.1
501471
501863.5
502143.5
502266.5
502469
502572
502805.3
502983.5
503211.9
503259.9
503314.9
503434.7
503643
503778
503922.8
504200.2
504247
504267.2
504389.6
504449.9
504464
504510.7
504562.5
505018.2
505091.1
505106.2
505163
505243.1
505311.7
505754.8
505811.7
505814.2
505899.4
506041.9
506155.5
506206.4
506278.5
506444.4
506482.6
506559.9
506635.4
506668.2
506705.4
506722.4
506785.2
506960.3
507027
507037
507187.5
507747.5
507754.4
507819
507990.4
508688
509021
509424.8
510475.6
512640.8
517245.8
517480.8
517558
517651.3
517665.4
517780.6
517803.4
517804.1
517859.1
517882.2
517905
517937.2
517941.9
517966.3
518011.4
518060.9
518068.4
518133.7
518188.9
518194.6
518306.7
518328.7
518420.9
518467.3
518535.1
518553.3
518574.2
518599.8
518600.4
518662.7
518687.1
518697.5
518727.2
518769.2
518785.7
518805
518817
518842.7
518872.7
518883.2
518982.5
519065.1
519071.3
519137.6
519204.8
519218.9
519235.5
519344.3
519421.5
519469.1
519655.5
519782.9
519822
519859.8
519861.8
519923.9
519994.2
520111.1
520304.6
520373.7
520399.7
520407.4
520423.5
520479.1
520600.2
520650
520845.2
520890.3
520966.7
521089.7
521102.1
521139.1
521220.5
521321.6
521594.4
521621.9
521636.8
521638.9
521723.9
521877.3
521888.5
521953.8
521967.2
522402.4
522523.1
522525.2
522545.7
522768.4
523074.3
523276.4
523414.8
523675.5
523963.1
524242.8
524720.9
529628.9
532270.3
532319.2
532518.6
532526.9
532614.4
532719.7
532722.9
532780.9
532795.4
532826.1
532844
532867.5
532874
532882.9
532919.4
532990
533133.2
533179.3
533183.2
533259.2
533261.4
533272.3
533288.5
533301.6
533331.2
533564.6
533643.3
533775.1
534071.3
534151.8
534183.1
534613.9
534670.6
534807
534824.7
534829.4
534842.4
534908.2
535077.2
540736
540961.9
541108.9
541293.3
541498.6
541561.4
541819.1
541832.4
541936
541977.8
542143.7
542168
542216.3
542237.7
542260.4
542431.8
542820
543698.2
545109.1
545708.1
545843.6
546054.3
546289.1
546587
546718.6
546813.4
546835.7
546982.2
547049.5
547146.8
547214.1
547272.2
547313.9
547379.6
547419
547505.7
547673.3
547676.6
547754.7
547898
547993.9
549226.7
556078.2
566534.2
568930.5
570301
570682.1
572078.4
572262.3
572589.5
572646.8
572767.7
572830.7
572911.6
572925.2
573309
573397
573446.6
573831.5
574158.8
574232.3
574236.6
574238.2
574281.3
574386.5
574527.5
574565.7
574620.6
574699.2
574794.6
574806.9
574867.7
574946.8
575070.9
575314.5
575439.8
575507.3
575533
575644.5
575833.4
575968.9
579509.3
579749.1
579831.6
579865.4
579964.4
580054.3
580057.1
580424.7
587319.1
587421.2
587644.6
587862
588086
589532.3
589600
589641.4
589782.2
589821.3
589934.6
591189.5
591390.2
591423
591451.9
591522.6
591540
591562
591599.8
591620
591677.9
591736.2
591748.8
591934.6
592377.2
592463.7
592528.9
593741.7
593764.1
593898.5
594050.1
594179.6
594282.6
594612.1
