12988.2
13058
13078.7
13225.2
13266.8
13496.2
13538.7
13564
13743.2
13745.1
13760.9
14053.7
14065
14429.5
14631.8
14773
14794.1
14852.5
15106.5
15173.2
15242.3
15330.2
15889
23976.8
24145.6
24626.9
24783.7
25039
25378.4
25813.9
25973.7
25987.5
26009.7
26076.2
26117.3
26181
26435.1
27045
27135.5
27594.2
27801.9
28243.5
28650.6
29256.9
79047.1
79116.7
79131.2
79140.9
79180.8
79354.7
79742.1
79862.2
80498.3
80517.5
80579.4
80673.1
80727
80760
80864.7
81014.3
81129
81304.4
81332.7
81452.1
81455.8
81546.1
81745.6
82364.4
82429.1
82555.4
83232.7
83336.4
83637.2
83767
83870.7
84094.1
89284.2
89849.3
90658.8
162462.5
162487.5
162608.5
162742.1
163069.5
163074.2
163101.3
163301.9
163569.4
163766.2
164056.4
164131.7
164216.5
166928.6
168354.7
168394.3
168405.3
168521.7
168612.5
168916.3
168933.9
168959.6
169064.9
169108.5
169163.3
169174
169191.6
169631.8
169653.9
169841.8
173899.2
173924.6
174211.8
174240.3
174326.1
174431.6
174437.8
174442.6
174443.5
174541.1
174582.9
174672.6
174921.3
174984.9
176183.3
176471.3
185234.4
186545.6
186726.3
186995.4
187069.1
187094.6
187113.2
187182.3
187327.9
187333.6
187359.7
187364.3
187471.6
187565.5
187575.9
187588.5
187596.1
187693
187703.6
187771.2
187792.6
187869.7
187902
187949.8
187992
188026.2
188035.9
188133.3
188225.2
188249.8
188447.8
188726.3
189591.7
189650.9
191690.6
220900.1
220978.6
221073.6
221233.4
222053.5
222238.5
222492.8
222525
222527.1
222579.7
222593.8
222595
222612.1
222628.1
222677.1
222678
222749.5
222772.6
222773.3
222814.8
222856.4
222884.8
222887.3
222994.3
223004.8
223008.3
223033.8
223259.4
223467.2
223559.1
223701.9
224012.1
225390.9
228930.1
229691.7
229694
230070.4
230084.9
230108.2
230339.2
230407.3
230472.2
230733.1
257180
259445.4
278651.8
278802.6
288292.8
290550.1
291949.5
292339
293227
294845.2
295058
297786.6
297849.2
297980.8
298049.1
298130.6
298222.5
298387.5
298465.3
298679.7
298689.1
298747.5
298769.7
298819.2
298945.4
299335
299645.5
299744.9
299857.3
300163.4
300521.6
335683.6
335773.5
336117.5
336172.6
336269.3
336343.6
336350
336413.7
336444.8
336446.7
336464.7
336547.5
336670.6
336722.8
336741.6
336835.3
336855
336907.1
336954.2
336966.7
337039.4
337160.3
337167.5
337197.7
337275.5
337385.4
337395.3
337452.6
337507.4
337619.5
337641.5
337672.5
337687.3
337747.8
337864.8
337889.8
337969.1
338103.2
338235.3
338303.3
338463.3
338766.4
338815.3
348349.2
348483.9
348669.7
348746.9
348871.4
348891.9
349020.8
349105.4
349272.1
349341.1
349465.7
349511.3
354440.5
356440.5
365220.7
366179.3
368017.1
371538.1
372441.6
421268.7
421407.3
422825.5
422949.5
422989.2
423021
423299.6
423318.5
423321.2
423346.7
423494.7
423517.4
423571.4
423587.8
423655
423919.2
423933.9
424227
424375.5
424392.7
424813
424974.3
425022.1
425186.2
425318.8
425325.2
425359.3
425362.9
425402.2
425530.1
425553.7
425555.7
425648.7
425732.9
425752.6
425809.7
425872
425912.6
425928.3
426041.8
426091.3
426190.5
426346.5
426370.9
426378.6
426380
426648.9
426678.3
426798.5
426892
426954.2
426991.1
427244.1
427568.4
427574.8
427590.1
427602.9
427689.2
427764.5
449311.9
449324.4
456868.6
457502.5
457705.6
458184.4
458246.6
459907.3
459998.6
460154.8
460269.2
460348.3
460349.7
460520.4
460531
460572.1
461192.3
463830.3
463919
463975
464003.3
464070.3
464330.4
512604.2
513179.6
513383.8
513443
513664.1
513964.6
514020.1
514065.5
514079.6
514107.4
514144.1
514183
514417.4
514509.7
514536.9
514547.9
514663.9
514732.7
514798.4
514803.9
514823.8
514834.4
514905.8
515068.9
515075.7
515106.3
515122.1
515168.5
515361.4
515399.2
515543.3
515593.1
515603.7
515606.5
515684.1
515766.6
515814
515842.5
515864.7
515922.4
515950.6
515952.1
515960.7
515980.4
515986.5
516011.8
516026.8
516213.1
516305.5
516355.7
516393.2
516453.5
516458.2
535086.4
535126
535193.5
535340.8
535396.1
535451.8
535576.6
535688.9
535699.9
535933.8
535966
535973.6
536031.9
536045.8
536055.2
536115.6
536116.9
536181.4
536384.7
536400.3
536404.7
536497.5
536580.7
536594.9
536655.3
536761.6
536819
536908.8
537138.5
537210.8
537235.7
537537.7
537590.3
538054.8
538719.5
539118.8
539184.1
539189.8
539238
539338.7
539444.2
539455.4
539520.2
539693.3
539731.2
540011.3
540047.4
540206.4
540535.2
548065.8
548271.5
548650.1
548702.3
548787.5
548793.9
548838.2
549022.9
549093.7
549098.1
549551.4
562979.4
567478
567885
568112.3
568168.1
568210.1
568238.2
569087.6
569556.9
569584.7
569779.9
569821.7
570035
570178.9
570334.7
570545.3
570954.4
570999.7
576078.1
576117.6
576229.3
576259.3
576422.9
576571.2
576582.6
576585
576644.3
576650.7
576698.8
576743.4
576750.9
576934
576968.1
577110.9
577126.3
577135.9
577194
577228.5
577346.9
577378.2
577521.6
577842.4
577897
577985.7
579806.3
579892.8
580033.9
580084.6
580185.5
580211.8
580247.9
580553.2
581601.6
585296.3
585556.5
585628.9
585721.4
585865.3
586026.1
586079.2
586112.7
586122.8
586322.3
586364.8
586436.9
586487
586497
586733.2
586759.9
586849.6
586873.4
587027.3
587144
587540.8
587592.9
587754.8
588859.4
588947.9
589421.5
589512.3
589529.7
589611.4
589653.1
589737.7
589792.2
589849.6
589975.1
590051.9
590361.2
590694.6
590870.4
