35.8
55.4
289.3
324
532.5
778.9
971.5
1004.6
1032.8
1051.8
1080.1
4316.5
4474.4
4521.5
4604.5
4625.6
7804
7886.2
7905.4
7951.3
7972.5
10145.7
11587.7
11779.7
12507
12725.9
21014.8
21036.6
21056
22668.2
23353.6
23365.2
23375.9
23399.8
23424
29867.3
31156.5
31172.3
31197
31256.7
31344.9
31345.1
31365.4
31417.4
31420.7
31433.4
31553.6
31609.4
31677.4
31721.8
31751.6
31794.3
31987.2
32028.8
32188.3
32474.6
32495.2
32594.2
32688
32705
32795.8
32810.6
32871.2
32951.8
32994.2
33021.7
33101.9
33199.6
33228.4
33275.3
33636
33763
33894.7
34015
34029
34111.2
38856
40172.4
40205.5
40856.5
40869.7
40872
40974.3
40993.5
41068.8
41184.9
41191.9
41231.8
41244
41249.8
41492.1
42105.2
42382.9
44249
46105.3
46198.6
46262.1
46324.6
46328.6
46349.4
46409.4
46422.3
46487.1
46910.7
47021.5
47106.8
47260.6
47365.1
47371.9
47383.7
47445.6
47753.5
47830
51201.4
51498.5
51849.3
52158.5
52242.7
56395.2
56556.9
56625.5
56746.4
56870.4
56921.2
56960.8
59581
59884.6
60792.1
60863.3
61083.9
61186.1
61416
61428.7
62538
63857.5
65157.4
65221.5
65299.4
65444.8
65459
65492.4
65552.5
65605.8
65616.5
65631.9
65669.5
65684.8
65790.7
65792.8
65821.2
65890.5
65906.6
65910.4
65927.3
65988.1
66064.2
66088.3
66107.5
66130.8
66148.1
66150.7
66937.1
67107.2
67193.9
67210.4
67215.5
67220.8
67247.4
67251.7
67267.5
67297.6
67309.9
67323.5
67400.4
67434.4
67552.8
67569.4
67630.4
67732.3
67772.2
67972.4
68007.3
68060.1
68238.9
68264.7
68293.1
69589.4
69620.4
69624.6
69721.2
69750.7
69751.8
69807.1
69853.6
73063.2
73098.9
75172.6
75384.6
75389.5
75405.6
75486.1
75562
75791.8
75879.4
76012.1
76018.2
80647.9
80754.1
81154.7
81188.9
81333.5
81897.3
83832.2
84126.7
91503.4
104600.3
104676
104807
104865
104952.2
104973.1
105074.8
105127.9
105128.8
105141.8
105211.6
105217.4
105263.6
105273.4
105277.4
105346.9
105585.3
111197.9
111223
111225
111276.5
111296.3
111311.7
111335.3
111390.4
111437.1
111543.7
111663
111834.6
128336.7
128355.5
128778.7
128808.9
128810.9
128816.1
128836.3
128854
128870.3
128905.9
129053.5
129111.9
129116.3
129151.9
129313.5
129340.1
129349.5
129399.8
129400.4
129408.7
129433.2
129433.3
129519.1
129649.4
129658.3
129689.2
129710.2
129713.8
129755.6
141083.3
141248.7
141358.2
141567.5
141592.7
144174.3
144397.6
144424.2
144785
145053.7
145068.8
145390.8
145885.4
146268
146323.6
146549.1
146566.6
146634.8
146769.3
146910.2
147134.5
147144.5
147396.9
147453
147717.3
147973.8
148439.3
148567.3
149192
149221.5
149445.5
149492.3
149507.3
149507.4
149663.9
149746.2
149804.3
149938.1
149944.2
150004.9
150277.9
150355
150370.6
150458.8
150734.9
150888.7
151212.8
151472.5
151671.1
151758.3
152311.1
152757.8
152977.8
153791.7
153863.9
154032.7
154352.2
155628.7
156198.8
156231.6
156247
156516.7
156753.2
156754.6
156784.6
156845.6
156863.1
157137.9
157486.5
158386.9
158945.7
158963.7
159013.5
159031.2
159069.7
159106.7
159169.2
159213.5
159291.2
159318.5
159446.5
159455.9
159537.1
159600.7
159613.8
159720.1
159720.3
159779.8
159838
159852
160391.3
160573
160589.8
161561.5
161611.7
161628.3
161657
161681.3
161685.7
161738
161807.1
161808.1
161954.1
166738.1
166775.9
166840.2
167317.5
168024.7
168040.2
169347.5
170087.6
170292.5
172390.1
172533
172560.1
173089
175277.4
183057.2
183078.5
187144.7
187184.8
189270.5
189426.5
189454
189530.5
189541.4
189708
190177.7
190808.3
192806.1
192846.5
193768
193824.3
193862.2
193892.2
194010.1
194041.4
194128.1
194131.2
194270.6
194432.3
194438.8
194471.9
194567.8
194757.8
194841.4
194910.5
195088.2
201817.2
204081.3
204517.1
210308.7
210457.1
221322.7
221418
221468.8
221504.5
221765.8
221874.9
222010.2
222561.2
225550.9
230469.1
230500.2
230543.6
230647.7
230663
231967.8
232081.1
232095.1
232098.6
232661.2
232669.5
233835.7
239837.1
239883.3
239907.1
239911.6
239922.5
239967.3
239991.6
240031.5
240043.5
240063.4
240081.3
240106.6
240151.8
240170.7
240234.5
240257.3
240331.3
241381.3
243890.9
243968.1
245855.2
246117.3
246153
246261
249567.6
249667.6
249733.9
249841.8
249964.9
249982
250043.8
250113.1
250130.4
250207.5
250287.4
252775.8
252962.7
253031.6
253062.7
253122.6
253184
253217.4
253225.4
253233.1
253250.3
253300.5
253314
253325.3
253395.3
253526.7
253619.6
253727.1
253852.7
253853.3
253948
254086.3
254087
254176.6
254302.5
254354.3
254380.2
254501.9
254553.6
254553.7
254567.3
254587.1
254600.8
254635.8
254636.3
254683.7
254712.2
254748
254785.9
254854.3
254934.7
254970.4
255061.1
255224.8
255312.5
255462.5
255524.8
255554.1
255578.7
255593.9
255647.6
255671.7
259050.5
263644.1
263668.8
263701.2
263767
263800.5
263815
263911.7
263929
264068.5
264290.1
264326.7
264347.4
264374.9
264401
269796.3
269848.9
269934.6
272962.9
273367
275182.7
275197.9
282673.6
282689.1
282847.9
282857.4
282931.8
282959.1
283435.3
284994.9
285174.3
285763.6
285914.4
285965.9
286198.8
287866.4
293045.3
299039.9
299265.6
302704.7
303338
314414.8
314474.2
314697.7
314810.5
315163.7
315469
324466.6
330202.9
330244.5
330396.3
330398.5
330471.3
330583.4
330806.7
330816.6
330845.1
330962.1
331065
331072.9
331081.4
331154
331239.2
331341.6
331362
331381.9
331447
331596.9
331611.5
331672.4
331746.2
331775.8
331782.7
331814
331819.5
331854.1
331861.3
331904.6
331979.8
335088.7
335230.3
335358.1
335410.2
337032.1
337194
337601.6
337903.9
337929.2
339448.8
339671
339773.4
339875.2
339896.4
340076.4
340295.1
340437
340473.4
340633
340633.5
340672.3
340705.2
340806.3
340863.3
340877.7
340884.9
340889.7
340943.9
341026.4
341124.8
341183.1
341228.6
341309.6
341323.7
342008.4
342966.6
343121.6
343155.7
343193.3
343262.9
343266.8
343282.9
343369.4
343482.4
343506.8
343509.5
343528.8
343551.1
343576.2
343612.6
343625.7
343628.7
343668.5
343685.4
343689.5
343751.9
343816.3
343913.7
344094.6
344108.3
344265
344266.3
344307.4
344373.4
344374.8
344421.2
344423.1
344436.3
344450.4
344464.3
344494.3
344539.4
344586.6
344588.1
344603.3
344604
344612.4
344627.7
344673.2
344705.7
344740.9
344766
344787.1
344822.5
344877.6
344903.6
344960
344961.7
344975.8
345012
345107.6
345217.1
346136.8
346445.4
346474.5
346531.8
346688.7
346705.7
346817.8
347337.9
347389.4
351380.3
351395
351679.8
351723.4
352132.4
352505.3
352546.1
352568
352651.3
352732.2
371943.3
371996.2
382811.3
386643.5
386720
387390.8
387639
387673.4
388469.4
388610.7
388721.7
388871.2
389077.2
389095.5
400480.9
403829.2
404634.1
407789.8
408243.5
408966.9
408972.9
409074.7
409656.9
410765.8
411148.2
411473.8
411533.5
411846.1
420927.1
423362.8
423422.8
423525.5
423675.6
423706.8
423713.3
423730.8
424000.2
424008.2
424040.1
424138
424994.4
424996.5
425059.2
425088.7
425089.9
429832.7
429948.2
429991.3
430036.2
430223.7
441876.6
441984.1
442060.1
442137.8
442170.6
442294.9
442402.5
442442.4
442524
442582.7
442706
442903
442905
442946.6
442994.3
443038.2
443245.9
443368.9
443456.1
443507.6
443514.2
443642.1
443650.8
443702.3
443939.8
443989.8
444022.4
444054
444170
444299.5
444380.7
444409.7
444431.5
444506.8
444625.2
444822.2
444894.6
448596.1
448681.8
448696.5
448720.9
448734.5
448786.2
448822.9
448872.5
448993.1
449014.6
449177.6
455347.4
455511.1
459881.1
463754.4
463797.8
463830.3
463968.2
464098.6
466762.6
466857.7
466889.9
466960.3
467041.7
467203.8
467261.3
467373.1
467373.2
467381.3
467444.3
467454.9
467471.6
467502.7
467536.5
467633.5
467680.1
467701.1
467811.4
476033.7
477786.4
511990.5
513621.6
513832.7
513875.6
514072.2
514089
514496
514607
514662.4
514682.6
514807.9
514862.7
514894.9
514984.1
515040.7
515239.7
515275.1
515333.6
515354.3
515396.6
515468.8
515528.8
515551.5
515558.8
515633.2
515638.7
515707.1
515765.1
515772.7
515814.2
515887.7
515987
516025.1
516136.7
516223.5
516245.7
516290.3
516409.2
516463.7
516509.1
516579.7
527815.8
528912.7
529015.9
529138.9
529240
529269.7
529396.2
529604.3
529759.2
529864
529866.9
532305.6
532335.3
532360.9
533387.3
535384.3
539074.9
539185.5
539192.3
539228.1
539321.3
539364.6
539415.3
539427.9
539433.2
539588.1
539693
542830.5
542960.8
543063.3
543948.1
544151.9
545055.3
545896.8
546142.1
549345.9
549594.6
549672.5
549827.4
549836.7
549865.1
550097.7
561841.9
561846.6
561867.4
562146.8
562161
562254.8
562295.9
562339.7
562543.6
562553.6
562746.8
562777.5
562945.6
562979
563111.4
563166
563222.9
563352.5
563467.2
563545
563549.7
563674.4
563806.4
564005.3
564260.6
565863.5
568529
568731.7
569046.5
571626.7
571670.1
571751.8
571832
571934.5
572930.7
574404.9
576309.3
576356.7
576409.2
576552.7
576603.7
576641.9
576683.5
577091.9
577354.7
578308.8
578942.3
579207.6
579320.2
579334.1
579338.7
579460
579461.9
579668.8
585751
585779
585854.7
585956.1
586065.6
586149.8
586205.3
586364.5
586445.2
586498
591401.7
594819.6
594911.3
594949.5
594969.5
595030.6
595074.2
595098.8
595117
595273.4
595322.2
595358.5
595607.5
597102.7
597149.9
