4970.3
5074
5115.7
5176.4
5216.2
11059.9
11202.1
11369.3
11388.1
15882.1
15989.9
16306
16486
16556.3
16693.5
16756
16774.8
16811
16824.2
16983.5
17004.7
17071.7
17190.3
17369.3
17788.5
19027.5
21802.5
21950.5
22361.8
22438.6
22535.6
22550.8
22631.2
22634.6
22701
22703.3
22832.4
22845
22852.1
22852.8
22856.4
22948
22963.5
23016.4
23064.6
23067.4
23336
23402.1
39099.9
39236.3
39250.6
39278.1
39298.4
39300.9
39317
39326.8
39380.2
39446.3
39482.6
39483.7
39506.5
39519.8
39613.7
39626.7
39632.4
39667.9
39767.9
39786.6
39852.6
39865.3
43460.2
43803.4
44051.1
44093.9
44113.5
44126
44147.2
44192.9
44288.1
44297.4
44324.2
44402
44492.5
44522.2
44555.8
44580.8
44812
44822.6
44951.9
44974.6
44986.2
45074.4
45074.5
45237.3
51097.1
51311.7
51445.3
51553.2
51571.3
51634
51888.9
51926.7
51945.6
51947.2
52015.5
52058.3
52089.1
52149.3
52179.8
52283.7
52284.6
52340.6
52343.5
52401.4
52416.1
52445.3
52457.1
52673
52816.5
52883.3
53064
53158.8
53185.7
53189.3
53215.4
53249.9
53314.7
53841.2
53873.9
53912
54043.2
54136.6
54137
54153.3
54317.2
54356.5
54361.5
54406.6
54444.5
54539.1
54555.3
54590.2
54623.4
54869.4
59902.1
63346.6
63354.3
63564.6
63620.3
63636.9
63637.6
63678.3
63698.7
63720.2
63865.6
63907.6
63916.8
63938
63955.2
63969.9
63993.7
64009.3
64012.9
64067.4
64068.2
64093.9
64100.5
64114.5
64142
64173.1
64187.3
64298.3
64319.9
64383.1
64542.9
64580.1
64620.7
64626
64631.8
64904.2
65115.8
66025.5
66478.4
67138.9
67248.9
67344.4
67462.5
67695.4
67939.2
68008.4
68313.6
68464.4
68483.8
68849.4
72044.7
72717.9
72796
72875.6
72897.7
72906.1
73050.1
73057.4
73080.5
73226.4
73423.8
73483.8
73599.1
73626
73681.4
73761.5
73767.5
73771.5
73784.6
73803.2
73806.7
73816.7
73949.5
74102.3
74132.4
74161.3
74199.6
74219
74435.8
74448.6
74877.1
92784.9
97165.7
97600.7
97939.9
99476.2
99986.2
100838.6
100976.4
101001.6
101666.1
111892
112009.7
112362
112379.7
112381.9
112426.2
112493.7
112540.6
112584.5
112585.9
112630.9
112636.4
112756.1
112767.7
112859.4
113088.1
113307.7
113344.1
118828.7
118905.5
119202.4
119726.1
120063.3
124950
125257
125583.2
125590.4
125745
125761.4
125768
125794.7
125863.8
125865.2
126107.8
126298
126369.8
126426
126552.9
127769.5
134828.3
134859.9
135430.9
135867.3
136389.4
137248.1
138320.7
139168.2
139748.5
139938
161106.4
161134.1
161370.5
161657.1
161738.8
166789.3
172888.1
172935.2
173145.9
173150.3
175691.8
179294.2
179295.5
179358
179414.1
179479.9
179523
179554
179673.4
179718.7
179763.3
179868.3
179884.9
179999.6
180008.2
180011
180068.4
180152.3
180168.8
180207.3
180267.8
180325.5
180406.2
180432.9
180458.4
180491.9
180529.7
180579.6
180681.4
180740.6
180803
180878.6
180884.1
180939.9
180943.2
181025.1
181124.3
181178.8
181247.8
181397.1
181462.2
181519.8
181627.7
181709.9
181824.5
182140.4
193093.1
193305.5
193507.8
193706.1
193805
193952.3
193992.9
194143.5
194199.1
194256.7
194840.7
194910.6
194967.9
195040.6
195126.5
195156.3
195237.7
195254.7
195466.7
200121.8
202407.5
205606.3
207787.8
207816.6
208815
208830.5
209326.7
212838.5
212882.1
212911.1
212952.6
213179.4
213212.2
213270.3
213279
213371.1
213398.9
213435.3
213450.4
213533.7
213539.3
213597.6
213612.1
213635
213693.6
213756.4
213783.7
213824.6
213915.7
213921.9
214003.9
214075.1
214091
214096.3
214113.8
214157.1
214299
217940.6
219175.5
219259
219311.5
219341.8
219417.6
219427.7
219548.5
219550.3
219904
220048.8
220219.9
220367.2
221680.8
221824.7
231788.6
231913.6
231921.4
232157.2
232177.9
232316.5
232321
232329.7
232357.3
232457.8
232487
232708.1
232832.5
232921.3
232971.2
232972.3
232984.6
232993.3
233001.3
233011.3
233013.3
233039.4
233051.3
233069.8
233095.5
233202.8
233216.5
233221.8
233245.9
233328.9
233441.2
233492.3
233507.2
233527.5
233555.8
233575.2
233578.2
233614.6
233831.9
233879.9
233919.1
233980
234047.6
243567
243601.6
243757.4
243797
243987.1
244034.2
244041.8
244050.7
244140.2
244199.9
244204.7
244342.4
244377
244431.5
244461.5
244463.4
244463.8
244493.3
244592.8
244660.3
244666.7
244676.1
244711
244751.2
244823.4
244839.2
244883.2
244908.9
244912.6
244946.2
244947.1
245009
245054.7
245067
245091.9
245134.5
245176.2
245177.6
245236.4
245309
245359.9
245377.4
245377.6
245396.9
245407
245455
245486.4
245488.5
245527.3
245650.8
245722.7
245809.9
245835.3
245845.8
245934.6
245961.4
246090.2
246095.9
246168.3
246170
246187.8
246192.4
246272.2
246302
246355.9
246368.1
246383.8
246419.8
246807.2
246866.9
249476.8
249637.4
249652.7
249898.5
250183.5
250326.6
250369.4
250413.2
251209
264505
264681.8
264721
264826.4
264827
264841.2
264865.7
264979.7
265188
265214.9
265221.1
265267.6
265393.9
265402.6
265486.4
265516.4
265949.8
266010.2
266061.5
266110.6
266147.8
266157.3
266184.3
266337.6
266430.8
266451.4
266661.8
266836.5
266886.9
266920.7
266945.1
266971.2
267044.3
267125.5
267218.7
267255.2
267266.5
267410.9
267482.3
267513.3
267521
267569
267581.4
267590.1
267612.6
267720.8
267724.2
267742.2
267752
267752.2
267819.7
267855.4
267862.5
267891.7
267963.4
268145.2
268221.7
268262.6
268275.3
268404.4
268406.7
268433.8
268438.7
268458.6
268520.8
268561.6
268570.9
268575.1
268640.8
268647.5
268664.1
268676.4
268688.3
268869.4
269009.5
269566.9
272973.6
273046.8
273068.2
273368.7
273394.7
273427.3
273630.9
273634.1
273710.6
273853
273854.9
273862.5
273898.4
273905.7
279700.6
280507.4
280652.2
280812.7
280862.9
280863.1
280892.2
281003
281136.1
281190.1
281192.7
281207.4
281378.5
281449.8
281456.2
281457.6
281460.4
281525.4
281547.6
281691.3
281758.5
281791.4
300059.9
302733.2
302934.6
303150.7
303295
303500.3
303541.6
303594.1
310190.5
311934.9
312012.1
312469.1
312516.8
312589.1
312765.6
312783.4
312880.4
312896.7
312916.2
312958.8
312982.6
313012.8
313026
313041
313054.3
313070.3
313165.8
313191.9
313263.7
313274.7
313310.8
313342.1
313477.9
313558.8
313949.5
314001.7
314187.2
314326.7
314376.3
315504.7
315522.1
315647.4
315710.3
315757.4
316028.3
316072.2
316240.7
316249.4
316358.6
316526.2
316535.5
316542.5
316599.6
316618.2
316769.1
316778
316821.4
316887.2
316902.7
316962
317013
317014.2
317116.1
317130.7
317223.1
317237.8
317300.2
317356.5
317380.8
317404.2
317454.7
317558.7
317591.4
317647.7
317655.1
317658.4
317671.3
317754
317798.6
317822
317897.9
317963.9
317973.6
318024.5
318113.3
318173.8
318225.6
318245.8
318260.2
318315.8
318332.8
318336.3
318341.1
318354.4
318371.8
318395
318424.4
318478.9
318480.4
318486.4
318487.7
318708.1
318762.7
318815.8
318857.7
318895.4
319025.4
319072.9
319092.9
319106.9
319110.3
319119.9
319163.7
319176
319199.2
319209.3
319340.6
319388.4
319500.1
319514.2
319713.3
319837.1
319853.5
319964.8
319979.5
320008.4
320172.8
320176.3
320181
320186.4
320228.5
326761.9
327089
329486.7
329691.4
329827.5
329853.1
330058.1
330087.4
330094.3
330171.9
330216.7
330247.1
330258.1
330315.6
330395.1
330473.6
330517.2
330589.6
330750.3
330844.4
330850.9
330951.5
331227
331238.6
331563.9
338614.2
341696.7
341702.4
341795
341955.1
342036.9
342050.3
342094.3
342461.2
342533.7
342654.8
344067.2
373795.2
373824.1
373840
373890.8
374099.6
374162.9
374226.9
374262.7
374263.1
374361.4
374388.7
374401.2
374407.6
374421.3
374425.4
374467.8
374490.9
374522.7
374524.2
374537.4
374555.5
374690.5
374808.5
374851.2
374887.9
374958.8
374967.7
375036
375039.7
375214.7
375259.8
375305.2
375342.5
375418.7
375424.1
375429.2
375483.1
380117.3
396549.1
397053.1
397207.2
397208.2
397232.8
397304.5
397369.4
397518.5
397634.5
397871.6
398014.2
398039.8
398053
398439.5
398525.7
414029.1
414428.3
415216
415310.8
419124.3
419326.5
419335.4
419525
429707.5
430242.5
430327.5
430366.4
430464.3
430578.1
430588.5
430618.7
430690.1
430727.8
430748.9
433564
435911.8
438690.8
440848.2
441006.2
441283.1
441466.1
441467.9
441497.7
441588.4
441590.7
441632.8
441674.7
441878.4
441943.8
441964.3
442003.6
442240.1
442282.6
442359.3
442473.7
442646.7
442649.2
442656.5
442671
442709.9
442726.5
442744.1
442796.3
442804.1
442821.6
442952.6
443011.4
443034.8
443111.9
443119.4
443134.4
443142
443152.4
443255.9
443257.5
443398.3
443449.4
443477.5
443565.6
443598.2
443636.3
443666
443788.1
443920.2
443951.9
443957.2
443998.3
444025.7
444102.1
444115
444141.9
444173.6
444215.5
444346.1
444381.2
444458.5
444510
444592.3
444666.6
446064.3
449551.6
449580.9
449719.9
449782.6
449850.9
449903.5
450467.1
450535.5
450545.5
450716.7
450730.9
450744.8
450766.9
450826
450900.8
450957.4
450969.4
451026.6
451049.3
451055.8
451460.7
451462.1
451489
451582.4
451738.6
451826.1
458185.9
458712.2
458835.1
459180.9
459214.6
459473.7
459571.8
459679.7
466184.5
466335.9
466357.7
467033.1
467445.1
467551.6
467575.3
467582
467636
467644.7
467924.4
468266.2
468595.1
469393.6
469517.7
469825.3
470000.3
470004.1
470260.1
470535.1
471550.5
472117.9
480019.8
480498.8
482610.3
483392.5
483477.7
483538.2
483699.9
483715.8
483815.7
483886.3
483920.6
484043.5
484057
484089.2
484325.8
484825.5
511199.4
511527.4
511750.2
511886.2
511935.1
519146.2
519392.5
519408.4
519490.7
519819.4
519976.7
520026.8
520149.6
520319.1
520607.1
520787.8
520927.9
521129.2
521219
521377.7
522051.7
522110.8
522456.4
522666
523184
523841.2
523886
524164.3
524396.6
524522
524579.7
524999.2
525115.4
525179.5
525309.8
525410.8
525432.2
525581.2
525627.3
525659
525790.6
525795
525874.3
525909.6
525923.5
526083.4
526193.3
526216.3
526314.2
526324.6
526342.1
526441.5
526600
526630.7
526640.2
526680.7
526693
526703.2
526717.9
526759.8
526768.3
526799.2
526863.5
526892.6
526923.1
526940.1
526947.8
526949.2
527072.8
527190.1
527262.5
527280.9
527451.4
527546.6
527714.3
527787.2
527829.3
527915.8
528075.4
528121.3
529228
532834.7
533203.4
533210
533290.9
533615
534034.6
534076.4
534535.8
534537.2
546707.5
546814.2
546946.8
550836.2
551889.5
551939.5
552026.3
552062.2
552090.4
552164.1
552246.9
552295.6
552409.9
552585.6
552592.8
552597.7
552741.3
552819.1
552846.5
552905.6
552914.4
552960.5
553053.8
553095.2
553157.8
553235
553414.1
553423.6
553437.1
553520.9
553540
553560.7
553571
553625.4
553654.8
553705.2
553781.6
553791.5
553894.2
554338.9
554421.9
554441.3
554506.6
554524.5
554540.8
554563.3
554708.1
554748.2
554806.9
554816.1
554817.9
555306.8
555563.5
555675
555879.7
556011.4
556067.3
556477.6
556521.9
556567.7
556659.1
556693.2
557157.1
557212
557302.7
557303.3
557451.4
557492.6
557574.8
557604
557800.2
557877.8
557941.6
557957
557975.9
558283.3
558294.7
558322
558509.3
558512.3
558608.5
558631
558663.8
558677.9
558749.8
558893.3
558910.2
558953
558956.2
558960.5
558989.1
558993.9
559098.7
559103
559302.5
559376.9
559497.7
559562.1
559611.9
559631.1
559753
560283.1
561440.4
563419.2
565091.2
565824.4
573057.3
574234.3
574311.2
574463.8
575057.5
575232.8
579829.9
591562.6
591707.3
591769.1
591933.3
591946.7
591992.8
592258.5
592346.1
592370.3
592438
592461.6
592470.4
592871.5
593232
593243.4
593249.7
593262.2
593380.7
593481.2
594303.2
594415.8
594537.4
594621.3
594808.4
594910.6
594949.3
597116.3
597620.8
598149.4
598354.6
