6739.4
6990.2
7098.4
7130.7
7202.7
7226.3
7254.9
7339.7
7351.7
7360.2
11160.9
13589.1
14644.4
14790.1
14975.5
15132
16263.2
19151.2
19210.7
19287.6
20033.9
20039
20195.3
20381.2
22685
23041
23046.7
23067
23235.2
23308.1
23394.8
23453.5
23527.7
38540.2
38556.7
38711.9
38787.9
51114.2
51845.1
52219.9
54417.4
59184.4
59283.9
59349.3
59354.6
59635.9
59715.3
59761.5
65109.2
65263.8
65276.1
65356.3
65364.7
65411.9
65443.6
65480.4
65534
65573.1
65592.4
65661.3
65682.6
65699.6
65703
65738.4
65739.7
65806.7
65818.1
65821.7
65858
65858.8
65861.4
65904.1
65941.3
65970.9
66021.8
66029.9
66044
66073.6
66100.9
66109.4
66185
66202.6
66232.2
66267.8
66337.6
66348.2
66366.7
66370.4
66402.5
66467.7
66558.9
66564.2
66761
66784.4
66837.3
66901.7
66904.2
66930.8
66934.9
66942.3
66961.8
67245.5
67300.6
67367.9
67385.2
67386.5
67710
67736.5
67811.8
67870.7
67871.3
67932.3
67985
68033.8
68082.1
68223.2
68364.8
68469.1
70682.7
70803.7
70925.9
71099.9
71288.1
71332.9
71369.5
71478.6
71689.9
71695.2
71838.4
71898.8
72066.4
72100.1
72141.2
72215.9
72333.9
72343.1
72414.3
72489.1
72585.4
72841.2
73447.5
75686.5
79794.3
80146.4
80173.2
80188.5
80349.8
80393.4
80698.9
80762.7
80940.2
81870.7
81964.2
82049.7
82056.4
82066.1
82126.1
82399
82401.1
82451.7
82453.8
82591.6
82930.6
82938.7
109208.5
111169.4
111186.1
111697.2
115812.7
116128.1
116161.4
116661.7
117023.4
117034.7
117122.1
117266.6
117268.2
117311.1
117407.5
117521.1
117557.4
117769.4
161368.2
161498.4
161528.2
161540.9
161564.4
161595.5
161668.2
161715.8
161756.1
161770.7
161904.6
165685.6
165915.6
165982.3
165988.5
166092.1
166145.7
166173.5
166175
166339.4
166431.1
166440.3
166601.5
166615.4
166641.7
166693
166868.6
166879.3
166973.1
168859.1
168990.8
169500.7
169528.4
169531.7
169545.1
169549.8
169567.8
169651.6
169683.5
169722.3
169835.5
169934
169941.1
169944.5
169997.7
170184.2
170227.2
170246.5
170281.7
170329.9
170356.8
170372.3
170386.8
170423.3
170461.6
170571.6
172488.5
172586.3
172653.4
172871.3
173235
175489.2
175615
175750.6
187171.8
187202.1
192662.1
192738.9
192753.5
192914.2
192922.3
192994.3
193036
193040.5
193262.5
193292.4
193296
193306.6
193326.7
193573.1
193655.7
193721.3
193798.4
193936.3
193965
194064.4
194124.2
194230
194460.9
194505.7
194626.4
194708.5
194759.3
194772
194828.2
194854.2
200549
211904
212097.8
212139.1
212170.7
212212.3
212228.1
212234.6
212247.5
212254.9
212255.3
212322
212349.2
212390.6
212402
212414.5
212504.2
212530.8
212540.9
212731.1
217712.1
218004.5
218017.5
218115
218218.6
218351
218353.5
218370.4
218420.7
218448.9
218457
218465.4
218631.8
218643.1
218650.1
218685.3
218780.3
219000.2
219035.8
219128.8
221411.9
221747.7
221808.7
221836
221867.3
221905
221985.2
222094.5
222101.2
222140.3
222196.5
222259.1
222308.8
222358.6
222441.5
222499.1
226882.5
227509.2
228782.3
229362.6
229367.6
229369.4
229403.6
229492.5
229560.7
229582.5
229593.4
229612.1
229643.3
229643.9
229646.9
229656
229863.9
229919.7
231468
231535.5
232155.8
232467.1
232602.6
232715.7
232854.8
242231.7
243376.3
243737
243779.1
249769
249897.8
250285.6
263737.7
263972.2
263998.9
271875.3
272129.3
272162.5
272284
272350.2
272352.6
272362.1
272430.8
272437.6
272459
272474.8
272532.9
272556
272596.7
272676.8
272721.4
272831.1
272834.2
272856.6
272999
273029.7
274186.7
278766
278877.4
278982.7
295942.6
296360.7
296411
297921.5
298046.7
298091.2
298218.3
298311.7
298395.1
298449.3
298472.5
309165.2
309489.5
311781.9
311831.3
311888.8
311978.2
312251.7
315302.1
322957.6
322971.2
322982.3
322999.3
323008.5
323026.8
323034.3
323132.1
323140.6
323168.4
323220.6
323237.5
323331.4
323355.5
323389.2
323418.7
323435.2
323456.4
323535.6
323539.9
323543.9
323546.6
323560
323587.3
323647.9
323694.3
323701.1
323739.4
323763.7
323922.2
323929.3
323935.4
323950.4
323962.2
324058.2
324106
324122.4
324139.1
324180.8
324208.8
324235.3
324295
324296.4
324327.5
324392.1
324529.8
324538.6
324574.1
324585.1
324694.8
324729
324826.1
324829.1
324957.8
324977
324982.3
325058.4
326379.2
329625.7
330164.6
330505.1
330634.5
330684.7
330764.9
331112.2
331232.2
331309.8
331355.6
331364.1
331432
331465
331475.2
331514.2
331517.9
331637.7
331810.8
331814.9
331872.7
331888.2
331895.6
331899.3
331934.1
331968.9
332009.4
332042.8
332130.9
332161.1
336390.8
338122.9
338123.4
338438.8
338456.8
338524
338591
338644.3
338649.5
338664.4
338672.1
338769.5
338773.1
338805.4
338824.9
338841.3
338868.2
338902.7
339013.8
339015.8
339043.8
339095.2
339143.1
339186.1
339248
339280.2
339283.9
339292.6
339355.3
339399.4
339427.4
339553.5
344019.7
345465.4
345608
345820.9
345843.7
346005.8
346106.7
346171.2
346248.7
397846.1
420178.7
421022
421299.9
421349.4
427195.9
427285.5
428863.1
429015.3
429067.8
429097.3
429167.7
429185.4
429264
429735.3
429797.5
429800.9
429836.2
429875
429920.4
429928.3
429931.9
430002.3
430015.9
430071.2
430209.6
430227.9
441622.1
441944.9
442206.5
442260
442432.3
443764.7
443797
443840.5
443927
444011.7
444082.6
444310.7
444362.9
444508.3
444578
444636
444667.1
444739
444778.5
444787.1
444795.8
444872.6
444911
445177.8
445180.3
445181.1
445188.9
445201.4
445272.3
445316
445466.9
445547.9
445939
448169.8
448488.4
449589.1
453512.9
453606.8
453877.9
453976.5
454098.5
454119.4
454128.6
454132.5
454164.2
454251.5
454272.8
454279.4
454630.8
454759
454795.6
454867.1
455173
455273.5
455300.5
455572.9
455721.3
458341
458434.4
458653.4
458795
458979
459735.5
459845
459913.7
460075.8
460294.4
460764
466656.1
466931.7
466949.4
467083.6
467271.6
467339
467345.5
467520.3
467771
467969.5
468262.3
469086
469241.3
469392.2
480082.6
480785.9
481208.8
508952
509118.7
509182.9
511794.2
512026.4
512046.2
527607.6
527725.4
527856.6
528341.9
528734.7
529040.3
529045.2
529130.3
529207.7
529217.4
529282.7
529292.1
529303.8
529330.7
529442.7
529459.1
529461.5
529575.7
529585.9
529618.3
529664.1
529681.2
529768.6
529842.6
529910.5
530005.2
530059
530249.5
530324.1
532943
533169
533396.8
534076.6
534679.5
534801.8
534809.2
534839.2
534946.5
534947
534989
535020.8
535039.5
535118.2
535231.9
535337.9
535385
535537.8
535728.8
536045
536312.4
537375.4
550639.2
550669.9
550777.5
550939.3
550969
550971.8
551040.2
551192.3
551784.9
559439.6
559493
559759
559949.7
560052.6
560068
561070.3
561153.1
561283.9
561303.9
561401.8
561552.1
561666.4
561846.9
565126.5
565163.7
565164.2
565278.3
565384.7
565462.9
565476.8
565497.9
565714.6
565724.3
565956.5
566749.7
566807.8
566943.3
567024.2
580068.1
580423
580451.7
580463.2
580531.4
580535.3
580573.8
580588.5
580656.3
580793.7
580894.8
580937.6
587049.3
587166
587204
587224.2
587252.1
587287.5
587289.2
587291.1
587334.2
587374.4
587378.8
587436.9
587438.6
587515.2
587517
587567.3
587723.2
587786.2
587897.4
587937.8
587949.8
587957.9
588004.3
588008.4
588053.1
588058.3
588165.6
588202.8
588208.1
588247.7
588303.6
588421.6
588452.9
588469.5
588511.7
588685.3
588695.1
588803.4
589089.6
589513.8
589581.1
589648.6
591164.2
594796.4
594836.5
594875.2
594936.4
594939.5
595026.4
595045.8
595110.9
595160.6
595198.5
595271.3
595311.5
595318.5
595331.9
595381.1
595433
595451.4
595481.7
597026.5
597150.4
597198.3
597206.5
597348.8
597393.5
597529.2
597631.4
597757
597772.5
597822.8
597995.5
597999
598097.7
598101.9
598243
598244.7
598292.9
598300.9
598414.8
598423.1
598475.9
598604
598803.9
598841.3
598876.7
599043.2
599250.4
599275.1
599368
599708.7
599833.7
599849.4
599885.7
599971.8
