214.9
549.7
5299.5
5302
5416.3
5477.6
5570.3
12078.8
12726.6
17259.3
17396
17422.1
17493.4
17502
17545.9
17688.8
17690.5
17744.4
17802.7
17912.6
17922.8
17924.1
17936.5
18411.2
18430.7
18505
19702.8
23383.7
23400.6
23524
23673.3
23698.2
23749.9
23782.6
23829
23832.6
23833.8
23844.2
23936.1
23940.6
23998.9
25078.7
25084.2
25570.3
25621.1
25820.1
26010.9
26110.1
26130.7
26309.6
26327.6
26467.6
26653.4
26755.9
27123.4
27176
27299
27442.4
27497.8
27699.3
27771.2
27841.3
28010.4
28213.7
28512.1
31345.9
31522.3
31661.7
31675.5
31676.4
31844.7
31939.8
32057.6
32173.9
33261.1
33625
33639.6
40118.1
40351
40393.8
40411.6
40719.4
40766.5
40914.2
40981.2
41001.2
41265.8
41923.6
41979.1
41988.8
42024.6
42042.4
42055
42082.8
42196.6
42224.4
45631.4
45805.2
45865.5
45908.4
45947.5
45950.6
45982.9
46133.9
46275.2
47264.2
57118.8
58576.2
59861.1
59931.3
59975.3
60004
60062
62589.2
66542.1
66703.1
66738.5
66853
69077.1
78543.1
78757.2
78770.2
78806.9
78915.7
78955.7
78992
79056.1
79116.1
79144.2
79146.3
79297.2
79300.3
79575.2
79631.9
79712.3
79721.3
79729.1
79770.4
79819.3
79842.8
79860.1
79914.5
80013.9
80135.3
80410.9
80470.2
80529.6
80782.3
80977.5
81002.9
81169.5
81224.6
81227.5
81307.4
81467.5
81513.4
81569.2
81662.7
81753.3
81914.2
81944.2
81999.4
82101.6
82245.9
82266.7
82275
82392
82450.1
82466.6
82483.4
82488.5
82558.2
82587.6
82609.5
82625.2
82632.8
82727.8
82777.9
82851.8
82858.1
82893.3
82965.8
82981.8
83039.1
83045.7
83211.9
83298.7
83306.7
83400.4
83407.8
83456
83494.1
83531.7
83597.6
83727.5
83768.8
83871.6
83926.2
83982
88379.3
88868.8
91592.2
91606.7
91814.8
91817.2
91831.7
91898.8
92011.6
92039.3
92057.7
92096.9
92171.6
92187.3
92201.9
92205.4
92212.4
94189
105092
105188.4
105244.9
105376.6
113094.2
113214.4
113255.5
113258.4
113298.6
113298.8
113321.4
113364.2
113390.5
113518.2
113655.3
115077.6
118338.8
118401.3
118498.1
118560.4
118591.9
118639
126605.8
127191.6
127855.7
127916.5
140273.6
140344.4
145497
145598
145731.1
146061.3
146873.1
147102.8
147348.6
147411.5
147425.8
147524.9
147554.2
147813
148083.5
148199.5
148246.9
148542.5
148671.3
148686.7
149021.6
149059.4
149220.2
150216.1
150460.2
151112.4
151394.2
151555.4
151661.8
151669.9
151950
152003.1
152018.6
152365.5
152487.1
152561
152829.9
152944
153005.5
153045.9
153184.6
153232.4
153286.8
153372
153601.9
154003.9
154155
154308.7
154353
154388.2
154536
154545.6
154572.3
154611.1
154804.6
154838.2
155022.3
155048.8
155136.7
155353.9
155447.6
155723.5
155809.9
155991.1
156151.1
156551.5
156811.1
156857.7
157135.3
157280.3
157332.5
157389.4
157426.2
157431.6
157482.9
157533.6
157594.4
157599
157905.8
158118.2
158230.7
158250.5
158298.6
158418
158604.3
158632.9
160020.3
160202
160203.1
160415.9
160624.1
160755.9
160771.9
160847.8
162305.7
162368.1
162462.1
162645.7
164075.2
167562.7
167599.2
168182
169585.3
169747.3
169852.2
173980.2
174259.4
174349.5
174812.4
174830.3
174841.3
174844.8
174922.5
174927.4
174935
175059.7
175096.8
175159.5
175168.6
175174.6
175176.4
175199.2
175246.5
175368.9
175419
175431.7
175543.5
175631.3
175712.5
175786.1
175912.8
176007.4
186133.3
186163.2
186624.4
186727.6
186856
186909.5
186956.5
189142.9
189174.1
189394.9
189500.7
189649.9
189678.5
189733.4
189849.8
190069.2
190151.3
190237
190248
190305.5
190321
190540
190558.6
190600.6
194579
194660.8
199505
199532
199543
199580.7
199669.2
199686
199714.9
199828.9
199874.8
199926.1
199948.2
199973.6
200003.9
200059.1
200153.3
200172.4
200219.2
200252.4
200285.7
200352
200365.2
200414.1
200504.7
200522
200635.5
200659.2
200664.9
200687.8
200829.6
200872.4
200907
200945.2
200947.2
200959.7
200964.3
200973
201022
201132.1
201163.3
201177.7
201226.4
201267.8
201299.7
201340.1
201412.6
201429.5
201448.4
201543
201553.8
201556.4
201603.6
201695.9
201715.2
201746.5
201909.6
201911.5
201916.7
201942
202059.5
202290.4
202312.5
202342.4
202349.5
202375.9
202376.3
202380.6
202420.1
202427.3
202470.3
202528.6
202570.9
202576.2
202592.2
202649.2
202675.7
202695.4
202767
202868.2
202947.1
202996
203027.4
203036
203060.1
203079.7
203093.9
203124.5
203125.1
203197.8
203209.7
203243.1
203249.7
203258.4
203352.8
203448.3
203471.3
203524.6
203544.7
203579.1
203582.1
203630.9
203648.7
203651.3
203746.6
203773.5
203795.3
203821.7
203833.6
203834.1
203945.3
203956.8
204020.4
204032.3
204078.1
204087.5
204121.5
204193
204214.5
204239.3
204288.6
204306.3
204317.9
204412.8
204437.7
204438.4
204524.6
204533.2
204554.8
204558.1
204560.4
204569
204608.8
204656
204697.7
204843.2
204885.5
204904.1
205013.5
205123.2
205162
205167.2
205213
205236.7
205256.5
205285.9
205313.6
205346.7
205378.4
205434.2
205509.8
205559.2
210036.9
210093.5
210157.3
210157.7
210275.6
210339.3
210457.8
210492.1
214324.3
214386.5
214406.9
214436.1
214523
214640.7
214804.6
214913.5
215125.2
215181.2
215222.6
215239.1
215241
215257.1
216745.2
216872.8
220034.4
220493.3
222395.9
223664.7
223727.6
223992.7
225994.7
226002.1
228424.5
228664.9
230498.6
230512.1
230553.7
230567.7
230703.9
240448
240557.8
240620.8
240728.3
240738.3
240764
240862.3
240887
240950
241016.8
241022.6
241155
241264.5
241419.7
241457.1
241475.3
241495.2
241520.3
241530
241565.4
241575.7
241610.6
241623.5
241628.9
241860.5
241872.8
241983.8
242352.5
242418.4
242421
242578.2
242580.4
242587.8
242659.9
242673.2
242765.6
242779.5
242811.9
242819.3
242863.1
242865.4
242872.6
243093.7
243151.6
243236.6
249115.4
250777
251709.4
251870
252672.6
252888.6
254622.5
254704.2
255292.2
269600.3
269642.5
269747.9
269818.4
270283.7
274285.6
274360.3
274638.1
274680.6
274734.4
274855.4
274885.2
274917.7
274924.6
274994.1
275015.5
275033.9
275163.1
275339.2
277446.4
277457.9
277577.2
277782.1
277894.8
282162.7
282420.1
282458.3
282526.1
295574.4
295601.9
295709.1
295918.5
295962.2
295972.1
297827
297861.2
297866.1
297918.5
297976.1
298037.3
298067.1
298104.8
298201.1
298323.3
298335.5
298392
298489.2
298789.2
299477.6
299715.6
299758.5
299859.6
299955.4
299976.9
300073.2
300124
300843.4
300944
301555.2
304812.5
305604.5
308972.1
309059.3
310871
310905.9
320237.8
320398.7
320421.6
320454.9
320491.9
320575.4
322288.6
326111.6
326112.7
326130.6
326163.7
326177.8
326243.9
326329.1
332233
332382.3
332415.6
332516.4
332607.9
332609.6
332688.3
332731.1
332784.7
335439.3
335479.3
335643.1
335716.1
342709.4
342855.2
342873.6
342894.7
342934
342970.5
343126.5
343129.9
343184
343226.7
343318.2
343323.1
343338.7
343380.1
343538.9
343566.2
343605
344244.1
344623.6
344629
344697.5
344705.3
344717.3
344825.4
346730
348915.6
349285.8
349324.3
349336.9
365241
365302.6
365567.6
365655.3
365677.6
365814.9
365898.8
365977.1
365991.9
365992.7
366073.6
366160
366251.1
366450
366968.3
367001.3
367025.5
367032.9
367039.1
367070.6
367141.8
367302.5
383881.5
388435.2
394521.7
396360.6
401751.5
403188.4
403336.5
404067
419695.3
419836.9
419851.4
419931.7
420031.7
420053.4
420116.9
420144.9
420153.7
420224.9
420242.1
420291.8
420296.5
420331.3
420407.4
420553.4
421297
421521.2
421538.2
421764.7
421813
421854
421867
421883.7
421890.5
421912.3
421957.6
422025.5
422081
422181.7
422220.3
422227.9
422318.5
422351
422422.2
422429.7
422479.3
422511.9
422525.4
422777.8
427789.4
446114.3
446142.2
446143.2
446148.7
446248.1
446334.1
446408.5
446468.8
446480
446570.8
446692.1
446725.9
446748.4
448464.2
448605.6
448783.4
448819.5
448952.6
449234.3
449375.9
449445.6
449550.1
449573.5
449612.2
451627.7
451693.7
451746.6
451824.2
451898.9
451958.6
451973
451993.2
452013.5
452027.6
452173.5
452335.7
452373.5
452397.9
452622.7
457574.6
457575.5
460391.4
460506
460542.4
460723.6
460902.5
460959.4
463748.6
465223.1
468888.2
475967.7
476253
476331.8
476389.9
477192.1
477386.3
477866.7
478131.4
478206
478226.2
479134.8
479551.9
479907.6
480558.5
480850.3
480946.7
481147.7
481385.6
481507.6
481576.6
481670.9
481693.3
481745.5
481788.3
481823.7
481953.8
505657.5
508956.2
509274.7
510424.8
511212.1
511403.6
511426
512373.2
512374.9
512430
512434.5
512456.4
512465.7
512508.1
512528
512590.3
512701
512704.4
512706.4
512709.7
512714.7
512748
512798.9
513132.7
513176.6
513240.2
513251
528398.3
528492.8
532105.7
532121.7
532142.1
532162.2
532263.8
532383.6
532548.5
535386.4
535531.8
535539.7
535541.5
535560.9
535581.1
535723.3
535823.8
535825.1
535889.2
535944.7
535951.5
536439.8
536481.2
536622.4
536785.2
536930.7
536990.9
536994.5
537074
537093.8
537132
537183
537203.2
537232
537318.2
537374.4
537525.8
537527.6
537960.8
538019.2
538530.3
538644.9
540290.2
540292.2
540371.5
540442.6
540446.7
540478.3
540481.7
540634.8
540705.9
540727.9
540795.3
542532.9
542775.4
542823.5
542973.8
543126.3
543134.1
543171.1
543194
543197.8
543397.6
543483.5
543523.6
543526
543596.8
543609
543615
543615.3
543661.9
543737.6
543780.6
543793
543796.9
543800.5
543810
543827
543894.8
543912.7
543943.9
544158.6
544160.6
544186
544200.2
544205.6
544441.9
544474.7
544514.9
544525.5
544536
544605.4
544660.2
544733.7
544736.6
544852.2
544933.1
544952.1
545047
545051.7
545096.2
545096.6
545170.6
545177.9
545216.5
545228.8
545257.7
545339.5
545360.4
545442.6
545478.5
545482.8
545522.8
545583.5
545653
545664.3
545691.9
545707.1
545728
545760.7
545773.5
545792.2
545845.1
545938.5
545962
545976.4
546068.1
546131
546173
546343.8
546354.9
546356.1
547975.4
548288.9
548363.8
548394.4
548419
548425.4
551725.5
551911.1
552062.4
552117.3
552273.8
552781.2
553140.4
553224.6
560836.5
562948.7
563200.8
563347.8
563740.3
564096.9
565143.8
566139
566270.7
566317.7
566377
566503.5
566643.8
566644.4
566652.8
566654
567748.5
567875.6
568094.4
568129.8
570010.4
570093.3
570313.6
570324.6
570364.9
570386.3
571856.7
571875.8
571881
572018.3
572025.8
572030.6
572070.1
572214.2
572243.5
572248.3
572291.1
572313.8
572354.2
572540.9
572596.3
572653
573108.3
573120.8
573203.3
573334.8
573382
573476.9
573844.2
573954.1
574091.7
575919.3
576044.4
579304.3
579416.8
579422.3
579480
579524.7
579526.7
579554.9
579557.7
579604.4
580345.9
580801.3
580855.4
580858.9
586983.1
588674.2
588719.5
588828.8
588890
588944.2
588993.5
589030.5
589230.1
589287
590148.8
590206.5
590993.9
591039.2
591043
591118.7
591211.3
