152.8
298.3
1046.8
1214.2
1273.8
1280.5
1300
1317.2
1336.1
5554.6
5646.2
5937.8
6503.6
6686.1
6711.7
6802.4
6883.7
6891.7
6952.1
7164
11348.2
11485.7
11548.1
11660.7
11717.1
11778.1
11811
11890.2
11911
11952.6
11964.1
11970.5
12025.8
12028.5
12030.6
12077.5
12122
12198.9
12221.9
12266.6
12311.5
12344.4
14597
14783
14821.4
14855.9
17334.7
17445.9
17490.3
17680.2
17722.8
17978.8
18224.1
18499
18554
18605.5
18615.9
18663.5
18766.2
18797.2
18852
18911
18977.4
18981.5
19107.7
19158.2
19171.4
19519.7
19624.7
19635.7
19686.6
19689.2
19697.1
19726.9
19764
19831.9
19964.9
20001.4
20024.2
22134.2
28952.5
29098.9
29532.1
29800.9
29925.1
30172.6
30222.6
30241.6
30261.9
30504.6
30721.8
30966.5
31001.6
31091.1
31228.4
31289.8
31303.4
31354.3
31370.8
31441.5
31468.1
31550.1
31551.7
31600.7
31929.8
31991.7
32341.3
32382.3
33154.4
33510.4
33718.3
33999
34045.5
34067.5
34154.2
34169.6
34187.6
34192.7
34230.5
34240.3
34242.6
34274.4
34352.6
34465.4
34606
34650.7
34658
34670.3
38544.3
38600.6
41680.8
41961.5
42121.5
42161.8
46619.3
47124.3
47254.3
47409.9
47470.3
47499
47600.2
47615.9
47701.6
47750
47751.1
47753.6
47809.6
47821.4
47917.8
47944.1
48326.8
48519
48759.5
48800.1
49122.5
49136.1
49156.5
49281.7
52730.5
52948
53194.1
53368.6
54619.8
57983.1
58028.2
58314.2
58449
58492.5
58537.2
58550
58602.7
58630.3
58639.9
58668.7
58799
58829.4
58901.8
58920.4
59015.4
59176.2
60569.4
60755.4
60761.9
60806.6
60834.3
61095.1
61215.8
61336.8
61369.8
61500.5
61571
61695.3
61735.6
61777.8
61785
61822
61849.3
61970.2
62068.5
62131.3
62132.2
62161.7
62173.5
62227
62341.2
62347.4
62419.4
62423.9
62535.2
65005.1
65176.9
65534.4
65667.3
66144.7
66201.3
67348.8
68094.6
68270.2
68644.4
68787.5
71129
71493.9
71612.1
71622.4
76249.4
78689.2
78704
78717.1
78855.2
78887.4
79183.5
79379.8
79502.3
79599.4
79667.7
79849.3
79861.9
79963.1
79988.1
80054.3
80136
80210.1
80246
80253.4
80394.8
80473.2
80609.4
80616.6
80681.9
80878.9
80930.9
80972.2
81167.3
81185.1
81397.9
81547.1
81604
81847.3
81849.9
81946.9
81991.8
82000.4
82081.4
82085.1
82116.1
82126.7
82250.8
82256.6
82285.2
82303.7
82329.9
82362.6
82364.5
82368.3
82381.5
82381.9
82550.5
82551.9
82566.3
82625.3
82633.5
82673.7
82770.6
82831.4
82849.4
83104.8
83104.9
83131.8
83206.9
83207.1
83376.6
83535.6
83597
83642.2
83785.1
84017.3
86749.1
87299.3
87704.5
88115.7
88712
88922.5
89089
90591.5
91109.6
91169.9
91172.8
91204.7
91242.6
91343.4
91569.4
91629.8
91792.9
91905.7
92039.4
102444.1
103332.8
103373.6
104105.1
104258.6
104318.8
104358.8
104369.6
104555.6
104579.2
104586.5
104609.5
104629.8
104799.6
104914.5
105254
105427
105491.5
105574.4
105611.1
105757.9
105826.7
108033.2
108327.2
108413.3
108508.6
108805.9
108888.4
108898.8
108923.2
108965.8
109221.4
109319.6
111032.7
113408
113535.6
113577.1
113623.3
113821.8
114506.1
114680.1
114798.3
115042.8
115362.6
115387.4
115505.4
115667.4
115669.7
118537.9
118561.2
118590.3
118618.1
118677.7
118684
118698.6
125413.8
126612.7
126628.9
127754.3
134538
135897.4
139519.3
139713.3
140466.6
146195.7
147042.6
148087.7
149827.9
152552.5
153696.2
154035.8
154499.6
156650.1
157553.8
158669
160974.4
161287
161335
161363.6
161397.5
165090.1
165537.9
167043.5
169228.5
169269
169321.8
169406
169534.3
169569
169621.7
169629.3
169734.1
169899.6
169917.6
169992
170000.2
170122
170159
170176.2
170228.1
170290.7
170315.5
170384.7
170398.1
170548.9
170666.1
170689.1
170820.3
170937
171113.8
171200.8
171282
176959.8
177536.7
177640.8
178965.2
183036.1
183275.4
183301
183304.3
183390.4
183450.3
186558.6
186908.1
191252.8
191732.5
192427.5
192564.8
192575.9
192852.3
192916.7
193002.3
193036.5
193151.2
193485.6
199464.2
199542.1
199544.6
199716.7
199922
200183.9
200249.1
200264.7
200277.2
200347.7
200451.9
200534.9
200826.6
201339.4
201565.7
201609.6
201627.3
201812.6
201924.1
201968.3
201991.8
202044.3
202191.1
202246.3
202348.2
202459.3
202605.1
203038.8
203042.2
203144.4
203145
203155
203231
203351.1
203504
203635.4
203778.4
203999.9
204001.3
204049.8
204415.8
204659.1
204777.9
204801.6
204821.4
204879.7
204903.2
205137.3
205191.7
205244.7
205314.4
209850.7
209952.5
210759.1
213075.8
213133.8
214209.1
214410.1
214448.5
214483
214622.2
214628.2
214649.5
214656.7
214741
214779.9
214801.4
214816
215061.2
215107.4
215262.6
215271.2
215300.8
215364.8
215377.6
215431
215596.3
215770.4
215778.4
216303.8
216396.9
216451.4
216525
216778.1
217019.3
217019.6
217050.2
217164.1
217261.6
217507
217581.9
217661.9
217688.6
217743.4
217763.9
217795.5
218249.8
219001.3
219284.1
221189.7
222013.1
222173.6
222251.5
222258.1
222275.8
222395.5
225904.5
226173.2
226236.2
226542.8
226909.1
228342.5
228395
228556.3
228587.4
228721.5
229059.3
229305.3
229429.6
229533.6
229566
229633.8
229652.6
229653.2
229678.1
229705.1
229758.8
229765.7
229766.8
231206.7
231253.8
231342.8
231403.2
231425.4
231556.5
231572.5
231685.9
231786.1
231942.2
233005.3
233317.8
240688.6
241514.9
241517.8
241570.4
241588.1
241591.4
241628
241773.8
241807.8
241828.2
241870.8
241900.9
241922.9
242144.7
242166.9
242176
242189.1
242215
242277.5
242404.1
242432.2
242434.5
242463.9
242545.7
242547.2
242751.5
242784.6
243159
243177.1
243407.2
243545.1
243591.8
243825.7
248490.3
248705.6
248814.5
249003.5
249715.5
249735.3
249802.4
251308.3
252768.2
252865
252932.9
252936
253067.4
253073.1
253255.4
253597.2
254004.1
254213.7
254303.6
254314
254389.7
254418.7
254631.5
254778.3
254804.1
254878.6
254964.5
255090.8
255220.9
255237.4
255581.3
255642.5
255796.6
257083
267619.8
267770.1
267779.6
267975.2
268984
270575.4
270888
270900.2
270966.3
271022.3
271149.5
271202.8
271345.1
271404.2
271615.1
271631.2
271993.1
272032.8
272276.7
272438.1
272615.6
272627.6
272689.2
272695.6
272803.4
272940.7
273064.6
273182.6
273371
274058.2
274082.5
274180.5
274205.9
274215.3
274320.8
274371.2
274426.6
274520
274565.8
274651.5
274665.5
274944.3
275447.9
275595.7
277051.2
277165.2
277450.6
277585.8
278457.1
282658.7
282698.4
282766.9
282924.8
282954.8
283003.3
283100.4
283132
283163.7
283182.8
283391
283533.8
283570.7
283653.8
283773.9
284080.6
284137.9
284145.1
284232.6
284238.8
284296.5
284463.9
284496
284503.8
284542.3
284548.7
284569.5
284569.9
284575.3
284594.7
284941.1
285011.6
285072.6
285106.6
285155.7
285216.9
285229.3
285258.8
285293.8
285418.3
285499.3
285591.2
285757
285762.8
285798.5
285856.9
285862.8
285869.7
285934.6
285945.5
286006.1
286105.3
286178.9
286189.8
286218.9
286378.3
286384.5
286390.6
286416.3
286566.7
286620.7
286629.3
293113.7
295614.9
295865.2
295883
296018.7
296048.3
296165.2
297731.4
297800.4
297806.1
297826.6
297853.7
297904.5
297922.2
298047.5
298204
298211
298264.3
298351.3
298363.1
298363.2
298436.5
298450.2
298742.2
308698.1
308879.9
308960.7
309161.6
309208.9
309343.1
309348
309357.3
309374.2
309411.9
309556.1
309585.2
309624.5
309676
309974.5
310174.3
310332.6
310365.8
310405.7
310442.9
310546.7
310577.7
310703.2
310803.8
310881.3
310892
311122.2
311151.7
312084
312178.6
312226.1
312349.3
320301
320318.6
320369.7
320411.6
320471.8
320520.1
320524.6
320597.5
320816.6
320907.1
320957.4
321004.3
321118.2
321141.7
321224.4
321325
321514.2
321581.1
321643.6
321665.2
321727.1
321729.3
321745.9
321780.9
321795.8
321810.1
321871.5
322122
322235.5
322259.3
322383.9
322535.4
322545
322548.5
322622
322622.3
322630.8
322662.6
322671
322691.7
322743.5
322754
322786.7
322816.2
322924.7
322969.9
323021.4
323589.4
323880.4
324073.4
325898.3
326010.9
326170.9
326188.8
326205.2
326205.6
326243.8
326262.2
326367.8
326410
326523.1
326552
326564
326615
326747.2
328923.8
331429.1
331499.6
332029.6
332172.2
332175.3
332215
332225
332230.5
332261.1
332269.5
332272
332316.3
332391.9
332457.1
332476.1
332776
338296.5
338305.5
338660
338672
338734.6
338867.7
338886.1
338896.5
338896.7
338902.2
338970.5
338999.2
339027
339144.2
339159.6
339216.9
339380.3
339662.8
345818.7
345886
349951.6
350804.2
351052.3
351182.8
351188.9
351207.8
351279.1
351392.9
351401.2
351412.5
351460.8
351573.2
351577.3
351581.7
351594.8
351669.5
351698.6
351832.8
352034.1
352105
352256.5
352616.1
352678
352760
352835
352926.2
352990.6
353003.8
353005.8
353006
355070.3
358809.1
361715.3
363062.8
365179.9
365357.4
365470.5
365537.7
365704
365709.7
366068.6
366925.6
367001
367027.1
367146.8
367175
367409.9
372972.2
372983
396151.9
396290.9
396400.6
396437.7
396612.5
396625.6
401762.8
403820.1
405661.7
419089.7
419302.8
419849
419849.1
420018.5
420208.5
420546.6
420627.9
420656.1
420679.4
420690.8
420758
420777.1
420816.8
420864.5
420920.7
421017.6
421051.9
421440.7
427172.5
427471
428250.8
428332.8
428653.5
428786.2
428822.2
428960.3
429012.9
429027.7
429375.1
429531.2
429587.8
429643.9
429664
429729.4
429905
429985.5
430103.3
430369.9
434544.6
443776.1
444578.4
444615.6
444657.8
444832.4
444913.3
445270.3
445388.3
445399.1
445507.3
445593.3
445630.6
445752
445839.9
445880.5
445933.9
445947.2
445959.7
445971.8
445980.1
446016
446096.7
446103.2
446108.9
446247.2
446334.3
446620.1
451082.4
451211.3
451286.7
451535.9
452010.2
452175.7
452277.6
452529.2
452624
452707.6
452716.4
453061.3
453076.2
453085.8
453173.4
453211.5
453234.3
453270.3
453273.8
453285.7
453291.9
453361.1
453370.5
453422.5
453423.1
453487
453487.6
453542.4
453804.3
453843.7
456229.2
458588.8
458804.9
459678.6
459951.3
459981
460063.1
460199.6
460202.1
460466.9
460545.7
460578.3
460688.8
460722.3
460753.5
460754.6
460765
460767.7
460813
462278.9
462707.3
462995.5
463216.2
463391.3
463406.6
463431.3
468098.3
468410.2
468486.4
468594.7
468655.1
468739.6
469057.6
469091.3
469214.9
469248.6
469355.7
469368.3
469447.9
469477.5
469492.7
469529.2
469593.1
469619.5
469632.9
469688.1
469690.3
475684.6
476177.1
476396.1
477170.2
479625
479714.5
479722.4
479801.5
479904.5
480016.4
480055.7
480133.9
480246.7
480348.6
480433.8
480619.4
480668.1
480795.2
480908.9
481024.7
481061.4
481068.6
481142.8
481236.6
481287.3
481367.3
481708.9
481744
481786.5
481807.2
481813.7
481892.2
481907.1
481923.1
481965.2
481970
481973.1
482014.8
482109.1
482161.5
482279.4
505868
506098.4
508225.8
508624.8
509133.6
509137.4
509423.2
509474.8
509543.8
509676
509735.4
509839.9
509866.3
509955.1
510009.3
510066.7
510097.5
510346.5
510384.7
510490.9
510638.5
510674.4
510714.9
510776.5
510926.1
510992.2
511111.1
511339.6
511346.4
511356.3
511427.5
511436.8
511447.4
511448.6
511454.3
511490.6
511508.7
511531.3
511540.1
511607.3
511608.6
511649
511653.5
511737.6
511783.1
511812.4
511822.2
511942.4
511956.1
515952.2
517141.7
518245.3
527766.3
527830.3
527836.1
528028.8
528089.7
528137.7
528166.6
528194
528222.4
528284.4
528310.4
528380.1
528403.8
528412.3
528545
528591.1
528812.1
528912.9
528957.3
529060
529151.6
529261.6
529748.5
530007.3
530265.8
530482.1
530506.7
531357.2
534628
535168.8
535171.4
535196.8
535214.2
535216.8
535234
535326.4
535430.4
535540.7
535641.7
535660.7
535718.7
535783.4
535791.3
535813.8
535836.6
535843.8
535855.8
535920.7
536035.7
536042.1
536083.8
536161.4
536308.9
536632.2
536834.4
537284.7
537320.3
537348.9
537364.5
537365.6
537429
537578.7
537696.6
537888.9
541361.5
541592.5
541766.3
541898
542060.7
542178.2
542412
542677.8
542724.3
542796.6
542809
542836.3
542923
542986.3
543241.8
544451.9
545506
545536.1
545747
551159.2
551276.1
551518.6
551597.3
551603.8
551697.5
551736.7
551759.1
551773
551790.3
551900
552253.2
558889.3
559054.2
559319.5
559391.8
559484.9
559533.5
559536.2
559674.3
559676.4
559721.6
559739.5
559792
559905.7
559977
560017
560036.7
560093.3
560111.6
560341.1
560347.1
560363
560421.9
560460.7
560495.4
560527.9
560572.2
560655.1
560663.7
560689.2
560729.3
560754.3
560757.2
560774
560798.7
560827.8
560882.5
560919.6
561084.9
561097.4
561156.3
561167.9
561403.8
564526.4
564973
564981.2
564985.2
564996.8
565007.8
565060.9
565086.3
565128.5
565136.4
565140.8
565146.2
565150.9
565210.5
565260.6
565324.2
565432.9
565627.4
565681.9
565717.1
565726.6
565789.6
565799.9
565801.1
565995
566014.9
566015.6
566024.1
566026.9
566041.4
566109.4
566125
566127.2
566154.9
566224.2
566338.7
566356.3
566363
566414.7
566462.8
566463.7
566492.2
566493.7
566590.4
566608.4
566620.1
566651.6
566792.7
566805.1
566809.8
566889.8
566891.6
566980.8
571225.7
571290
571353.3
571441.8
571455.6
571530
571576.1
571659.7
571890.2
571922.9
571935.6
571999.5
572171.8
572590.3
580258.1
580432.8
580492.6
580664.4
580665.5
580689.4
580739.2
580755.9
580912.5
581791.1
586743.1
586826.9
586915.8
587073.3
587136.4
587175.7
587430.9
587521.7
587926.8
588011.1
588155.3
588185
588286
588294.9
588308.6
588332.1
588397.7
588446.2
588470.1
588500.7
588523.5
588757.7
588961.1
588979.5
589031.7
589079.4
589080
589136.6
589159.2
589207.2
589229.4
589292.2
589337
589346.1
589666
595237.4
595542.8
599267.2
