5240.3
5256.2
5322
5382.5
11119
11189.9
11254.4
11295.8
11310.1
11377.1
11509
11594.3
11655.6
11729.9
11925.6
16330.7
16996.2
17099
17191.8
17197.3
17361.2
17362.6
17374.3
17748
17835.8
18141
21729.2
21864.8
22320.3
22357.7
22602.7
24089.7
24092.1
24166.7
24378.2
24400.1
24729.7
24793.8
24998.5
25212.5
25341.8
25488.3
25516.9
25523.8
25545.1
25558.4
25584.5
25591.2
25772.3
25840.5
25852.7
26149.1
26182.3
26222.3
26285.9
26287.7
26362.4
26414.4
26469.5
26489.1
26524
26546.7
26827.1
26830.3
26888.9
26908.2
27039.8
27048.3
27084.1
27140.5
27151.6
27160.3
27241.8
27242.1
27301.8
27303.9
27337.9
27345.1
27406.4
27442.2
27456.6
27607.3
27623.4
27626.6
27844.7
28003.4
28069.8
28101.8
28102.4
28112.6
28183.8
28235.9
28263.3
28315.1
28373.6
38734.2
38743.5
38843.5
40821.4
41153.5
41155.2
41165.9
41175.2
52388.3
52535.6
52813.6
52859.1
53008.4
53236.3
53242.5
53330.5
53395.5
53569.7
53571.9
53596.8
53708.8
53902.8
53938.2
54194.9
54401.3
65170.4
68778.3
68784.1
68875.1
68884.4
68949.5
72642.5
74371.8
82192.1
103900.9
111484.7
112909.5
112913.3
113082.7
113106.1
113134.8
113243.1
113261.5
113268.5
113301.6
118751.6
118773.7
118805.8
118940.3
119650.9
120003.2
125354.8
125472.5
125487
125553.6
125582
125662.1
125863.9
125984.9
126038.3
126039.2
126059.1
126236.3
126386.9
126435.9
126556.1
126580.4
126595.5
127026.1
127153.3
127246.5
127321.8
127581.7
127665.5
127731.9
127867
127999.3
133911.5
134090.7
134589.1
135129.4
135201.1
135280.3
135290
135320.4
135362.6
135531.5
135798.9
135883.1
135933.7
135945.1
135945.2
135954.3
136380.3
136492
136867.9
136872.4
136928.7
136964.8
137290.4
137334.8
137402.4
137406.3
137411.6
137501.9
137584.6
138136.6
138169.5
138506.3
138584.2
138688.4
138770.9
138932.1
138977.3
139244.8
139250.7
139687.7
139743.9
139761.4
139854
139861.3
140115.7
140131.8
140168.1
140168.2
140398.1
140426.7
145279.1
146684.4
154505.2
156087.5
156406.3
157960.5
158062.1
160888.7
161074.9
161091.6
161109.9
161201.8
161578.7
162234.3
162283.6
162333.9
162382.5
162392.1
162495.1
162532
167787.8
169684.8
169765.4
169841.7
170306.1
172497.2
172540.6
172687.5
174673.2
174687.8
174710.6
174721.2
174767.2
174800.9
174926.4
174942.9
174991.1
175789.2
176084
190613.1
191038.9
192102.8
193332.3
193383
193440.7
193518.5
193555
193595.7
195254.8
195291.9
195480.2
200479.2
200780.8
202563.6
203226.8
203706.6
205554.4
205558.1
205627.6
206716.3
207374
207436
207701.5
207734.7
208307.8
208335
208428.6
209025.3
209282.6
209422.3
209491.7
209511.6
209544.3
209582.5
209694.6
209701.3
209711.7
209741.6
209753.8
209754.5
209834.4
212804.9
213809.7
213816.9
214132.5
215104.1
220895.7
221089.5
221125.6
221138.9
221333.9
221371.1
221382.5
221540.5
221761.8
221807.7
221833.6
221843.7
221867.7
221894.1
221903.9
221908
221934.3
221989.3
222014.4
222064.6
222144
223027.9
223047.2
223112.6
223232.6
223313.9
223320.4
223444.5
223524.8
223536.5
223589.3
223643
223651.3
223689.2
223710.5
223781.4
223818.4
224021.3
226192.3
229482.6
229586.2
230649.6
231706.7
231871.9
231922.4
232047.3
232788.3
233068.6
233420.4
240638.9
240930.6
241499.8
242422.5
243287.8
243580.5
243820.2
248405.7
248483.5
248558.8
248755.8
248850.5
248858.7
249036.9
249090.7
249155
249172.3
249200.6
249208.9
249259.9
249417
249425.2
249434.9
249441.8
249503.9
249530.1
249648.6
249673.6
249690.5
263904.6
264307.8
264362.7
265668.4
265724.3
266396.3
267212.7
267219.4
267289.4
267309.8
267370.7
267476.9
267489.4
267508.5
267554
267603.5
273063.8
273655.5
273737.9
273945.7
273948
274276
274492.6
276126.9
299322.1
299329.3
299508.2
299651.6
299654.4
299730.5
299759.9
299893
299893.8
299911.8
299938.7
299943.8
300054.6
300102.5
300160.8
300487.2
303917.4
303976.6
304073
304279.7
304303.9
304814.8
305939.6
308650.8
308762.8
308927.7
308959
308979.9
309011.1
309068.3
309338.5
309354.8
309370.5
309431.5
309443.6
309522.2
309580.9
309630.1
309638.3
309646.6
309690
309747.8
309762.1
309770.6
309914.5
310051.4
310080
310118.4
310223
310260
310341.5
310363.8
310411.3
310432.6
310538.2
310595.6
310915.1
311552.3
311553.4
313050.5
319823.2
320061
320133.1
320315.9
320401.3
324403.9
324573
326446.3
326672.7
327849.9
329030.4
329075.9
329419.8
329516.3
332056.7
332338.6
334041.6
334054.7
334286.6
334400.8
334684.7
334817
334874.8
336928
337000.5
337262.7
337397.5
337690.7
338846.1
338848.4
338883.6
338895.9
338924.1
338967.9
339027.5
339155.6
339311.5
339381.8
339594.3
339619.3
339660.5
339732.1
339758.5
339808.1
339816.1
339886
339995.4
340084.7
340146.4
340197.8
340291.7
340348
342426.3
343507.8
343561.9
343614.2
343685.5
343722.6
343747.1
343767.4
343786.5
343793
343812.4
343881.3
343938.1
343943.6
343971.4
344001.8
344276.8
344360.4
344392.5
344404.8
344453.1
344530.6
344545.2
344591.1
344674.3
344698.6
344741.2
344763.2
344861
344890.4
344891.5
344943.4
344966.4
345045.5
345055.3
345087.6
345135.2
345143.1
345169.3
345170.8
345202
345205.5
345285
345296.6
345396.3
345403.9
345418
345455.9
345586.2
345669.1
346005.7
346302.3
346335.6
346370.4
346472.2
346630.1
346641.3
348793.4
349050.4
349115.7
349119.4
349160.3
349211.8
349226.6
349231.6
349271
349314.2
349367.2
349401.8
349427.4
349442.8
349488.9
349517.1
378878.8
384226.8
395735.1
396278.1
396433.1
396500.6
396507.3
397154.6
397663.8
402131.9
402815.3
402831.8
402851.9
403402.1
403471.3
403516.6
403589.1
403599.4
403674.8
403681.5
403762
404034.3
404191.7
418726.8
418787.5
418813.7
418837.3
418957.2
418972.1
419052.5
419135.6
419183.7
419237.4
419374.7
419407.2
419472.9
419490.3
419590.1
419615.2
419627.4
419815.4
420609.8
420625.9
420687.6
420710.2
421646.8
421653.9
421669.1
421697.1
421712.8
421723.2
421751.4
422022.6
422245.7
422263.8
422463.1
422598.2
423142.3
423231
430412.8
430462.9
430547.4
438534.4
438758.2
444884.4
445071.4
446221.3
448337.5
448345.2
448492.3
448499.7
448548.8
448587.6
448609.3
448662
448692
448695.1
448702.4
448744.1
448744.4
448766.7
451497.6
451812.5
452062.8
454809.6
454903.3
455004.5
455073
455151.4
455343.5
455348.9
455376.1
455523.2
455675
455721.3
455987.3
456062.1
456070.5
456194.5
459662.4
459748.4
459831.8
459888.6
459894.1
459911.1
459916.3
459933.8
459984.6
459993.2
460193.5
466466
466495.5
468130.6
468175.3
468230.2
468397.4
468417.8
468438.2
468683.7
468809.3
468822
468881.2
468938.7
468984.2
469003.2
469008.7
469009.2
469013.6
469160.5
469178.9
469180.2
469186.8
469240.3
469244.3
469314.1
469330.1
469430.2
469445.8
469573.2
469577.4
469653.7
469664.3
469715.8
469730.7
469749.4
469763.4
469850.3
469870.3
469882.3
469895.2
469984.4
469995.6
470163.7
470883.1
471998.5
475453.2
476892.8
477045.7
477564.3
477675.7
478746.8
478767.7
478825.6
478951.2
479144.2
479148.5
479155.3
479164.9
479223.9
479289.6
479326.6
479347.3
479393.7
479436.7
479508.9
479509.3
479554.7
479596.6
479657
479681.7
479759
479784
479829.1
479863.1
479881.8
479911.7
479923.8
479933.6
479961.4
479969.9
479975.2
479986.6
479996.7
480011.6
480038.8
480080.1
480109.1
480115.8
480238
480285.8
480287.7
480317.5
480323.7
480369
480388.3
480404.1
480405.2
480444.5
480458.2
480466.8
480469.3
480474.5
480541.6
480549.2
480569.4
480584.9
480707.7
480736.2
480785.2
480868.1
480876.7
481027.9
481343.2
481425.4
481500.2
481542.7
481597.8
481686.3
481735.9
481863.1
481927.1
482105.1
482132.3
482164
482207.7
482218.1
482271.6
482358
482402.7
482439.1
482528.7
482564.5
482606
482640.9
482772
483791.5
493997.7
504508.5
505471.3
505732.1
507966
508123.1
508346.5
508492.3
508552.5
508572.7
508595.9
508627.5
508640.1
508678.5
508873.3
508958.7
508976.3
509117.9
509119.6
509180.9
509212.3
509212.9
509264.3
509319.5
509370.7
509388.7
509408.5
509459.1
509499.4
509500
509526.1
509551.1
509586.4
509605.9
509631
509641.6
509653.7
509707.8
509784.3
509827.1
509861.3
509864.7
509892.3
509912.6
509982.6
510039
510314.5
510364
510406.1
510454.3
510464.6
510519.7
510576.5
510739.2
510753.7
510774.5
510781.9
510832.3
510867.5
510869
510883.2
511058.6
511059.6
511065.3
511088.3
511134.8
511155.2
511155.7
511240.9
511353.2
511402.1
511423.2
511431.4
511504.9
511612.5
511726.8
512435.2
512556.1
512754.2
512807.1
512820.5
512857.8
512915.7
513026.5
513035.8
513159.9
513189.1
513231.1
513277.2
513285.3
513372.5
513396.3
513538.6
513650.3
513665.1
513745.7
514067.4
514170.4
514490.7
527374.6
527888.9
528005.9
528024.1
528080.8
528261.6
528288.2
528302.8
528323.5
528371.3
528399.1
528429.9
528450.5
528468.6
528490.7
528542.5
528547.7
528589.5
528784.3
528811.9
528989.9
531749.3
531811.8
531868.6
531954
532027.2
532082.8
532145.7
532226.7
533071.4
533166
533194
534664.5
534760.3
534791.9
534812.8
534868.7
534871.4
539612.7
539797.9
539943.1
539950.2
539954.3
539957.3
539997.4
539998.5
540005
540023.7
540204.7
540212.5
540257.3
540297.6
540321.8
540351.1
540372.8
540498.4
540665.7
540747.8
540876.3
548137.1
548254.8
548255.8
548315.9
548331.2
548407
548426.7
548457.6
548475.9
548534
549648
549715.1
549744.3
549839.2
549999.2
550026.9
550087.6
550112.5
550113.7
550128.8
550155.1
550155.9
550309.9
550402.7
550561.9
550648.1
551773.3
551985.8
552023.3
552028.9
552265.1
552288
552324.3
552494.1
552518.6
552603.1
552605.7
552646.2
552656
552683.6
552686.1
552832.3
552973.5
552973.9
553046
553167.8
553193.6
553259
553450.1
553485.4
553592.8
553617.3
553683.9
553826
553991
554088.2
554136.3
558111.1
561537
561745.5
561821.2
561879.4
561904.7
561917.3
561984.5
561996.8
561998.2
562003.2
562036.8
562115.4
562120.3
562142
562160.6
562391.2
562475.5
562624.1
562775.6
562911.7
562939.3
563058.5
563077.8
563258.1
563324.1
563441.5
563685.7
563729.5
563976.5
564013.1
564062.1
564079.6
564157.5
565288.5
565466.6
565590.8
566580.9
566741.8
567493.7
567668.1
567792.1
567804.4
567804.5
567836.5
567845.1
567927.9
567956.6
567987.5
568076
569280.3
569377.6
569577
569981
570077.1
570102.3
570107.5
570115.6
570162.4
570185.3
570385.2
570642.4
576175.1
576202.4
576237.5
576253.4
578199.8
578345.5
578503.3
578638.9
578721.2
578843.8
578964.5
579082.4
579292
579338.9
579448.1
587330.2
587377.1
587570.1
587579.7
587608.5
587620.3
587621.3
587706
587771
587813
587839.4
587855.6
587925.3
587952.6
587953.2
587976.7
587978.3
588014.2
588032.3
588106
588302
589501.4
589560
589626.3
591055.3
591098.1
596652.3
596790.4
596819.3
597105.1
597273.9
599204.8
599210.8
599279.1
599286.8
599390
599402.9
599415.3
599417.5
599609.7
599646.8
599830.5
599918.4
