2575.7
2835.7
3005.6
4051.7
4200
4244.5
4249.6
4267.9
4377.8
9802.8
10104
10131.5
10637.9
10674.5
10675.6
10717.5
10721.9
10732.3
10738.4
10909.4
10925
10944.8
10951
10993.6
11045.8
11063.7
11176.6
11672.8
11721.6
18958.9
19537.2
20222.4
20312.1
21235.2
21271.1
21331.7
21370.5
21370.7
21487.8
21530.4
21566.8
21610.7
21632.1
21869.2
21957.9
22032.1
22047
22098.4
22157.9
22238.7
22295.2
22378.5
22389.6
23908.5
23918
23992.1
24008.8
24070.6
24091.3
24237.9
24301
24339
24370.2
24383.5
24390.7
24400.2
24422.9
24498.5
24552.1
24599.1
24741.7
24809.6
24856
24859.3
24870
24981.4
25057.3
25061.2
25101.7
25161.9
25199.4
25232.4
25240.2
25271.2
25394.6
25412.6
25413.6
25469.6
25491.8
25526
25553.7
25629
25660.9
25674
25698.5
25740.8
25744.1
25765.7
25775.6
26059.6
26183.7
26222.8
26474.2
26508
26576
26610.5
26637.2
26649.2
26695.9
26718.4
26743.4
26749.2
26857.7
26866.3
26925.3
26927
27130.5
27178.6
27272.6
27281.1
27504.6
27581.6
27621
27680.3
27685.7
27693
27763.5
27790.7
27795
27863.1
27879.2
27910.6
27930
27980.3
28026.5
28038.6
28047.3
28063.1
28082.7
28110.8
28111.2
28149.1
28174.8
28184.9
28226.6
28319.2
28333.2
28374.1
28466.8
28475.2
28488.7
28551.4
28558
28586.7
28615.2
28631.9
28761.1
28794.1
28806
28882.3
29159.9
29532.4
36627.9
36811.2
37355
37428.8
38063.7
38200.9
38284.8
39889.1
41152.7
41184.2
42428.6
42450.1
42562.5
42566.4
42628.9
42641.8
42658.8
42766.1
43201.9
43357.9
43689.2
43805
50563.5
50755.8
50770.3
50907.4
50940.3
52718.9
52753.8
53629.3
53642.3
54749.1
54762.7
54892.6
54933.3
55051.7
55521.3
56336.9
60026.2
60190.9
60236
60267.6
60314
60369.8
60373.8
60927.2
64712.7
66661
68844.2
68922.8
68978.7
69191.2
69202.6
69334.5
69348.7
69386
71620
71733.8
71869.1
71926.9
71951.4
71966.9
71984
71995.8
72073
72225.2
72280.5
72323.3
72446.3
72517.3
72532.3
72755.7
72760.6
72763
72773.2
72836.4
72899.9
72905.4
72950
72963.2
72985.6
73006.3
73008.5
73013.2
73045.3
73088
73150.7
73195.5
73218
73267.5
73324.7
73381.3
73401.8
73442.5
73500.7
73677.9
73805.4
76009.8
76132.9
76168.7
76252.6
76295
76302.4
76406
76415.5
76417.2
76434.3
76535.3
76535.4
76571
76602
76618.5
76957.3
77616
77927.9
82376.7
83022.3
85723.2
85764.4
86075.3
86322.4
86347.7
86518.4
86576.7
86819.2
86840.7
86890.8
86919.4
86968.7
86983.9
87030
87216.3
87288.8
87294.1
87330.7
87335.7
87706
87768.8
88868.7
88899.8
89135.4
90789.9
91261.7
93442
95366.4
95569.3
96111.5
96766.8
96790.8
96886.6
98448.9
98482.7
100959
101549
102483.7
105837.7
105896.8
105936.2
105982.1
106187.8
106260.6
106281.1
106312.9
108861.8
108862.7
109001
109038.6
109274.2
109725.9
110828.2
110928.9
111013.3
111108.8
111215.8
117908.4
118679.7
118732.3
118743.3
118874.4
118923
119006.3
119027.6
119449
119753.7
119848.1
120197.2
120358.8
120931.6
121108.2
121118.1
121224.4
121262.9
122163.6
122302.4
123397.3
123509.2
124180.6
124192.5
124290.7
124421.8
124622.9
124686
124793.2
124868
124910.5
124969.2
125184.2
125304.9
125317
125424.2
125581.7
125938
126599.8
126680.5
126736.5
126757.6
126768.7
126778.8
126789.7
126871.7
126897.9
126969.4
126998.1
127073.5
127090.3
127112.1
127210.4
127251.7
127309.8
127385.8
127770.4
127793.1
127826
127922.9
127966.5
127997
128027.1
128034.3
128124.1
128217
128255.1
128258.4
128359.3
128362
128365.9
128712.5
128832.8
129951.2
130599.7
131255.5
132008
132037.3
132107
132204.2
132243
132259
132305.3
132332.4
132398.4
132474.2
132499.3
132669.5
133331.1
133387.3
133443.2
133498.9
133630.8
133866.3
133980.4
134004.2
134004.4
134020.1
134024.6
134076.1
134083.8
134133.6
134155.8
134156.5
134161
134209
134298.5
134326.7
134356.6
134358
134478.8
134510.2
134542.8
134543.5
134593.4
134615.3
134616.1
134621.3
134647.3
134692.9
135100.9
135159.6
135265.3
135475.2
135520.8
135523
135523.6
135526.7
135609.4
135709
135826.5
136041.6
136117.5
136239.1
136251.8
136393.3
136431.8
136460
136479.9
136484
136546.3
136752.2
136760
136772.9
136797.6
137049
137213.5
137224.7
137257.6
137358.9
137388.1
137409.9
137426.7
137482.3
137584
137595.3
137601.1
137632.9
137689.8
137716.3
137858.9
137866.4
137874.9
137981.6
138240.2
138313.8
138481.6
138696.4
138726.1
138742.5
138747.7
138813.2
138819.3
138866.8
138878.8
139021.6
139085.7
139126.9
139539.7
139587
139587.9
139642.3
139667.7
139780.1
139797.2
139798.7
139813.9
139888.4
139998.5
140007.4
140036.1
140054.1
140108.7
140165.2
140225.6
140254.8
140262.1
140275
140303.9
140319.8
140343.3
140592.3
140781.2
140874.6
140889.5
140929.7
140933.1
141711.1
141845.8
141885
141915.1
141970.8
141976.2
141994.1
142048.5
142230.8
142301.3
142343.7
142415
142482.5
142502.8
142590.9
142641.7
142715.3
142715.8
142722.8
142756.5
142778.2
142833.5
142873.7
142880.5
143094.7
143128
143143.2
143143.4
143175.1
143210.4
143244.1
143270.5
143318.7
143371.5
143481.4
143505.5
143545.3
143643.9
143978.4
144203.6
144505
144514.2
144569.4
144627.3
144646.6
144706.3
144744.2
144869.7
144872.3
144933.6
145101.8
145117.1
145233.6
145475.8
145993.7
146010.9
146176.6
146277.2
146307.9
146566.7
146690.1
146774.7
146891
146966
147071.7
147100.9
147392.1
147457.1
147594.7
147718.8
147797.1
147877.1
147984.9
148032.2
148402.6
148402.9
148414.5
148511.3
148564.9
148627.8
148972.8
148974.7
149090.8
149110.4
149243.3
149398.1
149398.7
149519.4
149638.9
150679.7
150698.9
150888.1
150953.9
151015.8
151125.5
151389.7
151689.7
151857.9
152428.3
152451.8
152458.4
152519.3
152617.1
152795
152867.3
153004.1
153544.8
153636.7
153803.7
153923
154045.9
154118.2
154292.7
154368.7
154455.4
154734
154759.9
154760.4
154866.6
154922.2
155135.6
155223.2
155243.6
155321
155345.1
155383.6
155465.2
155610.1
155825.8
155834.6
155918.3
156138.3
156216.4
156235.3
156452.3
156460.8
156510.7
156544.7
156767.4
156776.5
156785.6
156922.5
156965.6
156978
157108.6
157185.5
157267.6
157306.3
157409.8
157506.1
157510.6
157523.2
157657.1
157693.4
158057.9
158078.3
158159.1
158208.4
158307.4
158418.1
158568.9
158600.2
158824.8
158873.9
159423.1
159650
160157.5
160468.5
160633.5
160755.8
160772.8
160813.3
160854
162203.7
162307
162433.7
162455.2
162461.7
162544.4
170029
170528.4
170615.6
171051.7
171101.3
171164.9
171367.7
171390.1
171532.7
171569.6
171572.4
171608.3
171756.7
171764.7
171828.7
171894.3
171895.6
172112.4
172131.2
172197.9
172211.4
172219.9
174587.5
174715.2
174778.3
174817
174847
174903
174978.2
175066.6
175171.2
175373.8
175802.7
175808
175815.4
175828.5
175871.2
175912.2
176056
176103.4
176111.2
176179.8
176259.2
176262
176293.5
176309
176324.7
176330.5
176400.7
176449.5
176475.1
176621.4
176670.1
176686.3
176713.3
176746.8
176792
176808.7
176859.1
176961
177000.1
177068.1
177236.4
177400.5
183545.6
186090.2
189909.2
189945
195393
195448.1
195614.2
195746
196608.8
197005
197090.3
197099.8
197257.4
197312.2
197763.2
198465.9
198625.8
198702.1
198798.3
198901.4
199166.2
199244
199429.7
199766.9
200232.7
200351
200790.5
200974.1
201108.9
201425.7
201566.5
201672.4
201680.7
201866.3
202073
202154.5
202253
202496.2
202649.8
203036.1
203121.6
203204.7
203232.9
203442
203734.3
203789.1
203949.2
204026.9
204091.3
204155.8
204324
204605
204899.1
205157.7
205414.6
205546.4
205584.2
205658.2
205708.3
205736.3
205762.8
205778.8
205792
205849.7
205885.9
205908.6
205929.5
205943.2
206024.9
206043.8
206044.3
206082.6
206125
206130.3
206208.2
206234
206264
206271.3
206320.7
206450.3
206460.5
206460.8
206466.3
206483.3
206495.4
206518
206527.5
206535.2
206566.5
206589.3
206616.8
206663.7
206685.7
206710.4
206717.3
206744.5
206749.3
206861.4
206875.7
206926.7
206988.7
206989.3
207011.4
207065.1
207106.4
207126.9
207177.6
207236
207299.5
207329.1
207362.7
207380.5
207638.4
207639.4
207673.4
207682.7
207703
207805.5
208195.9
208218.5
208294
208600.5
208632.8
208956.9
209261.6
209387.4
209420.3
209566.8
209630.3
209935.8
209965.8
209967.9
209977.9
209991.8
209997.8
209998.9
210054.4
210121.2
212162.4
212187.8
212389
212531.2
212583.1
212638.1
212655.3
212683.1
212798.6
212800.2
212865.8
212880.4
212913
213008.5
213107.8
213149.3
213761.9
218912.4
219044.3
219143.2
219395.8
223539.9
223661.3
223725.8
223745.8
223766.2
223794.5
223916.2
223919.9
224027.6
224055.6
224065.6
224071
224117.5
224310.2
224895.9
226398.9
226533.7
226811.4
226845.1
226920.9
227068.4
227107
227125.3
227142
227219.4
227246.7
227287.2
227287.7
227331.5
227337.5
227351.8
227462.9
227469.3
227482.5
227492.6
227559.8
227702.7
227783.1
228080
228247.7
229321.8
229384.6
229507
231822.8
234046.6
234292.5
234295.3
234344.2
234453.4
234584.4
234607.4
235137
235450.5
235629.3
235838.3
235982.9
235991.1
236092.7
236385.7
236451.7
236543.6
236548.7
236581.6
236934.5
237130.5
237144.4
237304.4
237517.3
237757.5
237905.1
237974.3
238582.6
238620
238682.3
238713.7
238743.4
238904.7
238981
239062.9
239110.2
239117.8
239174.7
239273.6
239324
239425.2
239427.2
240354.7
240637.3
240773.6
240937.3
240999.1
241052.3
241090
241230.2
241415.6
241482.9
241823
242622.9
242785.8
243006.2
243427.9
243457.2
246880
246962.6
247060.7
247317.8
247638
247642.9
247669.9
247895
247909.1
248021
248070.1
248071.7
248119
248156.2
248225.1
248272.4
248476.4
248495
248600.2
248697.1
248894.7
249152.5
249157.1
249167.1
249252.3
249254.2
249812
250546.1
250706.8
251087.7
251447.9
251501.7
251705.8
251716.2
251731.9
251821.7
251883.5
251906.7
251924
251934.7
251998.9
259987.5
260295.4
260383.4
260671.1
260674.2
260995.9
261129.5
261239.3
261336.8
261351.7
261416.3
261487.5
261544.3
262625.6
263142.1
263422.8
263438.3
263452.7
263471.4
263474.1
263474.7
268036.6
268301.8
268306.5
268358.1
268670.6
268785.9
268905.7
268966.8
269002
269016.3
273859
273951.3
277484.8
296322.6
296378.5
296588.4
296672.8
296767.5
296792.5
296800.2
296913.2
296991.7
297052.6
297104.3
297121.6
297124.9
297386.9
297470.2
297704.1
299440.7
299492.9
299583.1
299585.5
299608.2
299706.3
299780.1
299865.2
299969.3
300009.4
300037.7
300053.9
300185.1
300221.7
300246.8
300250.6
300284.5
300328.5
300383.6
300400.3
300474.5
300526.1
300620.2
300681.6
300780
301031.3
301141.2
301613.4
301766.3
302337.1
303887.5
303940
303973.5
304073
304293.9
304306
304322.3
304359.5
304369.9
304376.8
304394.9
304495
304564.3
304613.7
304644.1
304729.1
304749.4
304752.8
304761.5
304787.9
304872.2
304933.6
304934.6
304998.3
305016.7
305103.5
305155.2
305172.3
305220.8
305224
305254
305264.8
305286.5
305332.3
305338.2
305410.9
305460.9
305468.8
305501.2
305517.9
305556.8
305592.4
305612.8
305703.1
305728.4
305747.1
305916.2
305982.7
306048.2
306169.3
306203.5
306578.8
307463.3
308562.8
308606.9
308614.8
308643.4
308644.7
308650.8
308655.5
308680.3
308786
308845.5
308893.6
309030.5
309130.7
309170.5
309411.3
310202.2
310560.3
310726.8
311537.8
311692.4
311799
311807
311917.6
312021.8
312486.8
312774.3
313163.6
324043
324257.3
324348.9
324726.5
326475.6
326546.3
326549.5
326558.2
326633.8
326648
326692.6
326710.6
327203.6
327298.3
327370.2
327375.8
327380.5
327417.9
327439.6
327533.2
327555.1
327564.6
327598
327670
327693.1
327706.1
327711.5
327728.9
327837.3
327928.7
327947.1
327994.1
328044.7
328111.8
328229.4
328247
328312.4
328465.5
328542.8
328614.4
328620.6
328662.2
328673.4
328696.7
328719.6
328832.1
328836.8
328843
328891.1
328952.7
328963.7
329051.5
337442.5
337745
340578.5
342575.1
343227.2
343406.2
343746.8
343824.7
343918.6
343978.8
343988.6
344076.1
344210.1
344218.2
344254.6
344408.9
344471.1
344481.6
344519.4
344543.5
345433.8
345701
345752.9
345940.1
346016
346044.2
346047
346144.3
346173.5
346260.1
346368.4
346507.3
346560.3
349095.3
349305.2
349442.6
349459.5
349490.8
349594.2
349596.7
349622.8
349627.1
349631.9
349680.2
349723.6
349795.2
349795.4
349813.9
349852.1
349921.7
349946.4
349992.7
350023.7
350038.1
350063.2
350183.9
350185.7
350259.7
350519
350607.3
350647.5
350714.9
351195.3
355751.9
356167.2
356182.9
356584
356614.6
356778.9
356903.9
356978.8
357049.7
357147.8
357361.2
357677.2
358377.5
358802.7
359269.8
359290.9
359312.6
359622.8
359674.3
359881.6
359936.2
360239.3
360474.8
360553.6
360642.2
360752.9
360810.1
361001.8
361558.7
361642.4
361708.7
361867.8
362212.9
362253
362265.9
362364.6
362539.9
362619.1
362667.4
362825.2
362834.9
363058.3
363424.4
363472.8
363579.3
363643.1
363699.1
363731.2
363750.7
363816.7
364125.3
364131.4
364132.8
364140.7
364163.1
364242.2
364250.5
364399.7
364603
364671.9
364680.1
364681.3
364736.2
364791.9
364803.3
364958.2
364967.6
365142.7
373117.9
375578.9
375774.9
375787.1
375838.3
375881.1
376028.5
376060.9
376086.2
376086.3
376114.9
376151.3
376210.6
376383.4
376449.2
376496
376561
376568.7
376615.8
376678.4
376681.4
376749.5
376892.1
376955.7
376961.1
377016.3
377030.8
377094.9
377263.4
377272
377294.3
377304.3
377398.2
377498.7
377574.8
377720.7
377810.2
377846.2
377860.9
377959
377961.4
378023.4
378050
378063.7
378072.3
378237.6
378270
378312.8
378357.2
378390.2
378417
378449.1
378452.4
378538.8
378678.3
378742.3
378874.9
378902.7
379033
379267
379270.2
379403.2
379613.5
379698.6
379703.6
379875.8
379990.8
380059.4
380095.7
380188.6
380466.1
380520.7
380538.6
380615
380782.3
380911.1
380953.7
381008.1
381361.7
381403.1
381461.2
381473.4
381597.5
381638.9
381751.2
381845.4
382060.1
382099.2
382111
382119.6
382142
382158.1
382175.6
382228.5
382370.9
382377.2
382450.4
382460.3
382529
382656.1
382692.9
382807.2
383110.2
383187.8
383307.6
383333.9
383487.2
383511
383558.3
383611.1
383614.9
383648.7
383677.4
383781.5
383829.4
383859.3
383872.6
383904.1
383927.2
383995.8
384059.3
384072.1
384105.6
384272.7
384386.8
384434.7
384532.2
384538.4
384630.8
384692.2
384700.7
384733.7
384768.2
384769.4
384769.6
384841.1
384916.9
384932.1
385055.9
385057.1
385078.8
385134.5
385144.6
385151.4
385281.3
385406.6
385563.8
385693
385706.1
385822.6
385823.6
385823.7
385857.7
385946.8
386093.6
386115.4
386542.1
386898.3
386979.1
387032.2
387085.7
387210.7
387270.8
387402.8
387547.1
387632.7
387877
388055.5
388277.4
388299.5
388404.7
388431.1
388974.1
389115.1
389153.7
389369.8
389436.4
389537.2
390827.8
391053.4
392282.1
392320.8
392361.1
392388.2
392398.2
392446.2
392469.7
392497.3
392500.3
392517.4
392562
392681.8
392733
392753.7
392847.8
392855.1
392886.4
392964.8
392973.8
392996.1
393025
393041.6
393167.6
393244.8
393536.2
393551.8
393705.8
393725.2
393852.1
393901.4
394003.5
394021.6
394046.1
394128.8
394135.6
394168.8
394186.6
394187.4
394192.8
394222.8
394253.2
394281.8
394490.2
394514.8
394724.8
394766.3
394787.8
394793.6
394808.2
394813.5
394867.9
394925.2
394997.2
395033.2
395041.5
395090.4
395144.2
395148.7
395222.1
395234.4
395248.1
395308.2
395314
395319.3
395373.6
395519.7
395569.7
395585.7
395587.8
395602.2
395663.3
395697
395706.2
395861.8
395884
395896.2
395915.6
395931.1
395994.3
396020.4
396077.9
396135.7
396194.5
396299.9
396530
396540.8
396569
396571.9
396668.2
398215.6
398485.7
398504.3
399436
400017.3
400029.4
400237.4
400298.8
400329.3
400380.6
400582.6
400668.9
400749.8
400769.2
400818.4
400819.5
400865
400866.5
400907.9
400935.9
401016.4
401047.8
401086.5
401090.2
401128.1
401229.6
401269.8
401490.3
401614.7
401628.2
401632.3
401642.4
401683.4
401693.7
401742.8
401850.3
401878.7
401879
401904.2
401948.5
402026.7
402071.2
402171.8
402271
402278.3
402301.5
402358.5
402364.3
402377.3
402386.2
402405.1
402408.8
402462
402505.1
402592.1
402620.6
402627.5
402640.7
402671.3
402691.2
402743.2
402747.9
402786.4
402806.1
402931.4
402978.6
402990.4
403034.8
403070.6
403134
403155.1
403209.4
403230.7
403260
403273.3
403342.6
403346.7
403365.6
403440.6
403521.5
403651.6
403686.3
403697.4
403698.7
403717.6
403718.3
403718.4
403735.8
403803.3
403803.7
403845.5
403886.8
403892.3
403894
403946.9
403977.5
404051.9
404062.6
404157.2
404174.5
404297.3
404302.3
404344.6
404424.3
404452.4
404472.4
404624.3
404647.5
404651.2
404676.2
404699.1
404821.4
404832.6
404858.9
404971.5
405059
405195.1
405296.5
405377.5
405452.4
405461.1
405526.4
405533.4
405545
405623.2
405762.7
405809.4
406515.5
406695.7
407023.9
407288.8
407333.6
407589.8
407628.8
407838.3
408093.6
408362.5
408655.2
408721.4
408738.2
408810.4
408896.1
409087.9
409112.3
409150.3
409471.8
409551.2
409601.4
409674.9
409890.2
410103.9
410151.4
410255.8
410310.6
410451.3
410530.3
410709.7
411184.7
411482.8
413432.6
413447
413477.6
413640.5
413790
414005.9
414019.6
414275.3
414307.8
414507.2
414682
414754.4
414804.9
414885.9
414947
415003.3
415198.1
415296
415369
415430.2
415532.6
415775.1
415834.1
415935.4
416043.3
416082.7
416096
416172.3
416693.1
416777.9
417005.8
417029.3
417171.8
417243.5
417787.3
417788.9
417796.9
417827.2
417845.8
417943.4
418117.3
418121.1
418168
418352
418421.2
418421.3
418563.5
418624.8
418817
418939.3
419323.5
419353.1
419666.9
419720.5
419836.9
419853.6
419920.7
419929.3
420045.7
420094.1
420190
420268.6
420361.3
420671.2
421718.8
422131
422418.4
422502.5
422550.5
422570.2
422613.9
422640.3
422655.4
422677.2
422735.1
422750.2
422957
423070.2
423124.4
423132.6
423248.8
423288.3
423433.1
423633.5
424897.2
425094.3
430939.9
431088
431724.3
431728.5
431794.2
432200.5
432313.1
432548.8
432650.9
432896.8
432949.5
433057.5
433128.2
433212.1
433278.2
433334.5
433438.8
433524
433683.3
433750.7
433785.9
433921.7
433955.5
433973.6
434086.1
434133.3
434185.1
434371
434425.2
434765.5
434804.2
434860.9
434898.7
435263.4
435312.9
435517.8
435565.3
435593
435617.4
435691.7
435764.8
435907.2
435939.6
436023.8
436703.1
436706.6
436735.1
436925.6
437069.4
437119.8
437139
437347.8
437393.7
437401.4
437421.5
437483.9
437496.5
437663.6
437673.7
437748.6
437768
438016.3
438114.6
438142.7
438210
438283
438335.7
438482
438526.3
438668.3
439093.1
439172.5
439214.2
439225.5
439463
439655.4
439685.2
439733.4
439933.9
439990.9
440087.4
440154.9
440172
440220.8
440274.1
440485.7
440959.1
441089.7
446178.4
446307.7
446391.6
448535.4
448554.7
449443.3
451146.2
451277.4
454736.1
454786.7
455132
455308.6
455763.1
455811.9
455911
460669.9
463118.5
463609.9
464341.8
464527.7
464585.4
464593.3
464625.3
464627.8
464736.9
464779.5
464798
464852.9
464893.3
464947.5
465387.5
466639.7
468002.6
468423.2
468842
468891.1
469242.8
470213.6
470335.8
470611.8
470668.1
471149.7
471186.9
471329.3
471355.5
471378.7
471462.8
471699.2
471724.1
472163.4
472487.7
472540.6
472773.1
472799.1
472825.5
472951
472991.5
473237.6
473478
473517.7
473760.8
473830.8
473882.9
473911.1
473914
473932.2
473957.2
473983.1
473985.3
474052.5
474198.6
474329.8
474432.9
474550.1
474570.3
474630.5
474660.6
474736.7
474744.7
474988.9
474992.4
474992.8
475144.6
475224.4
475224.8
475247.5
475248.6
475291
475330.8
475385
475386.1
475427
475470.1
475476.2
475504.1
475561.8
475615.8
475617.9
475621.4
475631.7
475644.5
475690.8
475719
475771.4
475782
475836.8
475933.3
475981.4
476051
476060.4
476150.7
476165
476251.8
476278
476286.8
476325
476346.7
476498.1
476536.9
476542.6
476553.4
476592
476600.7
476608.4
476678.9
476755.8
476812.6
476819.5
476847.1
476992.5
477066.5
477072
477072.9
477131.5
477131.6
477134.5
477154
477210.9
477213.7
477258.7
477359.5
477405.2
477449.1
477459.4
477506.2
477537.6
477571.5
477627.4
477644.5
477774.3
477786.6
477786.7
477836.1
477884.9
477888
477916
477977
477983.2
478005
478029.5
478051.5
478058.1
478094.8
478132.4
478192.2
478247.1
478289.7
478311.3
478365.3
478403.3
478406
478407.3
478412.8
478427.1
478491.2
478593.3
478602.3
478655.8
478753.8
478758.8
478788.1
478939.9
478964.2
478974.5
478994
478998.9
479030
479032.9
479154.4
479180.2
479181.8
479220.8
479380.4
479640.7
479759.8
480013.1
480148.8
480393.1
480424.5
480567.3
480590.9
480678.7
480822.9
480957.9
481046.1
481630.7
481853
482437.7
482531.2
482664.9
482879.9
485079.8
485104.1
485141.2
485188.3
485452.3
485851
485881.7
485925.9
485932.8
485948.6
486204.2
486224.9
486278.2
486280.1
486333.2
486540.5
486553.6
486606.6
486660.2
486678.8
486895.8
487225
487229.7
487252
487349.1
487388.9
487570.5
487602.7
487641.7
487645.8
487678
487811.5
488003.5
488051.7
488185.1
488257.5
488288.2
488291.4
488324.4
488334.4
488395.9
488683.5
488785.9
488862.4
488867.1
488965.3
489108
489350.6
489391.7
489432.4
489462.9
489496
489512.4
489610.8
489712.6
489781
490012.7
490137.6
490183.5
490343.2
490435.3
490607
490640
490684.7
490731.4
490750.2
490913.5
490917.9
490938.6
490947.5
490981.7
490987.4
490991.9
491100.3
491129.7
491132.3
491165.8
491174
491188.8
491190
491209.1
491221.7
491335.4
491357
491367.1
491375.1
491420.2
491423.3
491473.5
491484.5
491654.3
491677
491678.1
491809.4
491828.7
491900.2
491934.2
492030.6
492046.9
492051.1
492060
492063.7
492123.3
492179.2
492180.3
492220.1
492266.8
492485.2
492581.4
492581.7
492601.6
492647.6
492815.4
492818.3
492832.4
492965.7
492975.5
492979.5
493022.4
493027.5
493063.7
493129.2
493166.5
493181.2
493193.4
493297.7
493341.1
493345.1
493356.3
493452.2
493461.3
493477.2
493503.3
493598.6
493618.4
493647.1
493667.6
493674.8
493690.1
493709.4
493728.8
493751.2
493767.5
493780.4
493858.2
493886.4
493953.4
494002.1
494022.8
494061.6
494387.7
494487.6
494515.8
494576.1
494877
494921.5
494939.4
494990.1
494990.3
495088.6
495108.6
495161.3
495206.6
495417
495585.3
495596
495653.9
495712.6
495794.8
495894
495961.2
496026.4
496041.9
496380
496424.7
496526
496546.3
496584.7
496609.8
496630.2
496673.4
496726.5
496735.5
496947.8
496994.9
497053.8
497114.4
497241.4
497327.8
497544.2
497732.8
497749
498042.2
498142.4
498229.2
498397.9
498425.6
498497.1
498513.6
498576.4
498580.8
498922.9
498938.2
499004.5
499066.3
499190.9
499194.6
499244
499348.9
499353.7
499456.8
499466
499596.1
499620.9
499879.5
500067.3
500206.8
500220
500474.9
500618.7
500700.9
500797.5
501006.6
501048
501069.2
501079.5
501219.2
501334.4
501372.1
501379.7
501383.7
501426.8
501562.8
501575.5
501672.3
502018.8
502165.6
502170
502225.8
502226.1
502259.9
502261.5
502394
502458
502586.3
502604
502720.1
502756.7
502789.7
502795.4
502828.7
502842.8
502885.2
503000.4
503008.4
503026.9
503308.3
503349.7
503373.4
503469
503512.8
503521.5
503541.3
503586.1
503600.2
503631.7
503663.2
503719.6
503940.5
504061.5
504121
504127.8
504225.2
504419.2
504451.8
504769.9
504962
504973.2
505130.3
505155.8
505204.1
505260.7
505268
505286.9
505373.2
505429.8
505431.8
505452.3
505476.1
505543.4
505555.2
505565.9
505571.4
505620
505744.5
505745.1
505810.6
505814.3
505815.6
505870.4
505961.2
506042.2
506054.7
506150.3
506169.9
506176
506315.7
506344.3
506426.6
506478.9
506675
506754.1
506928.3
506949.1
507080
507113
507503.9
507687.5
507698.6
507747.8
507823.2
507844.4
507879.9
507940.3
507985.8
507993.8
508082.6
508144
508181.6
508186.1
508224.8
508280.8
508294.1
508297
508408.7
508444.1
508481.4
508495.5
508542.4
508582.6
508624.2
508641.8
508755.7
508811
508866
508945.4
509118.2
509308.9
509346.1
509460.2
509567.6
509762.7
509797.6
509954.3
510628.4
510747.7
511045.9
511095.4
511122
511401.1
512311.3
512523.1
512676.1
512766.7
512775.5
512801.1
512840.9
512879.8
512911.5
512942.9
512948.5
512975.1
513297.1
513319.9
513369.8
513419.2
513475.2
513544.8
513684.2
513697.2
513885.8
513944.8
514004.8
514069.8
514486.5
516691.2
516704.8
516714.7
517153.2
517172.5
517284.7
517434.8
517449.7
517587.9
517657
517704.7
518230.7
528147.3
528174.1
528347
528497.8
528605
532300.9
539702.6
539781.2
539900.9
540037.7
540046.8
540053
540084.6
540116.3
540178.2
540184.4
540184.5
540242.1
540289.3
540304.2
540377.3
540424.8
540574.3
540768.3
540903.9
540904.8
540962.8
541193.9
547731.9
547800.8
547988.5
547995.7
548087.1
548089.6
548118.1
548122.5
548136.1
548171.3
548287.8
548329.2
548331.1
548364.5
548386.5
550427.2
550661.7
558784.8
559654.6
559808.6
559818.7
559940.2
561300
561316.3
561547.3
561627.2
561658.1
561659.8
561674.4
561963.4
563959.7
564936.7
565409.4
566343.3
566453.5
566622.8
566732.7
567883
567928.6
567935.6
567948.8
568037.7
568051.4
568630.6
568646.4
568882.4
568905.8
569016
569209.3
569443.7
569487.2
569584.9
569610.2
569612.1
569744.6
569774.6
569816.4
569859.1
569874.1
569972.5
570003.2
570103.2
570151.9
570219.7
570285.2
570292.2
570444.3
570480.6
570577.4
570722
570729
570734.8
570913.3
570964
571189.6
571231.3
575558.9
575787.5
575797.2
575808.8
575832.5
575976.1
576000.9
576025.5
576034
576038.8
576130.4
576144.2
576179
580882.5
585943.2
586058
588325.1
588338.2
588397.6
588660.5
589253.2
590881.3
591100.6
596562.9
597076
597084.8
597105.1
597144
597160.6
597242.3
597452.6
597652.4
597657.8
597703
597871.8
598102.1
598166.5
598474.2
598738.3
598884.3
598917.4
598968.5
599211.5
599302.5
599389
599463
599808.3
