1495
1496.9
1523.5
1578.2
1631.4
1689.6
1734.8
1875.2
2134.8
2826.8
2955.8
2980.5
2984.8
3046.1
3078.6
3091.3
3122.1
3924.5
4004.5
4011.1
4016.7
4028.6
4080.6
4095.6
4097.3
4108.3
4164.2
8137
8147.1
8221.9
8239.2
8258
8282.8
8302.9
8501.7
8782.1
8799.2
8873.2
8952.5
8994.7
9118.9
9171.8
9178.2
9212.1
9218.7
9282.4
9293.9
9357.9
9393.8
9445.5
9500.5
9505.3
9533
9679.1
9749.2
9810.2
9840.4
9877.3
9882
9987.2
10381.8
10388.4
10441.1
10499.4
10500.6
10613
10853.9
12659.2
12682.9
12689.9
12886.9
12970.5
13203.5
13364.9
15298.2
21033.9
21216.8
21219.7
30198.6
34305.6
34308.4
34408.8
34429.6
34500.1
34519.7
34526.3
34571.8
34572.6
34656.5
34720.3
34749.4
34808.5
34903.9
34908.4
35039.2
35041.7
35043.1
35080.8
35131.4
35166.4
35230.9
35238.4
35288.6
35295.4
36282.9
36285.8
36339.4
36376.3
36408.1
36425.6
36498.2
36882.3
37220.6
37774.2
37994.9
38000.3
38005.7
38025.3
38162
38301.7
38310.9
38339.1
38406.1
38520.5
38584
40086.8
40221.1
40303.7
40377
40393.9
40416.3
40520.3
40648.7
40743.2
40965.7
40993
41014
41367.4
42478.7
42762.1
42841.9
47801.1
48029.4
48146.6
48204.5
48260.9
48374.5
48394.5
48415.7
48472.7
48514.5
48719.5
48743.1
48819.9
48820.8
48842.1
48846.5
48915.9
48928.4
48958.1
49120
49192.1
49315
49502.6
49529.3
49541.3
49546.8
49612.4
49632.8
49979.9
50022.3
50145.2
50176.1
50269.6
50324
50341.3
50360.5
50369.4
50418.6
55549.1
55787.9
55807.1
55881.7
56041
56052.6
56131.9
56133
56378.8
56383.3
56388.5
57519.3
57936.5
57938
60517.4
60676.5
69230.6
69239.9
69375.6
69387.8
69443.7
69555
76238.6
76266.6
76510.5
76601.2
76625.1
76632.4
76635.8
76690.1
76713.6
76738
76813.4
76829
76851.1
76920.7
76952
76987.7
77153.3
77238.6
77470.6
77701.1
77712
78040.4
85793.5
86036
86370.5
86392.3
86430.4
86643
86691.3
86735.7
86872
86896.2
86918
87049.3
87170.2
87176.8
87202.7
87223.5
87291.2
87317.4
87322.9
87603.7
90473.4
90488.2
90568.8
90609.2
90623.4
90708
90989.4
91079.3
106299.4
106633
106666.8
106765.8
106910.4
106936.6
107174.4
108362.3
108465.1
108565.8
108846.8
109221.7
109251.4
110540.5
110952
111006.4
111024.1
111096
120702.7
121043.3
121090.6
121478.7
121558.8
121802.9
121839.4
121895.4
122231.9
122247.8
122279.5
122375.3
123002.7
123030.7
123138.1
123526.1
123557.6
123627.2
123767.7
123800.2
123972.5
124007.3
124103.4
124108.7
124122.6
127446.8
128278.9
128336.3
128533.6
128551.4
128558.7
128735.7
128880.1
128923.4
129159.2
129839.1
129956.7
130097.8
130168.3
130174.8
130184.7
130358.5
130410.2
130419.6
130442.3
130472.8
130482.5
130613.2
130661.5
130666.1
130678.5
130680.6
130707.9
130708.5
130709.2
130724.3
130743
130854
130997.2
131014.8
131161.6
131424.6
132781
133683.8
134143.5
138929.5
140929.2
141100.7
141107.6
141418.5
141471.9
141535.5
141748.4
141754.7
141767.1
141844.7
142011.7
142014.3
142141.6
142200.4
142295.1
142318.5
142442.9
142732.5
142798.4
142878.2
143083.4
143090.8
143305.5
143558.9
143594.4
143722.7
143841.9
143874.4
143914
143917.7
144047.9
144113.1
144133.6
144140
144382.8
144536.4
144768.4
144848.9
144892.6
144938
145054.2
145172.3
145441.7
146155.1
146179.1
146693.4
147078.6
147189.3
148031.1
148100.3
148239.3
148439.9
148491.2
149327
149328.7
149436.8
149617.8
149761.7
149915.9
150311
151322
153343.7
154691.8
154816.2
155212.6
155385.5
155816
156115.1
156968.9
156995.4
159099.3
159322.8
159446.9
159517.3
160298.1
160685.8
162988.8
163060.5
163087.5
163091.8
163278.4
163380
163391.8
163582.1
163630.8
163996.1
164139.4
164198.1
164256.4
164290.4
164330.9
164362.5
164365.7
164403.8
164418
164458.7
164469.2
164569.8
164598
164604.8
164678.2
164810.6
164971.3
165982.8
166999.7
167018.2
167035.2
167107.4
167305.7
167311.3
167333.4
167336.6
167387.7
167396.4
167441.7
167490.2
167521.4
167537.6
167562.4
167605.2
167642
167676
167690.8
167719.8
167764.3
167804
167824.7
167824.8
167826.3
167830.3
167848.8
167866.4
167889.3
167924.6
167989.4
167989.8
168074.7
168110.9
168155.3
168166
168405.3
168536.9
170667.1
170745.2
170754.4
170838.2
170886.9
170893.5
170947
170998.6
171113.4
171390.6
171412.4
171456.9
171472.7
171588
171612.1
171636.8
171637.2
171730
171810
171814.1
171833.1
171880.8
171888.9
171927
171984.6
171994.3
172019.3
172104.4
172144.7
173551.1
173700.6
173796
173898.3
173900.9
173927.2
173957.9
174047.2
174094.3
174111.1
174125.3
174154.7
174295.9
174379.2
176418.2
183673.5
183677.5
183689.1
183721.9
183736.5
183874.5
183888.5
183968.2
183998.9
184123
184222.9
184381.9
184387.4
187646.9
188592.8
188608.5
188687.4
188689
188696.9
188767.4
188781.7
188790.7
188791.8
188803.9
188837.7
189000
189028.7
189061.4
189174.9
189212
189430.1
189436.3
189556.1
190197.6
190550.9
190599.9
190618.1
190727
190797.6
190818.5
191328.7
191638.1
191668.9
191683.9
191696.1
191773.3
191794.3
191798.8
191821.5
191846.2
192085.7
192583.4
195709.1
195888.8
195973.4
195976.1
196290.9
196306.6
196441.3
196669.1
196755
196806.3
196889.1
196969.6
197043.5
197204.3
197221
197302.4
197311.4
197354.3
197412.2
197454.6
197467
197484.7
197514
197606.3
197659.4
197718.6
197842.2
197843.4
197858.8
198029
198079.2
198112.3
198116.2
198126.8
198150.9
198168.8
198242.5
198276.3
198276.4
198278
198279.5
198476.5
198519.3
198546
198581.9
198611.3
198650.1
198650.4
198675.2
198709.3
198785.9
199225
199236.2
205847.6
206147.4
207233.2
224905.8
224932.6
224955.5
225082.6
225108.4
226645.1
226657.5
226897
227009.7
227038.2
227093.2
227195.8
227279.5
227328
227369.1
227402.4
227445.8
227658.2
227765.5
227981.8
227987.5
228341
228522.5
228673.4
229253.8
229264.2
230219.7
230493.1
230505
230554.1
230639
230734.4
230836.8
230900.2
230954.3
230968.2
235854.9
236446.1
236911.4
237971.6
239126.2
239158.3
239237.2
239390.5
239408.6
239502.1
239610.6
239620.6
239805.1
239925.3
240016.9
240789.5
247121
247690
255834.1
255858.1
256047.3
256052.7
256068.2
256174.8
256180.9
256217.4
256266.6
256302.1
256320.7
256323
256544.7
256583.2
256612.6
256627.1
256633.9
256650.4
256652.5
256680.2
256767.2
256774
256817.4
256823.3
256847.9
256923.9
257031
257185.8
257208.2
257233.3
257386.9
257392.1
257398.8
257408.8
257415.6
257419.5
257460.8
257465.3
257474.9
257482.6
257497.6
257501.5
257522.9
257529.4
257562.8
257891.5
258060.8
258070.8
258137.3
258149.7
258178.8
258262
258344.5
258393
258504.5
258581.4
258589.5
258640.3
258713.4
258749.7
258817.9
258943
259013.8
259155.4
260247.6
260513.4
260536.8
260760.8
260799.1
260816
260846.8
260888.5
260936.3
261009.7
261220.1
261249
261318.4
261355.4
261387.4
261398.5
261542.7
261597.5
261683
261752.5
261854.7
262367.5
262390.6
262828.4
263044
263147.1
263247.8
263251.8
263344.3
263408.3
269313.2
269691.2
269799.1
269811
269904.4
269913
270031.2
270072.8
270078.9
270146.4
270190.3
270193.5
270235.3
270328.3
270334.3
270397.3
270473.9
271660.2
278431.6
278541.2
278626.7
283195.7
283350.9
283375.6
283779.8
283877.7
283902.5
283936.3
284105.5
284534.8
284739.7
284787.8
285208.4
286456.4
286662.9
286761
286845.7
286866.6
286892.9
287033.5
287098.8
287145.2
287243.1
287278.3
287378.8
287384.2
292798.6
296362.3
296546.8
296681.4
296848.2
296927.3
296980.2
296993.2
297097.3
297259.1
297289.2
297296.1
297386.5
297400.4
305749.6
305931.9
306490.7
306509.7
306688.8
306750
306827.8
306865.5
306875.6
306897.8
306921.5
306942.5
307056.6
307131.5
307184.4
307247.4
307350.8
307360.3
307457.6
307467.1
307482.2
307695.9
307715.7
307877.1
307898.5
307959.8
307983.4
308037.5
308046.2
308047.8
308050.4
308054.4
308144.9
308209
308268.9
308281.5
308284.3
308318.9
308319.5
308352.1
308402.8
308528.2
334914.9
335232.2
335384
335446
335482.5
335657.4
335668.2
335673.8
335775.3
335851.7
335998.7
336288.2
342963.3
343157.9
343362.5
343619.4
344427.3
346735.9
346784.6
346807.4
346937
347115.1
347290.1
347297.3
347377
347422
347425.7
347613.7
347711.3
347731.5
348024.2
348051.4
348064.6
348132.5
348197.2
348239.7
348255.2
348478.9
348577.8
348586.1
349778.1
349871.9
350224.3
350948.9
352947.9
353212.7
353224.2
353235.6
353371.8
353422.1
353435.8
353440.7
353467.5
353504.9
353559.4
353572.9
353578.9
353623.5
353660.2
353662.4
353689.2
353706.8
353991.6
354071.1
354231.8
355576.8
355655.5
356119.8
356159.1
356760.7
356771.6
357028.9
357274.3
357369.3
357444
357462
357932.9
357946
358347.6
358418.3
358477.7
358482.8
358595.9
358637.5
358704.8
358724.5
358887
359068.3
359369.4
359467.2
359653
360611.6
360674.8
360750.1
360764.4
360813.8
360967.3
361012.4
361081.7
361358.1
361560.8
361644.7
361653.1
361876.4
362164.8
362259.2
362282.4
362421.2
362498.2
362595.2
362640.1
362709.5
362831.5
362845.1
363058.8
363101.6
363159
363325
363415.7
363459.2
363470.4
363485.6
363587.2
363609
363774.4
363858.4
363985.6
364108.8
364115.6
364115.8
364135.9
364197.9
364203
364244.2
364342.8
364379.1
364450.2
364486.6
364514.1
364526.9
364647.7
364718.7
365059.1
365094.1
368195.1
369911.9
371904.7
372367.5
372720.5
376038.3
376111.2
376195.3
376484.9
376504.1
376536.9
376589.6
376931.7
377210
377515.5
377529.5
377601.2
377676
377920.1
378171.6
378346.8
378402.6
378469.5
378524.5
378934.4
378971.3
379011.5
379199.6
379403.7
379485.8
379501
379823.1
379944.7
380112
380194.2
380342.2
380351.2
380461.4
380516.9
380999.7
381210.6
381409.8
381440.3
381490.2
381791.4
381993.7
382004.2
382089.5
382114.8
382157.1
382200
382423.9
382490.7
382583.5
382639
382713.2
382804.1
382807.5
382891.5
383265.7
383399.5
383451.5
383511.2
383731.3
383768.8
384170
384308.9
384342
384372.5
384692.3
384874
384949.1
385021
385585.6
385662.2
385802.9
385827.1
385916.1
386018.9
386041.7
386188.4
386197.3
386313.4
386402.6
386431
386510.7
386534.2
386699.5
386894.1
386914.2
386933.8
386996.1
387096.7
387238
387473.6
387551.3
387628.2
387714.6
387829.7
387846.3
387893.8
387943.3
387961.7
387993.7
388146.1
388184.5
388285.1
388313.6
388447.1
388454.9
388568.9
388571.2
388639.8
388659.7
388791.7
388833.6
388834.4
388879.4
388922.4
388980.5
389043.6
389187.2
389199.9
389224.9
389253.9
389421.9
389513
389536.9
389592.8
389609.6
389658.7
389674.9
389687.8
390071.7
390442.5
390477.7
390510
390713.4
391021.9
391245.9
391275.3
391537.5
391581.5
391745.2
391921.4
391991.2
392063.1
392136.1
392199.9
392221
392320.8
392456
392658.9
392729.6
392781.7
392843.8
392972.7
393025.9
393141.6
393458.9
393673.6
393705.2
393830.8
393945.4
394035.6
394172.8
394533.1
394544.3
394753.2
394906.7
395407.3
395867.3
395873.9
395929.6
399434
399616.8
399693.3
399764.9
399857.9
399869.2
399975.9
399987.2
400086.9
400140.7
400143.4
400502.2
400738.9
400910.4
400969
401074.8
401102.5
401120.2
401211.6
401266.8
401362.4
401387.3
401730.2
401819.9
402074.4
402153.2
402175.1
402351.1
402415.8
402558.3
404549.2
404791
404872.4
404930
404963.8
404972.6
404976.8
405016.2
405061
405079.5
405221.9
405564.9
405620.1
405639.9
405653.3
405810.6
405892.4
405906.2
405914.7
405959.4
405961.6
405964.6
406066.8
406133.4
406181.3
406206.2
406239.8
406255
406296.6
406306.1
406328.8
406334.4
406406.5
406497.8
406508.9
406542.2
406625.1
406629.6
406645.6
406650.4
406704.9
406706.9
406728.3
406768.8
406813.2
406845.8
406872.1
407003.7
407049.6
407156.7
407207.5
407222.7
407223.4
407285
407300.7
407402.4
407506.1
407575.8
407686.5
407736.8
407857.9
407869.3
407963.8
408046.8
408105.6
408138.3
408143.5
408149.3
408193.9
408269.1
408444.5
408524.1
408568.5
408752.5
408772.8
408775.2
408829.9
408975.9
409005.9
409117.7
409145.1
409256.2
409288.6
409457.4
409550.6
409565.4
409673.4
409790.9
409820.4
409892
409894
409905.1
409954.2
409986.3
410044.7
410174.2
410258.8
410371.9
410639.1
410675
410902.8
410940.5
410951.3
411009.9
411134.2
411150.5
411306.5
411321
411374.4
411383.4
411383.8
411412.5
411436.3
411453.1
411511.3
411551
411643
411712.9
411768.3
411799.9
411804.1
411858.3
411871
411882.4
411896.5
412023
412196.4
412279
412564.2
412791.6
412818
412974
415659.5
415765.4
416064.7
416238.8
416348.9
416352.5
416395.4
416530.4
416630.6
416793.1
416828
417037.4
417059.1
417203.2
417530.8
417547.7
417559.9
417747.7
417758.8
417818.9
417948.1
417991.7
422748.6
424349.1
424474
424598.3
424629.9
424638.4
424730.1
424981.2
426094.3
426123.5
426431.5
426526.4
427658.3
427769.1
427809.7
427893.1
427895.8
427929.2
427950.5
428149.4
428173.4
428189.9
428259.6
428281.2
428284.3
428430.7
428473.1
432139.3
433044
433436.2
434227.5
435421
445339.4
445637
448728.8
448826.2
449034.5
449081.9
449173.9
449187.2
449201.7
456255.8
456431.7
456611.8
457043.3
457108.2
457303.8
457326.2
457366.6
457394.8
457426.3
457562.8
457803.6
457891.8
458217.7
458368.3
462782.2
462944
472430.6
472640.7
472897
472970.8
473269.9
473389.8
473693.4
473727.7
473742.8
473748
473992
473996.4
474049.8
474073
474552
475277.1
475462.7
476219.1
477644.5
478469.6
478624.1
486020.7
486163.4
486163.6
486262.1
486293.2
486311.5
486348.5
486472.3
486496.5
486683.4
486736.1
486815.1
486836.7
486887.9
487054
487078.4
487146.9
487211.4
487212.7
487239.3
487260.8
487330.5
487521.4
487555.8
487573.2
487593.4
487621.1
487651.9
487694.6
487705
487724.8
487772.1
487815.9
487827.5
487900.5
487928.5
487929.1
487947.4
488035.6
488127.9
488166
488220.8
488237.8
488280
488288.2
488322.9
488351.9
488581.8
488689.5
488801.8
489103.3
489143.7
489187.9
489468.5
489540.2
489604.7
489634.1
489656.3
489669.6
489725.8
489766.2
489777.3
489822.3
489829.4
489863
490004.4
490225.2
490342.7
490401.2
490464.6
490513.5
490550.2
490557.3
490690.3
490691.1
490808.6
490814.1
490832.6
490850
491292.4
491298
491312.5
491442.7
491444.1
491526.6
491688.5
492110.8
492478.8
492811.6
492988.4
493088.8
493236.3
493291.9
493457.4
493495.5
493809.9
493919.7
494187.8
494270.7
494363.9
494424.4
494479.7
494555
495021.5
495326.4
495377.1
495504.6
495518.4
495573
495605.1
495670.3
495758.3
495761.7
495771.6
495846.8
495871.8
495879.6
495882.9
495897.6
496097
496100.5
496185.1
496327.6
496406.3
496544.3
496545.5
496591.3
496664.7
496683
496709.8
496824.1
496835.7
496942.8
496954.9
497322.6
497350.5
497505.4
497644
497700.9
498009.1
498050.2
498074.2
498243.3
498245.3
498296.7
498618.8
498753.8
498840.5
498851.9
498893.4
498941.8
498970.8
499116.7
499142.2
499181.8
499184
499210.3
499371.3
499478
499718.5
499741.7
499763.5
500169.8
500311.3
500326.5
500421.2
500623.3
500678.7
500729.2
500738.6
501038.7
501047.1
501219
501311.6
501381.4
501455.9
501581.9
501582
501619.7
501654.4
501729.9
501747
501795.9
501828.3
501908.3
501927
501978.2
501979
502188
502325.7
502339
502654.9
502688.8
502751
502915.8
503031.2
503181.1
503254.7
503706.2
503869.3
503905.2
504293.5
504576.9
504581.5
504589.5
504638.3
504702.6
504743.5
504798.7
504947.4
505097.9
505207.8
506050
506052.8
506066
506147.8
506542.8
506555
506613.9
506697.5
506698.8
506809.2
506843.6
506954.9
506979.7
507058.3
507295.6
507434.4
507438.5
507531.9
507543.5
507769.7
530989.9
532005
532018.8
532107.8
532232
532234.5
532278
532316.9
532410
532446.9
532546.1
548941.4
548975
549005.3
549018.2
549115.6
549151.9
549194.7
549203.4
549210.6
549243.6
549249.4
549308.5
549313.4
549324.1
549397.9
549517.5
549548.4
549562.4
549678.8
549856
549919.1
549962
562152.7
562317.5
562730.4
562851.7
563027.3
563223.8
563300.7
563571.6
563778.5
563921.4
564093.1
564209.2
564498
564803.3
567301.8
570530.2
570923.4
571143.8
577836.7
577873.4
578034.8
578079.9
578092.7
578125.9
578133.8
578329
578374.5
579783.2
581291.9
583088.5
583210.6
583232.9
583499.7
583744.5
584113.9
584239.5
584805.8
585088.6
585200.2
585267.2
585691.1
586006
586050.4
589857.4
589861.2
590020.1
590066.8
590083.6
590228.2
590535.5
590557.6
590633.2
595925.4
596114.7
596219.4
596314.9
