180.7
1047.5
1073
1094.2
1104.6
1126.7
1129
1219.6
1232
2404.6
2501.6
2526.8
2614.1
2624.9
2662.6
2746.9
2761
2828.9
2856.5
4000.2
4098.4
4123.7
4215.2
12229.2
12341.5
12391.2
12413.1
12475.8
12477.5
12487
12576.3
12592.6
12633.9
12708.4
12708.7
12722.3
12846.6
28272.5
28455.4
28861.1
29034.4
29286.3
29392.6
29443.6
29634
29645.8
29722.5
29736
29741.4
29803.8
29811
29867.3
29903.6
30029.7
30134.8
30151.9
30184.3
30207.5
30341.3
30350.3
30403.2
30421.9
30471.8
30562.2
30615.4
30741.3
30846.8
30904.7
31155.3
31193.8
31285.6
31431.6
31436.5
31441.1
31505.3
31602.2
31679.8
32243.1
32371.9
32753.3
32776.1
33542.1
33558.3
33560.6
33953.3
34029
34201
34226.2
34234.7
34383.7
36206.5
36232.5
36343.6
36404.2
36974.1
37013
37346.3
37486.9
37568.9
37872.6
38117.3
38144.2
38239
38252.7
38308.3
38367.1
38573.7
38606.9
40408.2
40771.1
40817.6
40854.7
40859.6
40983.5
41044.1
41371.8
41403.3
41469.3
41484.2
41510.4
41663.3
45961.7
45964.8
47501
47510.2
47575.4
47630.6
47733.5
47738.6
47828.2
47841.3
48067
48296.4
48373.6
48392.3
48592.3
48717.3
49048.5
50671.9
57298.5
57492.8
57588
57612.2
57635.7
57645.4
57679.9
57757.5
57810
57862.4
57872
57947.8
57948
57958.4
57963.1
58137.4
58233.4
58353
58419.5
58455.8
58697.6
58714.2
58759.2
58835
58858.7
59049.8
59400.9
59420
60225.7
60264.9
60320.3
60411.3
60419
60464.2
60509.6
60603.7
60648.4
60705.2
60707.4
60765.4
60824.5
60857.4
60901.9
60912
60982.6
60991.5
61007.2
61075.8
61107
61124.9
61126.2
61291.9
61295.4
61443.3
61560.8
61568.4
61601.9
61604.9
61628.8
61635.9
61804.5
61847.2
61948.8
62004.4
62054.1
62078.6
62115
62170.8
62264.6
62333.5
62447.4
62598.4
62637.3
76111.4
76403
76681.8
76906.2
77316.6
77597
77905
77957.9
78198.5
78217.3
79175.3
79318.4
79599.8
79601.5
79978.4
80206.5
80230.2
80248.9
80391.3
82657.5
82758.9
82761.6
82998.4
83035.6
83183.6
83348.9
83349.8
83393.8
83508.2
84413.5
85384.6
85402.6
85493.1
85595.6
85699.6
85732.4
85764.8
86053.4
86109.1
86167.2
86180.9
86335.8
86401.4
86461.7
86465.9
86474.7
86522.5
86525.6
86674.8
86823.2
86858.2
86865.6
86888.1
86906.1
86926.4
86990.4
86993.6
87021.3
87054.2
87080.4
87107.8
87115
87146.3
87185.7
87246.5
87365.5
87379.3
87440.9
87497.9
87572.2
87594.1
87651
87660.3
87681.9
87706.1
87721.3
87813.6
87818.8
87911.3
87980.3
88042.5
88085.9
88313
88343
88349.5
88350.8
88354.8
88443.9
88453.8
88562.6
88604.3
88743
88784.8
88798.2
88862.6
88933
88972.8
89009.8
89104.6
89144.3
89219
89249.5
89250.6
89257.7
89262.7
89265.9
89302.4
90554.6
90739
91185
91199.5
91311.2
91328.5
91397
91399.8
91423.3
91446.8
91507.9
91790.6
92211.9
93489.8
95287.6
95624.4
102139.7
102417.5
102532.4
103743.9
103913
104007.2
104159.9
104187.6
104280.3
104552.8
104588.3
104596.6
104621.4
104622
104674.6
104770.2
104888.3
105182.6
105227.7
105317.1
105478.7
105522.1
105523
105601.1
105867.5
105869.9
105969.5
107727.5
107769.9
108027.9
108079.4
108190.2
108330.2
108338.7
108360.2
108385.9
108389.1
108454.9
108487.7
108516.1
108525.4
108703
108705
108780.8
108793.2
108813.2
108864.8
108889.2
108897.2
108905.1
108954.7
109010.6
109024
109128.7
109194.9
109223.6
109273.4
109274.5
109337.4
109600.3
109631.9
109658.5
109917.4
110100.8
110186.5
110581.6
110615.2
110719.6
110770
110864.4
110868.1
110956
111188
111353.1
162626.3
164225.7
164535.1
164587.2
164747.6
165016.1
165082.6
165092.3
165132.4
165392.2
165799.5
165821
167063.7
167079.5
167147.2
167316
167372.5
167401.5
167553
167675
167746.7
167868.7
168436.5
169674.2
169928.1
170559.3
170620.1
170635
170671.9
170689.2
170778.6
170802.1
170827.5
170848.7
170858.7
170893.4
170907.7
170912.4
170953.5
170968.4
170987.6
171133.2
171182.2
171204.3
171233.4
171334.7
171366.8
171367.4
171468
171475.2
171551.2
171560.2
171566.3
171710.2
173846.9
174060.5
176269
176881.7
177009
177134.6
177168.4
177187.9
177312.8
177381.9
177438
177502
177554.4
177604.7
177655.5
177696.5
178451.9
178501.3
178568.1
178743.5
182830.3
182849.7
182976.2
183027.7
183057.2
183135.6
183182.2
183226
183325.7
183411.6
183475.4
183540.3
183582.3
183829.5
185597
185846.3
185948.6
186035.7
186054.4
186141.4
186433.9
186666.5
188521.3
188538.9
188549.7
188632.2
188741.4
188891.6
188911.5
188927.2
189019.6
189063.5
189129.4
189255.2
189291.7
189336.3
189350.9
189370.4
189462.5
190336.9
190560.5
190588.4
190669.2
190851.4
190873.1
190886.1
190961.5
191001.9
191077.3
191118.6
191147.7
191228.5
191403.9
191441.9
191452.8
191470
191613.6
191621.7
191673.2
191677.2
191687.1
191702.7
191718.8
191727.7
191766.8
191774.8
191858.5
191889
191948.9
191966.6
192061.1
192106.8
192115.7
192126.2
192192.8
192218
192231.9
192991.4
200087.7
202409.2
211093.5
211096.5
211218.9
211254.8
211357
211371.3
211377.6
211631.7
224070.4
224649.8
226022.1
226059.5
226214.9
226221.1
226329.7
226369.5
226448.4
226567.1
226582
226594.6
226660.9
226787.8
226802.8
226886
226895
226928.5
226997.1
227000.2
227073.3
227078.3
227174.9
227183.7
227253.3
227270
227299
227315.4
227379.6
227413
227491
227611
227612.6
227671.8
227726.7
227740.2
227799.9
227830.5
227952.8
227970.7
227977.8
227984.4
227989
228003.2
228021
228024.9
228033.4
228060.9
228154.6
228214.2
228410.4
228411.4
228449
228507.4
228520.6
228542.9
228610.3
228634.3
228725.1
228735.7
228797.7
228812.9
228847.6
228855.5
228887.8
228912
228935.8
228943.8
229020.7
229045.3
229059.2
229074.9
229118.7
229149.7
229171.5
229202.9
230720.6
230759.4
230775.2
230899.2
231071.2
231085.1
231134.1
241867.9
242217.7
242568.7
251139.5
251754.8
252095.5
252781.8
252824.4
252836
252858.4
252874.4
252880.5
252924.8
253109.9
253144.7
253654
253955.3
254474.6
254555
254740.5
254750.1
255134.2
255327.6
255406.9
255501.5
255604.3
255673.9
255764.3
255801.6
255821.9
256129.5
258045.6
259774.2
259951.2
260122
260125.3
260132.2
260154.8
260285.5
260452
260687.5
260840
260849.9
260851.5
261000.9
261493.7
261497.4
262171.4
263088.3
263308.6
263344.1
263502.7
270177
270211.1
270239.8
270255.3
270267.1
270315.4
270316.1
270420.1
270427.2
270440.1
270579.7
270583.7
270682.1
270685.6
270986.7
270990.7
271178.4
271297.5
271320.7
271439.2
271460.2
271475.9
271492
271529.4
271545.9
271559.2
271631.4
271640
271690.4
271761.6
274588.6
275478.1
275543.2
275708.3
275773.5
275832
275861.5
275903
275945.5
276028.7
276118.7
276139.8
276186.3
276211.3
276244.9
276261.3
276339.1
276401.6
276445.4
276595.4
276627.6
276647.1
276661.5
276663.6
276677.8
276811
276844.7
276897.5
276912.7
277035
277064
277620.3
277768.3
277779.9
277817.8
277848.1
277934.9
278057.8
278089.6
278142.8
278229.5
278379.2
278402.6
278432
278458.5
278496.3
278660.4
282526.5
282637
282696.3
282948.2
283088.6
283107.5
283180.6
283191.6
283252.2
283302.3
283339.7
283465.7
284271.2
284345
284497.2
284527.6
284569.7
284621
284732.1
284813.4
284925.6
285109.3
285203.2
285417.5
285491.8
285525.5
285706.7
285752.4
285845.3
286017.7
286228.1
286629.6
286707.9
290391.5
295389.7
295468.8
295525.4
295747.5
295887.1
295961.3
296177.5
296224.4
296262.1
296302.3
296350.9
296357.4
296362.1
296401.9
296415
296432.7
296477.8
296497
296504
296576.1
296586.5
296618
296627.3
296641.5
296681.5
296709.6
296782.8
296786.4
296796.7
296849.4
296933.9
296958.8
296973.9
297005.2
297118.3
297197.1
297249.7
297254.5
297261
297304.8
297307.1
297328.9
297330.7
297454.8
297713.7
297725.8
297766.8
297786.6
298005.6
301288.7
301507.7
301656.7
311283.2
311299
311484.9
311533.4
325504.4
325653
333534.2
333586.9
333760
333813.2
334036.1
334131.8
334182.9
334242.6
334430.6
334554.3
334560.4
334673
334742.7
334924.5
334952.8
334953.2
334953.5
334959.6
335030.4
335071.3
335082.7
335090.6
335112
335153.3
335199.2
335214.4
335241.6
335261.7
335355.7
335405.5
335439.5
335457.5
335617
343174.3
343355.6
343449.4
343728.9
344580.9
344596.9
344689.3
344836.1
344945.6
344998.5
345093.2
345157.7
345264.3
345295.9
345526.9
346632.1
346783.7
346857.7
346867.1
346916.7
346921.5
346924.8
346926.3
346952.4
346957.3
346968.2
346981.6
347005.3
347120.8
347125.9
347261.3
347282.4
347304.1
347309.6
347317.5
347342.9
347392
347459
347465.6
347556.1
347670
347770.8
347986.4
348024.5
348105
348242.3
348343.9
348528.1
348554.8
350257.2
350660.5
350764.2
350869.5
351068.9
351110.3
351113.5
351173.2
351177.5
351185.6
351236.5
351239.6
351251.8
351344.4
351409.7
351429.9
351466
351509.8
351542.2
351713.4
352378.8
352612.3
352736.7
352878.3
353059.8
353116.3
353156.6
353407.6
353477.8
353594
355025.2
355214.4
355290.3
355459.2
355500.2
355558.3
355655.4
355679.1
355683.7
355823.7
355947.3
355964.6
356016.6
356035.7
356123.9
356211.5
356260.5
356267
356269.9
356434.7
356438.5
356518.2
356559.6
356572.1
356610.3
356625.8
356641.3
356659.5
356666.4
356721.8
356734.3
356895.9
357000.1
357031.1
357105.4
357115.8
357118.3
357162.7
357197.6
357202.7
357259.3
357519.5
357523.5
357535.7
357574
357654.1
357704.6
357752.8
357776.4
357882.1
358002.1
358027.8
358109
358242.6
358275.6
358322.6
358362.9
358431.7
358436.8
358510.8
358545.7
358564.7
358570.8
358592.6
358610.3
358740.3
358744.1
358836.3
358859
358961.2
359126.1
359158.7
359212
359263.1
359318.1
359386.5
359450.3
359484.9
359523.1
359525.5
359584.2
359584.6
359701.4
359854.1
359886.5
359969.2
360002.5
360020.9
360084.4
360194.8
360226.2
360239.5
360245.5
360292.7
360303.4
360331.5
360352.8
360367.2
360377.9
360399.8
360583.4
360625.9
360721.1
360804.4
360880.4
360927.7
360945.7
361067.5
361093.2
361146.7
361179.5
361307.9
361325.9
361382.2
361576
361648.4
361664
361728.9
361811.5
361838.8
361896.9
361962.5
361986.1
362000.8
362095.7
362104.1
362104.8
362226.4
362445.8
362532.6
362560.8
362579.2
362587.2
362602.5
362605.4
362617.4
362630.2
362712.9
362786.8
362862
362905.4
362970.7
363010.6
363013.3
363082.2
363131.6
363141.9
363179.2
363210.7
363301.3
363362.5
363418.7
363521.8
363558.7
363580.9
363798.5
363848.4
363956.9
364021.9
364044.8
364063.2
364095.7
364134.4
364156.6
364195.4
364242.4
364246.3
364257.9
364266.5
364280.5
364282.4
364296.5
364347.7
364407.9
364425.4
364428.6
364477.2
364487.9
364498.6
364641.2
364712.7
364730.2
364731.4
364798.8
364862.8
364870.6
364927.9
364983.3
365096.9
365118.2
365141
365288.3
365307.9
365357.8
365387.7
365459.1
365554.9
365605.7
365718.3
365864.1
366104.5
366606
366696.8
366963.5
367011.6
367369.8
367743.9
372882.8
372999
373080.4
373086.2
373092.8
428317.6
428360.5
428373.3
428467.7
428475.4
428490.3
428683.9
428688
429010.9
429760.1
445339.5
446990.5
447586.3
448502.2
448537.6
448654.8
448693
448724.1
448890.2
449010.4
456108.7
456118.6
456127.9
456160
456177.3
456289
456380.4
456453.8
456558.7
456560.1
456572.3
456601.3
456659.8
456697.2
456712.1
456820.7
456973.5
457182.1
457276
457324.7
460685.5
461486.4
461759.2
462478
462505.3
462542.7
462548.7
462598.3
462630.7
462644.5
462663.7
462719.9
462798.1
462893.3
462927.5
462981.7
463016.4
463087
463102
463179.3
463200.3
463227.1
463232.2
463288
463326.5
463381
463450.7
463451.7
463456.9
463460.9
463481.7
463494.2
463495.4
518143.7
530379.3
530426.5
530532.9
530625.3
530723.8
530736.7
530738
530821.7
531029.2
531051.6
531252.5
531317.9
531389.2
531528.1
531543.9
531672.5
531925.6
531932.9
532000.2
532063.9
532108.1
532361.1
537030
537138.5
537188.2
537425.1
541400.5
541522.6
541539.3
541703.2
541781.4
541814.3
541916
542009.5
542218.1
542230.9
542493.2
542574.8
542607
542668.6
542670.2
542724.8
542751
542783.9
542918.2
542978.3
543055
543081.7
543621.3
544333.5
544624.2
545036.2
545498.5
545869.2
546429.4
547789.3
547912.4
549174.5
549415.8
549501.2
549643.2
549805
549865.5
549883.7
550032.5
561788
561929
561964.4
562201.2
562359.2
562363.1
562364
562498.1
562622.3
562632.2
562709.4
562867.6
562891.6
563026.4
563028.2
563070.1
563147.6
563188.3
563266.1
563274.4
563296.1
563373.1
563399.2
563502.6
563594.6
563692
563781.1
563814.5
563927.6
563977.4
563994.5
564104.1
564129.8
564179.4
564208.1
564220.2
564272.1
564319.2
564382.7
564503
564507
564774.1
564774.8
564856.6
564876
565981.5
568558.3
570998.2
571246.3
571318.5
571364.7
571368.4
571453.2
571492.8
571535.3
571552.1
571560.3
571630.7
571793.2
571981.3
571983.1
572023.4
572082.3
577775.8
577974.4
578024.2
578226.9
578400.7
578409.6
578427.9
578534.1
578570.9
578626.1
578688
578714.2
578718.9
578806.6
578937.6
578970.1
578972.7
579063.8
579078.2
579257.5
580865.4
580902.9
580975.9
580999
581325.7
581411.4
581474.1
581697
581716.2
581960
588444.2
588481.6
588685.2
588696.1
588707.6
588746.3
589065.1
589128.6
589193.4
589220.4
589393.1
590290.3
591255
595198.4
595962
596172.8
596222.3
596278.5
596346.1
596379.1
596435.7
596459.7
596475.2
596553.6
596607.2
596615.3
596627.9
596714.5
596792.4
596847
596927.2
596939.5
596997.2
599719.8
599846.3
