1959.9
2143.3
2154.6
2186.2
2760.7
2783.5
2798.1
3010.6
3018.1
3125.3
3706.1
3781.6
3855.6
3963.8
4019
4034.4
4053.6
4065
4079.2
12040.1
12077.3
12127.5
12149.2
12152.6
12163
12184.7
12289
12340.7
12347.4
12393.7
12423
13271.3
13379.3
13399.7
13614.8
13704.9
13802
13880.7
14136.7
14204
14283.1
14402.8
14519.4
14527.1
14557.2
14573
14611.1
14666.7
14823.4
14903.7
14926.4
15035.7
15116.1
15162.8
15163.9
15177.5
15254.1
15257.6
15339
15345
15374.8
15536.8
15544.7
15551.1
15568.1
15576
15634.5
15639.5
15732.8
15750.8
15769.4
15887.3
19104.2
19250.5
19288
19294
19419.5
19457.6
19479.3
19490.4
19618
19620.1
19634.7
19737
19802.3
19813.4
19840.3
19882.5
19884.9
19957.6
20025.6
20055.5
20089.7
23523.1
23669.5
23694.1
23774.8
23887.7
24047.2
24128.9
24136.6
24179.8
24243.5
24273.9
24288.3
24388.5
24413.9
24756.8
25599.1
26688.7
26902.4
27414.9
27872.4
28346.3
28398.5
28495.9
28804.4
28938.9
28990.8
29064.8
29137.5
29140
29187
29205.3
29292.5
29322.7
29405.9
29493.5
29506.5
29614.2
29638
29716.9
35407
35448.6
35468.4
35477.5
35537.8
35572.7
35578
35707
35770.7
35819.9
36350.4
36568.5
36916.5
37213.3
37332.1
37713
37808.3
37894.8
37922.5
37967.5
38079.7
38110
41820.1
41833.7
41875.5
41889.3
41893.3
50629.6
50669.6
50692.6
50734
50769.6
50784.5
50802.2
50815.6
50828.5
50914.2
51112.5
57125.4
57235.2
57660.5
58087.1
58114.5
58400.5
58404.9
58416.3
58421.3
58508.1
58631.2
58723.1
58741.3
58893.1
58898.2
60032.9
60052.5
60189.8
71448.2
71658.3
71707.7
71724.7
71827.3
71834
71938.5
72003.6
72117.8
72221.5
72228.7
72234
72243.5
72339.9
72483.1
72504
72586.5
72642.4
72986.8
76346.2
76559.8
76643.6
76653.2
76680.5
76775.6
76995.9
77386.4
77901.3
83962
84082.3
84356
84475.9
84484.3
84639.7
84675.4
86312
86986.4
89593.9
89730
89842.6
89915.2
90337.3
91216.4
93510.2
93611.3
93614.2
95009.8
95040.1
95062.1
95158.8
95211.7
95680.8
95728.9
95821
96004.5
96331.7
96342.9
96355.9
96441
96486.4
96553.2
96595.5
96731.4
96849.1
97098.1
97204.4
97266.5
97341.1
98508.1
98527.2
98634.6
98979.2
98996.2
99240.7
99256
100310.7
100807.2
101185.9
101435.4
101741.4
101849.2
102716.9
102781.8
103366.6
103528.2
103565.2
103579.3
103603.7
103615.1
103644.4
103672.2
103725.5
103727.1
103806.8
103975.2
104063.5
104173.3
104191.2
104195.2
104240.1
104261.9
104264.1
105913
107119.7
107177.1
107205.7
107209.7
107234.4
107282.5
107287.1
107307.5
107331.8
107363.3
107428.6
107502
111099
118170.4
118477.4
150341.3
155101.8
164259.3
168307.5
168376.4
168651.6
168915.2
169158.2
169236.6
169239.3
169636.6
171543.1
171677.6
171698.3
171757.2
171772.5
171779.2
171779.3
171805.7
171809.5
171840.3
171853.3
171892.6
171995.7
172027.1
173615
173647.7
173901.8
175253.3
175508.8
175679.1
175756
175775.8
175852.9
175870.5
175904.5
176005.4
176137.5
176153.1
176275.3
176312.6
176319.8
176374.3
176387.1
176432
177428
177615.1
178385.4
178425.6
178629.6
178749.7
178753.9
178927.5
183358
184271.8
184464.5
184495.8
184517.7
184520.6
184558.1
184608.8
184675.9
184756.1
185012.3
185101.4
185113.9
185276.1
185357.8
187262.1
187341
187762.8
187970.2
188167
190265.3
191179.7
191332.5
191381.4
191603.6
192266.9
192272.4
192316.1
192383.7
192545.2
199777.4
200786.5
200962.4
201104.8
201130.6
201248.6
201267.1
201276.2
201278
201433.9
201647.5
201777.1
201843.1
201911.5
202519.6
202639.8
202901.7
203023.4
203042.7
203235
203411.6
203635.4
203979.5
204215.6
204327.6
204809.7
204903.6
205156.9
210719.8
212442.6
212462.4
212494.5
212521.5
212734.9
217781.3
217888.9
218002.6
218158.3
218364.2
218453.3
218513.3
218738.9
218785.2
218897.2
218902.9
218903.8
218907.2
219005.2
219062.2
219130.6
219140.4
219223.7
219286.6
219516.2
220122.3
220235.6
220268.7
220549.9
220687.1
220740.7
220758.9
220847.3
222327.1
222558.3
223808.9
224015.8
224047.6
224223.3
224371.1
224395.2
224413.4
224463.5
224590.8
224610.3
224690.3
224757.5
224867.3
225643.5
226486.8
226727
227042.5
228282.7
229254.3
229779.9
230051.2
230055.1
230095.1
230143.5
230191.4
230198.8
231200.2
231208.3
231415.2
231598.5
231643.3
241434.4
241828
241888.5
242007.2
242042.8
242050.5
242124.3
242142.9
242205
242294.5
242322.1
242332.3
243100
250421.1
250859.4
250882.2
250913.8
251041.9
251057.2
251097.3
251171.7
251196
251251.2
251254.2
251289.5
251306.9
251307.2
251319.2
251323.9
251398.7
251414.9
251451.4
251532
251564.7
251634.7
251673
251729.2
251840.1
251880.5
251909.5
251939.4
251955.8
252077.8
252149.7
252259.8
258786.2
258927.2
259009.4
259078
259148.8
259215
259275.3
259410.5
259427.5
259433.2
259528.1
259613.8
260324.9
260386.2
260597.6
260617.7
260663.4
260736
260847.5
260948.3
261012.2
261064.5
261136.2
261190.5
261242.7
261267.5
261392.2
261432.8
261470.9
261664.7
261676
261852.4
262456.5
262899.4
263031.6
263115.8
263226
263233.9
263238.4
263298
269283.5
269451.7
271075.6
271163.8
271190.6
271232.7
271349.8
271410.2
271470.9
271587.1
271596.8
271669.4
271998.3
274275.9
274288.1
274448.2
274484.8
274558.3
274609.3
274660.9
274738.4
274790.6
275053.7
275066.7
275369.6
277335.8
277357.8
277383.8
277475.2
277655.5
277757.4
278211.6
278267.4
279326
279343
279392.2
287627.2
287710.7
287852.7
287864.2
287876.4
287907.5
287930.6
287951.3
288161.1
288186.9
288210.9
288470.7
288493.5
288593.7
288672.9
288744
288747.1
288827.5
288844.8
288873.5
288956.4
289017.1
289056.5
289235.7
289243.7
289262.2
289363
289395.9
289417.5
289609.2
289725.5
289744.1
289998.7
290022.8
290030.2
290043
290129.9
290161.8
290167.1
290179.5
290266.8
290372.6
290656
290702.8
290760.4
291052.8
291266.4
291283
291361.3
291518.8
291556.5
291662
292057.5
292145.1
292275.3
292334.9
292415.7
292506.3
292554.5
292758.2
292901.9
292990.7
293043.2
293432.5
293479.6
293537.3
293785.4
293849.5
293898.1
293998.1
294177.8
294236.5
294237.8
294270
294292.7
294330.1
294432.3
294441.4
294476
294487.4
294520.2
294576.2
294617.5
294683.7
294828.8
294869.7
294932.9
294944.2
294969.3
295001.5
295069.5
295084.6
295164.4
295223
295395.8
296581.3
296815.2
297019
298630.7
298677.3
298839.7
299449.8
300314.4
300573.2
300585.5
300590.1
300638.8
300832.6
300960.5
301088.9
301125
301130.2
301190.6
301251.3
301255.9
301267.4
301369.1
301418.4
301477
301523.6
302159.6
302484.6
309407.8
310723.6
310741.4
310789.2
310845.7
310909.4
310962.7
311082.8
311122.9
311151.4
311203.9
311224.4
311319.6
311851.9
312035.4
312102.4
312106.3
312118.1
312247.1
312269.7
321512.5
321673
322739.3
322967.8
323358.7
323409.5
323589.4
323613.2
323728.7
323914.7
323993.9
324046.8
324220.3
324318.6
324393.5
324597.2
324604.4
324640.6
324903.8
324983.4
325754.3
325868
325943.7
325992.2
326044.8
326085
326231.3
326247.9
326281.9
326344.1
326419
332195.7
332251.3
332382.2
332403.3
332432.3
332443.3
332465.8
332556.4
332601.6
332617.9
332632.6
332655.9
332778.3
332827.5
332836.6
332857.9
332863
335023.5
335879.7
335896.6
335932.9
336363.5
336380.7
336401.1
338110
338191.8
338207.1
338227.1
338259.6
338362.8
338377.2
338382.6
338453.5
338814.1
338898.7
342921.9
344073.7
345843.9
345917.7
346063.9
346141.1
346287.6
347075.4
347271
349561.3
349673.4
349771.1
350245.5
350285.5
350572.1
350598.8
350684.1
350752.7
350766.1
354130
354205
354273.7
354288.4
354311.3
354337.1
354468
354481.2
354495.6
354500.4
354623.4
354806.2
354831.7
354834.4
354882.6
356315
356798.6
357344
357948.2
358498.8
358711.1
359433.7
359898.8
360161.5
360188.9
360273.6
360835.1
361018.4
361113.7
361728.3
361798.8
361935.1
361983.6
362116.9
362297.4
362432.8
362458.6
362660.8
362872.9
363009.1
363057.7
363124.9
363293.3
363384.9
363394.2
363638.6
363678.2
363685.5
363873.4
364028.3
364299.5
364307
364310.8
364318.7
364624.2
364897.5
367666.4
367911.6
368027.2
368264.4
368293.8
368312
368313.3
368414.2
368579.6
368611.4
368718.3
368777.5
368802.5
368815.2
368921.8
368958
369045.8
369101.5
369127.9
369144.9
369180.1
369247.9
369270.9
369292.5
369319.6
369332.5
369356.3
369367.2
369394.5
369412.2
369431.1
369470.6
369480.4
369484
369505.8
369550.3
369762.2
369872.4
369886.9
369902.4
369955.6
370016
370048.9
370068
370179
370189
370198
370207.6
370268.1
370268.5
370275.8
370347.6
370554.8
370597.1
370653.9
370701.9
370724.6
370727.6
370836.4
370886.8
370888.4
370993.9
371237.2
371320.3
371372.8
371449.7
371514.9
371716.8
371734.7
371930.2
372104.6
372141.5
373430.8
373447.1
373505.3
419393.4
420459.4
422124.7
422360.6
422489.6
422591.5
422606.1
422654.5
422857.8
422976.8
425627.3
426285.6
426989.4
427073.7
427099.8
427219.8
427333.5
427371.9
427444.5
427510.9
427545.9
427619.5
429040.6
429086.9
445889.7
445997.4
445998.9
446029.4
446033.5
446308.4
446443.2
446633.2
446633.8
446659.9
446702.2
446756.4
446789.9
446819
446830.7
446917.3
451351.8
453411.9
453929.6
454030.2
457839.5
457911.2
457992.5
458141.2
458210.6
458282.9
458328.2
458347
458384.2
458410.5
458452.2
458462.8
458521.1
458528.2
462013.9
464539.8
464653.8
464656
464738.1
464783.4
464794.6
464861.8
464923.1
464934.6
465079.4
465090.6
465113.7
465147.3
465209.5
465271.5
465296.2
465353
465376
465408.6
465412.9
465581
479879.8
481178.6
481470.1
481601.3
482027.7
509724.9
512737.2
512800.7
512950.4
513072.3
513095.8
517417.5
517584.7
517645.9
517699.3
517719.5
517726.1
517768.3
517803.9
517818.9
517845.4
517922.9
517959.9
518637.9
528770.9
530277.6
530346.8
530412.3
530554.1
532466.9
532755.7
533022.4
533086.1
533117.2
533129.3
535098.6
535119
535202.9
538500.3
538879
538999.1
539939.1
540059.8
540259.7
540283.4
540559.7
540878.7
540893.2
540986.8
541074
541093.3
541203.2
541323.3
541368.1
541872.3
547508.2
547535.4
547649.5
547787.6
547933.1
547961.4
547987.5
547998.7
550675.7
550718.7
550790.8
550937
550967.6
550990.7
551060.3
551229.6
559268.7
559500.6
559658.4
559705.6
559933
559989.3
561132.2
561142
561217.5
561295.3
561297.6
561365.9
561472.7
564482.3
564583.8
564735.1
564741.9
564840
565148.5
565319.7
565539
565851.8
566011.7
566317.1
566333.9
566485
566523.9
566591
566649.6
566654.1
566823.3
568693
569554.9
570395.6
575525.5
575710.4
578232.8
579621.6
579627.8
579695.5
579795
579833.6
579910.9
579943.9
579994.7
579996.8
580007
580020.7
580119
580132
580171.5
580171.6
580175.9
580192.6
580194.1
580252.3
582134.7
582171.9
582231.5
582237.3
582428.1
582476
582563.2
582645.4
582714.7
582752.6
582924.9
583520.4
583946.9
584223.5
584459.9
584552
584644.9
584645.5
584671.2
584756.4
584791.2
584799.1
584890.6
584896.5
585008.9
585158
585241.5
585276.4
585286.2
585370.4
587102.6
587111.6
587170.5
587173.1
587400.4
587935
588007.5
588025.1
589550.9
589646.8
589671
589727
589727.3
589739.6
589754.5
589755.1
597538.7
597707
597745.6
598057.2
598061.5
598112.8
598208.6
598220.7
598376.2
598480.9
598632.8
598755.8
598766.8
598768.9
599023.4
