1519.7
1612.2
1680.8
2187.5
2256.6
2274.3
2290.4
7162
7229.3
7413.5
10802.7
10866.3
10972.7
10980.5
10991.7
12383
12423
12461
12535.3
13339.2
16495.3
21445.2
21503.7
21567.3
21612.6
21622.8
21667.5
21839
21866.2
21869.4
21925.4
21975.3
21975.7
22000.1
22032.7
22050.6
22088.9
22172.5
22212.9
22225
22281.9
22413.8
22492.1
22525.1
23225.8
23376.9
23477.3
23494.5
23542
30514.6
34311
34320.5
34399.9
34467.9
34659.8
34792.7
35746.8
35782.3
35921.7
35937.8
38562.3
38564.2
39506.5
39528.4
39567.1
39705.6
39774.2
39805.5
39814.8
39869
39989
40021.7
40042
40077.7
41455.6
41505.6
41621
43251.2
43409.8
47899.4
48064.4
48073.9
48222.9
48305.1
48330.6
48403.8
48413.6
48436.4
48507.4
48660.1
48773.9
49143.8
49147
49294.2
49329.7
49368.6
49446.9
50094
50133.3
50185.9
50243.9
50264.7
50281.1
50377.6
50399
50413.5
50421.6
50435.7
51126.7
51149.7
51162.2
51881.7
52604.1
52718.2
52908.9
53402
53497.4
53573.5
53665.5
54272.7
54631.5
54779.4
54830.9
54880.3
54948.7
54950.9
54993.8
55018.9
55082.5
55103.9
57327
57390
57475
57500.7
57542.2
57983.3
58007.1
58068.9
58131.1
58345.5
58349.7
58475.1
58519.9
58814.3
58865.7
58906.2
59008.9
59185.1
59740.3
59922.9
59930.2
60410.6
60598.6
60634.8
64270.5
66271
66702.2
67067.6
67295.1
70669.2
70669.7
70675.8
70764.1
70769.9
70849.3
70883.6
70892.9
70943.9
70944
70978.9
70993.7
71010.1
71017.4
71024.3
71035.8
71036.7
71039.5
71063.4
71081.2
71284.9
71341.8
71353.1
71436.1
71643.7
73294.8
73759.3
73852.7
73970.9
74028.9
74047.5
75810.9
75986.8
76115
76274.2
78083.2
81696.8
84534.3
84712.4
84722
84748.4
84778.1
84846.7
84897.3
89522.9
89532.6
89538.8
89592.8
89600.5
89622.5
90586.1
90747.5
90761.5
90774.5
91112.7
93429.5
93456.8
93612.5
93772.8
94695.8
95862.2
95913.2
96246.2
96772.8
96997.8
97001.9
97234.7
97395.4
97550.8
97608.9
97912.7
98464.7
98483.5
98648.4
99244.1
99579.2
99963.9
100061.3
100250
100406.5
100461.5
100604.5
100874.9
101267.8
105690.5
106091.1
106265.6
107290.4
107434.9
107473.8
107476.9
107506
107546.6
107575.1
107578.8
107598.6
107602.4
107609.3
107620.1
107647.9
107702.9
107745.6
107776.4
107844.2
110999.7
111170.3
111286.9
111292.1
111309.9
111328.9
115983.3
116010.7
116076
116121.4
116130.4
116192.6
116213.8
116256.2
116566.3
116570.5
116605.7
116838.3
116908.2
116914.3
116961
117047.5
117108.1
117123.7
117179.1
117200.5
117337.4
117377.7
117479.1
117580.3
117644
117728.3
119066.3
119434.2
119473.1
119558
119602.7
119634
119777.4
119979.8
119999.5
120065.5
120084.2
120224.1
120639.2
120791.6
124689.4
124698.5
124744.8
124776.6
124827.6
124863.7
124886.4
124958.6
125001.2
125032.4
125075.2
125104
125186
125270.7
125272.9
125355.9
125360.7
125433.1
125496.1
125621.7
125718.1
126223.5
126378
126528
126611.5
127152.9
127166.4
127273
127358.3
127441.1
127457.4
127487
127495.9
127497.3
127504.3
127549.9
127576.8
127668.8
127708.7
127762.1
127772.6
127844.7
131809.3
131967.6
132145.5
132222.6
132379.7
132811.3
133103.5
133135.8
133188.9
133446.9
133704.2
133781.3
133862
133862.8
133873.2
134195
134206.1
134276.1
134428.7
134436.1
134567.4
134604.7
134739.3
134842.8
134873.8
134881.4
134927.1
135038.6
135050.7
135062.6
135071.8
135126.8
135150.8
135208.3
135231.1
135245.9
135281.1
135359.9
135428.2
135451.7
135525.7
135541.6
135565.2
135678.5
135699
135813.8
135948
135965.7
135974.5
135987.9
136006.2
136027.9
136103.2
136107.8
136111.5
136121.1
136205.2
136221.5
136319.4
136363.2
136405.1
136440.2
136559.6
136571.7
136619.1
136654.8
136732
136792.9
136870
137041.5
137053.1
137071.1
137095.4
137119.9
137122.8
137143
137263.6
137381.3
137409
137437.2
137461.2
137464
137511.1
137542.7
137584.8
137702.9
137723.8
137740.7
137741.4
137778.8
137797.7
137827.7
137997.6
138029
138030.5
138038
138043.9
138050.4
138065.7
138092.5
138105.9
138161.3
138192.5
138208.2
138221.9
138303.8
138379.3
138500.9
138523.3
138580.9
138587.2
138623.3
138668.6
138722.9
138739.7
138805.4
138826.6
138946.9
138971.3
139025.2
139029.1
139135.3
139147.9
139150
139169.7
139185
139379.5
139388.4
139421
139461.2
139780.5
139816.1
139978.6
160689.5
160869.3
160976.1
161061.6
161142.1
161993.8
162150.9
164493.7
164701.4
164910.8
165071.6
168361.6
168869.5
168919
170100.4
170517.5
172175.9
172324.6
175104.7
175162.1
175260.4
175483.8
175502.7
175503.1
175558.7
175569.1
175569.9
175576.2
175617
175637.1
175705.9
175714.2
175757.6
175836.5
183561.6
183765
183778.5
183784.9
185081.4
185112.3
185122.9
185160.6
185192.9
185225.4
185233.2
185354.9
185366.4
185505.2
185559.1
185563.6
185770.7
185779.1
187234.2
187310.9
187323.1
187345.2
187347.9
187351
187388.6
187402.3
187457.5
187505.5
187506.6
187634.3
187742
187811.2
187922.8
188117
190884.4
190947.8
190971.8
191020.2
191106.3
191115.8
191153.5
191211.2
191236
191239
191253.6
191431.7
191458
191466.7
191529.7
191619.7
191831.7
191954.9
191971.3
191972.8
191986.9
192032.8
192057
192081.8
192119.4
192131.5
192148.2
192168.9
192170.6
192234.5
192240.9
192280.5
192329.9
192367.5
192398.5
192403.8
192476.9
194181.1
194260.5
194284.7
194336.1
194357.2
194541.2
194662
194695.6
194731.3
194733.7
195361.8
195510.3
195529
195691.5
198273.6
205594.2
205658.2
205677.6
205811.1
205982.5
206011.4
206039.3
206386.6
206411.2
206445.7
206610.6
206634.2
206643.9
206656
206676.5
206678.4
206807.3
206868.2
207067.5
207075.3
207129.9
207224.3
207315.9
207362.5
207380.7
207516.3
207552.3
207553.4
207607.8
207706.2
207720.6
207772.2
207776.3
207890.6
207911.8
207916.4
207929.9
207933.8
207973
208073.1
208168.4
208191
208194.7
208266.1
208282
208356
208381.6
208445.9
208456.7
208482.5
208525.3
208693.9
208715
208739.6
208790.6
208825.7
208844.1
208972
209014.2
209165
209230.4
209311
209316
209382.7
209445
209577
211848.8
212062.3
217414.9
217875.6
218148.8
218156.1
218182.8
218251.2
218279.6
218387.2
218389.1
218414.5
218583.8
219636
219718.6
219767.4
219867
222565.6
222609.9
222642.3
222648.5
222657.4
222711
222790.7
222796.1
222943.2
222984.9
223163.3
227080.5
227279.3
227487.2
227569.8
230973.6
231025.7
231029.9
231150.6
234001.1
234074.3
234103.8
234126.6
234136.9
234368.4
237501.1
237612.2
241902
242046.5
242053.5
242261.9
243700.7
243727.6
246950.8
246954.3
247179.9
247298.6
247800
248022.2
248130.2
248389.3
248429.3
249203
250259.3
250399
250408.1
250483.6
250499.5
250740
251085.3
255891.6
256244.9
256252.4
256395.9
256448.6
256507.3
256542.9
256644.7
256780.9
257479.6
257675
258544.8
259561.6
259709.7
259796.6
263303.1
263356.9
263412
263441.9
263515
263516.7
263565.5
263568.7
263580
263619.8
263623.4
263666
263793.7
268655.4
268698.2
268731.4
268798.2
268815.8
268852
268887.3
268898.7
268948.5
268954.1
269018
270409.7
270498.6
270551
270623
270760.1
270884
270909.8
271035.3
271037.8
271192.4
271620.8
271630.2
271633.5
271680.5
274075.3
275918.7
276008.4
276048.7
276682.3
276980.6
277046.4
277200.1
278162.3
278174.8
278176.8
278249.3
279027.3
279137.3
279232.1
279263.4
279279.9
279339.6
279349.9
279351.3
279368.3
279412.2
279426
279451.9
279517.3
283419.2
283547.2
284451.9
284517.5
284954.5
284961.6
286643.8
286681.9
286734.8
286744.7
286746.8
286824.6
286874.9
286888.4
286942.2
287005.1
287022.6
287048.7
287160.5
287173.5
288277.7
288425
288501.2
288547.8
288766.6
288819.3
288846
288953.1
288965.9
288984.4
289043
289049.7
289189.9
289191.8
289279
289570.2
289581.5
289809
290001.9
290173.5
290285.2
290342.6
290393.2
290414.1
290638.8
290639.5
290772.1
290785.7
290958.5
290998.3
291026.3
291043.4
291065.7
291083.6
291157.8
291373.1
291653.1
291681.9
291856
291863.5
292038.7
292077.9
292134.6
292398.9
292571.3
293028.4
293031.6
293056.8
293148.6
293251.3
293574.2
293677.9
293704.3
293759.1
293845
293915.9
294157.7
294929.8
295290.6
295369.8
296413.5
298989.2
298990
299042.7
299054.8
299089
301892.1
302651.9
303037.6
303808.3
303831.7
303834.8
303920.9
303930.2
304025.7
304081.4
304151.8
304161.5
304178.8
304214
304220.8
304224.1
304268.5
304476.1
304479.7
304792
304800.2
304865
304978.2
305122.8
305195.4
305484.7
305516.7
305524.5
305540.5
305768.1
305911
305940.1
306030.9
306040.7
306079.5
306294.5
309444.5
311141.2
311312.8
317333.3
318243.8
319265.2
322892.2
322972.7
323080.9
323467.3
323851.3
324968.3
324993.2
325128.1
325207.8
325223.6
326587.3
326649.9
326676.2
326709.6
326755.9
326848.8
326973.7
327331
327379.2
327439
327594.2
327617.3
327651.6
327667
327669.5
327673.2
327681.3
327695.6
327741.6
327752.7
327817.7
327851.1
327872.4
327902
327926.6
327972.5
328000.1
328029.1
328062.3
328134.8
328189.5
328358.4
328399.1
328423.3
328428
328456.3
328469.8
328486.6
328598.1
328616.3
328676.7
328687.8
328724.9
328736.7
328761.6
328818.1
328828.1
328850.4
328882.2
328924.8
329098.2
329219.3
329247
329251.4
329359.3
329437.3
329448.4
334866.3
334923.8
334990.1
335000.2
335194.1
335397.9
336772.8
336909.2
337959.6
337972
338038.5
338059.9
339228.6
346988.4
346996.5
347066.3
347114.3
347246.8
347284.8
347400.2
347447.8
347697.8
348921.9
353409.6
353461.5
353541.1
353576.1
353680.5
354615.2
354702.5
354769.5
354801.2
354821
354900
355236.8
355338.9
364762.6
367587.6
367777
367895.5
367905.5
367992.1
368215.5
368266.7
368538.2
368655.5
368670.3
368701.7
368725
368753.7
368822.4
368863.9
368907.1
369251.7
369773.4
370036.3
370079.8
370169.7
370466.9
371472
372734.8
372826.1
373869.5
375171
375541.3
375557.8
375642
375795
375868.8
377464.7
392683
394133.5
394856.5
395475
396089.3
396360.4
396628.5
396635.5
396711.6
396724.8
396915
397101
397203.4
397226.4
397520.3
397602.2
397923
398124.9
398252.7
398675
398724.1
398767.8
398788.1
398848.6
401029
402461
402472.7
402608.7
403017.1
403052.4
403088.1
403178.5
403288.4
403412.1
403679.4
403727.8
403797.4
403885
404061.2
404082.4
404148.2
404291.9
404353.4
404421.7
413790
414053.5
414087.6
414111.9
414356.7
414546
414580.9
414869.9
414958.3
415048.5
415176.1
415306.4
415405.3
418380.9
418481.9
418696.1
418702.2
418727.1
418855
418932.6
418961.5
418978.5
419616.5
425198.2
425285.3
425292.7
425301.3
425311.7
425321.9
425345.4
425346.3
425437.7
425450.8
425477.9
425594.1
425619.7
425713.9
425852.5
426014.6
426814.6
426907.1
426975.6
427075.6
427395.1
427605.5
427621.5
428411.3
428490.7
428541.1
428612.9
428665.2
430864.4
430900.1
430952.9
431031.8
431140.8
431142.8
431235.2
431269.8
431677.7
432717.2
432832.2
432902.8
432931.7
433091.6
433096.2
433105
433121.5
433227.1
433881.9
433982.2
434139.9
434144.9
434146
434179.6
434646.8
434663.5
434842
434872.5
435404
435599.8
435680.8
435811.9
435884.1
436370.2
436412.7
436638.3
436685.6
436919.7
436939.5
437063.7
437085.1
437138.5
437169.7
437187.7
437205.4
437221.9
437234
437307.3
437316.3
437337.8
437348.9
437510.2
437558.2
437675.1
437696.2
437781.1
437836.9
437867.4
437922.5
437964.8
437967.9
438040.8
438068.4
438172.4
438436.1
438456.6
438529.8
438533.4
438535.7
438592.7
438626.8
438627.7
438722.6
438774.6
438811.7
438834.8
438860.9
438934.2
438972.5
438985.9
439143.8
439163.2
439258.7
439324.3
439344.6
439409
439510.2
439598.6
439606.8
439645.6
439755.8
439803
439820.8
439870.6
439878.7
439895.1
440094.2
440111.8
440154.3
440209.9
440275.3
440419.3
440481.5
440576.1
440665.7
440673.7
440796.4
440895.5
440993.3
441102.4
441163.5
441508.6
449569.9
449658.6
449724.6
449817.9
449825.4
449903.9
449950.6
450379.5
450886.7
450940.2
453726.3
453840.3
453842.4
454004.3
454069
454157.1
454213.2
454267
454298
454311.5
454473.5
456096.3
456444.2
456469.3
456471.9
456693.8
456806.6
456852.7
461497.1
461563
461707.8
461850.4
461864.7
461875.8
462112.6
462119.3
462146.3
462182.6
462231.7
462269
465327.9
465594.3
465890.8
466258
466459.6
466470.9
466518.2
466528.6
466628.1
466648.1
466745.4
466892.9
466976.2
466982.7
468860.4
469107.6
469321.5
469500.1
470064.1
470367.4
470434.1
470443.6
470509.8
470527.5
470531.6
470626.4
470672.9
470776.1
470778.3
470778.8
470830.6
470855.5
470983.1
471008.3
471034.2
471070.2
471075.9
471112
471118.3
471118.7
471322.3
471355
471684
471714.4
471836.9
471935.4
471980.3
472018.7
472101
472153.5
472245.4
473525.2
474675.2
475317.3
475596.9
476893
477067.4
477791.3
478259.5
478596
478834.5
479001.8
479096.1
479098.4
479127.2
479142.1
479179.3
479213.5
479381.6
479408.7
482506.9
482591
482607.3
482682.3
482849.1
483179.2
483515
484043.5
484550.2
484912.4
484970.6
485050.7
485052.8
485193
485465.1
487203.9
491614
491819.9
492224.8
492312.2
492902.8
493780.7
499019.2
503390.2
505023.5
505152
505350.8
505471.2
508049.5
508310.5
508379.4
508612.9
509061.2
510728.9
512460.9
514659.1
515473.9
519021.6
519504
528242.7
528381.9
530339.3
530455.3
530470.2
530544.6
530544.8
530545.9
530758.2
530872.7
530900.1
531055.9
536153.2
538521.8
538773.9
538892.5
539638.1
540840.7
547454.9
549714.3
551142.8
558500.2
558698.4
559330.3
562386.1
562727.7
563064.1
563233.9
563897.8
564399.4
564404
564412.4
564458.4
564482.4
564607.6
564622.7
570651.2
571034.1
575671.4
575687.3
576671.8
576874.3
576896.4
576918.8
576927
576969.8
577068.3
577107.1
577199.2
577250.5
577377.7
577415.1
577424.1
577525.4
577686.7
578215.1
578759.4
582067.5
582128.4
582149.7
582162.7
582163
582220.7
582242.3
582287.1
582291.8
582450
586896
591160.2
591246.7
591350.6
591453.9
596118
596272.4
596300.2
596346.6
596411.3
596435
