1213.6
1279.7
1335.5
2113.9
2177.3
2214.3
2243.9
2296.4
2299.8
2305.5
4664.1
4845.1
12735.3
16532.2
20007.3
20014.8
20038.4
20107.4
22840.6
29224.9
29809.6
29994.5
30269.9
30354
30443.6
30542.8
31056
31099.2
31111.8
31313.8
31330.9
31349.7
34125.8
34335.9
35435.2
35610
35734.7
35767.8
38764.9
39000.7
39013
41764.7
41843
41946.1
41975.3
41981.7
42011.1
42018.8
42022
42056.1
42136.6
42157.6
42184
42438
44118.1
44423.5
44444.5
44521.6
44567.9
44571.9
44616.9
44759.1
44829.5
44866.9
44912.1
45024.3
45072.5
47413.6
47621.4
47993.5
48044
48096.7
48161
48452.1
50553.3
50587.5
51369.4
51492
51774.5
52173.1
56873.4
57052.6
57123.9
57153.2
57261.8
60582.6
60585.9
60641.3
60671.5
60805.3
60826.2
60836.9
60887.9
60903.7
60942.9
60965.6
61024.1
61035.9
61473.6
61486
61529.1
61555.2
61567
61597.8
61609.1
61687.4
61706.8
61729.1
61739.6
61785.8
61870.2
61971.6
62052.9
62165.2
62235.6
62452.4
62552.9
62660.1
63400.6
63476.8
63488.6
63543.1
63558.7
63586.8
63619.8
63621.8
63624.6
63724.3
63776.2
63795.5
64033.1
64773.8
64915.9
71756.6
71846.6
71854.6
71885.6
71905.7
71922.2
71922.8
71925
71999.6
72163
72166.7
72172.4
72224.1
72231.5
72289.2
72333.6
72369.2
72374
72391.8
72469.2
72775.3
72813.8
72919.4
78174
78289.5
78608.5
79425.4
83990.1
84163.9
84264.3
84316.1
84330.9
84381
84487.1
84533.8
84575.5
84630.7
84667.7
84697.5
84810.4
84910.1
89536.9
89577.2
89651.1
89781
89817.7
90016.1
91104.6
91119.6
91124.8
91247.3
91295.6
91662.7
103855.9
104067.9
104166.9
104247.1
104479.9
104558.9
104559
104638.4
104963.3
105056.5
105542.7
105549.9
105681.2
105700.7
105711.7
105745.6
105838.4
107171.4
107416.8
107418.2
107424.3
107494
107517.5
107608.6
107609.8
107660
107725.9
107804.2
107855.2
109538.7
111347.2
111650.4
118329.2
118329.9
118353
118368.6
118427.2
118462
118471.9
118568.4
118602.9
140184.8
143118.7
145116.8
145403.4
145441.1
145590.2
145825.2
146145.2
146429.5
146635.5
146783.9
146802.7
146821.9
147048.3
147090.9
147114.3
147167.7
147567.4
147776.3
147787.1
147977.1
148098.8
148129.2
148148.6
148168.3
148198.8
148446.5
148610
148626.7
148889.9
148922.6
149154.8
149201.5
149379.2
149413.6
149510.3
150488.9
150719.9
150749.5
150773
151269.6
151600
151926.9
151951.7
152066.9
152198.2
152230.3
152357.5
152647.3
152788.3
152816.4
152818.8
152819.6
153065.3
153298.3
153455.5
153457.7
153887
153959.6
154145.9
154292.4
154367.5
154395.1
154418.7
154628.9
154967.9
155053.2
155121.5
155394.1
155551.6
155595.6
155761.5
156047.9
156091.5
156113.4
156446.6
156493.5
156670.4
156979.1
156991
157017.6
157040.2
157181.4
157337.7
157341.3
157504.8
157810.5
157998.2
158278.8
158526.6
158790.6
158876.4
158955.5
158990.9
160032.7
160288.3
160575.3
160779.9
160785
162570
162623
162734.2
162745.6
162757.4
162981.5
163000.9
163059.4
163082.9
163204
163333
163352.5
163430.8
163452
163929.5
163950.4
165383.5
167003.8
172463.5
172513.8
172525.6
172547.8
172551.9
172557.4
172664.1
172682.4
172683.5
172747.9
173907.8
173944.9
174012.4
174110
174123.7
174217.2
174303.9
174329.9
174340.7
174397
174419
174436.5
174483.6
174623.5
174626.4
174682.6
174716.8
177351.1
177402.9
177408.1
177424.3
177525.2
177604.5
179399.8
179600.2
179620.5
179637.2
179697.9
179739.3
179829
179873.5
179914.6
179957.4
179979
179990.3
180049.1
180084.2
180177
180198.1
180235.2
180301.1
180306.4
180389.7
180418.2
180519.8
180533.1
180598.1
180603.9
180612.5
180620.2
180650.1
180679.1
180783.5
180791.4
180953.4
183091.7
183387.2
183423.8
183510.4
183526.9
183555
183563.7
184845.6
184970.9
185049.4
185056.2
185068
185085.8
185194.6
185229.3
185239.5
185264.7
185493.9
185525.9
185743.6
185856.5
188188.3
188373.1
188443.2
195181.2
199196
199564.1
199613.7
199636.9
199669.8
199700.4
199739.4
199765.6
199871.3
199876.4
199893.9
199940.2
199941.9
199960.8
199994.2
200002
200007.5
200008
200014.9
200020.4
200038.9
200261.9
200286.8
200304.6
200330.4
200370.7
200398
200422.3
200483.9
200519.1
200584.4
200601.9
200647.8
200666.6
200759.2
200777.8
200795
200921.5
201056.2
201114.2
201187.4
201207.4
201251.6
201265.3
201268.5
201312.2
201360.2
201365.2
201420.1
201523.5
201582.5
201845.8
201855
201857.9
201883.4
202034.8
202199.9
202210.6
202219
202411.9
202428.2
202537.4
202639
202724.5
202863.3
202897.6
202949.4
202951.7
202986.2
203108.6
203216.6
203430.9
203432.1
203488.9
203500.5
203551.4
203564.2
203667.2
203758.9
203818.1
203857.9
203919.5
203942.4
204161.5
204310.3
204328.8
204422.5
204473.1
204509.4
204518.6
204604.7
204657
204737.6
204751.9
204785.3
204813.6
204820.3
204836.8
204939.2
205004
205205.8
205240.3
205245.6
205376
205383.6
205396.6
209924.9
209925.8
210094.4
210112.3
210148.1
210162
210243.3
210291.7
210318.3
210390.9
210477.1
210591.1
212281.6
212355.1
212412.9
212485
212563.1
212744.2
213017.2
213102.8
218405.3
218500.8
218702
218791.5
218820.7
218930.5
219075.9
219148
219252.6
220898.6
221153.6
221283.8
221428.2
221438.3
221532.7
221540.6
221561.3
221664.7
221686.3
221727.5
221775.2
221789
221829.4
221884
221988.3
222038.2
223059.4
223073.8
223111
223163.9
223213
223324.7
223340.1
223357.6
223469.4
223650
226065.5
229478.4
231603.3
232494.2
233177.1
240357.5
240506.9
240556.5
240561.1
240580.5
240627.5
240651
240653.6
240713.8
240837.1
240971.5
241093.4
241146.9
241194.2
241279.3
241307.1
241523.2
241579.4
241712.7
241885.3
242220
242446.5
242466.1
242599
242762.5
242854.6
242884.8
242929.1
242959.5
243049.1
243060.6
243140.7
243151.8
243865.9
244282.4
244314.3
244316.3
244363.2
244395.9
244470
244546.9
244643.9
244648.4
244680.6
244754.1
244796.3
244864.3
244898.1
244953.7
244973
245039.6
245138.3
245234.8
245280.2
245353.5
245418.1
245476.5
245502.8
245588.2
245603.6
246030.1
246044.4
246163.7
246237.3
246485.8
251978.1
252442.8
252638.4
252791.1
255749.8
255999.1
256008.3
259431.7
259471.9
259489.7
259513.1
259516.5
259517.7
263914.8
263926.4
264000.1
264058.5
264202
264204.7
264228.9
270597.6
274471.2
274666.6
274860.9
274870.1
274880.6
274889.3
274893.2
274990.6
275000.9
275038.8
275151.2
275167.7
275186.9
275352.3
275509.1
277345.5
277559.6
277574.3
277576.3
277578.1
278605.7
278677.1
280619.8
280710.4
280741.2
280791.6
280876
280889.4
280916.5
280973.9
280974.2
280976.2
281024.7
281099.3
281147.1
281158.1
281187.4
281272.7
281361.5
281368.4
281411.1
281601
281724.3
282749.3
283125.6
283170.8
283403
284405.5
284703.8
284839.1
284888.2
284914.8
285776.4
286105.1
286293.9
286680.4
286743.1
287794.8
287864.5
288093.4
288153.7
288249.9
288254.3
288311.1
288350.3
288358.1
288384.9
288396
288405
288466.2
288471.4
288522.6
288755.7
288957.8
288983.5
289103.4
289123
289201.5
289286
289314.2
289442.7
289517.5
289529.7
289554
289635.2
289639
289687.7
289705.4
289801.4
289927.7
289948.2
289985.3
289995
290000.3
290090.4
290095.2
290160.2
290280.4
290346.4
290383.2
290387.7
290397.9
290439
290474.3
290557.6
290620.6
290658.3
290686.9
290813.8
290814
290831.5
290944.8
291082.3
291105.5
291106.7
291268.3
291330
291343.7
291359.8
291420.6
291456.6
291481.9
291561.8
291585.8
291667.8
291683.5
291769.2
291821.3
291836.9
291843.6
291874.1
291946.3
291969
291998.3
292040.4
292078
292106
292122.6
292149.4
292206.7
292216.4
292240.5
292309.1
292384.7
292468.1
292636.5
292641
292657.1
292674.4
292685
292714.4
292815.4
292876.9
292891.8
292965.4
292985.9
293009.7
293057
293105.2
293138.5
293211.1
293312.8
293321.5
293343.4
293347.4
293401.5
293404.3
293415.8
293437.2
293443.2
293444.6
293477.9
293479.9
293502.7
293626.9
293642.1
293703.3
293704.1
293782.8
293809
293861.5
293891.1
294016.2
294029.7
294037.9
294142.4
294185.2
294185.7
294266.3
294280.4
294309.7
294328.2
294353.3
294372.7
294455
294510.2
294644.5
294719.8
294756.6
295199.1
295203.3
295216.9
295226.1
295235.5
295263.4
295264.8
295268.8
295290
295330.1
295336.6
295380.3
303320.5
303383.9
303388.2
303405.4
303418.7
310835.7
310930.9
310983.7
311036.1
311148.2
311706.4
311969.9
312013.4
312039
314519.1
314619.5
314756
314818.4
314824.8
314889.7
315189.9
315299.7
315487.3
315817.1
323583.7
323649.8
323685.9
323856.6
323936
324050.9
324064.1
324111.4
324354.5
324410.5
324414.8
324579.8
324716.2
325591.6
325660.4
325777
325925.6
325964.8
326000
326108.1
326232.2
326245.8
326327.3
326368.5
329886.1
329945.6
330066.6
330165.8
330198.1
330278.7
332357.2
332600.8
332609.5
332636.2
332665.4
332666.6
336732.3
337159.3
338708
339273.2
339403.8
339520.4
339557.7
339621.2
339628.4
339645.3
339649.3
339706.1
339720.4
339896.3
339930.9
339939.2
339986.9
340050.8
340052.4
340193
340297.9
340359.3
340413.3
340428.5
341302.1
341408.3
341439
344083.2
344175.4
344308.5
344347.2
344462.4
344585.7
345452.6
345733.1
346028.2
346033.4
346076.3
346125.9
346150.3
346164.2
346183.1
346217
346282.3
346305.5
346361.1
346431.9
346437.3
346480.6
346492.4
348381.6
348603.5
348614.1
348620.3
348665
348671.4
348776.8
348786.1
348886.7
348910.9
348921.3
350675.9
350893.2
350894.7
351028.3
351107.7
351234.6
351269
351282.1
351378.6
351446.9
351480.3
353392
353426.9
354525.5
354530.6
354752.1
354771.7
354772.6
354791.4
354798.4
354830
354848
354874.9
354921.8
354945.4
355324.6
366193.5
366339.6
366649.7
366713.1
367324.2
367522
367562.7
367595.8
367634.1
367646.1
367661.2
367674.9
367733.5
367756.1
367786.9
368161.1
368306
368325.2
368366.4
368368.1
368380.9
368751.3
368766.5
368831.7
368897
368931.5
368982.8
369157.6
369159.3
369275.2
369320
369389.9
369534.7
369560.4
369758.9
369834.1
370072.2
370302
370310.4
370350.8
370392.2
370781.1
370829
370913.9
371031.4
371160.1
371168.6
371230.4
371253.6
371266.8
371972.8
372810.7
372913.1
373355.8
373371.1
373974.6
374126.2
374129.9
374247.7
374268.3
374290.4
374294.3
374421.7
374439.6
374708.7
374835.9
395574.5
419830.3
420110.1
420150.8
420206.3
420256.4
420355.2
420464.1
420507.3
421477.8
421484.5
421575
421647.7
426004
426514.4
426576.2
427872.3
427874.8
428160.5
441599
441665
441766.6
441801.3
441847
441937.3
442039.8
442165.6
442577.2
442695.5
442803.8
443015.4
443127.8
443129.2
443180.2
443626.3
444086.3
444359.6
446152.9
446239.2
446273.6
446393
446403.6
446430.8
446443.3
446464
446505.1
446688.3
446804
446866.9
448643.8
450164.3
450228.8
454980.5
455532.2
455623.8
455825.2
455826
459554.2
459647.5
459667.1
459748.7
461219.4
461445.7
461520.5
461548.1
461548.3
461614
461616.1
461643.1
461672.4
461694.9
461795.6
461826
461881.7
461906.7
461908.4
462003.9
462021.5
462062.1
462102.3
462128.4
462205.4
462223.4
462227.4
475013.7
475422.1
475451.2
476303.6
476974.4
477381.7
480926.5
481476.4
482336.5
483752.9
497211.3
505845.2
509262
525279.5
525338.6
525373.8
525440.6
525762.3
525844.7
525850.5
525859
525928.7
525980
525981.8
525997.4
526021.4
526078.3
526156.3
526179.8
526221.1
526247.7
526291.3
526359
526400.3
526452.8
526455.2
526545.8
526570.2
526588
526619.8
526628.8
526669
526679.9
526899
527066.4
527117.7
528645
534098.5
534484.1
534535.1
534586.3
534628
534641
534698.2
534784.1
534819.8
537774.8
537954.9
537992.6
538039.4
538127.8
538208.9
538222.3
538224.4
538231.6
538261.6
538453.4
538521.2
538653.3
538679.6
538781.1
538802.4
538807.3
538881.8
538926.8
538968.2
538981.4
539022.9
541615.3
541750.7
541932.5
542191.6
542407.8
542644.2
548463.6
548498.9
548541.1
548579.6
548601.4
548669.5
548687.6
548827.6
548844.5
548867.6
550367.7
550521.5
550543.8
550596.4
550605.8
550663.1
550713.1
550737
550778
550977.3
551013.2
551017.8
559542
559812
561302
561319.2
561344.3
561396.5
561423.8
561472.2
561496.5
561518
561601.2
561646.3
561776.3
567472.1
567694.5
567734.6
571220
571226
571337.3
571338.8
571414.6
571419
571445.6
571447
571473.4
571485
571527.7
571529.3
571550.1
571554.2
571589.6
571631.1
571649
571699.2
571719.8
571720.1
571777.4
574735.9
577086.6
577762.3
577765.7
577813.7
577866.2
577880.2
577901.7
578003.4
581914.8
581937.4
581997.1
582361.3
582385.7
582650.9
582798.2
583659.6
584573.9
584615.8
584983
587623.1
587626
587849.4
587901.4
588034.8
590416.1
590515
590529
590538.9
590583.8
590663.2
590677.9
590734.1
590807.9
590904.7
590913.3
590970.5
594536.8
594623.8
594639
594794.9
595725.7
595749
595848.8
596844.5
597148.9
597208.3
597217.7
597358.2
597393.1
597443.9
597479.3
597509.5
597563.8
597613.6
597703.5
597749.1
597752.4
597754.3
597756.3
597757.5
597781.6
597979.8
597991.8
598105.9
598118.8
598293.3
598418.9
598520
598624.1
598774.8
598917.9
598997.4
599091.1
599152.8
599180.6
599281.7
599328.9
599475
599640.1
599684.7
599845.4
599913.2
