1639.7
1695.2
1865.8
1876.6
1953.4
1972.2
1972.4
2000
2033.9
2037.1
2058.2
2061
2092.4
2274
7215.4
7700.3
12329.7
12641.7
20258
20337.5
20353.9
20426.9
20559.2
28571.6
34657.3
34720.6
34924.8
34956.5
34978.6
35161
35170.1
35187.2
35219.9
35221.9
35250.5
35265.2
35530
35551.2
35552
35593.4
35707.9
35910.4
40971.1
41019.6
41179.7
41198
41311.8
41322.6
41344.5
41411.7
41433.2
41439.9
41515.3
41527.3
41557.6
41591.9
41601.4
41785.5
48216.3
48603.6
49344.3
49689.3
49698.9
49733.2
49831.7
50031.4
50088.3
57393.9
57429.1
57439.5
57508.3
57550.6
57647.2
57695.6
57713.1
57714.1
57729
57758
57769.7
57792.2
57856.8
57919.2
58331.9
58888.3
70049
71964.1
78173.3
78579.6
83617
84040.4
84120
84393.6
84508.9
89701.5
89775.1
89784.7
89828.5
89838.5
89864.2
89889.6
89936.2
89968.4
90019
90222.6
90336.6
90419
90425.8
90441.8
90446.3
90450.7
90462.5
90463.4
90464.7
90508.3
90519.3
90527.9
90577.6
90621.5
90629.8
90636.5
90753.5
106395.5
106478.5
106554.1
106563.5
106756.7
106775.4
106894.8
106937.6
106950.3
107046.5
107121.9
107146.4
107192.3
107219.8
107233
107271.8
107296.6
107308
107337.3
107591.2
110164.3
116746.9
116816.9
116852.8
117401.6
118101.3
118156.4
118441
145340.2
164464.3
164527.5
167595.1
167797.1
167837.8
168127.4
183808
183900.8
183916
183929.5
183973.3
184204.7
184210
184271.7
184294
184429.9
184457.7
184514.4
184522.2
184609.9
184694.6
184736.4
184786.2
184847.4
184982.7
185023.5
185142.5
185162.6
185232.1
185645.1
186196.6
186989.8
190342.4
190789.9
190860.7
191055.4
191070.2
191107.5
191113.2
191204.7
191430.9
191643.8
191908.4
192017.3
192121
192195.1
192406
201701.7
201944.3
210894
210942.7
210973.6
211041.3
211171.1
211232.9
211293.6
211339
211348.2
211365
211401.7
211466
211559.7
211649.5
211715.5
211910.6
212134.1
212287.9
212433.5
212483.4
225062.5
225267.7
225330
225424.5
225426.3
225432.6
225440.4
225453.6
225503.9
225521.8
225936.9
230884.3
241906.9
256141.3
256327.9
256476.4
256717.3
256850.3
256889.1
256974
257084
257085
257103.2
257329.2
257399.3
257471.7
257812.6
257910.8
257914.6
257916.1
257947.8
257953.4
258058.5
258070
258227.9
258254.5
258322.2
258337.3
258354.8
258404.1
258412.3
258505.4
258557
258638.9
258770.5
258783.3
258858
258874.6
258882.3
258913
258919.5
258925.2
259004.5
259079
259105.7
259112.5
259180.5
259203.9
259239
259307.5
259323.7
259419.2
259437.7
259451.7
259469.6
259485.7
270032.1
270240.5
270270.8
270389
270441.8
270813
270887.1
271360.1
271591.2
271652.3
271801.2
274796.2
275422.3
275475.8
275726
275747.1
275787.9
275835.2
275852.8
275971.8
276080.9
276083.8
276220.3
276240.5
276286.9
276292.4
276469.2
276514.6
276518.2
276603.3
276609.6
276655.8
276701.4
276715.5
276880.2
276936.9
277024.9
277033.7
277130.5
277136.7
277748.9
277898.7
277925.2
278090.8
278100.9
278126.7
278313.2
278322
284104.9
286720.5
286812.4
287003.5
287212.8
287217.1
287473.8
287478.9
287557.8
287610.5
287611.9
287639.5
287697.5
287705.8
287708.3
287717
287821.8
287972.6
287983.9
287992.5
288046.1
288085.7
288130.2
288187.4
288285.7
288324.1
288476.5
288528.9
288551.1
288655.6
288838.9
288994.4
289138.1
289328.6
289445.2
289467.6
289577.9
289594.4
289644.8
289765.4
290005.9
290455.9
290457.2
290648.8
290914.6
290969.4
291127.1
291247.8
291273
291481.4
291644.5
291655.6
292075.8
292373
292395.9
292580.5
292620.4
292625.3
292653.4
292780.3
292904.5
293193.1
293387.8
293439.6
293448.1
293472.1
293635.5
293689.1
293786.3
294140.7
294157.2
294306.6
294335.3
294412.5
294456.3
294533.5
294555.3
294607.5
294609.1
294619.8
294703.8
294728.7
294864.6
294920.2
294951.3
294953.4
295038.9
295141.7
295179
295653.2
311199.7
311298.9
311373.2
311415
311499.1
311554.2
311603.7
311624
311631
311672.8
311751.7
323272
323363.6
324068
324285.6
325353.5
325390
325510.6
325569.2
325692.8
325736.5
325761.4
325934.4
332503.6
332537.9
332846.5
332977.7
333010.7
333024.1
333099.6
333171.8
333208.1
333328.7
333391.7
333437.4
333505.5
333510.1
333520.4
333599.8
333644.1
333646.2
333666.4
333743.1
333775.2
333904.6
333925.4
333927.6
334049.2
334107.4
334137.4
334161.8
334173.8
334179.6
334282.6
334305.8
334343.4
334522.1
334597.7
334628.2
334643.5
334696.7
334752.5
334761.5
334773.4
334787.3
334831
335028.8
335039.7
335525.4
343702.4
343741.2
343753.2
343958
344115.1
344229.4
344822.8
344940.2
344993.2
344994.5
345020.9
345175.3
345214.2
345328.7
345336.3
345339.6
345544.1
346194.8
346521.4
346650.4
346676.5
346909.9
346971.1
346995.8
347017
347297.6
350860.4
353542.1
353551.9
353648
353875
354122.2
354187.6
354297.4
354299.1
354447.9
354466.6
354580.8
354658.1
354721.5
367449.2
367970
367987.3
368021.9
368035.8
368046.8
368309.3
368542.6
368624.2
368653.5
368741.3
368860.8
369075
369098.7
369148.3
369303
369303.1
369355
369459.2
369495.3
369560.6
369622.7
369637.6
369681.2
369883
370057.6
370100.1
370230.8
370261.4
370389.6
370408.6
370412
370525
370533.1
370572.7
370670.1
370673.1
370709.6
370714.8
370717.2
370751
370751.9
370795.2
370894.8
370970.5
370986.9
370989.5
371019.3
371021.9
371040.2
371076.4
371276
371358.2
371435.1
371594
371613.5
371637
371737.7
371777.1
371804
371829.9
371885.3
371916.1
371945.2
371986
372189
372272.1
372278.3
372321.5
372400.5
372463.9
372963.6
422921.4
424010
424134.9
424257.1
424283.1
424560.5
424652.4
424660.3
424733.1
424784.7
424939.9
424944.8
424967.8
425148.3
428052.4
428244.9
428333.2
445675.9
445739.3
446646
446715.2
446885.4
447132.3
447191.8
447192.8
447273.5
447340
447424
447518.6
448074.8
448144.8
448169.5
448221.9
448230.7
448252.8
448253.2
448331
448359
448359.6
448361.1
448369.6
448375.4
448436.7
448713
448720.2
454159.4
454235.8
454647
454685.9
454829.8
454907.7
454911.1
454933.2
454956.5
454976.6
455014.2
455086.2
455091.8
455115.7
455198.5
455199.5
455253.8
455756
455878.1
455899.6
455961.7
455981.6
456028.6
456028.7
456033.8
456156.4
456174.7
456191.7
456196.5
456209.3
456219.4
456222.6
456317
456318.6
456325.8
456326.3
456406.7
457148.7
462157.9
462172.9
464064.6
464145.4
514652.2
515125.7
515172.1
515432.7
515462.7
515595.4
515971.9
516369
516381.6
516466.3
516665.1
516777
516992.6
530566.9
530578.4
530629
530684.7
530774.8
530807.6
530812.8
530813.7
530953.1
530960.5
531002.3
531034.5
531063.5
531109.6
531125.4
531131.9
531203.1
531208
531241.3
531310.7
531318.7
531342.7
531406.5
531447.9
531521.8
531529.4
531556.5
531668.9
531723
531763.1
531792.8
531819.9
531826.8
531873.2
531968.4
537822.7
538284.2
539238.3
540048.3
549491.4
549729.7
549835.8
549889.3
549890.9
549958.6
549963.6
549998.7
550067.5
550122.1
550140.9
550160.7
550168.1
550170.6
550199.5
550215.9
550234.6
550235.9
550236.7
550267.6
550311.8
550327.4
550343.3
550345.7
550352.4
550408.2
550560.9
551076.1
561638.7
561684.3
561761.6
561865.5
561915
561944.9
561948.3
561961.1
562070.7
562083.9
562110.8
562124.6
562226.5
562249.2
562317.1
562342.1
562391.6
562451.4
562469.6
562495.2
562552.1
562629.2
562666.2
562695.7
562717.3
562720.8
562807.9
562814.3
562835.3
562912.2
563159.5
563325.7
563446
563464.9
563544.9
563605.9
563699.4
563752
563768.7
563890.9
563980.2
564023.7
564131.9
564296.8
564337.3
564426.2
564495.8
564990.1
568505.4
568547
568774.5
569123.7
569599.9
570805.4
578282.6
578362.5
578405.6
578506.9
578638.7
578705.2
578707.9
578924.7
579021.8
579028.5
579074.6
581835.8
582365.3
582483
582492
582656.5
582672.2
582743.6
582821
582829.8
582856.1
582887.9
582902.4
582927.6
582988.4
582989.2
583042.1
583286.7
583402.7
583405.5
583455.3
583458.7
583527
583539.1
583563.4
583759.2
583764.9
583768.7
583794.2
583795.6
583827.2
583854
583912.5
583922.4
583922.9
583964.1
584010.8
584032.5
584115.1
584211.6
584227.2
584241.2
584308.8
584345.2
584382
584385.1
584409
584420.8
584519
584598.2
584620.3
584651.4
584659.2
584704.4
584754.3
584767.4
584805.6
584864.7
585001.7
585019.7
585120.1
585148.5
585186.3
585218.7
585258.7
585319
585386.1
585397.1
585446.9
585488.5
585512.1
585536.5
585578.6
585580.7
585793.7
585802.9
585839.7
585915.4
585931.6
586074.3
586187.9
586283.2
586286.1
586409.9
596459.2
596476.2
596628.2
596707.9
596755
596791.6
596798.5
596931.3
596935.8
596974.4
597016.7
597274.3
597371.5
597416.7
597611.4
597799.3
598795.9
598955.6
598979.5
599117.7
599283.8
599360.6
599757.4
599762.2
599777
599808.3
599830.7
599853.2
599875.2
599894.9
