2196.6
2208
2246.8
2271.8
2295.9
2300.5
5130.7
5245.6
5277.3
5317.1
5338.3
7242.7
7316.3
7324.3
7390.9
7467.3
7501
7527.5
7541.1
7607.3
7626.7
11243.5
11395.2
11730.1
11735.4
11751.8
11760.7
11792.3
11815.7
11893.1
11906.6
11907.7
11968.6
12045.2
12907.5
12929.2
12991
13001.1
13066.8
13067.1
13126.9
13141.1
13280.5
13337.6
13356.4
13382
13439.2
13516.9
13632.3
13639.4
13673.2
13678.8
13741.3
13790
13824.9
13966.4
14016.3
14044.9
14133.4
14150.6
14172.7
14218.3
14316
14335.1
14433.5
14440.1
14931.2
15023.8
15064.4
15069
15111.5
15125.2
15143.1
15147.2
15550.9
15557
15591.5
15711.3
15740.1
17137.8
17198.2
17209.7
17225.8
17250.7
17309.7
17370.4
17867.8
18192.8
20407.6
20440.7
20531.1
21905.5
22174.1
22528.7
24343.3
24365.8
24394.7
24544.5
24551.9
24571.1
24584.4
26503.4
28343.4
28477
28565.1
28574.3
28610.2
28709.1
28802.4
28865.2
28943
28994.6
29169.1
29202.3
29255
29306.1
29315.3
29371.9
29446.9
29588.6
29641.9
29675
29728.4
29796.2
29857.5
29906.9
29977.2
30106.6
30493.5
30592.4
30679.3
30730.2
31045.6
31153.4
35675.8
35798.4
35834.3
35883.4
35946.4
35966.1
35986
40362.2
40602.1
40678
50219.8
50438.7
50557.8
50585.3
50594.8
50616.7
50644.7
50746.7
50767.6
50789.2
52724.3
52794.1
53396.1
53423.5
53424
53452.7
53459.6
53725.9
54239.3
54770.5
58315.2
60167.7
60226.2
60306.2
60337.5
60344.7
60611.2
60694
60951.1
61544.6
61706.7
61738.4
61801.5
61879.5
61953.6
62028.8
62082.5
62163.9
62209.3
62248.5
62263.3
62277
62283.6
62317.6
62335.5
62370
62377.8
62392
62403.2
62443.3
62455.1
62485
65059.2
65093.2
65240.9
65261
67988
68450.7
68559.8
68591.7
68760.2
68846.3
68882.9
70380.7
70383.3
70664.4
70694.1
71562.7
78025.9
78143.8
78145.7
78163
78203.5
78223.8
78225.2
78257.8
78413.9
78507.8
84211
84434.7
84462.6
84510.2
84542.2
84615.6
84710.1
84725.1
84848.1
84906.8
84917.9
85259.4
88085.2
88256.1
88993.1
89395
89480.1
89481.1
89487.9
89504.5
89992.4
90801.1
90903.8
90961.3
91009.8
91014.1
91019.1
91070.5
91097.6
91114.8
91170.2
91247
91327.9
95421.2
95806.3
96399.6
96548.9
102035.5
103501.4
103623.2
103631.3
103684.2
103757.3
103762.4
103819.5
103938.2
103947.4
103988.4
104057.2
104083.2
104158.9
104166.6
104197.5
104377.9
104408.6
104500.5
105649.6
105669.8
105676.5
105792.4
105810.2
105849
105873.2
105875.2
105886
105923.9
105930.5
105963.1
105994.1
106070.9
106076.5
106116.6
106139.2
106149.6
106256.3
107390.6
107439.5
107474.4
107479.7
107504.6
107592.7
107609.6
107633.6
107664.6
107709.7
107742.4
108027.3
109654.8
109672.3
109842.3
109979.9
110040.4
110196.1
110323.8
110472.9
112948.7
113001.3
113125.1
113209.5
113236.2
113245.9
116351.5
116381.8
116397.9
116407.2
116519.9
116580.6
116659.1
116725.1
116736.9
116752.1
116756.3
116796.9
116821.9
116972.6
117037.4
117426.1
117471.4
117524.3
117611.8
117775.8
117837.7
117841
117882.3
118800.1
118815
118819.7
118964.7
119467.3
119900
119932.8
125546.6
125852
126033.7
126096
126167.2
126217.1
126311.2
126389.6
126462.4
126467.2
126472.9
126626.9
126665.9
126791.9
126945.4
127300.1
134793.5
135119.5
135483.2
135964
136109.6
136280.8
136589
136653
136720.9
137074.8
137488.4
137661.2
137872.8
138728.3
139057.1
139079.5
140053.6
160824.9
160932.5
161117.2
161161.7
161194.2
161220.1
161258.8
161307
161317.9
161332.4
161463.6
161524.4
161637.6
163276.1
163399.2
163619.3
163737.5
163747.9
163795
163841.9
163877.6
163884.6
163999.3
164198.7
164289.2
167401.5
168184.8
168429.5
168627
168661.1
168789.1
168805.5
168813.8
168831.2
168902.5
169151
173441.3
173490.5
173602.2
173680.9
173802.5
173819.5
176021.2
176238.8
176354.1
176377.2
176431.2
176547.6
176621.3
176684.7
176696.8
176789.4
176807.9
176913.3
176931.1
176934.2
176953
176974.1
177008
177019.3
177140.1
177176.6
177279.6
177310.9
177337.4
177415.1
177416.5
177426
177443
177453.1
177465.9
177467.2
177599.6
177707.5
178448.1
178780.5
183087.3
183330.2
183401
183558.6
183574.8
185132
185322
185437.8
185574.6
185595.3
185598.8
185715.8
185741.7
185821.7
185891.4
185894.9
185907.4
186010.9
186045.9
186095
186170.5
186431.2
186616.1
187006.1
187880
187986
188194.6
188428.3
189058.2
189537
189916.1
190064.7
190475.8
193052
193057.1
193271.4
193275.6
193342.6
193356
193367.3
193388
193402.1
193456.1
193467.9
193470.5
195190.6
201111.6
202283.6
202411.8
203862.7
205657.4
208609.8
209494.6
209522.7
211720.3
211764.3
211789.1
211941.7
211956.6
212273.3
213772.7
214097.2
214146.4
214205.2
214317.8
214452.8
218179
220487
220502.5
220720.1
223930.9
224022.2
224293.1
224293.5
224312.5
224315
224361.7
224430.1
224531.9
224532.1
224534.4
224561.1
224614.4
224631.7
224747.7
224776.3
224786.8
225834.8
225918.7
230063
230072.5
230177.1
230279.3
230291.8
230297.9
230355.1
230647
230665
231498.7
231688.4
231770.2
231775.6
231893.7
231999
232061
232460.8
232659.2
232829.7
232897.2
232959.5
233078.2
233907
242826.6
243379.3
243411
243496.9
243567.8
243585
243605.4
243632.5
243686.9
243743.7
243746.5
243786.3
243864.7
243879
248117.6
248676.6
249046
249120.3
249257.9
249269
249422.8
249471.4
249529.3
249604.4
249646.4
249686.8
249829
251257.8
251274.4
251288.3
251397.2
251406.8
251425.4
251429.6
251479.4
251526.7
251550.5
251551.1
251576.9
251703.2
251749.1
251903.4
251943.7
251988.5
252121.3
259590.4
259629.4
259651.7
259666.7
259846.4
259855
265038.6
265940.7
266348.2
266349.1
266693.5
266985.5
267146.4
267356.4
267431.2
267432
267534.2
267568.5
267654.3
267727.8
269420.5
269445.4
269642.9
269675.3
270035.3
270035.8
272583.2
272714.1
272729.2
272923.7
272952
272955.8
273118.4
273204.5
273384.2
273532.8
273620
274078.5
274153.5
274168.9
274210.8
274228
287972.7
288357.6
288445.5
288495.5
288575.1
288658
289185.9
289232.5
289250.8
289255.3
289319.6
289349.9
289461.4
289527.4
289662.1
289925.2
289995.8
290087.9
290090.9
290111.1
290124.2
290129.7
290312.5
290425.3
290427.1
290452
290472.5
290533.1
290579.3
290674.4
290708.4
290710.4
290760.2
290875.4
291051.6
291101.4
291105.3
291148
291197.3
291246
291379.2
291425.5
291459.8
291632.2
291782.6
291786.2
291790.6
291851.2
291879.9
291904.6
291974.1
291999.2
291999.6
292175.4
292297.5
292362.9
292553.8
292612.3
292843.9
292953.7
293449
293467.2
293542.5
293552.1
293555
293743.8
293783.3
293795.6
293833.9
293842.7
293928
293929.9
293950.8
293991.5
294068.4
294450.5
295058.6
295203
295279
295370
295410.5
295740
295747.4
300307.8
300311.2
300433.2
300446.9
300549.8
300645.8
300662.1
300689.3
300751.5
300778.9
300814
300863.3
301186.1
301270.2
301435.7
303646
308933.8
308941
308949.8
309178.2
309196.5
309271.2
309298.4
309369.5
309447.7
309497.2
309510.5
309539.9
309582.4
309658.5
309681.5
309721.1
309782.8
309787
309801.6
309828.3
309889.3
309928.3
309952.3
309963.3
309967.9
309971.2
310029.8
310043.2
310145.9
310219.9
310232
310247.8
310292
310325.9
310403.2
310437.9
310459.1
310493.9
310615.4
310768.7
310814.5
311743.6
316600.6
317239.4
319969.9
320099.4
320152.6
320190.7
320228
320306.1
323184.2
323342.8
323684.9
324263
324346.9
324348
324506.6
324725.1
324822.1
324916.7
324964
325052.3
325053.1
325058.7
325178.6
325241.5
325301.7
325405.3
326403.1
329833.8
331851.6
332006.4
332116.3
332139.9
332184.4
332425
332428.1
333891.4
334284.7
334667.9
335681.7
335824
335880.9
335892.8
335916.9
335961
335970.9
336015.1
336023
336039.5
336170.9
336200.1
336208.8
336218.3
336300.3
336498.2
338324.5
342807.2
345640.1
349545.5
349576.3
349736.4
349756.9
349868.2
349870.5
349896.9
349901
350030.4
350031.6
350031.7
350061.8
350090.9
350158.4
350163.3
350177.9
350242.5
350271.3
350399.7
350402.4
350484.7
350513.3
350626.1
350628.1
350660.8
350692.2
350701.5
350718.7
350749.9
350826.7
350841.5
350851.2
350853.8
350855.8
350885.2
350958.5
351114.7
354818.2
354854.7
354856.9
354865.2
354887.4
354889
354895.6
354929.9
354960
355002.8
355009.5
355034.3
355254.6
355290.6
355292.7
355311
366462.2
366687.6
367409.3
367452
367488.2
367545.6
367583.1
367796.5
367895.5
367937.3
368065
368084.2
368203.4
368259.7
368407.8
368421.4
368893
369078.2
369164.5
369696.8
370052.7
370459.4
370582.6
371620.1
372868.3
372936.3
372953.6
372979
373008.9
373149.2
373155.7
373167.1
373194.1
373215.2
373220.4
373258.5
373432.1
373501.7
373570.5
394523.2
396304.3
403519.1
403982.7
414401.4
418913.3
418926.3
419080.9
419208.1
419416.2
420014.3
420201.9
420271.6
420580.8
420693.9
420698.1
420732.2
421075.1
422427
422767.6
425502.9
425796.1
425845.5
425928.4
425963.1
426031.4
426269.4
426393.3
426511.1
426609.6
426609.7
426661.8
426671.7
426714.1
426814.9
427068.3
427703.4
427808.9
427945.7
430006.7
430047.6
430548.1
439397.4
444576.5
444627.2
444718.5
444820.8
444881.4
445284.2
445393.1
445637.3
446048.1
446477.3
447773.6
448078.2
448148.9
448889.4
449379.9
449480.9
449484.9
451067.7
451391
451534.9
451550.9
451688.3
451860.8
452057.7
454392.2
454473.8
454474.9
454486.5
454535.8
454559.6
454567.7
454603.3
454627.5
454637.7
454988.4
454994.1
455330.3
457619.6
457675.6
457754
457891.6
457911
457945.3
458188.7
458350.6
461334
461372.7
461460.3
461475.8
461622
461666.7
461683.6
461776
461832.4
461834.4
461884.6
461936.8
461955.8
462030.3
462121.7
462123.1
462211.3
462236
462279.9
464318.6
464496.7
464644.8
464939.4
464952.8
464973.2
464990.3
465044
465145.1
467603.8
468023.7
468106.5
468182.6
468277.9
468291.9
468329.8
468436.7
468441.7
468445.7
468461.5
468494.9
468508.8
468562
468665.1
468777.8
468792
468806
468876.1
468928.6
469104.2
469127.7
469139.6
469357.4
469396.1
469398
469425.9
469458.1
469600
469610.6
469686.7
469730.9
469758.2
469830.7
469865.2
469907.5
470047.7
470111.1
470289.5
470371.8
477354.7
477536.1
478991
479165.4
479213.8
479230.1
479267.2
479522.5
479688.9
479858.5
479981.7
480051.5
480094.1
480113.2
480261.6
480272.3
480339.9
480382.8
480385
480387.4
480413.8
480422.9
480457.7
480483.7
480605.6
480626.5
480720.5
480926.2
480959
481014.7
481040.5
481295.8
481298.5
481337.3
481428.7
481598.8
481933.4
481939
481959.6
482057
482074.6
482127.1
482135.4
482173.7
482245.2
482254.4
482255.4
482332.2
482336.9
482460.1
482462
482561.3
508951.1
508960.8
509111.2
509141.3
509195.5
509266.4
509281.6
509301
509317.3
509429.8
509542
509546.3
509800.4
509953.5
510014.5
510071.8
510199.5
510214.2
510232.7
510325.8
510334.3
510386.2
510474.8
510579.4
510745.3
510819.9
510895.2
510972
510972.4
511078.1
511092.4
511147.2
511298.9
511402
511412
511430.4
511510.9
511760.7
511802.5
511808.7
511829.8
511858.4
511957.9
517414.4
517445.4
517458.3
517495.9
517506.5
527139.7
527575
527582.3
527584.1
527623.3
527652.6
527668.6
527743.9
527755.9
527777.9
527879.3
527888.9
527900
527998.9
528024.6
528110
528267.1
528280.7
528318
528342
528423.9
528549.9
528575.8
528624.8
528655.2
528750.8
528871.4
528889.3
529273.1
529525.8
532254.3
532467.4
532504.5
532530.1
532542.4
532590.8
532778.5
532918.2
537272
537630.4
538134
538223.5
538651
538694
538953
541003.9
541048.3
541088.9
541150.3
541192.2
541251.5
541279
541480.2
541487.9
541512.4
541625.2
541695.3
542305.4
542343.9
542394.8
547769.6
548021
548872.6
548985.4
549173.2
549194.9
549227.9
549262.6
549620.3
552056.1
552205.3
552258.1
552337.8
552390.9
552522.8
552525.5
552557.8
552580.2
552582.3
552587.3
552654.7
552658.3
552734.4
552800.9
552810.3
552828.7
552935.5
552937.2
553017.9
553024.7
553029.8
553138
553149.6
553424.7
553599.8
553610.1
553806.9
554244.4
554883.5
558215.5
564959
565022.5
565275.4
565325.4
565333.6
565350.3
565494.4
565648.6
565662.8
565725.1
565874.5
565928.7
565975.8
566105.7
566180.1
566259.6
566266.2
566326.2
566578.4
566765.3
566813.6
568462
568740.4
569652.4
570634
570854.6
571086.8
571167.2
571294.6
571580.2
575928.6
579670.9
579672
579718.3
579767.3
579834.6
579866
580008.3
580093.6
580104.6
581401.7
581549.7
581636.7
581805.2
581846
581863.4
581883.7
582023.4
582073.7
582077.2
582198.9
582296.1
582304.1
582355.1
582979.2
585009.4
589602.4
589781.4
589819.4
589905.1
589945.6
590036.8
590049.8
590088.4
590160.6
590223.6
595127.3
597019.4
597497.1
598802.8
598904.2
599309.3
