1038.5
5289.7
5402.9
5527.1
5550.4
5578.1
5599.4
5640
5676.3
5686.5
5820.8
5843.5
5872.5
5879.4
5895.2
5903.9
5928.3
5956.8
6043.7
6062.8
6127.2
6172.1
6209.1
6223.2
6243.3
6266.7
6349.3
6420.4
6488.4
6491.4
6520.6
6521.3
6599.5
6640.6
6651.1
6664.3
6905.4
7103.3
7946.9
8029.6
8054.5
8110.1
8132.7
8229.3
8274.1
8317.5
8358.2
8360.3
8421.7
8491.7
8552
8568.5
8681.4
8908.8
8959.2
9008.9
9074
9231.5
9278.3
9328.2
9494.1
9601
9654.2
9822.6
9869.2
9882.1
9887.4
9888.5
9923.6
10041
10098
10240.6
10262.7
10274.9
10285.6
10327
10412.1
10545.9
10577.5
10682.5
10734.3
10783.5
17339.4
17339.7
17471.9
17489
17497.5
17509.7
17552.2
17595.3
17651.5
17701.9
17716.1
17757.1
17761.5
17787.5
17811.4
17829.5
17870.6
17946.8
17979.8
17992
18023.3
18112.1
18130.8
18165.3
18179.1
18185.6
18233.4
18349.9
18394.2
18396.9
18423.9
18616.5
18637.6
18741.7
19276.1
19424.4
19558.6
19790.6
21023
21062.4
21167.6
21420.9
23991.5
24353.9
24523.1
24595.7
24677
24763.9
24916.4
24988
25128.2
25133.2
25374.3
25539.8
25599.7
25757.6
25813.6
25813.9
25926.2
25946
25953.3
25956.3
25962.5
25986.3
26131.1
26163.1
26199.8
26232.3
26262
26297.9
26450.6
26463.1
26531.5
26632.3
26645.2
26921.3
26979.3
27101
27138.1
27169.4
27339.7
27480.4
27493.6
27581.5
27738.8
27761.4
27805.2
27817.7
28011
28200.6
28242.9
28299.2
28770.8
28778.8
28994
34788
42328.8
42447.3
42536.2
42577.9
42635
42738.6
42916.6
50561.1
54969
55305.6
55499.5
55586.8
55695.4
55851.9
55879.5
55984.8
56466.6
56490.7
56543.4
57077.6
58408.2
60036.4
60260.9
66758.1
69194.6
69207.7
69359.8
69405.1
69496.6
69599.8
69620.8
71041.6
71125.7
73770.7
79083.4
79335.7
80958.2
81140.5
81361.5
81390.6
82288.3
83600.5
83966.5
83970.1
84399.1
89879.6
90517.9
90521.2
90548.5
90757.1
93413
106446.2
106569.5
106674.3
107036.9
107418.1
113223.4
113250.1
113259.7
113260
113263.8
113299.4
113388.5
113433.1
113501.7
113526.5
113572.6
113573.7
113815
113845.4
113856.7
113913.1
114035.1
114058.3
114088.4
114094.4
114150.9
114204.6
114253.6
114296.5
114316.4
114323.9
114365.6
114400.7
114417.2
114419.1
114420.7
114514.2
114689.9
114768.7
114779
114896
114932.4
114961.3
114975.1
115001.8
115003.2
115153.3
115156.6
115163
115212.6
115327.1
115380.8
115497.9
115551.7
115571
115807.7
117107.5
117215.9
119912
120392.6
120604.5
120793.4
121080.5
121624.1
121701.5
121809.6
121830.7
121891.2
121908.5
121948.5
122026.5
122197.4
122448.5
122485.5
122601.8
122921.7
122949.4
123438.8
123439.4
123752.5
123767.6
123904.4
124033
124113.6
124442.3
124672.6
124788.1
127980.2
128073.8
128122.5
128139.1
128239.9
128274.1
128317.3
128319.2
128399
128417.1
128493.7
128544.2
128550.6
128582.5
128633.4
128647.8
128648.6
128655.3
128671.7
128772.5
128798.8
128842.7
128849.4
128875.1
129179.1
129304.7
129389.7
129390.7
129570.9
129751.7
129762.7
129815.8
129820.7
129844.3
129989
130021.6
130062.7
130077.6
130119.8
130125.9
130135.9
130237.9
130246
130251.2
130287.8
130406.2
130416.8
130498.4
130565.4
130628.5
130632
130647.9
130700.1
130737.2
130785.7
130899.3
130994.6
131118.1
131167.2
131215.1
131687.3
132584.8
132781.7
133758.9
134021.5
134232.2
134377.7
134558
135485.9
136740.6
138778.9
139688.8
139690.6
139895.5
140186.5
140605.4
140754.8
140816.6
140881.3
141051
141141.9
141194.6
141309
141324.7
141340.2
141348.9
141357.4
141389.6
141512.1
141634.9
141644.3
141740
141749.7
141814.7
141976.3
142019.8
142118.1
142139.1
142192.7
142382
142394.3
142421.4
142459.2
142496.9
142578.3
142622.5
142626
142654.2
142752.7
142774.7
142835.7
143144.7
143304.4
143486.5
143513.4
143607.1
143683.1
143718.1
143780.9
143844.2
143873.5
143924.4
143926.2
143976.4
143982.8
143995.9
144017.9
144018.6
144026.7
144030
144093.7
144134.6
144145.1
144298.4
144440.3
144508.8
144575.5
144627.6
144630.2
144664.5
144723.7
144758.4
144955.6
145020.4
145209.4
145349.4
145542.6
145631.5
145722.7
145765
145789.9
145795.3
145905.1
145952.2
145989.8
146002.1
146071
146074.3
146075.4
146292.6
146327.2
146452.1
146471.8
146514.6
146576
146744.9
146757.4
147019.7
147219.3
147273.9
147572.3
147984.4
148100.9
148220.2
148258
148334.8
148472.1
148578.1
148601.6
148659.7
148850.9
148921.4
149061.3
149184.5
149234.6
149346
149490.8
149602
149677.4
149681.6
149700.2
149810.7
149957.4
149969.3
150045.5
150076.3
150080.5
150510.5
150697.9
150727.4
150900.1
150946.5
151028.5
151140.8
151339.2
151369.3
151648.2
151681.8
151812.8
151872.3
151872.8
151890.6
151915
152088.5
152191.9
152298.5
152511.7
152589.1
152699.8
152837.5
152898.2
153083.4
153231.2
153718.1
153777.9
154083.3
154112.6
154150.4
154212.7
154387.8
154524.9
154866.6
154952.1
155010.5
155018.9
155501.4
155670
155686
155752.9
155769.1
155775.8
155817.4
156006.3
156015.2
156402.1
156745.5
156794.4
157080.7
157395.7
157409.4
157539.6
157818.6
157865.3
157921.3
157948.5
157987.5
158184
158254.8
158728
158811.4
158928.8
159058.9
159380.2
159420.6
159482.3
159491
159658.5
159697.4
159785.7
159824.8
159899.5
160035.9
160121.3
160327.1
160514.1
160588.4
160628.7
160727.2
160756.4
160772.1
160827.9
160859.2
162803.5
163804.5
168398.9
168693.4
168889.5
168915.3
169055.3
169487.7
169530.2
173870.5
174965.5
175153.1
175373.1
176109.4
176354.9
176806.1
176952.6
177017.7
183339
183659.7
186904.1
187159.7
187269.3
188022.9
188301.8
195819.2
195878.8
195948.6
196458.9
196479.4
196665.3
196767.4
196946.1
197002.5
197024.4
197187.2
197316
197423.7
197460.9
197468.1
197477.7
197495.5
197600.6
197646.7
197702
197760.8
197805
197813.2
197944
197994.4
198014.1
198083
198135.9
198141.4
198169.8
198194
198226.2
198315.6
198324.1
198439.1
198500.2
198581.7
198596.5
198612.3
198725.5
198733
198759.1
198760.3
198821.4
198851.5
198972
199114.3
199116.5
199256.1
199260.9
199277.1
200069.9
200388.9
201126.8
202234.2
203523.4
204158.6
204336.2
204537.8
204912
205718.5
205822.6
205901.6
206462.1
206777.7
207072.9
207172.5
207808.2
208525.8
209039.5
209821
210226.5
210637.5
213181.2
213349.1
213361.4
214478.5
214624.7
214681.9
214789.3
214853.9
214899.4
214913.9
215026.7
215064.8
215084.9
215124.5
215160.1
215181
215216.2
215290.6
215329.9
215365.3
215405.1
215414.9
215417.4
215420.1
215427.8
215440.8
215510.7
215552.6
215624.5
215629.3
215642.6
215706.3
215796.1
215863.5
216065.8
216069.5
216100.9
216152.8
216191.4
216196
216199.6
216232.1
216379.3
216487.4
216524.7
216571.9
216616.9
216622.3
216656.9
216700.3
216719.9
216770.2
216805.4
216815.1
216849.4
216899.2
217057.8
217100.2
217199.6
217372.6
217472
217645.3
218617.1
219209.3
222516.6
222685
222703.1
222765.7
222805.8
222910.6
223030.5
223212.4
223229.1
223248.2
223314.9
223354.4
223397.8
223480.2
223521.2
223531.9
223643.2
223757.9
224414.3
224617.5
224849.3
225026.2
225027.5
225055.5
225206.8
225274.3
225344.5
225456.6
225640.6
225670.2
225673.2
225761.5
234528.6
234976.8
235184.9
235312
235385.6
235386
235578.5
235590.9
235654.3
235776.2
235909.6
235913.4
235966.1
236005.9
236065.9
236130.5
236149.8
236195.6
236582.3
236643.4
236725.9
236944.3
236954.5
238250.7
238435.7
238456.8
238524.1
238704.5
239098.1
239102.1
239184.9
239235.9
239268
239440.3
239442.8
239510.7
239547.4
239582.5
239606.3
239636.6
239656
239673.6
239675.5
239682
239745.4
239813.6
239858.5
239881.6
239899.9
239920.6
239924.5
239942.3
239984.3
240135.1
240148.3
240161.8
240224.7
240235.1
240247.5
240884.9
241072.6
241140.6
241230.3
243016.4
243472.6
247131.8
247437
247447.2
247483.1
247520.4
247587.9
247861.9
247937.5
248017.6
248252.8
248265.8
248322
248847
251414.9
251779.7
251889.7
256162.9
257734
258304.6
258591.5
259159.3
259183.1
266025.9
267405.6
268137
268342.3
274327.7
283218
287163.2
287803
288005.7
288155.5
289776.2
289779.2
294850.7
298656.9
298739.4
298767
298886.6
298920.2
299019.4
299070.6
299135.9
299139.7
299306.2
299354.1
299388.6
299507
299522.7
299542.8
299694.5
299763.7
299946.8
299994.4
300068.2
300194.5
305029.3
305185.2
305328.5
305491.2
305846.1
306144.8
306374.2
306472.1
306703.4
306951.4
307015
307120.1
307212.8
307213.4
307239.2
307262.5
307310.6
307380
307425.5
307527.2
307535.9
307589.9
307602.3
307659.7
307791.3
307872.6
307903.8
307920.1
307977.3
307985.7
308028.8
308117.3
308132.5
308170.2
308174.9
308221.3
308316.4
308487.3
308545.5
308938.8
320132.8
320157.3
320165.4
320368.4
320430
320453
320480.2
320561.5
320580.4
320637.3
320653
320663.8
320694.6
320738.4
320772.4
320836.8
320916.7
320945.2
321011.7
321082.3
321115.6
321208.6
321382.5
321418.7
321513.3
321603.8
321649.1
321663.5
321766.4
321806.6
322001.3
322223.9
322266.8
322276.5
322300.5
322368.2
322419.8
322454.2
322486.4
322490.5
322575.7
322703.1
327715.8
328178
328388.9
332708.6
336580.2
336929.6
336955.5
336972.6
336980.7
337036.8
337065.1
337070.8
337146.1
337152.7
337201.8
337206.8
337224.8
337269.1
337269.3
337294.5
337305.9
337453.1
337456.5
337617.6
337643.5
337761.1
337853.6
337866
337916.7
338077.5
338193.3
348855.4
348959.6
349007.5
349117.2
349206.9
349217.8
349311
349318.6
349321.4
349482
349614.6
349744.1
349853.2
349941
350996
353967.6
354437.8
367446.8
368226.8
370808.7
371587.1
372080.3
372415.5
372542
372626.4
372857.5
375801.3
376138.6
376189.9
376227.2
376380.1
376702
376746.3
376819.1
376839.8
377037.3
377073.7
377089.1
377141
377211.6
377353.3
377393
377446.6
377545.5
377558.9
377570.6
377627.8
377659
377691.6
377839.8
377890.5
377957.9
378027.4
378047.5
378128
378160.6
378218.5
378269.7
378298.8
378338.7
378591.8
378596.3
378625
379138
379219.8
379272.1
379321.4
379356.4
379383.9
379422.7
379434.5
379499.7
379654.4
379683.6
379760.3
379993
379995.7
380091.9
380247.6
380273
380284.4
380338.4
380386.4
380691.6
380869.9
381113.9
381200.4
381413.5
381419
381469
381491.5
381553.6
381567.5
381575.6
381742.9
381772.6
381963.2
382036
382084.2
382160.7
382165.8
382322.7
382413.4
382432.8
382520
382526.5
382573.9
382675.8
382701
382740.1
382741.9
382752.7
382858.5
382860.1
382862.3
383412.2
383416.4
383509
383540.7
383555
383661.9
383837
384049.6
384135.5
384159.4
384227.2
384274.6
384359
384386.4
384387
384478.8
384716.3
384829.5
384837.5
385120.4
385120.8
385160.9
385284.7
385431.3
385498.9
385581.7
385692.7
385721.8
385779.5
385780.4
385906.9
385967.8
386004.8
386126.9
386253.4
386253.9
386259.8
386297.5
386302.6
386377.2
386394.3
386510.5
386530
386552.6
386607.4
386620.1
386622.7
386882
386939.9
387045.9
387048.8
387151.1
387294.9
387301.5
387352.1
387416.6
387512.1
387573.2
387587.2
387588.5
387613.3
387645.6
387748.8
387840.1
387938.3
388141.7
388156.5
388200.4
388224.2
388249.5
388289.2
388304.5
388384.9
388435.7
388593.2
388603.3
388627.7
388634.8
388686
388690
388706.7
388769
388856.2
388892.1
388920
388952
388964.5
388978.5
389037.4
389153.7
389225.1
389373
389408.5
389548
389675.6
389731.4
389816.3
389849.8
389898.1
389909.1
389913.1
390180.9
390209
390304.1
390341.1
390586.3
391016
391099
391165.7
391309.9
391360.4
391432.5
391902
392037.1
392113.3
392279.3
392387.4
392499.2
392509.4
392587.1
392636.7
392730.7
392782.8
392927.7
392977.8
393188
393236.8
393458.4
393519.5
393622.3
393787.5
393904.3
394015.8
394027.3
394044.2
394145.6
394223.4
394441.5
394860
394893.1
395011.3
395260.7
395589.4
395712.1
396008.8
396031.7
396316.3
398204.6
398889.9
399271.3
399481.4
399700.5
399775.9
399845.3
399912.4
399925.8
400108.3
400156.2
400159
400165.6
400177.4
400244.4
400247.7
400373.2
400405.6
400464.1
400501
400568.5
400577
400700.2
400895.9
400927.3
400928.9
401060.7
401113.8
401137.7
401319.9
401333.8
401360.3
401515.6
401589.1
401671.1
401672.4
401829.9
401876.2
402140.9
402172
402477.2
402845.9
403021
403030.5
403138.4
403698.2
403716.3
403810.2
404495.9
404615.3
404818.6
404844.4
404919.5
404928.2
404986.9
405034.2
405063.5
405078.8
405117.3
405133.8
405141.6
405155.1
405158.9
405179.1
405195.2
405215.8
405231.5
405317.9
405332
405418.3
405495
405598
405726.4
405749.1
405754.9
405845.3
405877.2
405887.5
405892.6
405929.3
405936.1
406064.2
406115.5
406130.3
406148.6
406314
406329.8
406341.6
406364.4
406380.9
406440.8
406470.4
406511.2
406581.6
406582.2
406605.5
406670.3
406785
406810.4
406926.1
406972.6
406983.4
407014.1
407035.1
407091.5
407107.6
407142.5
407264.2
407297.1
407331
407426.4
407451.6
407454.2
407499.7
407520.6
407534.7
407638.2
407706.1
407717.7
407812.9
407815.3
407824.3
407935.8
407977.5
408000.6
408052.1
408055.1
408097.4
408123.8
408173.5
408222.5
408232.2
408300.7
408306.4
408515.7
408545
408585.1
408660.2
408764.3
408900.4
408921.8
408927.1
408946.7
408985.2
409009.1
409024.7
409039.3
409056.7
409186.7
409201.4
409330.4
409368.9
409475.5
409516.7
409676.5
409696.7
409705.5
409768.1
409778.9
409881.6
409969.5
409977.6
409991.8
410016.9
410094.7
410111.3
410119.6
410235.9
410294.6
410338.2
410352.9
410422.5
410445
410497.1
410501.1
410572.9
410597
410669.9
410678
410747.1
410994.6
411048.2
411087.6
411091.6
411095.3
411145
411148.6
411227.4
411298.9
411313.9
411366.1
411400.9
411485.8
411497.6
411516.8
411591.3
411635.2
411641.5
411647.8
411654.1
411655.1
411674.4
411701.6
411811.2
411873.6
411881.8
411950
411973.4
411988.2
412004.9
412048.2
412733.8
412757.3
412864.3
412906.9
412927.5
412978.7
413292.9
413301.2
413546.7
414223.2
414479.9
415546.9
415939
416041.1
416239
416284.9
416285.3
416323.1
416343.3
416469.7
416572.1
416589.9
416594.3
416606.6
416621
416732.8
417032.1
417062.5
417310
417317.2
417458.3
417589.2
417591
417604
417698.8
417704.7
417881.6
418093.3
418138.3
418261.2
418327.5
421411.3
421736.5
421832.9
422493.5
422948.4
423017.1
423163.4
423176.5
423178.2
423241.7
423262.2
423289.6
423360.6
423394.6
423484.3
423503.3
423505.9
423518.4
423592.3
423624.1
423624.4
423639
423722.5
423918.2
423944.7
424031.9
424070.8
424246.6
424290.1
424641.9
424647.7
424735.9
424807.5
424923.8
424973
425068.3
425142.2
425155.2
425196.8
425344
425512.1
425663.4
427401.2
427735.4
431925.5
432533.2
432939.5
432945.4
433236.1
434290.5
435866.9
435916.4
436173.4
436609.7
437317.8
437954.3
438458.6
451197.8
451316.8
451602.2
451848.4
451911.1
451953.7
452023.9
452024.7
452109.8
452193.4
452231.8
452320.6
452345.6
452432.6
452604.6
452639.4
452680.8
452687.3
452739.2
452743.9
452927.5
453238.4
453258.8
453343.5
453756.9
460595.8
463700.1
463841.6
463863.1
463868.9
463934.9
463949
463957.3
463991.8
464136.7
464270.1
464373.4
464418.7
464642.7
464689.4
464951.5
465020.5
465038.8
465103.2
465119.1
472095.7
472395.3
472638.1
472957.8
473100.8
473115.2
473115.7
473192.9
473203.9
473229.4
473252.8
473359
473362.5
473404
473421.1
473631.3
473748.4
474001.4
474003.9
474117.8
474189.2
474237.9
474298.9
474402.1
474635.1
474833.9
475291.8
475335.4
475360.3
475496.5
475502.8
475535
475870.6
476053.1
476063.8
476334.3
476370.8
476454
476461.8
476463.1
476482.3
476550.4
476660.3
476698.8
476722.7
476747.9
477362.6
477443.3
477579.6
477611.5
477687.2
477809.7
478007.8
478096.6
478359.8
478412.4
478469.3
478696.3
480861
482130.2
485187.1
485591.2
485921.1
485955.1
486223
486246.4
486251.2
486320.5
486329.4
486353.7
486367.2
486560.7
486566.5
486634.4
486659.1
486691.4
486815.7
486902.7
487024.7
487029.7
487063.9
487303.7
487363.7
487432.1
487511.9
487619.7
487701.7
487816.5
487828.2
487894
488074.4
488113.3
488235.4
488339.2
488344.8
488407.8
488408.7
488602.1
488605.2
488610.4
488635.8
488651
488697.9
488866.9
488905.4
488925.1
488943.8
489016
489061.6
489153.3
489287.4
489307.5
489350
489420.5
489434.3
489504.1
489593.1
489613.4
489697
489719.3
489742.8
490057.5
490256.5
490307.9
490309.9
490456.1
490499.2
490661.5
490852.5
491192.5
491442.4
491457.3
491459.7
491519
491614.1
491842.3
491845.6
491856.8
491891.3
491904.5
491959.7
492025.5
492173.7
492423.6
492491
492615.8
492838.1
492894.4
492912.6
492974.2
493494.1
493514
493672.3
493843.7
494003.4
494143.7
494153.2
494173.2
494324.4
494345.8
494430.2
494498.1
494520
494531
494534.7
494566.5
494747.8
494830.2
494895.9
494899.8
494924.5
494936.7
494966.2
495255
495667.2
495887.5
495890.5
495951.2
495978.2
495979.8
496054.6
496130.1
496137.1
496392.9
496563.6
496567.8
496598.1
496638.3
496644.2
496680.5
497084.4
497203.9
497246.8
497255.5
497269.3
497337.2
497373.8
497378.2
497405.5
497469.4
497599
497754.8
497784.1
497812.6
497826.3
497848.1
497974.4
498343.6
498368.9
498414.4
498482.4
498652.2
498699.6
498894.4
499042.9
499064.2
499174.3
499223.4
499325.1
499409.8
499502.6
499593.3
499672.7
499752.1
499921.5
499987
500028.5
500033.1
500042.5
500071.9
500190.3
500268.5
500329
500340.1
500373.5
500420.8
500438.9
500574.7
500606.3
500679.5
500754.5
500770.9
500781.7
500801.6
500841.6
500889.3
500970.7
500986.5
501095.9
501231.2
501309.1
501412.4
501435
501436.4
501454.2
501509.4
501606.2
501622.3
501655.4
501684.6
501749.4
501756.6
502126.3
502143.8
502267.4
502530.7
502560.1
502638.8
502642.4
502653.4
502658.3
502686.5
502720.8
502772.1
502831.5
502896.1
502947.7
503020.1
503203
503229.2
503268.8
503329.7
503379.3
503405.2
503461.8
503528.9
503819.9
503984.3
504050.7
504080
504165.4
504365.2
504391.7
504460.3
504584
504648.4
504694.6
504716.6
504782.2
504843.4
504866.9
504910.6
504970.9
504989.7
505244
505340.6
505480.2
505626.9
506046.9
506106.9
506110.9
506241.6
506256.5
506302.3
506303.8
506402.2
506444.7
506494.7
506497.2
506552.3
506749
506758.4
506839.8
506863.3
506960.2
506962.1
506984.3
507202.8
507229.2
507270.3
507321.6
507338.1
507348.5
507414.2
507461
507487.8
507526.7
507539.1
507553.9
507675
507700.4
507738.4
507739
507740.6
507751
507803.4
507872.3
508123.8
508415.9
509027.8
512306.8
512693.7
512701.3
512858
512905.4
512907.8
513089.9
513259
513296
513324.5
513410.2
513430
513474.2
513511.6
513514
513522
513549.3
513556.3
513559.2
513574
513710.3
513735
513787.9
513877.4
513922.2
514101.9
514135.8
514193.8
514243.6
514264.2
514356.5
514366.3
514392.3
514431.6
514446
514453.8
514541.9
514618.1
514689
514756.8
514873.9
514879.9
514964
514971.4
515046.9
515189.1
515218.8
515223.2
515282.2
515364.1
515366.5
515367.8
515409.4
515485.9
515721.9
515852.4
515891.2
515931.8
516022.5
516126.5
516130.3
516142.5
516144.5
516204.4
516224.7
516326.9
516349.3
516401.2
516522
516534.1
516597.7
516602.4
516643.9
516795.3
516962
517036.8
517133.9
517226.9
517588.4
534985.8
535685.7
536080
536363.9
536431.7
536534.6
537095.1
537317.6
537415.5
537558
537864.1
538024.2
538424
538500
538815.3
539192.1
539239.3
539301.2
539358.8
539428.5
539491.2
539519.1
539568.9
539621.6
539761
539765.5
539990.1
540021.3
540024.1
540094.5
540133.4
540194.8
540422.9
540551.7
540590.1
540695.5
540891.7
540896.7
540971.8
541220.2
547938.8
548089.3
548142.9
548169.6
548176.8
548237.6
548362.6
548421.4
548838.8
551250.1
551409.6
551474.3
551687.6
551756
551797.9
551915.1
551957.2
552128.8
559278.8
559729
559937.5
560150.6
560216.7
560370.4
560552.1
560570.2
560660.9
560680.5
560760.3
560956.5
561061.1
567823.8
567828.8
568027.4
568089.9
568121
568129.8
568290.7
568306.7
568325.4
568627.8
568689
568728
568728.3
568741.1
568771.8
568897.7
568974.4
569148.2
569233.2
569372
569418.4
569430.8
569434.5
569542.9
569643.6
569698.5
569775.7
569805.9
569833.1
569871.7
569897.3
569942.7
570343.7
570429.5
570510.1
570531.5
570554.9
570715.2
570889.8
575976.8
576113.9
576381.2
576418.4
576433.9
576499.1
576510.2
576600.1
576695.8
576708.2
576722.7
576786.2
576831.4
576877.6
576895.8
576895.9
576947.2
576994
576994.3
577007.8
577097.2
577134.5
577250
577407.8
577526.5
577558.6
577869.1
577883.1
581901.1
582820.1
584515.7
585330.5
585382.3
585526.2
585538.4
585628.7
585823.6
585933.5
585991.3
586070.8
586085.4
586087.2
586103.3
586139.4
586188.8
586232.4
586280.3
586325.9
586445.6
586466
586492.7
586532.6
586549.2
586624.4
586720.4
586888.2
591352.7
598314.3
