1497.3
1597.8
1799.2
1873.9
1897.3
1897.4
2012.8
2049.7
2056.1
2119.9
4401.2
4413
4505.2
4579.1
4587.6
4715.3
4752.4
4761.9
4767.6
5277.2
5489.1
5490.3
5583.5
5665.5
5704
5797.6
5901.5
6002.3
6024.8
6149.3
6169
6619.4
6624.8
6629.1
6696.2
6713.7
6730.5
6731.6
6747.8
6750.1
6801.5
6887.7
7035.1
12555.2
12569
12617.1
12670.3
17524.4
17548.5
17612.6
17683.1
17724.6
17849.5
17990.7
18093.2
18506.4
18578.7
18627.4
18676.2
18801.1
18907.1
18912.6
18913.3
18915.2
19014.8
19204.5
19542.9
19810.4
19848.6
20005.3
20014.1
34710.5
34719.5
34935.3
35011.2
35023.2
35138
35142.4
35143.6
35160.7
35272.1
35282.3
35299.1
35361.6
35499.1
35528.8
35605.6
38338.1
38377.1
38447.1
38541.3
38684.8
38777.6
49338.3
49573.1
49617.4
49665.5
49795.3
49822.9
49966.8
50109.7
50248.8
57320.8
58080.2
58180
58312.4
58469.2
58965.9
59019.7
59130.1
59205.8
59269
59521
59552
60622.5
65977.5
66410.4
70943
71610.6
74839
75293.8
75560.4
75731.5
75918.2
76019.3
76105.3
84543
89899.6
90219.3
90499.4
90531.3
90533.3
90750.5
106477.9
106687.6
106890.5
107090.9
107142.2
107237.6
107293.5
107671.1
110923.3
111040.9
111107.4
111236.8
111290.5
111305.6
111329
111352.2
111387.2
111572.7
111602.7
111639.7
111658.2
111820.7
113391.7
113399.4
113485.5
113634.8
113713.9
113724.8
113730.1
113758.8
113808.5
113823.9
114048.3
114177.8
114191.2
114305.5
114344.5
114387.5
114525.2
114883.9
114968.9
114980.2
114994.6
115082.9
115137.1
115158.9
115229.3
115349.4
115416.2
115537.1
115610.5
115802.6
162767.4
163008.5
163042.9
163179.1
163219.4
163318.8
163507.3
163735.8
164244.4
164268.9
164342.9
164343.6
164414.6
164438.5
164599.5
164687.9
164767.2
164793.9
164805.9
164813.7
164820.2
164939.2
164967.8
164985
164993.8
165022.5
165043.1
165049.4
165102.2
165125.6
165128.9
165155.3
165177.6
165250.3
165386.9
165468.9
165473.4
165585.8
165590.1
165594.4
165694.7
165708.6
165809.8
166025.3
166098.7
166242.8
166412.6
166597.5
166851.3
166896.4
166907.4
166967.5
166988.8
167013
167107.1
167146.2
167208.8
167211.3
167239.5
167243.1
167258.5
167331.8
167367.7
167448.1
167502.3
167826.5
167830.5
167832.5
167965.6
167993.9
168027.2
168033.4
169718.1
170078.8
170381.7
170437.9
170675.1
172088.2
172171.7
172240.3
172260.9
172334.6
172354.9
172360.1
172376.5
172459.6
172483.3
172495.6
174256.7
174598
183794.1
183870.8
183988
184012.8
184095.7
184163.1
184262.1
184380.9
184387.1
184475.4
184481.2
184484.7
184541.2
184553.4
184607.8
184688
184799.5
184891.8
185056.7
188837.7
188953.9
189001.1
189244.3
190773.2
190895.6
191155.1
191194.8
191364.5
191455.7
191456.2
191644.1
191669.4
191671.5
191762.9
191815.9
191830.8
191859.6
191888
191908
191945.3
192022
192083.1
192207.2
192602.7
214238.2
214401.9
214484.9
214503.7
214543.2
214546.8
214558.2
214592.8
214621.2
214652
214727.6
214772.9
214788.7
214845.8
214910.1
214925
215024.8
215045.7
215090.6
215093.9
215102
215130.9
215212
215254.2
215278.1
215295.9
215417.2
215440.5
215460.1
215469.6
215538.2
215542.6
215669.4
215698.6
215817.4
215867.2
215908.9
216022.6
216046
216050.2
216061.9
216070.5
216154.8
216187.5
216273.5
216343.5
216372.9
216383.7
216408.1
216436.6
216505.2
216532.8
216541.9
216581.9
216612.5
216641
216686
216716.2
216731.6
216798.6
216802.1
216882
216887.2
216908.1
216989
217007
217031.5
217091.5
217148.5
217157.8
217728.4
217807.2
217992.9
221516.5
221670.4
221829.2
221994.8
222013.7
225285.7
225428.4
225557
226475.7
227284.3
227731.6
229115.8
229125.2
229299.4
230585.6
230987.5
230995.7
231021.9
231054.9
231157.6
231172.7
231285.5
231404.6
231470.4
256351.8
256492.8
256571.7
256576
256636.3
256657.6
256745.9
256777.7
256940.4
256999.3
257388.5
257437.2
257944.9
257983
258199.4
258246.3
258555
258630.8
258674.9
258701.6
258701.7
258721.4
258852.4
258921.1
258940.2
258990.8
259065.7
259101.7
259264.2
259429.4
263391.2
263501.6
263502.6
263551
263576.1
263627
263686.5
263703.3
263713.5
263764.6
263769.5
263772.9
263781.6
263804.6
263819.8
263858.9
263987.8
264035
264036.8
264054.8
264092.9
264187.4
264343.1
264344.6
269968.6
270001.5
270089.5
270188.9
270204.7
270217.5
270242.3
270279.9
270379.6
270384.4
270409.3
270417.4
270427.4
270450.2
270455.1
270528.1
270621.3
270721.8
270814.7
270878.9
271020.2
271021.9
271026.8
271112.3
271442.9
271546.9
271850.7
271933
271947.6
272120.5
272131.1
272401.6
275824.3
276155.7
278226.1
278271.5
278350.8
278381.1
278421.5
278497.3
278521.7
278560.1
278601.8
278668.1
278677.1
278721.9
278855.8
287128.8
287250.7
287352.5
287365.6
287650.5
287679.4
287714.2
287803.4
287998.2
288069.6
288181.7
288410.2
288431.2
288448.9
288749.4
289173.1
289536
290134
290333.8
290829.4
292058
292206.2
292299.3
292618.7
294263.5
294386.6
294407.3
294779.4
294983.3
295075.1
295178.6
295281.7
312376
314159
314693
314856.2
314896
315002.9
320349.2
320487.2
320488.8
320510.7
320637.3
320678.9
320682.6
320685.5
320712.6
320852.3
320861.2
320927.1
320985.7
320994
321014.4
321018.5
321074.2
321111.3
321346.2
321442.6
321498.1
321750.6
321773.9
321804.8
321824.5
321858.7
321938.4
321963.8
321976.7
322023.7
322029.3
322061.2
322182.3
322280.4
322391.6
322418.9
322426.9
322443.6
322455
322463.5
322498.4
322531
322538.3
322550.7
322587.2
322842.1
331302.3
335013.5
335024.2
335114.3
335369.7
336714.7
339135.4
339377.7
339559.3
339655.4
339684.4
339790.4
339883.3
340034
340050.7
340088.6
340256.2
340321.9
340329.2
340367.2
340406.1
340441.6
340725.1
340933.5
341036.1
341099.8
341132.4
341192.1
341218
341355.3
341403.3
341455.1
341969.9
343160.7
343366.2
347039.7
347079.1
347089.2
347276.8
347381.9
347399
347402.1
347484
347504.3
347551.2
347580.9
347586.5
347592.1
347668.4
347764.9
347806.9
347834.5
347924.4
348009.3
348030.7
348212.5
348449
348464.5
348531.9
348685.6
348784.5
353205.7
353675.3
353696.2
353724.5
353792.9
353911.6
353975.9
353979.4
353984.1
354275.4
354357.1
354378.8
354406
354487.7
354543.1
354566.2
354647.1
368104.4
368191.4
368362.6
368378.8
368383.8
368753.4
368790.4
369257.4
369274.8
369654.4
369670.2
369683.8
369722.1
369816.1
369820.9
369913.7
369974.2
369994.8
370030.4
370761.7
370820.8
370851.6
370892.7
370897.8
370918
370962.4
371019.2
371111.3
371140.3
371603.4
371724
371785.2
371817.2
371862.2
371902.5
372198.9
372265.8
372298.3
372416.7
420939.1
421022.9
421128.6
421146.3
424328
424446.3
424723.2
424809.7
428246
428269.2
428291.6
428361.8
428404.7
428434
428481.6
428510.2
428559.8
428565.3
428579.8
428618.6
428628.9
428689.6
428715.9
428759.3
428827.5
428832.6
429056.4
429114
429131.4
429185.1
429191.9
429193.6
429200.1
429219.3
429267.9
429330.7
429347.8
429435.1
429624
429833.3
445100.3
445395.6
445542.4
445605.1
445721.2
448956.5
449004.7
450818.7
451300.3
451564.6
451814.2
452138.5
452283.3
452301
452327.9
452416
452448.2
452535.4
452628.7
452870.4
452991.8
453129.4
453175.7
453208.9
453209.6
453377.8
453506.7
453514.3
453605
456463.2
456660.1
456706.3
456892.1
456902.5
456946.4
457003.4
457082.2
457212.1
457310.7
457339.7
457386.6
457398.5
457469.2
458929.9
459778.7
459800.3
459874.6
469292.6
511937.4
516774.6
529250.6
530042.3
530076.3
530077.7
530088.9
530108.2
530175.8
530287.6
532439.8
533392.2
533482.9
534682.2
548574.1
548710.9
548829.7
548879.1
548880.2
549306.4
549396.3
549493.4
549527.3
551194.9
551228.6
551346.4
551362.6
551406.1
551549
551561.6
551622.7
551754
552079.3
559288.3
559434.9
559990.4
560072
560249.4
560270.6
560284.9
560292.8
560294.7
560355.2
560423
560436.9
560463.1
560630
560752.7
560780.2
560877.5
560886.2
560927.5
560933
560946.5
561228.1
561235.9
563996.4
564055.2
564361.5
564623.9
564707.9
567018.2
567091.6
567119.8
567119.9
567280.8
567337.4
567344.2
567348.6
567354.9
567545
567548.1
577841.3
577982.3
578035
578061
578166
578209.6
578210.5
578805
579207.4
582537.6
582577.4
582716.5
582736.4
582785.3
582864.2
582949.4
582958
582972.8
582978
582980.5
582991.9
583004.2
583013.5
583036.3
583041.9
583104.3
583204.2
583229.7
583244.2
583300.7
583332
583498.9
583566.1
583577.6
583584.2
583633.2
583635.5
583701.9
583711.4
583737.2
583744.7
583770.6
583872.3
583903.2
583975.9
584021.4
584060.8
584094.8
584136.4
584201.3
584240.3
584396.5
584475.2
584535.5
584568.7
584590.5
584592.4
584636.1
584656.3
584664.5
584722.2
584820.5
584920
584958.9
584999.4
585051.3
585207.6
585248.3
585287.3
585304.8
585365.8
585445.8
585979.2
587990.5
588295.5
588670.3
588765.7
588998.6
589988.2
590156.7
590196.4
590378.5
590452.5
590690.5
590817.2
595427.7
595572.5
595582.3
595600.7
595656.2
595751.3
595780.6
595802.3
595811
595850.6
595930.7
595938.5
595996.2
596006
596052.3
596070
596074.6
596087
596131.5
596165.5
596178.5
596274.3
596417.1
