4576.4
4645.8
4687.4
4700.9
4701.2
4712.4
4780.7
4814.1
4830.1
4839.9
4944.2
4951.4
4960.8
7449.5
10904.9
10966.2
10992.7
11046.4
11087.7
11118.4
11153.7
16374.8
16692.7
16838.3
20147.4
20231.6
20250.9
20285.8
20345.6
20379.6
20399.9
20468.7
20514.7
20525.9
20550.1
20619.7
21482.4
21488
21594.3
21656.7
21658
21684.4
21745.7
21752.1
21801.1
21824
21853
21927.3
21935.9
21976.8
22037.2
22049.4
22050.5
22092.3
22161.7
22201.7
22254.8
22286
22291.4
22345.6
22350
22350.8
22364.7
22378.8
22399.1
22409
22435
22556.8
23642.8
23844.6
24007.1
24057.3
24173.2
24233.8
24459.4
24624.7
24788.4
24886.6
24926.3
25020.3
25237.1
25244.2
25276.7
25307.1
25391.1
25451.6
25454.1
25566.9
25617.5
25667.5
25781.9
25809.1
25818.9
25823.5
25835.6
25840.6
25896.5
25928.2
26004.8
26015.5
26022.7
26085.4
26087
26092.7
26114.9
26132.5
26135.1
26169.4
26170.4
26193.7
26211.7
26299.6
26321.1
26375.8
26407.1
26444.5
26497.8
26641
26686.4
26708.2
26713.6
26777.5
26813.8
26861.6
26886.5
26914.6
26929.5
27001.5
27138.9
27214.1
27249.2
27260.6
27282
27449.4
27474.6
27487.3
27508.9
27539.3
27598.4
27600.8
27604.3
27658.4
27674.1
27760.9
27791.5
27796.2
27805.2
27889.1
27922.9
27949.2
27966.2
27987.1
28051.1
28074.5
28150.2
28341.2
28450.9
28473.2
28551.4
28629.2
28910.8
38597.5
39013
42442.3
42723.8
42867.3
43208.4
43253.3
43334.8
43370
43460.4
43467.5
43469.4
43471
43525.3
43806.7
43817.9
50915.9
52646.4
52861.4
53089.5
53500.9
53519.8
53784.7
53792.8
54213.2
54559.8
54608.3
54712.6
54737.2
54814.8
54872.1
54879.6
54906.4
54987
55012.1
55072.2
56156.3
59927.4
60016
60090.1
60173
63930
64138.3
64224.2
64293.7
64362.3
64681
65039.2
65219.3
68869.1
68933
69088.1
70154.4
70230.6
70468.7
70628.9
71964
74434.6
74464.5
74591.5
74653.2
74798.7
74863.7
74868.8
74982.4
75022.2
75114.6
75124.9
75168.7
75170.7
75190.3
75208.5
75217.8
75288.9
75322.9
75486
75606.2
75835.2
111258.4
111368.1
111497.8
111578.3
111588.9
111631.6
111634.1
111649.6
111911.2
112037
112105.5
112135.2
112214.9
112440.9
112523.6
116459.2
116471.5
116542.1
116586.9
116703.8
116725
116827.5
116846.1
116911
117565
117682.2
117743
117788.4
117924.4
118689.4
118721.8
118913.7
118946.8
119062.9
119098.2
119279.4
119309
119314
119336.7
119400.1
119465.7
119516.5
119619.7
119656.8
119816.7
119856.2
119915.8
119953.5
119980
120087
120253.3
120262.3
120435.5
120457.8
120477.9
120561
120626.4
120632.8
120654
120789.7
121016.4
121032.9
121571.4
124740.7
124775.9
124875.8
124947.8
124975.7
125022
125042.3
125063.6
125072.3
125128.7
125131.6
125135.4
125246
125290.6
125336.6
125387.4
125433
125560
125579.9
125685.8
125791.5
125810.5
125924
125958.5
125961.8
125983.2
126203.4
126391.6
126867
127195
127293.5
127406.4
127408.9
127420.8
127433.5
127476.2
127533.1
127674.7
131554.5
131644.1
131771.8
131835.3
131885.4
131897.3
132000.5
132138.4
132152.8
132230.9
132246.5
132326.5
132336.5
132348.3
132364.9
132387.5
132414.5
132421.6
132421.8
132475.1
132480.1
132506.8
132761.8
132826.4
132863.4
132938.3
132964.9
132973.7
133016.7
133062.8
133258.3
133272.3
133288.4
133317.9
133357
133447.1
133516.8
133547.8
133824.8
133830.8
133859.8
133863.2
134005
134182.1
134491.6
134519.7
134538.3
134569.7
134649.4
134681.6
134775.1
134802.3
134813.4
134880.8
134885.8
134906.3
135026
135105.1
135188
135230.8
135254.1
135256
135280.7
135293.1
135505.1
135518.2
135541.5
135554.8
135696.2
135760.8
135769.9
135821.2
135982
136011.2
136055
136069.2
136173
136260.3
136305.2
136344
136364.5
136411.4
136459.9
136466.7
136498.5
136549.3
136627.9
136633.4
136709.1
136769.3
136792.2
136874.2
136885.7
136936.4
136979.2
137091.6
137199.2
137314.3
137343.7
137378.1
137480
137578.7
137595.1
137688.1
137723.9
137760.9
137775
137863
137909.2
138027.4
138076.5
138264.6
138274.4
138381.3
138506.7
138511
138580.7
138600.9
138632
138643.9
138674.4
138730.3
138736.5
138742.9
138761.5
138763.5
138839.2
139118
139237.5
139382.3
139383.9
139411
139448.3
139660.2
139786.8
139993.6
140090.1
140396.3
140687.1
142016.5
142207.3
142583.9
142627.5
143384.4
146751.7
151628.9
156980.3
157890.3
160990.5
160997.1
161125.9
162347.8
162388.8
162482.3
162554.7
162585.4
162589.7
162652.8
162683.1
162705.7
162751.6
166408.9
172539.8
172544.6
172599
174538.9
174620.6
174847
174863.1
174878.1
174908.7
174925.4
174966.3
175005.3
175014.2
175149.1
175422.2
175951.2
175958
175979.5
176257.9
176333.1
176687.2
188262.8
190996.3
195356.7
195418.7
195489.9
195587.1
195597.2
195699.7
195704.6
195770.8
195873.9
203189.8
203445.1
205527.3
205703.1
205718.3
205773.8
206181.9
206192.9
206202.4
206263.8
206400.8
206622.1
206626.7
206668.4
206716
206819
206845.4
206869.1
206910.8
206931.7
207067
207469.1
207603.6
207641.4
207648.9
207855.9
207975.3
208053.6
208123.7
208172.5
208298.1
208307.6
208477.7
208527.7
208528
208568.4
208580.4
208675.5
208815.6
208826.9
208903.7
208982.1
209023.8
209051
209141
209155.7
209221.3
209256
209306.7
209406.5
209498.4
209660
211151.5
211357.3
211476.3
211497
211606.1
211671.9
211701.1
211743.4
211745.1
211774.6
211829.7
211847.6
211948.1
212040.7
212144.3
212274
218355.4
221171.2
221254.3
221403.6
221483.7
221528.8
221567.1
221613
221620.8
221659.7
221706.8
222834
222862.9
223009.8
223057.5
223193.4
223272
223313.1
223313.5
223347
223455.8
223470.7
223478.2
223479.7
223515.8
223613.8
223620.1
223629.3
223654.2
223671.6
223678.6
223704.2
223709.4
223723.5
223734.6
223792
223920.2
224352.5
225046
231687.1
233353
233543.3
234182.1
234191.3
234211.2
234300.1
234335.2
234488.8
234523.6
234615.4
234637.4
234696.4
234774.8
235047.5
235411.1
235426.3
235432
236275.5
236433.9
236565.6
236585.1
236676.7
236857.1
236887.7
237035.1
237162.8
237229.8
237241.2
237249.7
237344.3
237488.4
237648.6
237695
237806.7
237840.2
237840.8
237857.2
237992.4
237996.1
238163.2
238276
238471.8
238579.7
238675.3
238805.8
239212.1
240565.6
246724.5
246739.2
246769.7
246788.7
246833.1
246838.8
246902.8
246921.7
246923.5
246972.7
246978.6
247022.7
247050.8
247063.4
247114.7
247225.6
247388.6
247772.2
247780.5
247806.9
247846.6
247953.3
248132.4
248212.8
248229.7
248239.3
248304
248331.1
248441.4
248467.4
248819.3
248846.5
249027.7
249094.9
249175.4
249346.3
249365
251738.3
251793.7
263891.2
264064.1
264116.4
264129.1
264193.1
264234.6
264273.9
264367.2
264415.7
264509.4
264519.1
264664.7
264700.6
264701.5
264717.9
265513.2
266183.1
266553.7
266877.8
266881.9
273950.6
275575.6
279185.5
299108.8
299285.9
299324
299347.7
299414
299464.3
299543.2
299568.6
299571.5
299575.8
299585.3
299647.5
299710.2
299722.6
299788.5
299833.4
299848.4
299853.8
299894.7
299923.6
299965
299990.7
300054.5
300107.9
300321.6
300492.4
300495.1
303767.1
303803.3
303901
303917.7
303926
303928.9
303970.4
304098.2
304102.9
304113.9
304137
304170.8
304383.7
304407.8
304501
304619.3
304977.6
304991.5
305015.7
305272.4
305542.3
305595.2
305857
306010.7
306084.8
306117
306225.9
306244.5
306245.7
308866
308949.1
311526.2
311661
311733.3
311750.3
311889
313646
313707.3
313821
313864.8
313924.9
313954.3
314153.9
314225.1
314366
314407.5
314410.4
314423.9
314458.1
314460.8
314480.3
314548
314680.4
314685.3
314741.3
314764.8
314771.2
314822.3
314836.5
314918.2
314943.5
314948.8
315005.2
315019.7
315041.4
315050.7
315083.7
315123.9
315169.2
315224.4
315238.6
315258.4
315265.7
315283.8
315338.1
315407.9
315485.9
315511.9
315520.2
315663.9
315698.8
315744
315762.4
315909.9
316019.9
318828.5
318968.1
319213.5
319508.1
319541.2
322966.8
323086.7
323124.9
323138.4
323269.7
323386.4
323750
323759.8
323817.1
324018.7
324133
324192.9
324585.9
324684.1
324712.7
324795.6
324927.8
325043.4
325146.6
325149.6
325170.7
325212.5
325237
325363.2
325483.7
325493.1
325538
326691.6
326721
326736.1
326741.3
326746.4
326870.6
326931.4
327001.4
327008.5
327052.9
327064.5
327110.4
327110.8
327129.1
327129.5
327142.2
327195.1
327201.1
327226.3
327227.7
327375.5
327435.1
327470.7
327508.5
327511.5
327524.1
327585.7
327602.3
327617.9
327692.8
327727.7
327772
327780.3
327829.7
327858.4
327948.8
327987.3
328005
328020.6
328071.6
328241
328270.6
328272.4
328286.6
328392.5
328407.1
328479.2
328499.2
328505.5
328515.1
328527.3
328649
328722.2
328760.4
328798.4
328855.2
329067.2
329169.9
329172.6
329188.4
329201.4
329242.5
329300.8
329302.6
329391.9
329449.5
329450.5
329472
329522.8
333256.8
333288.2
333366
333796.7
333892.6
333908.7
334049.7
334080.5
334105.6
334200.2
334242.3
334302.9
334413.2
334430.9
334545.7
334547.1
334668.3
336238.1
336756.9
336766.7
336844.7
336951.5
337053.8
337256.5
337350.9
337510.7
337540.5
337547.8
337649.8
337686.7
339740
339999.5
340222.8
340263.7
340291.6
340368.5
340703.7
340778.6
340811
340850.5
340920.9
341075.9
341090
341147.7
341167.7
341208.5
341284
341311.9
341358.6
341453.5
341509.3
341574.3
341608.3
341740.5
341857.6
341873.8
341900.3
341926.3
343887.8
344099.7
344162.8
344385.7
344929.5
345274.4
345888.4
348831
348843.2
348878.4
349027
349093.9
349172.9
349293.1
349309
349309.4
349420.7
349439.5
349449.8
349513
349809.4
350512
374510.4
375344.4
375418.2
375418.7
375454.9
375512.8
375618
375624.1
375626.7
375627.3
375631.1
375633.1
375650.5
375653.6
375751.9
375778.4
375783.2
375948.3
376116
377228.5
377811.2
378142.8
378432.8
378455.5
378618.7
378658.7
378664.4
378971.1
379311.5
379580.7
379750.8
380023.6
380105.6
380256.3
380482.8
381234.8
381405.4
382185.5
382332.2
382431.1
382870
383635.2
384366.1
385288.1
390236.9
391146.2
392904.5
393463.4
394268.8
394426.2
394935.7
395577.5
395598
396300.5
396487.9
396518.5
396523.5
396578.1
396634.2
396752.5
396795.6
396800.7
396801
396810.2
397085.6
397172
397379
397397.1
397498.3
397833.5
398002.4
398053.6
398117.6
398135.8
398187.8
398226.3
398269.1
398272.3
398289.7
398293.7
398328.1
398363.9
398384.4
398448.2
398510.1
398520.7
398575
398664.2
398679.7
398695.7
398717.1
398735.6
398793.7
398848.6
398941.5
398966.5
399015.1
399200.1
399226.9
401280.5
402139.4
402420.2
402460.7
402485.5
402659.4
402699.1
402736.9
402925.8
402928.4
403055.3
403123.2
403141.3
403266.1
403282.5
403299.9
403492.1
403525.3
403573.4
403653.2
404028
404088.4
405347.9
405430.9
409459.7
412906.4
413415.9
413479
413560.2
413563.6
413621.3
413713
413773.4
413867
413978.5
414139.5
414257.9
414286.7
414417.7
414483
414488.5
414549.5
414693.4
414693.7
414762
414774.7
414861.3
414906.3
414988.4
415003.1
415017.2
415039.4
415067.9
415070.7
415215
415225.8
415255.8
415372.4
415530.7
415651.5
415656.7
415775.2
415973.1
416108.5
416134
416320.8
416552.3
416729.5
417067.6
417347.6
417473.3
417651
417921.2
418005.7
418470.1
418474.1
418486.2
418498.8
418498.9
418633
418739.2
418786.6
418971
419028.2
419057.1
419158.2
419237.8
419333.7
419516.4
419550.4
419588.9
419723.3
420352.8
421394.8
421542.8
421652.9
421677.1
421767.4
421772.3
421810.1
421887.2
421965.8
422230.5
422380.7
422407.2
422441.1
422463.3
422464.4
422511.3
422517.6
422518.6
422569.6
422572.1
422600.5
422695.3
422705.9
422731.3
423328.4
423466.9
430420.8
430569.4
430691.2
430692
430726.7
430729.1
430775.4
430878.5
430885.9
430913.9
430916.1
431067.2
431102.7
431109.6
431176.1
431239.5
431396.1
431396.2
431451
431567.4
431598
431617.9
431829.7
431934.7
432183.2
432444.6
432546.4
432639.3
432702.8
432796.3
432842.7
432891.4
432908.9
432919.1
433045
433060.1
433063.2
433091.7
433232.8
433256.8
433285.5
433297.4
433338.5
433394.3
433406.5
433494.8
433519.8
433555
433588.3
433621.7
433648.2
433673.3
433733.2
433759.5
433780.1
433889.3
433892.4
434104.8
434167.9
434182.1
434235.6
434269.3
434295.4
434334.6
434352.4
434474.6
434489.4
434572
434583.4
434585.6
434912.5
434920.6
434942.3
434998.6
435039.2
435078.2
435095.5
435324.5
435535.3
435582.3
435595.4
435617.9
435745.5
435748
435766.1
435817.1
435828.8
435928.7
435947.7
436013.7
436020.6
436028.8
436206.7
436233.6
436326.7
436372
436391.1
436452.1
436546.7
436589.7
436652.1
436656.8
436667.4
436673.6
436750.3
436759.4
436773.1
436822
436826
436928.4
437000.4
437223.2
437276.1
437296.1
437448.1
437461.8
437626
437629.5
437631.2
437644.4
437661.9
437677.9
437723.8
437724
437780.6
437882.6
437917.6
437937.9
437964.8
437991.3
438087.6
438092.2
438105.5
438213.8
438334.5
438380
438389.4
438390.8
438398.2
438407.9
438494.7
438494.9
438524.7
438546.4
438568.9
438620.4
438624.9
438631.7
438669
438739.5
438760.3
438765.1
438767.3
438785.5
438806.3
438812.2
438814.9
438891.3
438897.4
438958.5
438963.5
438990.1
439035.1
439050.1
439077.4
439083.9
439133.9
439148.7
439177.4
439191
439204.8
439208.9
439220.4
439341.8
439463.9
439492.2
439533.2
439614
439654.5
439660.4
439684.6
439760.1
439793.3
439890.1
439948
440046.5
440064.1
440087.2
440150.8
440218.9
440220.6
440226.3
440272
440314.3
440323.3
440406.7
440436.6
440449.2
440468.2
440472.2
440542.6
440548
440679.4
440719.3
440746
440749.1
440822.1
440914
440970.7
441079.9
441209
441264.2
441276.8
441278.3
441308.4
441378.6
441483.4
447352.4
447363.8
447557.1
447723.1
448029
448044.6
448078.8
448097.5
448141.4
448258.2
448268.5
448289.8
448369.7
448381.4
448393.9
450359.7
450473.2
450490
450546.3
450562.4
450639.9
450720.1
454077.3
454156.6
454248.5
454407.5
454422.2
454456.8
454463.5
454470
454533.4
454543.3
454553.9
454575.1
454641.9
454666.2
454692.1
454732.8
454791.9
454879.7
454912.2
454967
454980.3
454991.8
455019.1
455080.2
455109.9
455156.7
455240.9
455243.4
455426.5
455543.7
455585.4
455711.7
455731.1
455751.4
455857.6
455875.5
455897.5
456049.9
456079
456315.1
458943.3
459141.1
459267.1
459480.2
459505.3
463981.9
464096.3
464296.3
464323.5
464396.9
464406.1
464454.3
464496
464620.9
464931.4
468102
469279.1
469990.8
470107.9
470151.3
470222.8
470232.8
470352.2
470373.4
470455.5
470484.8
470524.5
470594.7
470679.9
470689.1
470762.5
470847.2
470872.9
471027.2
471074.7
471143.2
471315.7
471395.3
471412.7
471513.3
471628.8
471636.7
471640.8
471701.8
471727
471802.1
471806.4
471812
471815
471819.7
471825.2
471871.3
471876.2
471934
471966.8
472006.6
472109.5
472175.5
472229.9
472273.1
472419.7
472531.2
472533.9
472534.7
472542.3
473026
473880
473915.1
474287.5
474348.9
475176.7
475761.5
477312.5
477392.8
477680.5
477978.7
478240.9
478475.5
478716.2
478799
479175.7
479345.6
482180.4
482470.2
482843.5
482847.8
482866.6
482979.2
483323.2
483345.2
483427.1
483645
483700.7
483784
483806.4
483810.1
484194.6
484196.9
484207.2
484281.4
484346.4
484440.6
484522.8
484576.5
484588.1
484755
484807
484820
484826.1
484865.5
484882.6
484946.6
484963.9
485027.1
485076.6
485078.2
485086.6
485109.4
485116.5
485139.8
485169.1
485254.5
485346.6
485435
485506.5
485588.7
485623.6
485654.1
485689.9
485716.1
485807.2
485826.5
485843.8
485949.1
486263
486334.9
486534.6
486555.8
488502.2
488513.3
488518.6
488992.9
489249.7
489541.4
490238.9
490300.3
491048.7
491267.7
491580.2
491779.4
491804.4
491875.4
492209.6
492341.2
492388.7
492681.5
492816.8
492837.8
492935.8
492943.2
492986.3
493082.2
493121.1
493173.5
493872.6
494695.3
494865.8
495458.1
495576.4
495880.6
496726.9
496803.7
497623.2
497743.1
498073.5
498164.4
498235.2
498832.4
498854.5
498956.8
499733.9
499955.5
500238.4
500338.1
500646
500863.4
501100.4
501278.6
501771.2
502451.1
502521.7
502806.6
502978.2
503575.7
504405.6
504775
505547
505706.2
507475.8
508029.4
508161.2
508329.1
508335.5
508387.6
508773.1
511251.8
512252.1
512483
512627.4
512664.3
512764.5
512768.9
512793.1
512866.1
513009.6
513050.4
513219
513251.4
513271.7
513423
513521.2
513585.7
513610.6
513626.8
513654.2
513927.1
514203.2
514263.3
514280.8
514355.3
514444.2
514670.9
514758.1
514988.1
515098.9
515112.6
528303.5
530568.8
530830.8
531395.4
531534.4
533356.8
533417.6
533519.7
533657.1
533660
533865.6
533866.7
533954.5
533983.3
533996.5
534032
534032.6
534032.7
534208.9
534282.2
534305.8
534332.1
534387.3
534431.5
535014.7
539855.6
539855.7
539873.5
539896.4
539964.7
540190
540366.1
540391.6
540425.9
540445.4
540590
540706.7
540765.1
540787.5
540805
540899.4
547920.7
547989.3
548108.7
548171.6
548368.8
548378.7
548429
548486.7
548581.5
548618.2
548744.4
550257.5
550530.2
550689.5
550709.5
554699.5
554710.1
555130.9
555171.5
555318.4
555356.2
555408.2
555581.2
555730.3
555740.1
555877.6
556027.7
556031.1
556050.3
556086.2
556189.2
556345.4
556360
556417.8
556536.3
556582.3
556840
556946.7
557034.5
557269.3
557374.9
557887.6
558029.5
561650
561780.5
563335.2
563944.5
567548.1
567768.5
567788.5
567860
567908.2
567953.8
568040.1
568061.7
568070.7
568093.8
568117.8
568588.2
568953.7
568975.2
569143.8
569152.1
569377.6
569431.3
569742.3
569870.1
569922.9
570060.6
570077
570087.1
570136.3
570254.7
570267.2
570302.5
570362.2
570386.2
575868.2
575985.7
576021.2
576037.1
576158.8
576167.6
576194.9
576246.9
576534.2
576590.9
576699.7
576722.4
577453.7
577600.7
577661
587495.1
590832.3
590985.1
591135.8
596604.7
596980.1
597105.1
597182.7
597589.9
597968.9
598069.8
598092.1
599008.7
599079
599104.7
599115
599175.7
599726.9
599737.9
