2453.4
2509.1
2540.8
2544.7
2573.5
2623.7
2667.3
4020
8480.1
8512.8
8563.2
8637.6
8647.2
8678.2
8694.9
8714.3
8759.4
8760.7
8785.9
8891.3
8902.8
8962.4
8985.3
8997
9036.8
9055.8
9103.8
9122.8
9161.5
9229.2
9272
9324.6
9330.4
9385.3
9507.9
9683.6
9716.8
9729.6
9791.8
9837.8
9936.5
9951.4
10074.7
10099
10120.9
10127.5
10171.8
10216.6
10265.4
10300.3
10532.5
10755.3
10858.9
12506.7
20242.9
21210.9
21232.2
23287.1
23299.9
23450.3
23870.5
23975.9
24068.2
24087.2
24097
24504.8
24983.2
25602.2
26542
28711.6
30329.7
30800.4
31038.2
35867.7
36110.5
36126.9
36825.5
37661.1
38133.1
38229.2
38678.1
40744.7
40919.8
41041.3
41054.7
41176.2
41210.2
41264.5
42435.2
42755.3
42810.8
42881.8
42946.3
44630.9
44852.1
50724.2
50815.3
50878.5
50934.8
50979.8
50999.1
51019.5
51076.5
51095.7
51111.7
51633.4
51665.7
51890.6
55139
55233
55312.3
55343.8
55345.9
55355.7
55378.4
55385.2
55386.3
55521.9
55586.3
55648
55711.5
55749.3
55794.1
55832.2
55866.1
55885.9
55915
55955.3
56030.2
56102
56102.3
56119.5
56157.2
56157.4
56162.3
56196.2
56248.6
56341.8
56349.3
56363.8
56386.3
56399.6
57657.5
60076.4
61034.8
61431.4
61544.2
61897.7
62085.7
62577.7
62648.5
62673
62680.6
62722.8
62776.7
62783.9
62792.4
62807.3
62859.6
62882.8
62932.9
62940.3
62965.2
63054.3
63221.7
69473
70160.2
70960.6
71139.5
71808
71855.5
71856.4
71859
71886.7
71898.4
71934.1
72105.3
72155.6
72225.7
72262.3
72285
72444.4
72540.6
72573
72632.7
72666.1
72686.4
72707.3
72933.4
72967.3
72968.4
73137.8
73294.7
73588.6
73629.7
76622.6
77847.1
77920.1
78019.7
78022.3
78032.3
78035.2
78036.9
78085.8
78106.2
78268.7
78369.6
78514.1
78567.9
78630.2
78823.3
78851.2
78914.5
79070.2
79175.1
79184.6
79214.6
79278.2
79291.7
79309.3
79588.1
79630.7
79640.1
79709
79782.3
79799.3
79875.9
79888.9
79979.1
80167.3
80236.1
80305.9
80569.7
82020.1
82099.8
82264.1
82792.8
82825.2
82910.1
82973.5
83112
83241
83335.4
83584.6
84332.8
84551.2
84598.1
84640.6
84813.4
85143.3
85221.4
85305.2
85472.4
85476.9
85485.6
85485.9
85497
85608.1
85621.4
85670
85711.7
85803.9
85808.2
85838.3
85890
85941.4
85953.6
86029.1
86034.8
86084
86280.9
86322.1
86350.6
86400.7
86400.8
86522.4
86556.6
86636.4
86695.3
86695.9
86776.8
86779.9
86820.9
86851.6
86884.5
86931.6
87086.5
87226.7
87273.2
87425.9
87441.8
87460.8
87465.6
87524
87528.3
87686.9
87756.2
87873
87873.3
87968.7
88005.3
88022.9
88121.8
88132
88171.9
88184
88326
88349.2
88417.2
88449.5
88466.3
88505.7
88547.7
88562.8
88693.1
88707.7
88720.2
88816.6
88930.2
88966.9
88982
88992.1
89012.5
89058.7
89068.7
89090.9
89091.8
89176.6
89266.4
89298.6
89352.6
89374.1
89378.7
89681.5
91536.3
92273
92376.3
92566.9
92841.6
92861.2
92890.2
92991.7
93046
93065.9
93148.8
93206
93211
93215.9
93236.4
93398.9
93429.3
93561.2
93577.8
93598.2
93611.6
93639.6
93668.9
93726.7
93741.5
93764.5
93778.5
93817
93818.6
94106
94120.1
94197.4
94214.2
94254.1
94374.2
94470.2
94493.7
94611
94642.6
94649.7
94678.1
94699.6
94721.5
94733.1
94758.9
94772.1
94772.9
94835.4
94984.7
94993.5
94998.6
95004.8
95018.4
95106.7
95240.8
95270.5
95271.9
95276.9
95288.3
95464.5
95465.9
95482.8
95509.2
95511.1
95587.4
95602.8
95623.9
95684.5
95687.6
95724.8
95769.7
95826
95861.7
95888.8
95965.4
95982.2
96111.8
96262.7
96296.1
96308
96353.3
96357.2
96380.7
96383.2
96385.9
96470.4
96478.9
96485.8
96515
96518.7
96521.8
96544
96574.9
96626.3
96629.8
96661.1
96666.2
96670.9
96738.9
96753
96754.4
96793.5
96859.6
96930.5
96942.1
97013.4
97050.6
97098.4
97099.4
97107.2
97208.3
97298
97303.4
97309.7
97359.7
97408.6
97433.1
97484.5
97509.6
97556.4
97601.4
97606.4
97679.5
97691.3
97787.6
97808.2
97820
97869.6
97873.8
97928.1
97941.9
97959.4
98015.6
98028.7
98043.8
98048.9
98055.1
98055.7
98057.2
98085
98129.6
98144.5
98252
98293.8
98303.9
98326.8
98397.1
98419.4
98419.5
98517.2
98533.7
98554.5
98577.2
98603.1
98611.8
98790.9
98819.3
98819.4
98827.2
98851.1
98885.4
98898.2
98935.4
98937.7
98955.3
98961.9
98988.2
98991.9
99008.3
99115.5
99138.9
99156.4
99199.6
99204.4
99204.7
99238.4
99239.5
99255.7
99289.9
99347.6
99448.8
99456.6
99559.4
99864.8
99897.8
99967.7
100048.5
100127.7
100208.4
100267.8
100269.5
100305.7
100325.7
100474.1
100537.5
100576.7
100604.5
100605.9
100631.4
100730.7
100828.7
100872.2
100904.7
100957
101044
101059.2
101081.6
101115.5
101117.9
101119.3
101143.4
101150.6
101151.6
101174.8
101205.5
101207
101303.6
101332
101340.7
101363.4
101383.9
101418.9
101447.9
101460.8
101469.9
101492.8
101504.9
101529.2
101573.1
101645
101669.1
101851.5
101930
101940.3
102002.9
102050.2
102063
102065.6
102140.2
102146.8
102195.9
102226.2
102226.6
102251
102266.1
102277.4
102377.9
102421.5
102534.9
102618.2
102633.6
102705.2
102829.4
102857.8
102860.3
102874.3
102950.7
102954.4
102961
103002.5
103072.1
103077
103103
103135
103139.2
103139.4
103166.6
103233.8
103248.4
103258.2
103277.5
103301.7
103309.9
103363.5
103365
103406.5
103427.6
103486.8
103555.9
103678.7
103721.2
103802.3
103818.9
103882.5
104026.7
104080.3
104191.7
105742.1
105769
105839.5
105866.4
107673.4
107818.3
107852.1
107880.2
107898.5
107930.9
107965.2
108126.9
108183.4
108235.5
108246
108251.4
108257.6
108277
108286.3
108288.4
108297.7
108311
108329.5
108342.3
108366.9
108374
108456.5
108549.2
108549.5
108582.3
108606.1
108757.4
108761.8
108799.3
108829.3
108843.2
108906.9
109005.1
109093.5
109129.7
109161.4
109200.1
109252.3
109297.7
109314.2
109385.4
109410.6
109421
109436.7
109552.4
109678
109724.1
109977.6
110006.4
110024.1
110035.4
110059.1
110081.1
110128.3
110150.3
110203.4
110207.3
110232.4
110250
110273.7
110321.1
110348.9
110376
110397.6
110431.5
110588.4
110597.5
110632
110663.1
110706.3
110709.9
110834.4
111149.7
115930.6
117507.2
120902.6
120971.6
121084.1
121096.7
121290.5
121503.1
121591
121596.3
121644.6
121691.9
121862.8
121881.6
121917.4
121918.5
121922.9
121926.4
121928.4
121984.9
121986.7
122032.6
122033
122036.5
122066.6
122129.2
122203.4
122233.4
122308.5
122400.3
122454
122577.4
122589.2
122595.8
122650
122690.7
122753.3
122766.4
122782.5
122783.1
122807.4
122819.9
122942.6
122958.8
123020.8
123026.7
123036.5
123069.5
123073.7
123121.4
123185.8
123212.2
123295.2
123345.6
123411.7
123442.4
123459.1
123478.5
123487.1
123540.6
123593.7
123603.2
123610
123656.6
123672.3
123766.5
123772.9
123784.8
123803.3
123828.7
123854.8
123893
123932.8
123955.3
123971.3
124056
124058.9
124076
124091.9
124122.8
124130.6
124230.9
124286.8
124370.8
124419.1
128513.2
128657.7
130034.5
130100.3
130103.7
130307.6
130335.1
130414.5
130601.5
130781.8
130792.9
130860.3
130918.5
130940.8
130959.9
131084
131104.5
131122.1
131175.4
131320.7
131328.8
131329.2
131374
131383.6
131492.5
131557.3
131579.6
131631.6
131730.9
131746.5
131889.7
132088.7
132109.9
132187.1
132502.6
132572.7
133141.4
134399.3
134648.7
136370.4
136461.7
136587.9
138941.7
141097.8
141975.1
142071.3
142157.9
142240.4
142396.1
142442.3
142469
142716.8
143211.9
143295.8
143302.4
143533.8
143653.3
143746.7
143796.4
143805.9
143859.9
143969.3
144398.9
149258.6
151347.9
154038.8
155075.5
157360.7
159148.2
161933.6
162029.6
162254.2
162481.1
163805.9
166619.9
167673
169802.2
169882.4
170531.1
170594.8
170660.8
170719.3
170807.6
170911.1
170975.4
171054.3
171156.6
171176.9
171193.1
171220.4
171272.3
171273
171275.1
171386.3
171432.1
171478.9
171518.3
171547.1
171556
175234.2
175325.2
175512.2
175551.9
175756.1
175758.5
176661.9
176951.4
177646.2
177745
177902.9
177913.3
178179.1
178190.3
178350.6
178441.2
178567.3
178580.3
178601
178689.8
178689.9
178695.9
178730.3
178873
178952.8
178987.2
179010.1
179052.8
179088.5
179137.8
179227.7
179479.6
180802.4
181031.6
181037.1
181226
181393.5
181461.8
181530.6
181846.6
181873.2
182023.4
182079.2
182099.4
182214
182266.4
182416.8
182555.7
182605.5
182670.5
183405.9
185053.3
185305.4
185350
185571
185599.5
185617.1
185638.4
185721
185780.6
185787.7
185788.7
185848.3
185854.4
186191
186202.9
186231.9
186256.5
186290.2
186373.7
186433.5
186446.8
186451
186464.7
186490.5
186521.3
186603.5
186613.2
186641.7
186650.7
186672.7
186696.4
186771.9
189035.8
189308.1
189347.4
189560.2
190778.6
191040.3
191757.8
194009.3
194147.7
194240.8
194388.8
194717.3
194817.4
195840.6
195904.7
196012.7
196028.7
196130.3
196142.4
196230.3
196257.8
196301.5
196346.5
196365.7
196385
196406
196488.9
196499.2
196532.5
196556.1
196707.8
196727.5
196740.5
196769.4
196924.7
197020.8
197172.8
197331.4
197519.6
197523.8
197530.2
197560.4
197569.1
197604.7
197605.8
197633
197678.1
197730
197734.9
197750.9
197865.4
197886.2
197948.1
198087.2
198162
198236
198276.2
198485.5
198489.5
198504.3
198521.8
198525.7
198528.2
198531.8
198546.3
198582.7
198631.7
198723.4
198741
198856.5
198952.8
201160.6
207376.1
207482.2
211526.7
211743.2
211751.7
212069
212226.4
212405.5
212536.9
212554.6
212679.2
212724
212808.5
218059.2
218098.9
218307.8
218345.3
218398.4
218416.2
218733.5
218991.3
219013
219120
226063.7
226093.7
226154.6
226244.8
226290.2
226365.2
226377.4
226472.6
226485
226512.3
226559.2
226572.1
226717.7
226742.6
226935.7
227077.5
227662.7
227910.7
228050.6
228062.2
228089.8
228135.5
228267.9
228332.1
228383.1
228483.7
228488.9
228496.6
228517.4
228533.2
228574.1
228582.6
228730.9
228761.3
228891.4
228892.3
228945.9
228957
229210.7
229269.3
229733.5
234146.2
234260.3
234470.7
234649.9
234729.3
234823.8
234938.3
234957.4
234976.5
235055.4
235245.8
235323.9
235330.9
235352.4
235407.1
235425.3
235458.7
235530.3
235575.2
235610.7
235617.9
235669.5
235691.6
235720.7
235970
236069.3
236128.6
236278.4
236528.8
236586.1
236621.5
236739.6
236886.9
236942.4
236943.6
237014
237168.1
237362.4
237370.4
237564
237783.6
237954.9
238141
238169.7
238184.6
238226.7
238255.5
238447.1
238455.4
238565.5
238630.5
238652.6
238710.2
238746.6
238778.3
238859.5
239070.4
239071.1
239174.7
239221.9
239310.3
239644.2
240303.6
247146.5
247225.7
247337.7
247342.7
247354.1
247374.9
247504.7
247523.7
247716.4
247724
247924.9
248042.9
248315.6
249855.2
250361.4
250361.8
250363.2
250466.6
250473.2
250488.6
250565.7
250612.2
250620.5
250647.5
250670.4
250760.6
250761.3
250779.7
250802.9
250837.6
250848.9
250856.3
250868
250903
250953
250961.1
251081.3
251117.1
251265.6
251307.4
251779.5
251932.4
252187.2
252221.3
252382.9
252418.5
252517.5
252632.9
252801.8
259726.3
259796.3
259812.8
259814.5
259864.3
259901
259913.5
259942
259966.5
259974.7
259978.1
260022.4
260043.2
260229.2
261606.2
261646.9
276618.6
276867.7
278014.5
278130.2
279287
279320.9
279340.3
279362.4
279438.4
279457.2
279528.6
279536.4
279538.2
279561.3
279586.8
279588.5
279623.7
279626.9
279867.1
279869.6
279879.3
279977.6
280492.6
280576.2
281494.1
282091.4
282144.3
282199
282228.6
282554.4
289022.2
289099.9
289578.6
289790.7
290320.6
290327.2
290498.3
290857.3
291029.2
291067.2
291301.3
291370.2
291913.1
292077.1
292663
293448.1
295157
295400.4
295575.6
295687.2
295703.2
295741.7
295755.8
295772.7
295867.4
295888.6
295889.3
295926.6
296087.7
296178.7
296182.4
296191
296231.2
296303.3
296371.9
296594.7
296657.7
296707.7
296882.8
296954.2
297120.3
297128.1
297208.7
297344.5
297409.2
297670.8
297698.8
297722
297784.6
297829.9
297881.2
299945.6
300666.4
300791.1
301193.7
301206
301499.8
301516.5
301619.7
301626
301634.8
301656.9
301699.8
301700.9
301732.4
301753.8
301790.3
301798
301800.3
301832.9
301878.8
301929.7
301936
301943.5
301970.3
301981.9
301984.3
302002.4
302003.6
302025.5
302095.2
302103
302154.3
302200.3
302215.4
302238.9
302246.7
302248.1
302263.7
302310.5
302343.2
302367
302413.9
302447.2
302510.4
302543.8
302569.2
302754
302816.8
302833.9
302870.6
302901.1
302949.2
303042.3
303100
303113.2
303143.9
303247
303921.3
304341.8
304784.5
305132.1
305815.5
305857.1
305911.8
305995.6
306008.5
306132.6
306189.1
306269.4
306344.1
306421
306445
306463.7
306492.3
306535.7
306562.1
306577
306592.4
306657.3
306716.2
306716.8
306784.7
306825
306976.8
307024.8
307065.2
307137.3
307139.1
307222.8
307283
307284.2
307313.1
307362.7
307438.3
307453.1
307493.6
307610.2
307647.1
307669.8
307907.1
308228.1
308424
308492.2
311500.3
311510.2
311628
311659
311749.7
311750
311773.2
311798.7
311853.5
312041.2
312074.8
323368.7
323521.8
323586.2
323639.7
323664.1
323667.6
323802.8
323871.5
324011.8
324060.8
324074.8
324280.6
324352.8
324567.7
324604.6
324620.4
324640.8
324673.9
324835.3
324862.9
325129.9
325203
325605.9
327098.4
330713.7
330906.3
331204.7
333136.3
333314.2
333660.5
333996.2
334054.9
334218
334237.5
334331
334401.1
334418.3
334440.4
334491.5
334693.8
334781
334865.5
335015.6
335401.9
342850.8
343510.5
343604.7
343637.7
343735.4
343835.8
343887.8
343897.3
343986.9
344022
344125.7
344197.2
344252.6
344384.5
344390.4
344465
344667.7
344725.2
344806.3
344929
344991.2
345063.8
345222.3
345239.8
345274.3
345284.5
345361.5
345389.6
345413.1
345447.7
345455
345572.5
345576.7
345629.2
345637.7
345711.7
345733.9
345834.3
345865.1
346198.8
346301.1
346356.9
346367.1
346370.3
346405.4
346439.9
346482.4
346589.6
346592.3
347111.7
350114
350171.2
355098.6
355196.8
355257.8
355329.6
355340.7
355372.5
355376.1
355394.8
355415
355458.9
355515.8
355530
355537.1
355560.4
355605.7
355678
355686.1
355810.9
355843.4
355914.1
355937.7
355996.5
356030.7
356133.8
356333.1
356710
356866.3
356971.2
357036
357244.4
357390.1
357697.5
357794.2
357856.7
357886.4
357924
358111.7
358176.4
358224
358279.2
358356.6
358492.8
358547.6
358949.9
358969.7
359007.4
359168.2
359272.8
359474.9
359584.7
359901.4
359980.7
360304.9
360317.8
360454.9
360517.6
360517.9
360613.5
360645.3
360670
360721
360729.2
360898.4
361402
361458.1
361666.9
361707.4
361781.5
361783.6
361868.3
361873
361885.8
361962
362304.1
362343.6
362363.3
362496.3
362802.6
362920.6
363069.9
363113.9
363242.1
363299
363484.7
363491.6
363521.2
363559
363604.9
363689.7
363786.5
363829.9
363849.6
363871.3
363909.8
364000.7
364066.2
364163
364433.6
364461.4
364566.3
364611.7
364620
364773.8
364802.7
364823.6
364828.1
364921
365067.2
365154.4
365169.7
365175.9
365226.9
365228
365261.2
365279.5
365285
365329.3
365400
365460.2
365502.2
365613.1
365706.5
365723.2
365843.3
365844.9
365869.6
365931.7
365945.7
365949.6
366141
366158.7
366233.1
366261.2
366393.4
366515.1
366568.3
366688
367066.2
367100.4
367107.2
367138.4
367140.1
367152.2
367171.4
367177.7
367437.8
367723.5
368696.2
369616.2
370386.8
373390.9
373444.2
373482.7
373505.1
373597.1
373598.3
373675.4
373693.8
373725.2
373754
373786.6
373993.5
374270.1
375865.7
375868.7
375922
375987.5
376021.4
376079.3
376307.5
376472
376541.5
376644.9
376684.9
376755.3
377036.6
377049.5
377099.2
377131.1
377149.1
377271.9
377416.6
377418.3
377505.9
377710.6
377721.8
377779.2
377858.7
377872.5
377993.4
378049.1
378161.9
378237
378295.7
378318.4
378604.4
378625.7
378744.2
378869.7
379076.6
379196.9
379453.2
379459.3
379525.2
379743.3
379788.6
379800.2
379809.7
379985.5
380000.9
380088.4
380300.9
380354
380382.4
380387.3
380434.7
380623.4
380790.5
380793.7
380959.3
381052
381248.9
381360.5
381631.7
381702.1
381783.3
381784.7
381803.4
381929.4
382204.3
382570.8
383138.9
383218.3
383226.2
383660
383767.2
383953.1
384059.4
384475.5
384498.1
384529
385424
385460.8
385569.8
385827.9
386163
386170.5
386354.4
386590.1
387342.9
387619.1
387797.6
387846.1
388152.4
388436.9
388927
389395.2
389518.8
389549.8
389551.7
389664.6
389687.7
389721
389778.9
389793.2
389809.9
389832.7
389865.4
389882.4
389924.1
389967.7
389985.1
390058.4
390097.4
390123
390180.5
390262.6
390277
390318.1
390363.9
390421.7
390423.5
390426.9
390427.1
390433.1
390450.8
390470.5
390483.4
390501.1
390550.4
390552.1
390561.3
390592.3
390698.2
390705.1
390750.7
390777.8
390778.2
390823.9
390865.1
390891.4
391012.1
391020
391103.4
391110.1
391119.3
391179.8
391188.2
391303.7
391324.3
391341.1
391378.6
391393.7
391408.3
391433.6
391447.3
391454.6
391515.8
391555.5
391598.6
391600.6
391607.7
391661.1
391665.2
391679.6
391810.1
391828.7
391880.1
391905.7
391914.1
391957.5
391964.9
391985.5
392017.5
392085.3
392176.4
392214.9
392355
392393.7
392466.4
392480.1
392567.5
392718.3
392935.7
393022.5
393362.3
393452.6
393482.5
395175.2
395911
396318.9
399270.1
399405.5
399418.3
399440.6
399517.4
399641.1
399648.3
399671.3
399711.4
399732.9
399749.4
399793.7
399801.4
399867.7
399888.8
400147.9
400186.8
400299.3
400640.1
400642.2
400844.3
401005.7
401213.6
401604.9
401883.5
401889.8
402203.8
402209.8
402300
402319.1
402394.6
404949.8
405023.4
405085
405131.2
405185
405332.8
405496.6
405503.4
405602.5
405643.8
405810.1
405835.9
405855.5
405862.2
405966.9
406111.3
406113.4
406143.3
406325.1
406390.7
406415.8
406939.6
406940.5
407616.2
408084.2
408115.1
408116.4
408192.2
408513.2
408773.3
408815
408933.2
408945.4
409138.5
409333.8
409431.9
410059
410171
410356.3
410427.6
410744.8
410769.8
410988.1
411071.8
411260.8
411363
411374.7
411458.1
411577.2
411931.5
411998.5
412048.7
412166
412174.9
412199.7
412210.9
412224.7
412245.2
412257.1
412273.9
412308.8
412376.2
412407.5
412425.3
412431.9
412433.5
412529.5
412705.6
412784.5
412871
412936.2
412942.6
412975.1
413002.2
413191.3
413236.5
413244.9
413333.5
413996.9
414101.5
414348
414610.6
414717.2
414938.1
415143.7
415148.3
415156.5
415370.7
415463.3
415541.9
415577.3
415666
415678.5
415711
415751.2
415766.8
415796.3
415799.8
415808
415837.4
415864.1
416030.4
416043.3
416058.2
416184.9
416200.1
416305.4
416313.2
416364.3
416405.6
416407.1
416444.8
416445.7
416449.5
416479.4
416505
416511.3
416549
416559.6
416562.9
416601.5
416615.9
416671.7
416674.5
416699.1
416707.8
416862.6
416889.8
416955.4
416979.8
417051.3
417120
417152.2
417248.8
417264.3
417350.5
417407
417441.3
417575.5
417699.5
417724.3
417753.2
417902.6
417935.5
418081.3
418090.5
418202.5
418215.7
418269.1
422309.7
422501.2
431734.1
431925.2
432051.4
432134.5
432188.2
432234.1
432264.6
432267.2
432396.2
432607.7
432718.1
432978.1
433253.2
433788.6
433816.4
433826.3
434279.3
434318
434746.3
435023
435189.1
435334.3
435755.6
435962.7
436239.8
436344.6
437326.4
437452.8
438829.2
440119.1
442443.5
447470.5
447989
448040.2
448086.7
448122
448138.6
448225.1
448262.1
448305.6
448310.4
448358.2
448363
448363.9
448467.4
448501.5
448517.3
448527.4
448539.8
448601.8
448622.8
448657.3
448705
449314.7
454685.6
454717.8
454887.4
455450.7
455481.6
455483.3
455513
455549.8
455558.8
455581.8
455585.1
455602.8
455614.4
455686.8
455693.7
455766.8
455950.7
456122.6
456147.6
456193
457574.5
460341.9
460410.9
460443.4
460555.7
460567.5
460598.8
460617
460647.1
460744.3
460762.6
460797.2
460819.6
460898.8
460950.1
460958.4
460992.2
461068.4
461298.9
461315.1
461357.3
461443.8
461508.3
461543.5
461566.5
461717.3
461842
462023.9
462291.6
462363.1
462376.8
462534.1
462549.8
462586.5
462696.6
462706
462709.7
462756.3
463008.2
463035.9
463070.1
463090.3
463110.5
463139.3
463195.4
463263.3
463313
463413.1
463484.2
463504.9
463587.8
463602.5
463697.8
463715.2
463732.5
464559.7
464638.1
464818.2
465076.7
465223.4
465311.9
465374.5
465411.9
465434.8
465521.1
465549.2
465680.9
465724.6
465740.3
465769.7
465838.6
466018.7
466147.7
466167.1
466267.6
466276.1
466331.3
466337.2
466880.9
466939
466946.3
472288.4
472375.1
472376.8
472482.6
472487.5
472668
472685
472734.7
472751.7
472848
472902
472957.1
472962.8
472964.5
472975.8
473056.5
473116.6
473124.1
473134.7
473387.1
473410.8
473463.6
473484.3
473520
473529.5
473571.7
473627.2
473643.3
473780.4
473806.8
473881.7
473962.8
474036.4
474438.1
474484.9
474536.5
474562.5
474566.2
475161.2
475527.1
476474.9
476736.5
477040.2
477156.9
485088.6
485495.8
485513.2
485942.2
485961.1
486047.9
486131.7
486229.1
486234.8
486241
486313
486335.6
486503.7
486513.8
486711.7
486726.9
486884.7
486950.3
487030.5
487087.8
487125.2
487389.5
487433.1
487491.4
487615.7
487658.7
487832.1
487943
487992.3
488025.4
488089.7
488367.8
488417.4
488445.7
488496.6
488542.6
488560.8
488726.7
488757.6
488794.8
488825
488830.5
488832.6
488904.8
488978.4
489167.8
489184.4
489235.2
489422.4
489552.3
489564.4
489618.8
489633.3
489665.6
489780
489874.9
490050.1
490224.9
490329.3
490358.6
490395.8
490451.6
490469
490480.3
490520.2
490538.5
490659.2
490683
490700.5
490713.2
490720.7
490767
490949.3
491029
491164.1
491179.2
491426.9
491719.5
491802
491887.7
492103.9
492152.1
492307.1
492363.4
492611.9
492772.4
493016.6
493167.4
493289.8
493480.5
493482.9
493899.4
493963.6
493970.8
493983.2
494345.7
494374.7
494434.8
494799
494843.5
494864.5
494967.5
495090.2
495158.9
495326.3
495334.2
495368.7
495513.4
495654.9
495789.3
495946.4
496024.5
496085.4
496190.5
496285.9
496567.7
496863.8
497006.1
497008.9
497083.9
497110.3
497245.9
497275.7
497284.7
497548.2
497889.7
498016.5
498157.5
498303.8
498403.1
498420.1
498426.8
498427.4
498453.5
498590.7
498599.5
498609.8
498611.5
498773.7
498800.5
498851.3
499021.3
499123.3
499174.8
499198.6
499332.9
499496.9
499520
499597.9
499660.9
499815.2
499842.4
499886.2
499896.2
499914.4
499985.8
499995
500010.3
500162.3
500411.9
500483.8
500507
500677.8
500693.8
500732.4
500743
500751.9
500915.9
500977.1
501043.1
501122.9
501175.4
501224.5
501372.8
501453.3
501518
501540.2
501610.3
501659.7
501854.7
501873.7
501894.1
502042.3
502072
502075
502165.3
502275
502311.3
502334.1
502356.9
502399.8
502420.1
502478.7
502615.5
502659.2
502747.1
502749.3
502858.1
502872.8
502905.5
503146.3
503187.9
503240.5
503273
503316.9
503334.1
503393.1
503477.9
503588.8
503637.2
503665.1
503800.3
503809.1
503888.3
503998.1
504055.7
504099.8
504134.4
504503.8
504590.8
504754.7
504969.5
505146.3
505169.5
505208.4
506125.9
506194.1
506260.7
506520.1
506701.2
506719.3
506911.4
506965.1
507034.4
507114
507194.8
507219.3
507240.4
507291.4
507345
507377.6
507419.8
507421
507425.9
507494.7
507575.3
507582.8
507747.9
507967.9
508161.1
512690.7
517651.9
517696.2
517741.3
517896.3
517992.6
518012.5
518058.8
518227.9
518247.8
518253.9
518331.6
518560.6
518594.9
518636
518710.7
518758.9
518759.2
518795.3
518819.5
518868.9
518924.5
518926.3
518941.3
519040.2
519149
519162.8
519222.3
519230
519240.6
519288.2
519370.3
519482.6
519617
519709.3
519718.7
519734.9
519784
519823
519878.8
519910.7
519948.9
519978.8
520026.4
520111.9
520202.1
520410
520430.1
520904.2
521128.3
521309.1
521310.7
521460.1
521564.5
521581.4
521616.7
522058.4
522069.1
522292.7
522318.3
522641.1
522993.2
523281.2
523395.8
523860.7
524114.3
524257.2
524616.7
524624.1
525006.9
525032.9
525279.9
525601
528268.7
531122.1
531250.9
531700.1
532165
537081.9
537176.6
537278
537337.7
537593.7
538471.1
538548.7
538563.2
538637.7
538704.2
538831.9
540118.9
540693.7
541011.8
541121.8
541172.6
541758.2
542126.8
542321.6
542367.7
542437.9
542563.4
543882.4
543888
546358.5
546421.8
546591.6
546705.1
546831.3
547048.5
547231.9
547300.4
547331.1
547423.7
547454.5
547635.2
547854.2
549340.5
549786.2
550116.1
550137.7
550163.3
550238.4
550240
550249.1
550272.8
550379.9
550395.1
550490.1
550592.9
550906.7
550983.5
559652.4
561518.7
561524.5
561536.1
561675.9
561680.5
561714.1
561736.3
561757
561817.4
561820.9
561846.2
561908.3
562029.8
562156.3
562224.5
562341.7
562403.1
562654.2
562715
562748.3
562768.1
562935.8
562960.2
563022.8
563162.5
563165.2
563175.6
563332.7
563396.1
563424.6
563564.5
563683.4
563816.5
563969.7
564031.6
564181.1
571999.8
572076.2
572214.3
572730.8
573079.8
573105.4
573109.6
573397.3
573475.8
573804.5
573821.6
573971.3
574019.4
574115.6
574125.2
574172.4
574208.5
574250.1
574427.7
574634.2
574779.8
574829.3
574858.9
574938
574969.3
575012
575031.3
575042.5
575105.7
575139.8
575307.3
575322.6
575350.3
575432.5
575464
575489.4
575526.6
575575.6
575707.5
575769.2
578202
578611.6
578811.7
578937.8
578996
579004.3
579046.8
579053.8
579082.1
579335.8
579344.7
580541
580578
580729.7
580791.2
580791.9
580929.7
580946.5
581009.1
581052.9
581066.8
581086.4
581121.3
581231.4
581293.1
581357.3
581405.4
581431.9
581456.4
581463.8
581480
581494.3
581507.8
581632.9
581641.7
581753.9
581786.6
586670.8
588444.5
588489.3
588507.3
588651.8
588695.8
588735.6
588904.8
589171.1
589199.6
589245.1
589275
591282.6
591318.6
591390.5
591412.9
591612.1
591653.9
591655.4
591701.7
591747.6
591913.6
592138.5
592202
592363.7
593093.5
593459.6
593650.9
593724.4
593993.2
594155.2
594356.9
594405.5
594413.8
596273.6
596587
596698.7
596724.4
596938.7
596945.4
596962.4
597006.7
597047.6
597109.3
597132.2
597140.1
597157.9
597203.1
597211
597214.7
597224.6
597247
597270.5
597433.7
597533.2
597553.9
597615.3
597719.6
597768.6
597900.7
597961.4
598106.5
598155.3
598268.1
598270.9
598272.9
598287.3
598490.8
598565.4
598646.1
598708.9
598759.3
598769.9
598967.7
598990.5
599106.2
599113.7
599179
599261.8
599263
599283.1
599320.9
599336.9
599352.5
599356.5
599360.2
599479.2
599541.9
599600.3
599737.9
599760.4
599763.9
599772.7
599817.7
599827.4
599844.4
599861.3
