49.1
68.3
74.2
425
461.5
817.7
966.3
988.8
992.4
993.5
1080
4850.3
4875.1
5398
5428.8
5432.3
5439.2
5471.8
8214.3
8283.8
8304.5
8304.6
8335.6
9061.2
9169.5
9408.2
9446.8
9630.7
9697.5
10171.9
10187.7
10246.4
10357.8
10397.4
10424.3
11106.6
11958
12032.2
12100.4
12133.4
12145.1
12184.2
12216.6
12230.9
12245
12286.3
12309.5
12790.7
12933.5
12951.3
12958.7
12982.6
13007.7
13045.4
13178.8
13179.9
13211.6
13260.1
13304.8
13381.9
13406.2
13436.9
13501.5
13518.1
13548.4
13552.4
13630.6
13794
16414.2
16532.8
16542
16555.9
16572
16638
17252.5
17305.2
17358.6
17376.5
17388.1
17414.7
17426.4
17435.9
17440.2
17553.2
17681.3
17827.1
17896
17909
17983.9
18053.6
18060.2
18191.6
18357.9
18638.9
21891.9
22531.9
23370.1
23419.2
23437.2
23604.7
23611.7
23709.6
23741
31343
31363.5
31381.7
31432
31599.9
31607.4
31633.9
31677.3
31779.1
31910.7
31949.4
32022.6
32022.8
32065.6
32099.8
32106.6
32191.6
32783.1
32901.3
32905.3
33047.8
33139.2
33151.5
33279.5
33341.7
33512.8
33590.8
33652.7
33658.8
33683
33767
33852.5
33906
38918
38996.9
39018.8
39020.5
39036.7
39347
40328.1
41795.6
41902.9
42017.8
42106.2
43494.8
43606.6
43655.8
43672.9
43678.1
43793
43802.9
43813.1
43820.4
44064.4
46131.6
46271
46299.8
46318.3
46469.2
46589.9
46827.7
47326.3
47454.3
50222.5
50970.7
53187
53221.1
53342.9
53714.6
54296.1
54507.7
54510.2
54639.4
54703
54798.7
55492.9
55952
56282.6
56381.8
56420
56474.1
57232.2
58022
58069.8
58265.9
58389.2
58514.9
58553.9
58592.9
58627.8
58653.7
58693.8
58711.4
58730
58858.7
58864.8
58915.5
59007.8
59095.2
59104.1
60022.6
60969.9
60992.7
61046.2
61266.7
63918.6
63987.7
63998.3
64100.7
64196.7
64222.9
64286.7
64313.3
64377.4
64448.5
64453.9
64483.1
64625.4
64635.8
64645.5
64758.5
64843.5
66254.5
66761.9
66866.7
67056
69332.1
69517.5
71936.6
71985.1
72133.1
72388.4
72424.1
72475.3
72612.7
72859.9
72952.8
73122
73286.8
73493.2
74084.3
74275.8
74355
74369.5
74381.8
74433.7
74461.2
74592.3
78428.1
78512.9
78652.2
78711.9
78716.2
78730.3
78739.3
78830.6
78962.8
79076.2
79161.8
79177.1
79229.7
79400
79463.1
79559.2
79562.3
79629.8
79861.3
79870
79873.7
79938.6
80018.3
80084.2
80168.8
80174.5
82555.2
82661.1
82750.3
82760.2
82770
82885.2
83048.4
83062.8
83072.9
83090
83128.1
83133.3
83156.1
83259.3
83340.7
83342.7
83346.7
83347.7
83349.4
88367.1
88401.5
88581.4
88623.6
88649.2
88718.5
88897.8
89007.6
89033.6
89067.2
89190.2
89192
89260.5
90578.2
90788.4
91507.5
91621.3
91731.1
91769.3
93841.7
96433.5
97335.1
97849.2
98259.9
98510.5
98673
99432.6
100126.7
100247.4
100382.9
100405.3
100770.5
100841
101865.2
104609.9
104694.3
104992.2
105070.2
105078.5
105089.2
105232.7
105248.6
105301.6
105309.3
105309.9
105319.6
105325.3
105373.6
105387.9
105391
105421.6
106229.8
106318.9
106435.4
106467.5
106469.5
106484.3
106494
106523.9
106525.9
106527.7
106786.2
108451
108661.7
108782.5
109045.3
109198.3
109508.2
109511.9
110387.9
111791.8
112042.4
112059.9
113212.7
113288.1
113290.9
113354.2
118440.9
119028.9
119132.7
119173.2
119205.6
119228.3
119237.1
119251.3
119331.5
119391.3
119402.6
119405.4
119409.2
119427.3
119470.2
119484.6
119516.4
119555.2
120090.3
120106
120156.5
120202.4
120206.5
120366.4
120433.3
121749.1
125194.9
125209.2
125261.8
125567.8
128368.3
128544.9
128603.3
128631.2
128657.4
129433.6
129881.2
129896.8
129999.4
130059.5
130090.2
130168.7
130233.5
130423.8
130495.7
130499.2
130525.7
132326.5
134891.6
135046
135216
135295.8
135423.3
135744.6
136795.6
137269.3
137370
137465.9
137510.6
137676.7
137692
137938.9
138065.5
138943
141041.7
141167.5
141243
141405
141424
141431.6
141474
141509.3
141536.6
141581.3
141611.8
141954.6
143629.1
143900
143908.3
143920.8
143963
144070
144508.4
144543.9
144629.5
144647
144876.7
148619.2
159221.4
159419
159447.2
159583.4
159594.6
161915.1
161951.6
162023.5
162935.6
163006.5
163032.8
163145.8
163244.4
163244.7
163290.1
163317
163397.3
163430.7
163561.3
163718.8
163728.4
163759.1
163793.5
163834.8
163950.3
163954.7
164093.4
164446.2
164799.7
167461.8
168111.6
168115.3
168204.2
168206.5
168223.4
168306.4
168329.4
168356.1
168395.4
168410.7
168478
168493
168552
168572.9
168584.5
168663
168695
168735.4
171165.4
171413
172769.4
172922.1
172960.7
172992.3
172992.9
173106.2
173999.4
174179.9
175167.2
175172.1
175326.5
175439.8
175447.7
175591
175622.5
175640.3
175801.7
182997.6
183757.7
186296.1
186297.4
186325.3
186468.5
186501.9
186659.4
186735.9
186770.1
186866.6
186949.6
187719.2
187753.8
187844.4
187865.2
187961.7
187969.8
187997.2
188091.9
188273.9
188291.7
188554.7
188599.5
188853.7
192394.7
192527
192558
194187.4
194269.9
194378.8
194405.7
194586.1
194586.3
194615.3
194761.8
195261.1
197215.6
197218.4
197363.7
197920.5
197973.8
198025.5
198070.5
198101.5
198231.4
198377.2
198589.8
198601.2
198637.2
198747.6
198832.4
199941.4
200001.1
200893
201264.1
201383.3
201708.4
202822.9
202824.7
204247.7
204526.2
204686.2
205125.6
207919
207964.2
208011.2
208073.5
208408.4
208434.8
208633.8
208815.5
208939.8
208977.1
209061.7
209096.2
209192.6
209210.5
212146.9
212194.6
212263.1
212439.1
212645.1
214752.6
214869.2
214873.7
215032.6
215167.8
215243.6
218332.1
218596.4
221063.6
221327.9
221383
221548.5
223196.3
224946.4
225041.8
225072.9
225123.9
225209
225216.9
225253.5
225291.4
225917.2
226071.6
226131.6
226183.5
226358
226367.2
226467.8
228115.3
228386.3
228554.9
228808.3
228856.6
228916.3
229046.1
231089.8
231603.5
233011.8
233013.3
233152
233157.5
233292.1
233333
233992.5
234012.1
239352.2
239372.8
239451.1
239925
240127.2
241527.4
241590
241627.5
241652.3
241672.5
241723
241844.7
241881
241962.5
242001.6
242024
242056.4
242182.3
242242.2
242256.5
242259.3
242302.3
242376.5
242453.2
242578.8
242671
242701.7
242714.1
243073.4
243320.9
243404.6
243406.3
244069.2
244144.6
245685.8
246404
246622.5
246816.9
246851.5
250098.3
250356.8
250443.9
250553.9
250588.2
252685.9
252977.7
253076.5
253125
253180.7
253376.9
253380.4
253429.2
254036.8
254102.9
254295
254314.3
254374.3
254413.7
254607.3
254624.9
254687.2
254820.2
254851.3
254863.1
254919.1
255003.1
255039.9
255144.1
255222.4
255275.6
255312.3
255410.4
255437.4
255454.4
257266.2
257454.2
258560.2
264178.7
264368.1
264447.9
271292.9
271403.4
271683.3
271877.7
273786.7
274031.5
274260.7
274383.1
274445.6
274511
274611.2
274636.8
274652.9
274690.2
274757.3
274775
274806.1
275092.3
277134.2
277179.1
277373.6
277564.6
277675.9
279074.8
279167
279170.7
279185.6
279293.1
279297
282536.9
282579.3
282669.3
282693.8
282832.2
282920.7
283093.8
285524.5
285808.9
285828.5
286144.9
287116.8
295545.4
295675.2
295691.6
295789.5
295806.3
295824.4
295877.2
296041.8
296063.8
296096.3
296136.2
296185.9
296235.2
296243.6
296698.6
297713.1
297833.2
297847.2
297986.4
298655.6
301456.2
301831.5
301852.4
302138.2
303654.9
303694.1
303696.1
303718.5
303738.6
303773.3
303836.4
304097.9
306531.7
306556.4
306601.4
306969.1
307142.4
307274.6
307275.9
307290.3
307806.9
307888.4
307903
307914.8
307920.6
307970
308022
308056.3
308083
308092
308116.4
308144.8
308161.1
308263
308296.6
308400.3
308482.3
309222.6
310817.7
310828.8
310844.6
310886.5
310906.2
310915
310945.2
311074.5
311079.5
311094.4
311222.8
311767.6
311878.9
311931.3
313738.4
313765.9
313877.6
314096.5
314129.4
314570.1
315582.4
315709
315786
315822.2
316055.4
316250.4
317051.9
317088.6
317093.8
317302.2
317354.8
318042.2
318211
318307.7
319015.3
320676.4
322327
323461.4
323623.8
324154.5
324169.8
325923.4
326016.6
326197.3
326237
326295.9
326429.9
326813.4
327294.1
327370.1
327375.7
327412.2
327613.5
330949.7
332301.7
332430.8
332437.3
332471.2
332511.3
332615.2
332628
332748.5
332845.7
332907.5
335596.3
335721.8
335841.4
335887.5
336055.6
336131.5
336201.4
336251.8
336274.9
336372.7
336402.3
336587.3
336632.5
340158.7
340253.1
340532
341583.5
341626.2
341680.6
341688.8
341695.7
341753.3
341856.5
341860.3
341910.6
341942.3
341979.3
342052.6
342096.5
343779.2
343839.3
343958.8
343980.1
344068.6
344069.9
344098.2
344308.5
344349.7
344364.8
344406
344430.3
344587.9
344920.5
345392.6
345458.5
345623.6
345677.5
345681.4
345748.5
345750.8
345776.4
345869.5
345960.4
346087.3
346097.6
346125.5
346192.2
346194.9
346220.8
346232
346238
346264.1
346288.6
346435.9
346521
346594.2
347582.1
351349
351389.6
351487.5
351507
351543.6
351772.7
351841.7
352269.6
352408
352481.2
352511.3
364989.6
365210.3
365302.1
365333.8
365518.7
365527.5
365580
365664.2
365670.9
365698.4
365715.5
365721.7
365781.5
365800.6
365826
365858.5
365902.7
365968.2
365976.8
366045.4
366048.4
366049.4
366065.1
366099.8
366115.1
366175.3
366231
366234.7
366236.3
366238
366329.2
366332.1
366412.5
366423.8
366442.8
366544.3
366561
366692.5
366974.6
366975.8
367004
367036.7
367085.8
367490.5
372589.8
372764.4
373749.2
374716.2
375059.7
375085.1
375125.1
375266.6
375304.8
375319
375327.1
375422.2
375490.4
375552.1
375556.7
378323.8
381528
381880
382981.2
385615.8
386043.8
386052.8
386089.8
386326.8
386419.6
386719.7
386733.1
387245.6
387296.4
387448.2
387485.9
387584.2
388075.6
388174.7
388206.6
388233.3
388518.4
388700.5
388794.4
388817.5
389080.5
389192.4
389286.2
389466.1
389517.3
391051.9
396888.5
396909.5
396965.8
396980.4
396988.4
397069
397086.3
397091.5
397099.1
397118.3
397281.7
397311.2
397319.2
397360.6
397435.6
397465.8
397500.1
397529.6
397556.2
397587.8
397634.3
397635.3
397665
397696.2
397726.6
397728.3
397761
397838.4
397858.3
397879.1
397917.6
397990.6
398011.3
398055.2
398104.7
398109.7
398136.5
398403.8
398675.4
400053.5
401492.6
401992.6
404909.2
405245.4
405583.1
405797.1
405823.7
406026
406057.1
406126.2
406213
406215.6
406405.2
406582.2
406585.3
406598.8
406657.2
406704.2
406746
406814.3
407215.9
407328.9
407469
407544.2
407574.6
407755.3
407877.5
408189.3
408367.4
408626.8
408709.9
409054
409083.1
409122.3
409260.6
409274.3
409441.1
409484.7
409576.9
409850.2
409897.9
409965.1
409968.7
410451.1
410557
410751
411146.5
411185.5
411229.4
411232.8
411272.9
411280.6
411429.4
411478
411500.2
411591.3
411600.9
411622.7
411645.2
411704.2
411959
412017.7
412074.6
413089.9
413582.7
416826.5
417003.2
419029.4
420391.6
420583
420839.2
422092.4
423112.6
424513.3
424828.4
425600.8
425758.7
425805.1
425857.4
425966.3
425997.4
426000
426067.6
426103.9
426125.1
426180.4
426184.2
426217.5
426232
426402
426424.9
426464.2
426469.3
426501.3
426547.5
426584.8
426627.7
426840.2
426860.1
427689.7
427696.6
427707.1
427738.7
427771.2
427788.1
427827.1
430574.3
430587
430714
430768
430794.4
430796.8
430847.7
431042.9
431301.9
431304.6
437182.5
438592.8
439310.9
439825.9
440079.8
440233.6
440259.1
440345
440352.7
440559.3
440630.1
440663.2
440675.2
440717.7
440830.7
440851.9
440872.3
440911.9
441013.4
441101.8
441292
441319.4
441448.1
441450.5
441470.9
441506.9
441514.5
441582
441629.4
441647
445782.1
446017.2
446532
446645.8
449870.9
449993.6
450026.6
450035.5
450098.4
450175.5
450271.8
450281.9
450289.1
450401.9
450438.6
450449.6
450518.6
450539.5
450580.9
451391
451432
451528.1
451719.1
451825.1
451850.2
451867.2
451904.3
451909.9
451971.4
451980.9
452007.4
452020.8
452076.5
452136.5
452229.6
452232
452401.2
455418.2
455445.6
455554.2
455597.6
455806.8
455908.5
459206.6
459211.6
459247.8
459250.6
459347.6
459395.2
459445.5
459453.5
459479.6
459497.3
459502.3
459554.4
459671.7
460564.9
460593.1
460594.3
460594.6
460622.8
460626.2
460632.3
460724
460725.8
460738.1
460772.8
460841.7
460997.8
460999.4
461014.3
461134
461178.5
461287.2
462606.2
462655.9
463007.4
463207.2
463225.1
463358.7
463429.8
463468.5
463702
463945.4
464167.4
464195.6
464283.9
465802.8
466199.3
466504.1
466552.9
466571.7
466623.3
466734.7
466883.2
466889.9
466984.2
466996.9
467060.2
467099.5
467257.7
470058.5
470132.6
470132.7
470170.6
470279.3
470555.9
470559.7
470749.6
470763.9
470879.6
470980.2
471056.8
471340.7
472037.7
473510.2
481010.4
481149.5
481194.5
481367.6
481816.1
482786
482788.8
482875.4
483085.8
483086.8
483091.9
483118.9
483133
483139.9
483143.9
483161.2
483200.6
483244.8
483261.7
483265.7
483291.8
483305.5
483349.7
483369.1
483370.7
483371.1
483457.6
483466.4
483470.5
483503.9
483558.6
483564.2
483705.9
483869.5
483874.3
483879.2
483901.8
483984.6
484060.8
484080.4
484249.7
484277.6
484300.4
484310.4
484333.4
484349.3
484353.4
484365.7
484408.3
484447.3
484449.2
484456.2
484467.2
484472.6
484522.2
484569
484588.7
484652.3
484663.7
484747.4
484844.2
484914.2
486688
487720.1
488261.1
488899.6
489747.7
489785.5
490470
490623.2
495936.3
496056.2
496155.4
497149.8
498530
498598.2
498811.7
499271
500657.5
501636.1
502295.4
503195.2
503618.7
503814.5
504320.9
504531.8
504644.3
504885.1
506192.6
506296.9
506316.4
506524.1
506574.2
507196.7
507424.8
507605.9
509864
512530.1
516436.2
516502.8
516607
516618.1
516694.1
516705.2
516713.6
516854.4
516858.7
516965.4
517149.4
517742.9
518771.8
527277.8
527281.8
527289.1
528664.1
528901.2
533471.1
533501.3
533530.8
533533.4
533540.9
533582.9
533633
533662.6
533735.7
533769.3
533774.5
533782
533879.1
533960.4
533976.9
534061.1
534063.5
534132.8
534376.5
534421
535425.4
537073.4
537135.9
537153
537158.4
537251.6
537267.7
537296.6
537313.7
537314.7
537315.3
537329.3
537334.7
537339.1
537411
537412.7
537424.4
537531.7
537547.9
540061.6
540480.3
540657.9
542595.6
542937.6
542943.8
542959
543038.1
543159.7
543198.7
543248.1
543606.7
543734.7
544302.2
544489
544548.4
545814.7
546067.9
547269.2
547269.3
548014.1
548683.7
548813.9
548924.6
548973.7
549000.6
549036.3
550515.8
550531.5
550566.5
550620.6
550648.6
550833.9
552393.6
552531.7
552711
553192.2
555261.4
561389.8
561458
561664.3
561674.2
561808.3
561810.3
564728.4
564771.8
564822.1
564848.9
564855
564870.6
564890.3
564893.8
565164.9
565712.4
565989.4
566099.9
566212.4
566247.6
566272.2
566311
566684.5
568486.4
568562.7
568647.3
568800.1
569564.4
569615.7
570690.5
570744.2
570757.9
570761.4
570810.2
570837.7
571007.7
571759
571786.7
571801.9
571935.6
571969.8
576341.5
577931.2
579101.6
579910.8
580657
580698.5
580712.4
580807.8
580834.7
580863.3
580909.6
580969.6
580977.4
581016.5
581023.6
581350.3
581399.9
581762.7
585695.5
585721
585784.8
585937.3
585959.8
585997.3
586039.7
586050.4
586094.3
586300.6
588641.7
588705.8
588707.9
588970.4
589005
589117.4
589156.7
589305.1
589861.6
589989.2
590007.6
590200.2
590212.8
590228.4
590300.1
590307.5
590469.2
591049.9
591160.5
591241
591306.8
591326.8
591374.5
597142.9
597182.2
597204
597231.2
597233.8
597246.4
597381.6
597403.5
597422.6
597424
597441.6
597521.4
597546.6
597575.6
597582.5
597653.4
597830
597864.2
597924.3
597980.3
598050.4
598054.9
598178.5
598444.8
598769.7
598785.8
598843.6
598969
598991.2
599017.5
599043
599225.5
599303.9
599476.7
599507.1
599508.2
599631.6
599731.5
599799.5
599813.7
599933.6
599979.9
