22853.3
23249
23344.7
23379.1
23380
23449.2
23454.6
23501.1
23520.7
23644.8
23713.4
23831.7
23929.5
24103.5
24298.4
24420.7
24490.6
25152
25498
25596.8
25749.9
25809.4
26390.3
26538.6
26596.3
27027.9
27616.1
27724
27871.9
28461.9
28516
28528.9
28557.2
28631
28723.4
28730.3
28765.8
28809.3
28818.1
28839.8
28887.4
29026.1
29036.3
29370.5
29392
29540.2
29585.1
29613.8
29666.7
29681.1
29693.4
29710
29712.4
29723.5
29744.4
29934.3
30056.7
30264.8
30314.3
30336.1
30343
30425.7
30472.6
30589.9
30594.6
30657.7
30737.4
30769
30866.2
30905.5
30925
31021.3
31033.3
31307.1
31936.7
33803.2
44378.3
44518.6
44704.8
44927.4
45011.9
45097.7
45166.5
45182.7
45283.4
45298.2
45445.5
45530.4
45749
45995
50333.8
50557.5
50757.8
50868.8
51026
51031.6
51045.2
51061.5
51067.9
51101.3
51153.8
51379.3
51411.3
51719
51771.1
51803.5
51857.8
51890.9
51922.8
51973.8
52073.5
52396.3
52665.5
59960.4
59981.9
60026
60079.4
60090
60180.6
60223.7
60437.1
60438.1
60540.2
60670.5
60724.4
60736.9
60780.5
60794.3
60847.2
60954
61568.7
61623.2
61646.7
61701.3
61834.6
61875.4
61940.8
61972.8
62000.2
62002.6
62186.2
62254
62280.3
62452.5
62661.3
62699.2
62869.2
62952.9
63033.1
63078.7
63226.4
63245.2
63317.8
63414.7
63667.7
65678.9
65937.1
66400.7
66842.2
66916.8
66995.2
67020.2
67124
67179.8
67329.4
91116.8
91239.7
91621.6
91742.4
91912.8
92240.2
92245.8
92365.6
92529.5
92543.1
92624.1
92733.8
92754.6
92776.5
92958.7
92962.4
92996.9
93048.3
93140.3
93192.5
93242.1
93269.4
93276.6
93298.6
93316.4
93365
93430.9
93432.3
93439.3
93481.4
93503.4
93525.2
93549.3
93578.5
93583.1
93603.4
93615.2
93627.6
93637.1
93660.6
93717.2
93737.4
93744.8
93758.9
93809
93813.6
93825.7
93882.8
93984.9
93998
94063.7
94066
94072.1
94080.1
94120.2
94289.3
94378.5
94399.8
94433.7
94461.9
94622.6
94650.7
94685.7
94692.3
94716.5
94725.2
94740.6
94746.7
94754.5
94821.2
94905.4
94932.5
94983
95007.1
95019.4
95023.7
95055
95097
95147.2
95147.9
95158.5
95178.3
95207.6
95295.7
95303.3
95321.3
95325.5
95341.3
95376
95410.2
95533.2
95536.6
95538.2
95555.7
95576.3
95645.2
95723.4
95748.7
95810
95882.7
95893.7
96002.1
96003.8
96010.5
96141.8
96180.1
96196.4
96255.2
96321.6
96326.8
96379.3
96380
96415.2
96430.6
96443.7
96468.3
96474.6
96485.8
96584
96645.6
96665.7
96698.3
96721.8
96729.3
96755.1
96763.9
96841.9
96847
96852.3
96877.2
96898.2
96919.4
96921
96934
96949
96967.1
96999.7
97033
97036.5
97119.2
97121.1
97129.2
97169.8
97198
97234.1
97254.3
97286.8
97302.6
97305.4
97359.5
97392.1
97424.8
97444.1
97501.2
97522.9
97524.1
97533.4
97582.4
97642.2
97709
97727.7
97754.8
97776
97826.4
97958.1
98050.5
98076.8
98087.2
98090.5
98158.6
98166.1
98229.4
98321.2
98350.2
98354.1
98364.3
98370.2
98444.1
98462.3
98502.5
98562.7
98563
98662.3
98663.8
98696.4
98728.6
98784.2
98830.3
98853.7
99043
99077.5
99097.6
99133.5
99153.3
99166.6
99168.1
99233.6
99237.2
99249.6
99263.3
99290.8
99364.2
99441.3
99441.7
99498.3
99575.8
99643.7
99679.5
99770.8
99833
99839.6
99869.7
100002
100028.4
100061.7
100064.8
100073.8
100075.4
100217.1
100226.3
100243.3
100280.8
100296.8
100308.7
100323.6
100399.2
100430
100466.4
100507.5
100527.9
100532.8
100548.4
100567.6
100812.4
100847.9
100868.1
100871.7
100883.3
100899.3
100955.9
100963.6
100988.1
101158.5
101172.7
101211.7
101217.1
101353.7
101381
101397.7
101424
101435.5
101464.2
101474.6
101495.5
101504
101515.3
101577.1
101634.4
101709.7
101734.9
101740.9
101754.9
101763.8
101886.4
102020.3
102049.5
102200.8
102214.1
102277
102322.6
102410.1
102437.7
102452.6
102502.9
102557
102578.1
102596.4
102678.9
102721.9
102773.5
102808.2
102826.8
102890.9
103002.8
103066.8
103174.5
103193.1
103274.9
103422.3
103538.4
103570.2
103575.7
103797.2
103803.6
103835
103948.1
103949.8
104180.2
104248
104249.2
104250.2
104309.5
104354.7
104360.8
104375.6
104409.9
104446
104716.3
104731.3
104980.9
105348
105756.5
105995.7
106189.4
161673.2
161759.8
161785.9
161831.7
161873.9
161944.5
162053.3
162065.8
162120.4
162122.1
162145.1
162162.3
162357.9
162553.2
165534.3
166391.7
166521.8
174939.5
175065.8
175197.6
175318.5
175464.5
175472.5
175623.9
175673.7
175684.8
175700.1
175790.1
175863.3
175908.4
175910.5
175952.9
176035
176158
176235.7
176285.7
176304.8
176319.3
176432.2
176496.4
176792.5
177292.3
177380.3
177491.4
177545.9
177633.2
177639.4
177640.9
177658.8
177662.2
177710
177782.5
177811.4
177906
177923.7
177932.4
177941.5
177987.8
178099.8
178244.8
178257.5
178418.8
178427.2
178453.6
178465.1
178576.3
178626
178659
178693
178714.6
178743.3
178802.6
178807.3
178869
178895.8
178983.1
179011.5
179028.5
179035.5
179055.3
179098
179122.7
179146.7
179226.6
179231.9
179243.7
179348.6
179395.7
179426.2
179509.9
179656.4
180454
180640.1
180767.6
180812.2
180838.3
180863.2
180897.5
180998.4
181031.3
181050.7
181080.8
181083.9
181108.3
181123.9
181142.6
181152.3
181158.7
181229.1
181280.7
181291.7
181509.4
181566.5
181579.8
181612.5
181778.1
181831.4
181866.4
182017.7
182059.8
182074.5
182078.8
182141.8
182166.4
182178.6
182196.8
182430.9
182531.3
182566.6
182632.8
182711
182734.2
182783.3
182792.8
182840
183068.7
183226.4
183314.1
183565.5
192753.4
193326.3
193881.8
193969.8
193971.5
194072.9
194144.3
194305.7
194353.9
194425.9
194592
194751.8
194803.9
195016.4
223338
223505.9
223854.7
223924.8
223936.2
223962.6
224122
224353.7
224371.5
224560
232986.6
244576.7
244859.5
246044.1
246604.6
249743.6
250210.8
250267.2
250419.5
250482.5
250510
250553.4
250589.1
250591
250628.3
250775.2
250801.1
250857
250908
250917.3
250947.5
251034.1
251095.5
251141.7
251151.3
251222
251232.7
251315.8
251478.6
251485.5
251571.8
251644.5
251679.2
251756.9
251987.4
252047.4
252057
252164.5
252165
252221.7
252243
252261.4
252262.3
252419.5
252483
252507
252515.1
252545.1
252576.1
252608.6
252821.7
252910.6
252969
253720.2
254523.9
255114.4
255338.6
274032.4
279314.3
279333.7
279353
279366
279395.2
279474.8
279592.9
279623.3
279638.6
279641.7
279661.6
279695.7
279747.5
279750.2
279765.8
279785.5
279842.6
279961
279980.1
280026
280158.5
280161.6
280165.6
280197
280274.6
280324.7
280334.3
280423.6
280435.2
280813.9
280952.8
281651.6
281696.8
281739.9
281915.3
281960.5
281970.8
282005.4
282218.8
282226
282306.4
282309.9
282414.6
282420.6
282506.6
282696.8
282858
285441.5
286241.2
286706.7
299378.3
299411.4
299857.8
300047.7
300228.3
300322.6
300414.8
300557.8
300789.7
300984.5
301031.3
301071.7
301083.3
301311.2
301317.3
301340.7
301395.3
301448.9
301567
301577.7
301625.6
301651.6
301660.5
301734.9
301736.4
301824.4
301844
302097.9
302161.4
302186.5
302246.6
302270.9
302285.5
302304.1
302331.3
302341
302349.2
302485.2
302503.4
302514.7
302530.3
302551.7
302575.4
302577
302625.7
302629
302629.5
302639.7
302646.9
302680.3
302680.8
302725.2
302775.4
302779.1
302839.8
302844.4
302844.6
302861.8
302863.1
302901.6
302987.2
303024.7
303052.4
303098.9
303148.9
303197.4
303218
303284.2
303356.3
326689.7
329871.6
330323.6
330605.5
330680.5
330757.2
331355.2
331665.7
331713.2
331751.2
336919.7
349486.1
349863.4
349948.1
350240.6
350350.8
350525.2
350575
350580.6
350599.6
350722.7
350815.4
350823.6
350957.3
350962.5
351013.1
351110.4
351146.8
351277.3
351293
352754.7
373142.2
373151.2
373309.2
373454.2
373460.6
373569.6
373624.8
373663.3
373676
373789.8
373849.8
373900.8
373974
373977.3
374077.6
374210.9
374510.5
421853.6
421914
422455.5
422532
422814.9
422900.5
422975.5
423118.8
441854.1
441936.2
441981.7
442087.1
442111.9
442198.4
442292.1
442656.2
442673.7
442779.5
443397.2
443406.3
443452.4
443585.2
443732.9
443819.8
443858.3
444157
444636.4
464934.8
464962.4
464993.3
465186.6
465195.4
465282.3
465330.3
465360.2
465366.2
465470
465480.5
465494.1
465497.3
465521
465564.7
465670.2
465689.2
465724.2
465780.1
465822.3
465826.8
465859.6
465919.2
465977.7
465996.1
466034.1
466037.5
466078.9
466142
466170.8
466255.6
466283.2
466461.8
466474.4
466533.8
466540.4
466552.7
466572.1
466638.4
466764.5
466803.6
466842.6
466866.9
466871.7
467292.1
467368.3
512017.3
512150.2
512538.5
512847
512975.9
513196.6
513197.3
513426.6
513479.7
513784.8
513955.1
514040
514799.7
517102.4
517407.4
517519.8
517572.3
517696.6
517739.7
517769.9
517772.7
517789.2
517809.9
517812.9
517837.7
517880.8
517895.2
517934.8
517999.1
518014.6
518054.6
518062.6
518078.2
518084.1
518137.3
518144.7
518234.9
518283
518316.3
518327.4
518387.9
518442.1
518456.4
518565.3
518574.8
518581.4
518609
518623.3
518631.4
518689.3
518691.6
518705.4
518739.4
518782.1
518794.2
518869.6
518906.7
518973.5
519028.8
519056.6
519169.2
519209.6
519234
519246.7
519269.1
519294.6
519322.2
519361.9
519411.4
519490.4
519500
519502.3
519554.7
519677.6
519686.6
519823.9
519837.7
519866.7
519868.3
519924.1
519966.7
520074.5
520114.9
520124.9
520135.5
520138.3
520249.6
520250.7
520335.7
520337.6
520345
520392.2
520432.6
520560.9
520677.6
520720.7
520830.9
520833.1
520845.5
520911.7
520961.1
521051.1
521170.6
521201.3
521212.7
521374.9
521385.2
521434.1
521476.8
521690.4
521731.5
521775.2
521805.1
521824
521937.8
522041.1
522071.3
522103.4
522165.3
522342.2
522362.9
522385.8
522504.3
522524.1
522591
522603.8
522833.8
523010.6
523060.6
523141.8
523214.3
523275.4
523398.5
523526.2
523631.6
523641.7
523642.2
523720.6
523731.1
523734.2
523771.6
523817.4
523835.5
523909.7
523918
523929.6
524032.2
524104.8
524118.5
524166.8
524272.6
524362.8
524428.8
524689.3
524713.2
524900.8
525064.3
525086.8
525098.5
525239.9
525367.2
525421.4
525630
525681.2
526088
526372.3
527017.3
529171.2
540001.9
540365
540436.5
540950
541036.2
541141.4
541343.1
541347.9
541400.4
541452
541501.2
541520
541552.5
541592.6
541747.8
541753.7
541789.3
541804
542035.4
542038
542070.1
542176.1
542209.8
542220.5
542290.3
542398.2
542430.5
542556
542659.3
542695.1
543620.4
543849.6
543855.7
544293.8
544376
544539.5
544706.2
544771.6
544819
544926.3
544926.6
544948
545088.7
545209.6
545262.7
545492
545531.2
545850.3
545967.9
546139.8
546416.2
546436.1
546545.6
546569.4
546598.3
546625.5
546664.4
546664.5
546696.9
546708.2
546713.5
546720.1
546826.7
546929.1
547005
547014.9
547021.4
547040.2
547040.4
547139.8
547143.1
547154.8
547182.6
547207.8
547224.8
547242.1
547248.2
547291.4
547293.6
547309
547350.9
547366.5
547397.8
547403.4
547435.5
547515.8
547653.7
547669.7
547686.9
547687.4
547760.8
547891
547978.3
567299.8
567839.2
568702.8
568851.4
569203.6
569257.4
570187.4
570256.3
570590.1
570623.2
571421.1
571537.8
571618.2
571770.1
571979.3
572428.3
572467.8
572518.9
572687.4
572695.5
572753.2
572762.3
572850.8
573141.1
573194.9
573278.4
573307.1
573387.3
573396.5
573556.7
573615.7
573619.1
573785.1
573857.2
573951.6
574199
574291
574317.3
574322.5
574392.3
574449.6
574475.7
574538
574659.2
574688.5
574689.8
574719.5
574769.5
574805.4
574847.2
574912.5
574954.5
574987.3
575011.6
575033.6
575073
575084.2
575107.5
575151.4
575154
575160.1
575170
575186.6
575209.5
575330.2
575344.4
575347.2
575381.6
575472.2
575490.3
575492.3
575506
575509
575520
575568.2
575594.7
575616.4
575620.5
575652.8
575689.8
575698.2
575788.9
575796.6
575811.7
575851.9
590800.8
591021.3
591144.2
591161.7
591181.5
591268.1
591362.2
591368.2
591474.6
591483.8
591514.7
591538.9
591565.9
591584.2
591592.2
591604.1
591645.7
591658
591706.6
591710.4
591734.1
591826.9
591964.5
592141
592316.6
592358.5
592468.7
592735.9
592756.9
592827.9
593048.6
593181.7
593204.3
593362.1
593469
593544
593569
593609.3
593748.7
593813.4
594003.9
594218.3
594256.9
594599.9
594611
594634.9
594646.5
594749.6
595194.4
595315
595340
595427.4
