12739.3
12788.1
12804.5
12809.3
12813.9
12851.8
13086.2
13109.1
13138.9
13171.6
13183.4
13287
13295.1
13306.3
13382.2
13565.9
13607.8
13615.5
13650.5
13664.7
13715.3
13772.3
13817.8
13849
13858.7
13871
14069.9
14089.5
14149.5
14195.4
14215.6
14305.3
14375.1
14387.7
14429.2
14469.1
14511.9
14534.2
14558.5
14679.6
14724.3
14904.7
15029.2
15058.9
15061.2
15195.9
15224.3
15254.6
15278.4
15460.7
15578.3
15597.1
15607.1
15684.3
15933.3
15944.8
15996.9
16394.3
38733
39108.1
39326.6
39748.8
39802.4
40078.6
40108.3
40123.1
40206.5
40274.4
40313.8
40411.3
40425.1
40429.4
40451.1
40451.6
40498.7
40533.6
40563.4
40698.1
40819.1
41052.4
41190.8
72883.5
73004
73073.5
73176.8
73643.2
74291.4
74361.6
74554
75560
82677.6
82817.1
162995.8
163270.1
163290.1
163431.4
163519.5
163555.7
163700
163770.7
163799.2
163843.9
164002.8
164042.8
164080.9
164169.1
164170.2
164202.4
164220.8
164267.7
164297.4
164314.1
164364.8
164378.2
164399.7
165117.5
165143.1
167012.3
167342.8
167555.8
167622.5
167963.6
168070.5
168141.1
168186.8
168203.5
168206.6
168219.7
168221
168306.6
168317.4
168348.5
168433.2
168487.6
168499.6
168566
168665.8
168711.9
168749.8
168786.3
168829.8
168931.4
169084.2
169126.6
169130.6
169168.5
169302.8
170322.2
172787.7
173010.3
173045.9
173160.1
173265.6
173305.2
173345.4
173357.9
173361.2
173384.9
173406.2
173441.4
173533.9
173579.6
173648.9
173694.4
173783.6
173880
173957.5
174124.5
174202.9
174501.9
187456.2
187515.6
187576
187798.9
187811.3
187828.9
188050.5
188135.2
188163.2
188220.5
188408.4
188442.3
188631.3
188844.9
188847.6
189021.4
189100.2
189129.9
189164.9
189173.8
189316.7
189344.5
189390.7
189506.6
189544.4
189567.1
189571.5
189618.6
189622.1
189660.6
189670.3
189726.1
189743.6
189760
189859.9
189901.2
189911.9
189935.2
190011.3
190046.8
190054
190103.7
190236.6
190270.9
190347.1
190378
190424.5
190487.7
190503.1
190503.4
190515
190532.7
190557.5
190595.7
191157.5
219455.5
219842.4
219857.7
219959.6
219969.4
220040.5
220117.3
220122.3
220127.7
220310.2
220325.6
220326.3
220363
220455.1
220483.6
220522.3
220575.4
220588.8
220629.4
220659.6
220726.4
220733.9
220790.4
220833
220966.9
221042.9
221089.4
221173.3
222242.2
222553.5
222585.5
222650.7
222653.5
222735
222967.4
229742.3
229748.1
230035
230159.8
230187.2
230188
230330.3
230336.9
230378.2
230403.3
230413
230445.2
230757.5
265227.3
267901.4
268981.6
269052.5
269124.6
269146.6
269176.6
269291.4
269334.5
269396
269499.7
269535.4
269565
269643.7
269778
269780.6
269801.6
269860.4
269938.9
269969.2
269983.5
270022.3
270109.2
270123
270129.2
270168.2
270222.3
298237.8
298708.4
298785.4
313295.7
313452.6
314667.6
315551.8
316691.6
317125.8
318679.2
335014.4
335529.7
335716.6
335804.2
335893.5
335965.7
336091.3
336141.1
336182.5
336194.5
336195.7
336217.9
336265.7
336288
336338.6
336370.3
336376.3
336435.9
336473
336563.5
336744.9
336799.9
336844.5
337268
337924.9
337963.3
338037.9
338209.7
338363.6
338502.2
338569.9
338750.3
339136.5
339506.4
339952.5
341923
342243.4
342452.8
342479.5
342649.1
342664.8
342687.1
342722.6
342731.1
342743.3
342748.6
342810.5
342991.6
343013.1
343047.4
343068.4
343233
343253.4
343311.6
344054.2
345112.4
347667.6
347769
347910.6
347931.7
347943.6
348182.8
348709.8
425460.4
425484.4
425577.3
425631
425685.3
425725.1
425823.4
425901.9
425931.7
426058.9
426075.8
426318.4
426352.9
426357.7
426512
426594.2
426673.5
426677.1
426844.2
427118.2
427186.2
427237.4
427391.8
427491.4
427596.9
427660
427772.1
427778.6
428105
428210.4
448637.4
448997.9
448999.7
449083.6
449151.1
449266.4
449298.1
449340.3
449340.7
449383.5
449396.2
449440.3
449456.1
449520.7
449636.8
449844.7
449897.3
450088.8
455834.8
457235.1
457249.1
457265
457509.4
457581
457602
457786
457826.8
457893
457954.5
457959.7
457961.2
457972
457977.9
457986
457989.9
457990.7
457991.9
458014.9
458038.5
458053.8
458058.3
458116.7
458137.5
458143.1
458223.6
458240.5
458263
458335.6
458361.9
458369.1
458405.9
458425.3
458432
458565.6
458620.7
458623.3
458641.2
458649.9
458701.3
458898.6
459093.8
459372.1
459781.3
460138.1
460385
532123.4
532146.1
532199.6
532227.2
532282.5
532322.8
532408.2
532441
532483.9
532514.8
532538.4
532542.8
532581.3
532588.6
532609.2
532665.4
532814.9
532855
532896.7
532925.4
532963.2
533004.5
533027.4
533038.5
533091.8
533092.3
533125.4
533167
533204.2
533219.4
533360.8
533551.7
533920
533924.3
534098.4
534836.3
535155.2
535188.6
535702.4
536101.6
536516.4
536679.2
536903.4
537249.2
539543.3
548695.2
548830
548902.6
548961.3
549131
549295
549323.9
549342.9
549378.4
549820.4
558684.7
558836.6
562098.4
562243.5
562781.8
562852.3
563150.4
563511.6
563596.7
564187.2
564663.4
567164.6
577650.8
577756.9
577861.3
577963
579406.8
579557.4
579669.2
579669.8
579682.1
579794.3
579800.2
579830.5
579858.1
579895.7
580028.3
580085.5
580123.4
580215.8
580452.7
580503.7
586614
586754.3
586889.5
586900.3
587099.8
587110.3
587279.3
587678.9
587695.4
587741.1
588788.2
589072.4
589125.2
589526.6
589580.3
589624.3
589723.8
589781.4
589851.3
589869.4
589888.4
589915.6
589961.6
589962.3
589972
589993.1
590022.3
590085.7
590112.2
590200.4
590222.3
590236.1
595806
599740.8
