111.7
1030.6
1045.3
1090.3
1223.2
1266.7
1271
1388.4
1497.6
1969
2120.7
2137.8
2142.7
2155.5
2206.8
2218.1
2916
2960.5
3074.2
3103.3
3141.8
3183.5
3190.1
3246.2
3257.6
3306
3312.9
3613.2
3831.4
3903.4
3916.1
4002.3
4022.3
4031.1
4139.1
4304.2
5267.3
5350
5424.5
5478.8
5492.4
5511.6
5513.6
5528.9
10731.1
10907.8
11030.6
11069.2
11084.5
13843.3
14392.4
14424.3
14532.6
14612
15823.8
15909.8
16072.3
16288.4
17284.1
17292.6
17339.2
17400.5
17406.6
17416.2
17680.8
17824.3
17868.7
17876.7
18013.3
18564.3
18817.2
20447.3
21398
21419.6
21615.5
21617.8
21781.3
21792.6
22006.1
22044.1
22187.5
22218.8
23605.5
23652.4
23679.7
23826.6
24038.2
25689.6
26142.8
31202.3
31287.6
31300.3
31377.9
31388.2
31426.3
31477.3
31521.1
31614.9
33395.5
33557.2
33668.4
34108.7
34185.3
34224.5
34229
35422
35466
35615.6
35657.1
35674.6
35696.2
35710.8
35744.3
35831
36493.7
37034.3
37092.4
37282.8
37292.8
37609.6
37673.7
37715.2
37829.7
38832.7
38995.8
39025.4
39063.9
41191
41411.4
41426
46208.8
46275.1
47008.8
47482.9
47584.9
47589
47635.3
47644.7
47681.3
47750.1
47780.7
47863.7
48026.1
48094.1
48139.3
52665.8
57892.2
57923.5
59407.5
59574.6
59719.7
59862.3
60564.8
60675.9
60874.3
60886.9
61011.9
61013.4
61268.7
61305.1
61526.2
66520.6
66548.3
66595.4
66647.3
66841.9
68925.2
68925.3
68929.7
68970.1
69003.9
69056.1
69058.3
69155.7
69170.3
69367.2
72529.8
74224.8
76350.8
76404.1
76464.5
76559.5
76657.9
76689.4
76691
76725.5
76799.3
77255.8
77330
77453.3
78511.5
83966.8
84251.5
84291
86265.8
89535.6
89626.5
89720.1
89736
89738.1
89786.7
89837.8
89845.2
89861.6
89882.3
89883.1
89889.4
89954.7
89958.5
90015.9
90016.5
90055.3
90069.8
90294.2
91530.1
104063.4
104518.4
104606.9
104679.5
104784
104810.4
105351.6
105357.6
106707
107010.3
107165.6
107226.9
107242.6
107322.4
107380.5
107422.4
107540.4
107580.4
110874.7
110879.9
113109
113209.1
113232.4
113372.2
117730.6
117892.5
118775.4
118822.1
119015.4
120544.4
124929.7
125313.3
125384.5
125408.9
125577.8
125934.4
126340.5
126492.9
126526.4
126601.2
126720.7
126815.6
126833.4
126864.8
126874.5
126883.6
126905.7
126971.8
127045.5
127046.2
127058.6
127178.4
127317
127332.4
127376.9
127384.2
127436.8
127567.1
127653.5
127714.2
127731.5
127735.6
127782.7
127810.4
127892.2
127948.6
127973.6
128002.3
128042.1
128334.4
132219.5
132654.3
133609.7
133661.5
133709.7
133747.1
133756.3
133795.9
133816.5
133944.5
134012.8
134060.2
134115.1
134211.8
134212.1
134220.3
134384
134426
134426.3
134454.7
134460.5
134491.9
134531.9
134543.5
134610.9
134762.9
135304.2
135381.2
135634.6
135739.3
135878
135900
135923.4
135976.3
136007.2
136145
136187.7
136342.5
136458.4
136544.2
136552.1
136643.4
136720.2
136725.1
136731.9
136738.7
136745.1
136807.9
137055.8
137389.4
137567
137683.4
137881.6
137883.6
137923.2
138006.5
138018.7
138221.8
138479.4
138585.3
138621.8
138646.7
138671.9
138804.8
138882.5
138917.6
138967.7
138990.3
139029.9
139197.1
139259.2
139275.9
139402.7
139408.3
139495.8
139509.4
139563.8
139617.7
139668.2
139674.1
139685.4
139727.5
139729.6
139811.8
139914.6
140055.3
140101.3
140341.1
140356.5
140363.7
140404
140472.1
140620.5
140641.5
140693.7
140771.5
140790.6
142013.4
142329.5
142658.3
142936.4
144001
144771.8
145697.5
146057.8
146438.4
148377.5
149086
150033.8
151158
151554.4
153250.6
153610.3
153691.8
154354.8
154361.7
154551.6
154633.2
154635.9
154739.1
155345.8
155774.2
156243
156386.6
157125.3
157693.8
157714.2
157745
157760.8
157786.6
157810.9
157822.5
158019.6
158282
158469.2
158501.1
160310.7
160876.3
160908.2
160970.8
160992.3
161003.1
161007.6
161025.9
161047.5
162088
162398.7
162520.6
162833.1
166563
170818.5
171543.4
171566.4
171599.9
171650.5
171734.7
171773.4
171799.7
171820.8
171891.1
171893.8
171935.4
171954
171963.8
171966.4
172019.1
173181.2
173320.4
173362.8
174237.6
174254.8
174405.8
174745.1
174859.8
174865.6
183027.2
183330
183437.1
183513.3
184510.7
184623.1
184860.4
185111.3
185111.8
185329
186153.6
186841.4
189855
193534.3
195526.3
195538.5
195539.4
199117.3
199152.7
200967.1
201278.4
202035.5
203019.9
203411.4
203827.7
203859.3
205076.4
205417.3
205428.7
205446.2
205462.2
205476.4
205496.4
205533
205542.7
205629.7
205633.3
205723.2
205723.3
205729.6
205753.1
205830.1
205885.8
205933.7
205934
205959.3
206104.6
206118.9
206122.7
206128.5
206153.3
206192.5
206274.4
206310.6
206310.9
206396
206417.5
206553.1
206571.6
206621
206624.1
206640.4
206669.3
206777.5
206842.3
206919.6
206927.5
207088
207109.3
207124.6
207273.6
207294.7
207331.9
207424.7
207583.5
207595.8
207611.7
207681.7
207715.8
207751.6
208343.5
208372.8
208413.2
208537.3
208646.3
209522.4
209621.7
209720.2
209729.1
209774.4
209865.7
209879.8
209930.5
210946
211114.4
211419.5
211479.7
211561.7
211656.6
211676.4
211838.5
213259.8
213988.3
214193.7
214215.7
214308.1
214318.4
214370.8
214398.8
214453.2
214521.6
214544.2
214560.3
214589.3
214641.8
214652.2
214933.5
214943.3
214970
215000.5
215010.2
215039.9
215127
216867.1
220055.5
220165.4
220300.7
220478.9
220559.1
220660.6
220761.3
220918.9
220927.6
221006.9
221024.4
221057.4
221117.3
221127.6
221221.8
223150.4
225700.8
225834.5
226572.1
227224.6
227538.9
228306.9
229781.8
229911.3
230112.2
234079.3
234316.6
236367
236457.7
236492
240359.6
243010.3
243540.1
243699.8
246872
247118.9
247569.6
248219.2
248379.5
248440.4
248455.5
248487.1
248639.6
248691.4
248744.6
248789.7
248810.3
248856.4
248890.3
248909.1
248973.6
248976.6
248990.4
249009.9
249029.9
249055.7
249088.3
249135.5
249212
249240.7
249268.9
252735.6
252737.6
252769
252778.4
253009.2
253030.2
253139.4
253503.2
254017.6
254302.5
255028.8
255486.1
255559.8
255609.5
255616.6
255646.6
255668.8
255677.9
255709.7
255721.7
258168.3
259212.8
259302.5
259316.5
259352.7
259356.4
259400.3
259518.7
260298.5
260308.7
260402.2
260657.2
260664.4
260671.6
260792.7
260811.1
260820.8
260941.5
260976.2
260984.9
261008.8
261038.8
261042.4
261123.5
261145.8
261169.7
261222.8
261228.3
261258
261288
261297.1
261413.8
261544.1
261603.9
261691
261699.6
261760.2
261773.5
261829.7
261909.8
261982.4
262042.6
262067.2
262540.7
262836.7
262970
263034.7
263066.7
263152
263207.9
263225
263332
269251.3
269296.8
269338.1
269372.8
275824.4
275959.8
276123.6
276268.9
276636.9
276835.9
278810.6
278892.9
278980.7
282661.9
282809
282853.3
282865.6
282998.6
283111.9
283464.9
283715.5
283742.6
284801.1
284905
284915.3
285047.3
285174.7
285516.7
285717.2
285763.3
285824.4
286038.2
286050.5
286167.8
286187.6
286423.2
286450.6
286616.4
286657.5
287438.3
287603.2
287674
287708.1
287802.8
287820.6
287896
287908
288015.3
288016.8
288043.3
288068.9
288330.5
288571.6
288780.6
288786.1
288808
289035.4
289078.6
289116.7
289219.5
289262.3
289354.3
289787.9
289848.1
289887.8
290169.7
290220.4
290307
290387
290511.2
290567
290586.6
290627.2
290703.6
290910.1
291029
291071.3
291264.6
291422.9
291496
291582.4
291626.5
291885.4
292036
292149.8
292214.7
292346.7
292358.8
292416.9
292454.1
292527.4
292530.9
292592.6
292963.8
293008.7
293037.6
293127.2
293136
293151.1
293152.3
293185.6
293192.1
293212
293233
293286.5
293510.9
293599.2
293912.9
293988
294043
294132.9
294144.1
294154.3
294245.6
294259.8
294271.2
294309.1
294320.2
294327.3
294363.8
294420.2
294434.4
294450.7
294460.3
294527.2
294534
294550.9
294658.2
294659.7
294738.2
294767.5
294768.8
294838.8
294909.8
294961.6
294987.1
295004.6
295052.8
295101.6
295206.8
295415.2
296746.8
296770.5
296773.1
296818.6
297002.1
297036.1
297334.8
299712
299863.7
299879.4
300140.7
304177
304216.4
304230.1
304339.5
304416.1
304419.5
304421.2
304582.1
304668.5
304671.3
304816.5
304844.6
304881.9
304983.6
305030.5
305086.2
305095
305109.8
305215.1
305312.1
305348.5
305469.2
305661.1
305792.2
305867.5
305900.1
305916
305923.2
305935.1
305996.6
308636.6
308692.8
308699.4
308718.8
308874.3
308884.8
309144.9
309314.5
309316.6
309330.2
309393.3
309480.7
309630.7
310035
311295.8
311441
311458.7
311539.6
311581.3
311589.3
311591.1
311604.6
311629.4
311666.3
311684.9
320246.9
320275.5
320301.2
320363.3
320381.6
320431.8
320480
320557.8
320685.6
320693.5
322318.6
322457.8
323543.2
325119.4
325362.4
326606.6
326640.2
326669.6
326703.5
326779.2
326825.1
327552.3
327718.9
327778.1
327787.7
327819.5
327938.4
327953.3
328200.8
328522.4
328576.6
328612.1
328923
329071.9
329160.5
333139.6
333586.6
333922.3
334073.5
334109.7
334138.3
334159
334166.6
334182.1
334213.9
334235.4
334340
334406.1
334408.6
334564.8
334567.3
334610.4
334757.6
334800.5
334812.4
338839.3
339329.9
339484.5
339634.1
339784.9
342211.2
342480.5
342573.4
342674.6
343868.6
344712.9
345053.2
345072.2
345170.1
345534.6
345574.2
345599.6
346591.4
348631.4
348673.1
348779.9
348860.1
349028.2
351266.1
351280.5
351285.8
351291.2
351299.9
351353.8
351361.8
351445
351500.1
351980.2
352612.4
352795.3
352797.1
352800.6
353106.9
354118.2
354463.9
354552.4
354567.5
354579.2
354580.1
354655
354789.6
356087
357050.4
357257.1
357739.4
360866.9
361044.9
361066.9
361076.5
361332.5
362149.2
362453.7
362563.4
362646.5
362654.4
362867
363041.1
363046.8
363489.7
363640.5
363847.2
364052.4
364139.9
364392.1
366334.6
367580.9
367653.2
367909.4
367935.2
368221
368256.4
368609.5
368644.2
368690
368926.7
368977.2
369166.8
369190.8
369218.2
369232.6
369269.6
369281.6
369373
369389.8
369715.1
369761.5
369887.8
369920.8
369977.3
370068.4
370309.4
370428.5
370456.1
370591.4
370643
370663.6
370693.3
370700.8
370782
370813.1
370831.2
371033.4
371040.6
371058.5
371110
371129.4
371178.5
371180.7
371187.6
371284.6
371294.3
371295.9
371465.3
371537
371540.2
371566.4
371587.7
371590.3
371649.1
371654.5
371786.9
371805.1
371859.8
371880
371979.6
372182.2
372269.7
372337.5
372435.1
376190.8
376472.4
376519.6
376592.6
376594.5
376621.1
376746.1
376751.6
377467
377534.1
378023.1
378069.5
378077.4
378297
378325
378910.8
379123.8
380085.7
380569.2
381021.8
381789.6
381862.7
381874.6
381909.4
381934.9
382035.6
382268.9
382625.8
382789.5
383291.2
383797.5
384165.8
384192.5
384759.2
384836
385218.7
385399.3
385542.4
385588.3
385591.5
389189.8
392621.1
393153.2
393191.7
393217.6
393410.2
393594.3
393757.2
393785.8
393894.5
393898.2
393939.7
393954
393963.3
394019.9
394146.5
394166.5
394193.9
394256.2
394292.1
394308.8
394352.1
394439.1
394459.2
394488.3
394629.6
394762.1
394797.5
394943
395093
395184.3
395210.2
395234
395313.7
395410.5
395449
395607.4
395615.8
395626.4
395698.2
395728.8
395888.3
395988.3
396103.9
396354.5
396505.5
396558.7
396569.1
396583.4
397703.1
398788.2
398886.3
400322.2
400373.6
400807
401726.2
402081
402161
402167.1
402209.4
402227.3
402242.5
402274
402309.8
402345.5
402372.2
402498.3
402587.5
402609.7
402619.7
402622.9
402633.2
402653.8
402671.6
402707.6
402735.7
402969.4
403023.1
403029.6
403068.7
403110
403123
403153.7
403267.3
403284
403318.3
403363.7
403363.8
403378.1
403472.9
403536.2
403657.5
403667.5
403760.1
403787.5
403824.8
403963.4
404062.8
404159.5
404181.2
404190.4
404195
404218.7
404281.7
404326.7
404395
404401.6
404407.5
404434
404447.7
404464.9
404479.5
404574.1
404574.2
404587.7
404587.8
404616.1
404764.5
406818.1
407944.1
409449.4
410713
414144.1
414430.7
414615.4
414916
415052.4
415461.9
415506.4
415916.1
417372.2
418393.2
418468.7
418546.5
418830.5
418979.9
419045.3
419610.5
419686.3
419781.2
419820.2
419821.3
420009.7
421195.8
421428.9
421435.3
421440.4
421447.9
421456.9
421503.1
421516.2
421518.6
421532.8
421551.4
421595.5
421619.6
421795.3
421837
421895.3
421902.7
422110.6
422233.5
422341.1
424813.7
424939.7
429189.6
429395.3
431644
433406.8
433525.2
433540.4
434444.3
434462.1
434832.6
435748.6
436283.7
436579.8
436589.8
437047.6
437851.2
437873.2
438137
438251.5
438441.3
438476.2
439235
439337.6
439364.5
439483.6
439601.3
439628.1
439667.3
439753.2
440378.1
440817
440850.1
446225.9
447998.9
448146.7
448146.8
448198.8
448289
448321.4
448375
448435.9
448569.1
449583.7
449632.9
450324.9
450551.4
451178.1
451277.1
451365.2
451365.5
451457
451474.3
451507.9
451550.3
451619.3
451662
451704.9
451801.1
451841.6
451938.1
451982.1
452056.4
452080.4
452146.7
452285
452469.6
454700.5
454845.1
454919.2
454993.4
455045.5
455091.2
455108.2
455157.1
455273
455294.7
455375.8
455463.3
455540.5
455753.4
455898.4
455918.6
455954.7
456026.5
456051.1
456065.6
456083.6
456127.9
456158.3
456161.2
456174.7
458125.6
458125.7
458277.4
458400.9
458469.3
458486.7
458573.7
458593.6
458766.5
458782.5
458786.4
458817.3
458825.4
458879.3
458900.7
458926.3
458960.4
459069.6
459085.3
459270.8
462173.2
462309.3
469874.3
470306.1
470805.8
470823.3
471025.1
471218.7
471498.3
471662.8
472080.4
472520
474034.5
474503.2
474510.9
474676.1
474877.4
475092
475100.5
475172.6
475202.6
475203.3
475230.5
475256.9
475538.3
475562.1
475583.1
475655
475719.4
475728.1
475751.9
475784.8
475791.5
475909.4
475917.4
475953.3
475972.6
476016.8
476072.9
476169.3
476322.5
476404.4
476441.1
476535.3
476549.3
476556.6
476619.3
476664.8
476759.8
476766.6
476805.4
476817.3
476838.9
476868.2
477048.3
477100.4
477138.2
477210.5
477267.4
477305.6
477352
477390.5
477467.3
477561.4
477591.4
477629
477671.4
477767.2
477813.3
477817.4
477883.9
477952.4
478028.4
478048.6
478052.2
478107
478123.2
478123.3
478223.4
478273.5
478296.2
478311.3
478353.1
478498.5
478565.5
478668.5
478678.7
478683.9
478686.3
478722.4
478726.3
478816.5
478868.1
478870.5
478894
478911.9
478988.1
479035.6
479043.9
479094
479117
479119
479154.9
479315.9
479426.1
479572.7
479598.6
479702.1
480093.3
480174.1
480394.8
480450.3
480597.8
480620.4
480699.1
480737.8
481110.5
481351.9
481386.1
481433.8
481564.4
481714.4
481803.7
481933.5
481999.3
482351.7
482491.3
482540.3
486267
488104.8
488290.5
488813.5
489956.7
490010.7
490513.8
491014.1
491195.2
491303.2
491326.6
491468.8
491540.8
491542.9
491618.4
491648.5
491891.2
492166.9
492437.4
492473.2
492903.6
493224.7
493303.6
493611.9
493626.9
493650.2
494101.7
494369.9
495005.9
495949.5
496352.9
497343.8
497793.1
499067.7
500140.6
500745.9
501291.1
503291.6
503471
503643.7
504092.8
504669.4
504891.6
504991.8
505020.8
505331.2
505348
505415.6
505443.9
505469.7
505485.1
505491.3
505492.6
505538.6
505580
505609.3
505615.9
505617.2
505698.7
505741.1
505807.9
505835.3
505836.5
505853.9
505916.5
505937.2
505952.3
505979.4
506096.1
507673.5
507902
507973.8
508006.5
508042.1
508048.7
508093.5
508140.4
508142.1
508205.9
508208.4
508255.8
508289.6
508323.1
508349
508386.8
508464.2
508482
508485.8
508495.7
508504.8
508531.5
508547.5
508602.3
508607.8
508694.2
508736
508803.9
508860.1
508916.4
509097.4
509223.8
509226.4
509424.3
509830
509879.9
509932.9
509957.6
510652.1
510703.6
510728.6
510774.7
510868.2
511217.8
511308
511360.6
511568.7
512183.2
512238.2
512311.1
512844.4
512870.6
513100.4
515768
518342.7
528154.3
528174.7
528662
530889.4
531036.3
531473.6
531633.7
531712.2
531817
531862.2
532968.1
533020.2
533068.2
533068.8
533117
533122
533209.8
533217.6
533219.9
533223.6
533241.5
533307.1
533315.1
533326.7
533364.8
533367.2
533446
533501
533549.2
534480
534762.3
534870.6
537716.7
538315.3
538321.8
538427
538697.6
538741.3
539048.9
540390
540406.5
540523.3
540823.6
541813.1
541830.6
541932.6
542629.9
542675.6
542688.7
548412.4
548469.8
548507.2
548598.1
549784.8
550024.7
550174.2
550212.2
550248.9
550276.3
550297.7
550337.4
550446.5
550452.4
551835.3
551984.4
552081.4
552130.5
552232.9
552310.5
552537.7
552652.6
552726
553071.9
561693.2
561963.6
561996
562255.3
562283.5
562367.4
562380.3
562416.3
562694.1
562701.3
562701.8
563370
563637.7
563662.4
567369.4
567375.2
567599.7
567607.8
571425.1
571462.3
571501.7
571583.1
571590.2
571617.7
571633.9
571693
571706.6
571773.5
572015.6
577822.2
578516.8
578917
579100.6
581941.3
582489.4
582595.8
582748
582997
584293.2
584561.5
584653.2
584729.6
584815.6
584954.3
585060.1
585120.5
585160.1
585183
585191.8
585271.9
585568.1
587416.6
587602.2
587682.6
587787.2
588149.8
589481.6
589584.6
589737.9
590749
590974.2
590974.7
590978.5
595977.2
596419.7
596495.4
596658.5
596666.9
596692.4
596734.7
596766.5
596873.2
596883.2
596905.2
597031.5
597177.2
598985.1
599072.6
599098.9
599192.6
599202.1
599343.4
599392.1
599504.3
599678.7
599855.6
