1373.9
1400
1663
4412.7
5117.1
5226.5
5308.4
5334.6
5336.5
5365.9
5414.4
5429.7
5441.1
5515.9
5560.3
5597.1
5608.8
5676
5803.5
5925.3
5969
6580.2
12141.9
12217.5
12234.1
12357.4
12378.8
12433.6
12501.5
12520.8
12552.9
12735.4
17066.6
17265.1
17268.7
17270.5
17334.8
17382.7
17390.7
17426.1
17427.2
17439.7
17441.5
17513.4
17528.5
17589.3
17660.2
17733.4
17788.5
17848.9
17868.1
17887.3
17946.6
17981.5
18021
18048.2
18088.3
18116
18128.7
18189.5
18312.4
18527.1
18544.6
18559.9
18593.9
18629.5
18723.4
18759.5
18861.6
19600.7
20747.3
24421.9
24543.2
24678
24768.9
24823
26782.9
26898.5
27637
28253.8
29065.1
29186.7
29263.1
29341.2
29353
29469.2
29625.6
29697.1
29889.7
30060.6
30258
30275.6
30318.6
30363.4
30486.2
30531.7
30984.5
30997.1
31439.8
31525.6
34051.6
34331.2
34353
34781.4
38286.6
38365.2
38445.4
38629.4
38639
38665.2
38725.3
40791.1
41120.6
41269.2
41274.1
41290.5
41516.4
41550.1
41588.9
41661.2
41700.3
41824.6
45948.2
47473
48189.9
48383.7
48446.6
48455
48473.7
48915.4
49303.1
50112.7
50227.4
50251.5
50324.3
50362.7
50377.2
50401.3
50417.2
50439.3
50531.1
50534.6
57509.2
57533.8
57711.1
58128.3
58145
58178.2
58278.5
58339.7
58368.6
58399.3
58472.5
58614.6
58656.3
58739.4
58748.6
58777.3
58778.3
58861.3
58883.9
58922.7
59071
59169.9
59173
59178.5
59180.3
59181.9
59218.3
59251.1
59295.9
60126.3
60315.9
60409.3
60611.6
61219.6
61246.4
61431.7
61442.5
61513.4
61602.1
61616.5
61657.7
61677.4
61678.2
61693.1
61771.2
61828.6
61889.7
61918.9
61929.7
61991.3
62118.2
62149.7
62236.7
62241.8
62290.5
62350.1
62362
62496.9
73953.4
78697.4
78840
79790.1
80494.7
81835
81918.5
82131.4
82350.7
82411
82475.7
82478.6
82483.6
82515.3
82577.4
82597.4
82646.8
82713.9
83092.6
83224.9
83256.5
83318.8
83391.8
83483.8
85535.3
86530.9
87300.9
87383.2
88698.3
90808.6
90923
90967.9
91010.9
91016
91032.2
91099.5
91161.8
91187.3
91196.7
91210.5
91311.4
97660.9
97848.6
101663.1
103226
103316.6
103475.6
104005.2
104073.3
104179.7
104185
104217
104317
104517.9
105430.8
105525.6
105558.4
105560.4
105570.6
105571.5
105579.5
105603.8
105694.6
105781.4
105786.8
105793.7
105819.2
106057.1
106057.3
106081.6
106116.7
106132.4
106203.3
106387.2
106473.4
108802.3
109161
111128.8
111306.4
111322.5
111630.2
112533.9
113174.8
113191.6
113217.5
113247.8
113332.5
113359.5
113378.7
113508.5
113579.4
113596.9
113863.3
114070.3
114153
114225.7
114242.5
114700.5
114891.5
114909.9
114944.7
115030
118205.2
155964.6
163618.5
164713.5
164781
164993.5
165086.4
165152.7
165177.1
167841.3
167898.8
167945.1
169430.1
169650.1
169708.1
169759.8
169765.2
169826.3
169826.7
169843.3
169846.2
169918.6
170017.6
170123.5
170138.6
170224
170271
170277.4
170284.1
170355.5
170386.2
170404
170450.6
170481.6
170501.9
170687.1
170698.5
170756.2
171138.8
171530.2
172476.6
172535
172606.6
172687.1
172934.1
176169.1
176324.5
176619
176656
176866.9
177073.3
177138.4
177183.9
177207.5
177255.9
177284.5
177294.2
177305.2
177310.1
177311.7
177363.7
177427.4
177454.1
177457.8
177509.8
177513.7
177534.2
177609.1
177618.5
177647.5
177824.9
178525.3
182968.3
183147.7
183320.9
183354.2
183383.2
183396.7
183406.6
183447.5
183484.8
183541.4
183608.5
183610.6
183676.2
184013.6
187135
188910.3
189203.9
189282.3
190710.8
191011.3
191052.9
191121.3
191187.4
191209.3
191252.7
191404.2
191590.6
191740.6
191782.8
191788.7
191902.2
191932.4
192035.9
192055.4
192078.1
192097
192103.1
192106.6
192296.9
192392.3
192410.9
192436
200389
202440.9
202572.7
203530.1
211274.4
211399.5
211411.3
211544.9
211656.4
213411.9
213555.1
214202.8
214287.8
214389
214408.3
214435.7
214505.4
214515.6
214878.6
214943.9
214980.4
215005.3
215141.3
215185.2
215195.2
215208.1
215209.5
215275.1
215385
215403.9
215419.8
215497.6
215525.5
215922.4
216042.5
216504.6
216638
216695.3
216743.2
216793.9
216892.1
216893.3
217009.6
221808.2
222029.6
222049.5
222061.5
222136.1
222223
222346.9
224059.8
224161.7
224249.1
224405.5
224414.3
224540
224793.8
224905.7
224932.6
224971
226191.8
226261
226421.1
226493.7
226859
226897.7
227314.1
227969.2
228164.2
228967
229115.8
229211
229426.4
229587.8
229728.7
229880.3
229972.5
230769.1
230875.6
230915.2
231043.9
231114.8
231123.5
231229.4
231401.2
231407
242017.2
242033.1
242110.8
242227
242239.7
243353.7
243377.2
250805.3
251216.4
251270.6
251357.9
251368.4
251425
251609.7
251840.2
252399.1
252698.7
252795.9
255745.7
255798.5
256104.4
257039.8
257165.3
257908.1
258013.2
263723.9
263790.3
263835.7
265148.8
267248.1
267511.7
270322.4
270389.9
270439.8
270504.6
270505.7
270586
270625.3
270653.8
270683
270714.7
270799.6
270812.3
270876.9
270905.5
270912.4
270914.3
271002.4
271029.2
271045.7
271116.3
271206.5
271235.4
271238.1
271343.6
271347.8
271391.7
271533.2
271594
271630.3
271761.4
271782
274355
274433.3
274474.8
275111.2
275253.9
275642.5
276068.6
276413.2
276423.7
276717.1
276742.6
276895.2
276900.8
277004.2
277073.9
277228.7
277273.1
277301.3
277506.3
277571.4
277597.3
277666
277782.2
278055.1
278059
278171.7
278187.4
278233.9
278258.8
278272.5
278297.9
278354.3
278404.3
278417.6
283161.5
283236.6
283589.8
283710.2
283778.9
283911.7
284042.6
284044.1
284479.1
284631.3
284697.4
284840.5
285131.4
286116.6
286409.8
286653
286696.9
286789.6
287158.4
295599.3
295604.5
295926.5
296298.5
296299.3
297666.8
297777.3
297818
297823.2
297969.7
298223.7
298358.9
298376.1
298626.3
300385.2
300413.1
300484.3
300485.7
300622.2
300684.7
300886.5
301131.3
301206.3
302652.2
310936.1
311004.1
311197.5
320139.4
320170.1
320217.4
320277.8
320339.3
320378.2
320406.4
320437.5
320448.1
320466.1
320719.3
320828.6
321582.5
322038
322167.2
322264.2
322312.2
322360.8
322380
322420.8
322510.9
325526
325874.5
325891.2
326011.9
326161.9
332516.1
332524
332758.9
332885
332991
334885.6
334914.5
334969.6
334991.9
335240.7
335352.5
335430.3
338458.5
338968.4
339000.4
339015.8
339020.2
339210.2
339294.7
339318.5
339319.2
339361.1
339368.7
339381.6
339501.7
339517.8
339633.4
339808.1
346717.1
346879.5
347023.8
347128.3
347148
347208.7
347284.2
347327
347341.6
347345.7
347351.1
347364.9
347365.7
347448.6
347614.2
347615.2
349656.5
349759.9
349782.7
349816.4
349839.4
349861.5
349862.8
349902.6
349904.5
350188.2
350194.9
350242
350275.2
350276.9
350330.9
350356
350409.4
350420.1
350517.5
350587.7
350644
350670.4
350722.7
350726.3
350735.1
350821.2
350881.3
350942.5
350948.5
350974.8
350997.4
351052.2
351058.5
351065.3
351106.4
351117.7
351143.2
351206.1
351206.5
351696.3
353255.2
357107.6
361042.3
361202.6
364608
365079.9
365547.6
365825.3
365873.6
372880.4
372924
372958.1
373027.2
373072.7
373181.2
373210.4
373236.2
373301
373314.5
373372.7
420490.5
421190.1
422847.2
423022.7
423065
427446.8
428234.5
428373.7
428383.5
428431.2
428494.3
428507.3
428537.4
428539.9
428576.8
428654
428766.7
429079
429479.8
429517.7
429532.6
429573.1
444754.2
445241.2
445431.9
446913.7
447057.8
451080.9
451386.5
451400.5
451502.2
451616.3
451629.9
451656.2
451674
451696.3
451704.6
451708.8
451840.2
451862.3
451865.6
451938.8
452059.1
452078.3
452115.5
452194.8
452207.8
452373
452489
452506.5
455947
456134.3
456142.9
456396.3
456446.8
456500.3
456504.3
456697
456982.2
457080.6
457235.9
459995.5
460073.3
460195
460362.8
460428.6
460434.8
460603.7
463030.6
463154.4
463266.4
463387.6
464744.8
464895.7
464989.7
465144.7
465430.4
465435.9
479927.9
482311.2
513140.1
517081.2
517124.2
517208.8
517429.3
517482.9
518124.6
518297
518371.9
518485.6
528725
530281.8
530319.2
530467.8
530586
530606.5
530606.8
530650.5
530689.1
530691.6
530739.6
530797.6
530960.4
530973.1
531059.6
531270.9
531499.8
531573.7
531895.7
534925.6
535001.5
535626.8
536995.8
537201.3
541203
541276.5
541344
541395.5
541473.4
541771.6
541795.4
542073.5
542108.1
542305.1
542346.4
542441.4
542553
542678.8
549355.5
549366.5
549619
550009.7
551689
551737.6
551959.8
552019
552347.6
552424.2
552502.5
552548.6
552662.2
552669.4
552713.5
552783.5
552840
552907.2
552940.9
553347.6
553523.6
553842.4
559427.5
560416.5
560531.7
560706
560922.5
562552.6
562807.4
562843.9
563078.7
563094.1
563532.7
564136.9
564253.5
564429.4
564475.7
564505
564532.4
564585.3
564680.5
564681.9
564743.9
564770.6
564780.6
564800.1
564911.6
564963.7
565515.9
568971
569352.8
569391.1
569692.9
570575.5
570905.2
570995.6
571062.6
571094.4
571127.9
571142.2
571191.9
571254.2
571264.5
571273
571331.5
571411.8
571455
571620.9
571643.2
575812.4
578259.6
578314.2
578419.4
578426
578437.2
578487.5
578548.6
578675.7
578750.8
578799.2
578965
580541.4
580594.3
580628.7
580636.4
580644.3
582954
585786.4
587178.2
587301.8
588083.7
588135.7
588161.2
588208.8
588212
588244.1
588324.1
588352
588385.8
588396.9
588405.9
588536.4
588701
588706
588731.7
588872.9
589003.3
589005.7
589162.3
589180.8
589222.8
589228
589238.1
589254.5
589322.9
589362.8
589423.7
590551.9
595874.3
596032.5
596059.7
596099.3
596191.6
596250.9
596257.4
596412.4
596428.8
596458.3
596681.6
