4746.8
4755.4
4768.6
4768.7
4995.2
5001.8
5010
6946.9
6970.9
6987.5
7038.8
7064.9
7106.6
7148.8
7156.4
7180.3
12580.4
12710.1
12749
12768.1
12782.9
12786.2
12866.3
12913.4
12982.7
12997
13006.3
16403.9
16467.6
16545.7
16549.5
16634.3
16673.5
16710.9
16713.8
16751.3
16827.9
16895.1
16912.6
17077.6
19058.4
19107.4
19365.6
19413.8
19961.9
22564.3
22570.5
22695.3
22776.6
22804.6
22825.4
22888.7
24227.3
24255.4
24292.4
24303
24310.4
24334.3
24402.2
24415.7
24437.7
24555.2
24824.9
25098.6
25106
25312.9
25338.9
26441
26826
26898.7
27058
27675.9
28100.5
28492.9
28501.5
28565.7
28733.6
28787.2
28824.5
28879.5
28883.4
28920.2
28965.8
29090
29112
29243.6
29257
29262.4
29272.8
29351.2
29435.5
29842.9
30074.4
30157
30542.2
39238.9
40530.2
40579.1
40581.3
40622.1
40650.2
44026.4
44369.3
50494.4
50633.2
50657.6
50682.2
50683.8
50740.3
50765.2
50776.7
50851
52210.8
52234.2
52336.2
52372.3
52385.8
52477.4
52584.2
52595.3
52669.1
52936.9
52953.5
53069.7
53258.4
53384.6
53651
53822.9
53833.7
53896.8
53974.8
54016
54054.3
54086.5
54087.9
54374.3
54432.8
54436.6
54486.9
54531.6
54536.6
54563.8
54575.1
54617.8
54617.9
54648
54667.7
54683.6
60063.9
60219
60221.9
60224.2
60342.5
60750.5
61751.8
63794
63798.5
63863.7
63922.4
63974.9
64102.6
64105.8
64198.9
64538.3
64607.5
64614.5
64636.8
64732.5
64847.9
64866.8
64867.2
64875.3
64901
64913
64958
65044.5
65082.3
65107.3
65259.7
65280.3
65338.5
65413.5
65427.8
68768.8
70935.7
70974
70999.9
71027.1
71064.6
71078.1
71168.3
71168.4
71216.8
71309.3
71329.3
71338.2
71400.5
71415.4
71443.5
71451.6
71462.6
71473.9
71477.2
71489.1
71501.4
71502.2
71533
71535.1
71544.3
71587.5
71692.5
71699.6
71820.7
72061.3
74325.6
74554.7
74652.5
74666.1
74671.1
74683.4
74706
74732
74775.6
74950.7
75075.1
75147.3
75192.5
78153.9
78420.8
78523.9
78556.5
78608.2
78629.3
78725.2
78752.4
78806.6
78814
78849.5
78860.9
78878.4
78881.7
78982.7
78994.1
79177.3
79216.3
79293.1
79413.8
79421.8
79524
79557.9
79633.3
79663.4
79748
79763.8
79780.1
79866.5
79963.8
80001.4
80013.7
80039.8
80046.3
80061.9
80143.7
80183.6
80925.4
81827.9
81832.4
82000.7
82038.6
82339
82608.7
82703.8
82712.8
82768.3
82827.3
82890.9
82897.6
82922.8
83031.1
83041.9
83086.5
83202.7
83377.4
83471.4
83491.1
83601.2
83658.2
83659.3
83864.7
84108.3
87621
88103.5
88243.6
88365.4
88380.9
88467.5
88487
88619.8
88732.3
88919.8
88937.8
89034.4
89271.4
90856.6
90876
90899.9
90980.2
91104
91104.2
91313.2
93752.1
103834.5
104015.3
104104.6
104109.4
104147.7
104161.1
105741.1
105883.4
105954.7
105964.2
105976.7
105986.3
105989.4
106020.6
106184.7
106196.1
106201.3
106233.3
108482.4
109103.2
111973.6
112011
112083.9
112139.3
112182.5
112185.5
112187.3
112197.4
112231.7
112237.8
112259.5
112276.6
112283.1
112301.8
112309
112442
112496.4
112498.7
112541.1
115646.1
115688.3
115735.3
115750.8
115908.4
115945.5
115993.9
116092.1
116454.5
117230.4
118899.9
119027
119187.8
119657.9
120128.4
125194.8
125555
125913.7
125937.3
125941.2
126027
126057.3
126279.2
138053.8
161349.2
161374.4
161424
161560.4
161621
163126.7
163237.2
163393.4
163495
163563.6
163587.2
163592.7
163663.3
163696.1
163737.2
164141.3
164355.3
164405.1
164484.7
164497.8
164498.3
164626.7
164639.4
164669.9
164804
165469.3
167066.3
167193.3
167300
167306.3
167311.8
167429.8
167465
167466
167584.7
167594.8
167951.1
168005.1
168014.7
168042.3
168044.4
168091.8
168101.9
168293
169601
169908.3
173100.7
173918.5
173934.6
174057.8
174160.4
174185.6
176176.7
176218.3
176221.4
176243.1
176248.3
176251.4
176292.6
176352.9
176371.1
176502.5
176577.4
176586.8
176595
176595.8
176616.2
176620.4
176703.7
176721.1
176878.5
177010.7
177022.8
177053.9
177096.9
177119.2
177164.4
177252.8
177281.5
177284.4
177342.8
177551.8
177587.7
178383.8
178704.2
180192.7
180480.5
183370
183638.5
185690
186352.5
186368.4
186538
186553.9
186782
186897.1
188456.2
188518.1
188592
188673.9
188747.1
188911.4
188912.4
188933.3
189091.3
189260.4
190517.4
190627.2
190655.4
190807.7
190865.9
191045.9
191660.7
191754.7
192840.1
193728.2
193733.4
193910.4
195092.3
195141.5
195265.6
195283.9
212251.3
212473.5
213791.2
217242
217325
217646.9
217746.8
217755.5
217839.8
217897.2
217921.6
217926.6
218022.8
218071.3
218091.5
218146.4
218305.1
218321.5
218322.6
218324.9
218419.9
218468.8
218507.6
218561.4
218664.9
218921.8
219079.9
221640.6
223858.8
223866
223925.2
223948
223957.8
223973.4
223992.1
223995.4
224018.5
224018.9
224021.1
224029.3
224042.4
224052.2
224119.2
224163.5
224179.3
224184.4
224223.7
224273.1
224273.8
224275.5
224383.1
224537.9
224699.8
224746.5
224776.2
224807.8
224849.8
224933.2
226009.4
226066.9
226068.3
226598.2
227913.9
228541.7
228563
228690.7
228732.6
228758.2
229007.9
230662.7
230671.9
230712.5
230815
230971.9
232086.3
232155
232180.8
232230.9
232318.9
232447.5
232508.3
232531.8
232579.9
232651.7
232761.8
232791
232903.3
232929.8
232942.2
233113.2
233158.7
233297.7
233417.8
233452
233453.4
233518.9
233547.2
233572.3
233688.5
233693.4
233726.1
233771.8
233820.7
233874.6
233948
233979.6
243718.7
243907.9
243919.2
243987
244028.4
244074.8
244194.5
244296.3
244353.5
245068.7
245087.7
245226.8
245263
245359.4
245385.6
245394.5
245587.8
245616.2
245672.6
245687.8
245723.3
245785.1
245848
245908.4
245947.8
246096.6
246244.1
246353.1
246540
246554.6
246605
249430.4
249459
249491.9
249506.9
249545
249620.5
249664.6
249754
249874.7
250673.1
250918.8
251275
251313.1
251400.8
251600.6
251604.3
251710.1
251753.7
251804.9
251816.8
251852.6
251881.6
251901.8
252008.4
252028.4
252034.3
257927.8
264583
264695.8
264698
264818.7
264868.8
264870.9
264879.5
264903.9
264905.8
264928.5
264938.7
265658.4
265847.7
265919.2
265924.8
266173.4
266448.9
266705
266869.3
266893.8
266936.7
266971.6
267890.4
269837.6
269885
269957.7
269997.5
270014.7
270020.8
270055.7
270073.5
270109.5
270190.9
270207.5
270308.2
270479.3
270520.2
270565.8
272998
273089.1
273093.7
273157.1
273232.7
273401.1
273438.1
273449.6
273585.9
273813.1
273967.6
274005.2
278292.1
280947.9
289179
295597.9
295743.6
295866.3
296046.4
296141.6
297726
297762.5
297766.8
297806.3
297932.9
298321.4
300222.2
300377.7
300386.4
300392.9
300416.6
300443.7
300613
300786.8
300911.1
300915.8
301124.1
301309.7
301556.8
301579.4
303457.6
303481.3
303549.3
303578.6
303626.7
309299.2
309905
310400.7
312055.7
313239.6
313373.2
313391
313406.6
313465.4
313483.7
313576.7
313588.8
313602.1
313624.9
313800.2
313830.3
313865.2
313911.3
313956.4
314030.1
314078.6
314294.9
314312.6
314439
314464.7
314477.8
314480.4
314490.2
314851.6
314987.8
315026.8
315041.2
315063.5
315161.9
315219.3
315221.5
315279.3
315528.7
315544.3
315818
315870.1
315898.7
315925.8
315930.5
316090.2
316124.3
316186.9
316199.8
316216.1
316243.7
316288.7
316455.9
316523.1
316642.5
316712.2
316827.3
317160.6
317262
317300.2
317388.6
317407.2
317410.7
317417.5
317531.5
317753.7
317830.9
317890.4
318263.9
318618
318659.7
318710.4
318716.9
318752.5
318884.3
318895.6
318971.5
318981.3
318991.2
319040.1
319121
319249.9
319277.7
319370.8
319481.5
319528.2
319538.1
319608.7
319665.9
319680.9
319686.7
319735
319755.4
319836.3
319839.9
321235.7
322714
322778.3
322804.5
322825.7
322829.4
323054.9
323085.3
323207.8
323233.2
323403.6
324009.9
324098.9
324121.4
324645.2
324822.5
325100
329662.9
329734.2
329750.5
329760.1
329760.7
329859.8
329885.4
329997
330007.9
330022.4
330041.9
330121.3
330762
331156.5
331223.3
331774.1
335132
335260.7
335425.9
335483.6
335506.1
335535.6
335572.2
335696.3
335708.5
335714.5
335855.3
341360.6
341385.4
341439.2
341462.3
341504.7
341543.7
341604
341713.7
341718.9
341722.1
341722.8
341736
341749.6
341770.9
341799
341874.9
341895.1
341906.9
341911.1
342000.7
343368.6
346960.9
347396.2
347608.1
347679.7
347782.4
347785.6
347894.2
347919.7
347978.2
348001.7
348070.8
348171.7
348179.5
348196.7
348213
348218.8
348226.8
348253.7
348279.6
348303.4
348309.1
348335.4
349382.9
349486.1
349586.8
349743
349749.7
349841.3
349874.1
349880.5
349914.1
349938.4
349959.7
349989.2
349998
350109.6
350228.6
350339.8
350448.8
350482.6
350514.5
350514.9
350515
350565.8
350566.5
350580
350780.4
350789
350789.8
350801.8
350891.8
350927.7
350933.5
350971.6
350993
351014.1
351084.1
355141.9
355455.7
355842.9
365099.4
365279.5
365293.2
365308.1
365416
365502.8
365571.7
365646.1
365690
365691.2
365972.9
365981
365997.2
366012.9
366026.6
366026.8
366069
366072.2
366114.5
366124.2
366309
366349.8
366479.4
366486.1
366616.8
366623.5
366623.6
366726.1
366726.4
366737.7
366752.3
366790.9
366908.5
366917.3
366935.8
366971
367039.4
367073.4
367083.1
372739.5
372967
372974.6
374458.6
374609
374633.2
374655.2
374698.2
374712.3
374907.7
375041.1
375062.9
375180.6
396987.6
397864.9
403772.4
418956.3
419020.3
419119.5
419176.3
422880.3
425977
426422.7
427132.8
427298.9
428075.7
428122.3
428128.5
428158.5
428224.8
428228.5
428255.7
428333.8
428409.7
428613.1
430242.1
430267.9
430313.2
430344
430449.1
430636.7
440418.5
441586.1
441651.1
441688.7
441728.2
441772.3
441828.7
441860.9
442149.4
442471.1
442531.2
442617.6
442803.8
442807
442979.6
443140.2
443420.9
443617.3
443826.9
444340.4
444502.4
448990.7
450683.9
450718.1
450755.1
450764.3
450796.9
450829.7
453350.2
453456
453473.3
453541.5
453560
453624
453668.4
453681.7
453688.8
453695.4
453830.2
453940.6
454108.2
454145.9
454246.4
456547.6
456577.6
456619.1
456636.1
456896
456896.1
457058.5
457127.9
457209.4
457213.5
457238.7
457416.6
457427.7
457637.5
458921.5
459204.6
459350.3
459578.8
460229.5
460404.6
460522.1
460550.2
460619.5
460635.2
460649.6
460655.3
460672.7
460749.6
460842.1
460924.5
460939.3
460944.2
460956.7
460999.3
461090.7
461263.1
461286.9
461446.8
461663.9
461777.9
462516
462653.4
462877.9
463304.2
463457.8
463517.6
463561.4
463680.4
463701.4
464389.5
464398.9
464482.5
464530.6
464633.4
464809.8
464820.8
464825.7
465037.8
465092.5
465109.5
465189.4
467437.8
467871.2
468234.8
468758.2
468859.5
469297.3
469375.8
469908.1
469913.2
470628.2
482687.5
482753.6
482792.2
482796.2
482848.6
483129.7
483213.9
483359.9
483376
483417.6
483908.6
484016.8
484241.4
514085.7
517010.8
517132.1
517353
517438.4
517562.4
517612.7
517618.4
526601.8
526719.7
526741.6
526764.8
526772.4
526786.4
526798.7
526875.7
526887.8
526949.7
527016.4
527037.6
527116.8
527131.3
527142.3
527184.6
527188.8
527189.6
527229.4
527309.4
527367.8
527373.7
527437.2
527453.8
527541.6
527543.1
527582.2
527601.9
527620.7
527684.6
527687.3
527920.8
532139.2
532196.5
532219
532248.8
532362.9
533594.3
533790.2
533929.3
534001.7
534119.4
534166.6
534208.9
534305.5
534395
534415
534456.6
534553
535457.6
535573.1
535757.3
536889.3
536962.1
537075.2
537098.6
537139.8
537149.2
537150.8
537165.9
537184.7
537188.4
537217.5
537228.4
537239.7
537287.7
537292.7
537351.6
537392.1
537467.6
537494.4
537527
537597.4
537752.6
537768.7
537920.2
537934.3
537943.4
538289.9
538523.2
538707.3
539121.2
540318.3
540473.2
540833.9
541132.1
541197.7
541214.5
541287.7
541296.7
541385.9
541436.3
547788.4
547843.1
547978.1
548870.2
548882.7
548942.4
549039.7
549107.2
549132.2
549246.9
549255.1
549322.3
549368.4
549397.8
549438.7
549542.4
549568.2
549627.6
549676.1
550767.7
550883.3
551102.5
551145.1
551247.3
551288.1
551300.6
551362.3
551484
551637.9
551737.9
553689.1
554089.1
554273.1
554541.7
554592
554624.4
554644.3
554655.7
554817.2
554833.1
554934.3
555083.8
555085.5
555091
555156.5
555168.8
555234.2
555270.5
555293
555312
555325
555328.3
555377.9
555457.1
555476.2
555640.3
555668.8
555717.3
555734.7
555749.6
555755.6
555811.7
555906.3
555959.9
555986.5
556018.2
556061.2
556148.7
556157.9
556186.7
556239.2
556372.3
556430.9
556465.1
556466.2
556474.6
556476.4
556481.5
556491.2
556552.1
556573.2
556616.7
556619.4
556621.5
556654.7
556654.9
556829.3
556978.5
556992.6
557030.5
557045.2
557065.1
557118.5
557267.9
557428.2
557434.3
557491.9
557524.3
557563.1
557601.5
557679.9
557687.3
557720.6
557741.6
557783.9
557806
557881.5
557911.2
557932.8
557940.8
557964
558032.5
558035
558036.5
558055.1
558116.4
558121.7
558133.2
558144.9
558208.4
558249.6
558390.9
562686.5
563236.1
563362.7
563395.3
563450.3
563821
564019.7
564487.3
565794.3
567626.9
568345.6
568588.5
568652.9
568952.6
569434.8
569579.1
569657.8
570070.7
570158.4
570237.9
570259.1
570704.1
570962.5
571028.9
571033.5
571089
571127.1
571167.1
575546.3
575736.7
575916.3
575927.4
575972.3
576027.1
576265.6
577941.5
578059.3
578075.4
578147.8
578151.4
578158.6
578240.9
578317.7
578392.6
579863.7
580753.1
580784.1
580829.1
581066.7
581799.6
588405.4
588497.8
588529.2
588593.8
588726.3
588745.4
588875.9
588947.9
589018.1
589063.3
589096.6
589147.8
590262.7
590263.1
590299
590302.5
590394
590414.3
590438.8
590458.4
590623.5
594950
596136.2
596143.6
596239.7
598136.1
598402.4
598797.9
