21.2
62.5
3288.7
11036.4
11241.5
11325.6
11461.6
16297.1
19778.8
19835.2
22101.9
22315
22368.2
22429.6
22599.3
22681.4
22716.4
23513.5
23755.6
25747.6
25845.6
26015.7
26117.1
26513.3
26847
31024.1
31122.6
31661.7
31908.7
32027.2
32090.5
32116
32235.2
32278.1
33005.4
33383.1
33591.4
33661.2
33868.9
38188.6
38254.8
38365.1
38457.4
38486.3
38494.2
38568
38603.8
38643.3
39674.2
39766.1
39861.5
39893.4
43481.1
43513
43530.4
43620.6
43635.2
43664.9
43688.5
43710.2
43730.5
43760.9
43803.7
43824.9
43876.7
43929.9
43930.5
43955.4
43956.3
44041.1
44111.2
45584.7
45671.1
45723.5
45896.4
45898.8
45910.2
45929.5
45938.1
46016.4
46319.1
52575.9
52734.3
52947.2
53057.4
53093
53098.8
53134.4
53150.9
53237.2
53329.5
53450.8
53683.7
54090.5
54327.8
54348.5
54383.8
54771.1
54880
61700.9
62737.3
63732.1
63813.2
63840.3
63967.6
63970.4
64079.4
64102
64130.8
64298.7
64327.8
64342.5
64354.1
64414.6
64426.5
64497.9
64604.1
64627.2
64627.5
64682.7
64690.2
64734.1
64780.3
64806.7
64867.3
64877.2
64895.5
64905.1
64946.7
66828.7
72257.3
72519.1
72810.9
73101.5
73257.9
73308.9
73441.3
73582.4
73671.9
73762.3
73772.8
73789.5
73790.1
73807.3
73834
73896
74156
81771.3
82400.2
82816.8
85943.8
86065.9
86633.7
86676
86696.5
86736.4
86749.5
86916.3
86937.8
87155.5
87228.8
87377.2
87502
87515.6
87675.1
87736.9
88001.1
88611
91457.4
91603.8
91877
92010
92011.6
92014
92023.3
92134.3
92175.8
92183.5
92195.1
92206.1
93976.1
102669.7
103562.6
104468.9
104674.7
104687
104919.3
105082.5
105091.6
105093.9
105094.6
105136.1
105155.6
105229.1
105545
108453.6
109135.7
110822.8
110952.2
111083
111087.8
111158.5
111194.6
118858.4
119077.4
119099.1
119354.4
119358.9
119364.1
119488.5
119517.8
119549.6
119550.7
119615.2
119711.9
119729
119816.5
120034.6
120070.8
120133
120467.6
124499
124969.8
126054
126450.1
131816.5
132723.1
132935
134804.7
135231
135364.8
135576.6
135783.8
136184.2
137461.2
138144.2
139496
162288.6
162477.6
162574.6
162585.9
162641.1
162668.5
162678.3
162724
162735.7
162957.5
162960.1
162969.2
163123.2
163143.6
164028.4
166916.9
167015.5
168667.4
169432.2
169693.7
169768.6
170048.2
170056.6
170066.6
170133.2
170276.1
170322.6
170387.8
170491
170501.7
170525.4
170637.8
170692.4
170698.4
170707.5
170795.5
170870.5
170886.2
170915.6
171102
171142.5
171301.7
171376.5
171392.9
171502.2
171690.1
174168.4
174279.7
174307.6
174438.7
174516.7
174697.9
174768.8
174802.4
175868.6
177874.5
179945.7
180239.3
182749
182866.2
182875.4
182949.5
188234.9
188250.6
190274.4
195167.1
195511.9
207948.5
208080.4
208251.4
208315.8
208461.5
208631.3
208910.8
208976.7
209129.5
209133.8
209138.4
209173.5
209194.2
209214.5
212554.6
212650.4
212959.6
213226
213597
213772.7
213946.9
219151.2
219176.9
219246.9
219270.4
219347.5
219354.6
219366.1
219463.5
219507.7
219513.3
219790.7
221823.9
222762.7
222916.7
223045.2
223078.7
223092.3
223153.5
223183.3
223227.4
223236.6
223269.8
223301.2
223320.7
223327.6
223426.6
223489.6
223521.2
226168.7
226251.8
226272.9
226587.5
226906.9
226910.1
226915.1
227119.3
227164.1
227229.6
227263.6
227493.4
227581.9
227606.7
227630.6
227796.2
227808.2
227868.7
227909.6
227977.7
227985
228006.3
228027.9
228050
228120.9
228240.9
228327.8
228328.6
228341.6
228373.8
228483.7
228493.1
228633.4
228661.7
228786.8
228814.1
228949.2
229076.7
229118.4
229155.2
229253.9
229272.1
232305.2
232794
232812.9
233097.4
233161
233179
233189.7
233220.6
233220.8
233323.3
233325.1
233394
233740.3
233832.2
233992.9
237290.1
243776.4
243936.6
244120.4
244184.2
244462.8
244682.1
245233
245467.1
245469.2
245587.5
245660.7
245856.7
246425.8
246485.2
246565.1
246580.9
246582.6
246600.8
246697.4
246711.6
246767.5
246775.5
246777.1
246791.1
246799.1
252356.4
252537.4
252637.8
252884.3
252932.6
252940.7
252992.1
253537.8
254766.8
254811.2
254950.5
255034.2
255078.4
255305.5
260109.7
263417.2
267703.7
267867.3
267874.3
268026.5
268178.8
268198.6
268229
268348.9
268359.8
268371.2
268387.1
268465.7
268522.2
268551.1
268567.8
268571.9
268669.8
268767
268918.3
273291.7
273323.5
273640.2
273640.9
273655.8
273663.6
273849.5
273929.3
273956.4
274025
278827.8
280088.7
281887.6
282316.1
282393.6
282413.2
282531.4
282556
295985.1
296027.1
296164.2
296220.5
296278.5
296329.4
296335.6
296349.3
296415
296633.8
296816.2
297262.3
297418.7
297624.1
297669.2
297775.4
299315.2
299505.3
299605.6
299736.5
299830.1
303409
303504.6
303790.6
303880.5
312302.3
312319.9
316544.2
317885.6
318261.3
318610.1
319531.9
319600.6
319683.2
328359.7
328777.6
329122.9
329515.1
329596.2
329623.7
329751.9
329874
329962.6
330093.6
336707.1
336888
336923
337147.6
337778.7
342308.3
342427.4
345834.6
348683.8
348735.5
348841.3
348871.3
348893.9
348896
348910.2
348973.7
349019.1
349059.9
349097.4
349287.7
349289.9
351845
355551
355619.9
356831.1
357737.8
358473.5
359096.7
361093.4
361617
361822.2
362342.5
362912
363385.8
363431.8
363620.8
363750.1
364142.4
364178.3
364406.7
364452.7
364470.9
364502.1
364729.1
364761.1
365045
365083.2
365133.6
365160
365218.3
365256.1
365511.2
365582.2
374377.6
374398.5
374570.7
374588
374610.9
374643.1
374811.9
374872.2
374926.5
375000.1
375025.7
375039
375093.6
375139.8
375165.1
375191.8
375207.9
375221.1
375242
375366.4
375378
375379.2
375512.2
375628.4
396855.4
396869.2
396884.6
397019.2
397103.5
397341.9
397400.3
397404.5
397601
397672.1
397704
397761.1
397771.2
397843.3
397908.4
397925.3
398040.9
398048.5
398069.5
398119.6
398127.8
398214.3
398482
398493.5
398495.1
398613.4
398736.5
403518.4
421352.4
421481.5
421543.9
421913.8
422170.7
422208.3
422269.4
426276.7
426519.4
430721
430819
430828.7
431547.9
439033.8
440483.8
440682.7
440845.3
440977.7
441184.4
441303.2
441327
441342.7
441436.4
441467.7
441474.8
441516.3
441548.7
441561.6
441647.2
441713.7
449692.3
450940.5
451010.3
451262.9
460754
461045.9
462569.1
462777.2
462882.8
462899.9
462917.9
462962.4
463049.9
463338.8
469908.7
470060.4
470358.3
470431.2
470576.9
470710.7
471470.6
471590.2
471968.5
472299.6
482840.8
482980.8
483006.7
483077.3
483091.8
483112.9
483212.2
483225.3
483227.9
483237.5
483256.5
483285.9
483395.9
483431.7
483444.1
483463.1
483500.6
483511.3
483525
483529.7
483535.9
483546.2
483553.1
483602.2
483635.1
483646.1
483665
483674.9
483725.9
483749
483764.7
483765
483796.8
483836.8
483849.3
483901.1
483963
484043
484088.6
484105.3
484127.7
484130
484194.3
484207.3
484294.2
484301.6
484316.1
484358.9
484431
484612
484674.9
484803.4
484811.7
484828
484878.2
484902
485183.8
512182.8
512242.5
512434.4
512471.9
512764.7
513040.9
513355.2
513850.9
522660.8
523630.9
526016.2
526559.1
526786.1
527153.5
527499.4
540417.6
540468.6
540615.9
542485.2
543091.8
543232.9
543233.4
543282.7
543291.3
543311.4
543470.8
543543.7
543547.5
543554.8
543591.3
543606
543686.5
543711.8
543745.2
543867.8
543867.9
543971.9
544035.4
544087.3
544092.7
544226.7
544238.6
544256.9
544313.7
544346.4
544388.6
544392.1
544403
544463.6
544467.1
544485.1
544534.5
544576.9
544591.9
544673.1
544698.8
544734.3
544794
544819.3
544839.1
544882.3
545032.5
545046.9
545082.7
545103.6
545117.4
545123.5
545171.5
545206.8
545287.4
545292.8
545420.6
545429.7
545524.3
545560.6
545573
545574.5
545641.4
545649.1
545738.5
545766.9
545789.8
545813.7
545876.5
545916.4
545961
545987.2
545991.8
545998.1
546026.6
546048.3
546139.7
546201.4
546224.7
546341.1
546367.6
546377.5
546388.7
546409
546411.5
546482.2
546607.1
548323.2
548325.7
548601.5
548620.6
548633.3
548678.2
548694.6
548742.7
548895.4
558414.5
558634.6
558871.1
558891.9
558951.6
558956.8
558965.4
558974.4
558998.8
559021.1
559066.1
559146.8
559169.5
559200.7
559399.5
559498.6
559646.1
567188.8
567482.3
567502.5
567556.1
567646.1
567667.7
567842
567926.4
567930.7
567934.1
567941.1
568006.5
569902.2
571805.2
571906.5
572087.3
572096.8
572171.8
572180
572188.8
572193.3
572213.7
572270.8
572281.3
572290.6
572355.1
572361.9
572466.9
572468.7
572620.9
572672
572900.4
573234.4
573540.1
573548.6
573826.6
573826.8
573931.5
574008.7
574047.7
577664.4
577678.8
577688.9
577772.1
577784.5
577847.4
580856.5
580913.9
588254.3
588279.6
588379.3
588443.4
588609.1
588687.9
588725.2
588772.8
588926
588989.4
589049.4
589056.2
589111.8
589134.7
589354.8
590694.8
590814.7
590963.8
593951
594013
595695.3
595890.1
596007
598216.6
598987.7
