43.4
69.9
117.4
177
229.7
295.6
302.9
322.2
324.8
366.7
475.4
555
567.9
584.4
598
646.4
714.3
723.8
800.5
810
869.2
1059.2
1197.2
1237.4
1245
1289.4
4499.2
4589.2
4593.8
4661.7
4677.1
4696.7
4699.7
4751.5
4795.7
4863.2
4867
4909.9
4916.7
4944.3
4948
5036.3
5050.4
5052.6
15999.3
16244.9
16364
16433.9
16551.7
16616.4
16653.6
16693.1
16736.8
16788.6
16815.5
16886.3
16903.9
16916.1
16934.2
16962.7
17071.7
17116.9
17190.6
17196.6
24551.4
29538.4
29995.1
30051.2
30071.2
30130.8
30305.9
30741.7
31044.4
31046
31205.8
31239.2
31266.5
31341.6
31601.7
31605.9
31750.9
31811.1
31817.4
31873.3
31936.6
32026
32139.9
32162.9
32220.9
32227.4
32324.4
32403.4
32426
32476
32476.2
32521.9
32534.3
32538.9
32642
32660.5
32672.2
32691.6
32701.7
32705.9
32712.2
32713.7
32737.1
32778
32802.7
32809.1
32830.7
32856.2
32858.2
32895.7
32953.3
32957.6
33036.2
33061.4
33065
33086.7
33104
33160.8
33258.6
33322.1
33343.2
33373.4
33435.8
33453
33524.8
33564.3
33588.2
33610.4
33620.3
33650.2
33656.4
33691.7
33692.8
33708.7
33776.1
33800.2
33804.7
33904
33923.2
33967.5
33967.8
34080.6
34143.8
34184.1
34197.2
34304
34697.8
38987.6
39026.3
39127.3
39195.3
39231.2
39247
39383
45296.3
46000.4
46057.3
46066.5
46106
46115
46191.4
46198.6
46199.9
46200.3
46236.6
46244
46244.4
46249.7
46263.4
46314
46403
46465
46527
46570.2
46579.6
46589.1
46624
46634.1
46655.8
46680.1
46700.8
46701.6
46724.1
46726.8
46793
46921.9
46930.7
46947.6
46971.4
46971.7
46987.4
47002.4
47038.2
47162.3
47244.7
47357.7
47419.1
47850.2
47883.6
47955
48007
48008.4
48154.5
48512.9
48555.9
48613.6
49193.3
49337.8
49407.3
50547.9
60311.7
60608
60722.1
60800.3
60820.6
60941.8
60948.4
61075.6
61161.6
61211.6
61219.8
61647.3
61751.2
62063.6
62331.9
62371.7
62559.1
62740.7
62887.6
62929
74023.3
74103.1
74231.1
74315.6
74438.6
74654.7
74658.6
74708.4
74833.1
74842.4
74857
75158.3
75159.1
75235.9
75291.3
75301.3
75389.5
75447.6
75456.8
75513.4
75516.6
75542.4
75583.3
90958.2
91175.3
91219.3
91347.5
91496.6
91638.4
91749.7
91813.5
91882.9
92034.2
92093.3
92136.3
92154.9
92215.6
92543.4
93120.9
95427.6
95549.2
96169.2
96793.7
99200.7
99280.4
100140.3
100368.6
103391.1
103708.3
103783
103993.3
104390.4
104427.7
104480.4
104656.3
104758.2
104869.4
104891.4
104963
104974.3
104987.6
105032.2
105194.2
105213.6
105225.4
105234.6
105274.4
105307
105406.1
111355.8
111368.9
111466.1
111508.1
111561.7
111601.3
111607.1
111687.1
111719.5
111726.1
111758.1
111780.4
111851.7
111987.8
112051.1
112091.7
112149.1
112225.9
112421.8
112426
112453.7
112477.5
112529.9
112617.8
112623.1
112655.7
112688
112792.2
112828
112897.3
112965.5
112976.1
169537.4
170036.3
170223
172350.4
172476.1
172486.1
172673.2
172724.2
172724.9
172777.3
172804.8
172897.1
173256.1
178138.9
178205.5
178565.1
181548.5
182647.6
182658.9
182922.3
182976.8
183000.8
183061.3
183076.5
213833.5
213905.5
214076.3
214138.1
214163.9
214307.8
219504.6
219655.2
220296.6
220675.1
220943.1
221177.7
221188
221228.3
221369.3
221393.5
221435.5
221540.4
221633.7
221719.9
221751.4
221767.8
221772.4
221814.1
222338.9
224122
224429.5
224460.7
227268.8
229575.4
230038.8
230046.2
251020.7
252062.2
252064.7
252154
252302.6
252359.7
252424.2
252588.1
252637.1
252738.8
252897
252951
252964.8
252993.8
253005.6
253020.8
253091.4
253126.8
253214.8
253272.8
253299.6
253401
253531.8
253576.9
253610.2
253610.4
253662.2
253671.5
253689
253714.4
253799.5
253848.2
253866.7
253874.3
253910.4
253989.3
254054.6
254062.5
254239.9
254248.4
254269.7
254282.8
254324.4
254360.5
254414.5
254446.2
254570.7
254600.5
254601.7
254640.2
254697.1
254843.7
254846.6
254885.7
254893.6
254957.5
255009.4
255067.4
255230.1
255230.9
255279.7
255289.5
255418.8
255420.1
255429.6
255442.8
255457.9
255661.5
255667.5
255872.9
255880.4
256224.7
258383.3
263411.3
263613.8
263621.2
263684.8
263853.4
263878
263908.1
263955.5
263992.1
264012.8
264093.3
264105.8
264151.7
264218
264270
264278.2
264357.3
264427.6
264438.8
264470.2
264472.6
264600.8
264653.9
264676.3
264771.3
264806.9
264833.3
264842.2
264854.4
264909.5
264950.4
264959.8
264975.3
265071.6
265096
265125.2
265147.5
265182
265186.7
265211.5
265242.5
265283.2
265293.1
265357.1
265440.9
265472.8
265511
265585.3
265815.9
265926.8
265949.7
266157.4
266184.1
266185.6
266221.8
266291.4
266343
266410.7
266416.2
266427.1
266455.2
266605
266704.7
266723.8
266950.7
266967.1
267204
267319.6
267373.9
267398
267658.1
267713.6
267782.1
267926.7
267970.8
268138.8
268479
280289
280385.3
282452.2
282468.6
282469.7
282507.5
282536.3
282583.8
282759.4
282796
282800.7
282902.6
282967.1
282985.1
282991.6
283024.4
283119.6
283259.1
283445.7
283705
283832
284459.5
284493.2
284583.7
284584.5
284803.7
284869.6
285109.3
285237
285304
285312.2
285320.1
285328.4
285341.9
285385.9
285386.4
285479.5
285712.2
285763.7
285814.3
285838.6
285874.1
285910.6
285976.4
286003.1
286012.6
286287.7
286335
286411.2
301418.5
301720.9
301756.5
303050.2
312668.4
312679.7
312847.7
312974.9
313141.2
313208.5
313222.4
313302.6
313380
313395.5
313433.5
313436.3
313463.7
313504.3
313515.5
313516.4
313569.5
313618.2
313660.4
313685.4
313704.1
313751.8
313812.1
313856.4
313883.1
313897.1
313971.7
313975
313990.7
314137.9
314169.4
314184.1
314239.9
314265.2
314396.1
314405.7
314415.2
314533.4
314623.9
314718.6
314791
314865.7
314869
314931.8
315160.8
315222.6
315266.6
315450.8
315479.2
315561.2
315602.4
315603.6
315623.9
315656.3
315662.9
315669.3
315720.7
315843.4
315907
315911.2
315940.8
316032.6
316096.1
316190.8
316301.3
316350.6
316509.6
316566.5
316573.7
316685.4
316781.1
316831.9
317085.2
317104.2
317183.7
317242.1
317246.7
317261.4
317322.4
317439.9
317555.6
317629.9
317636.4
317676.4
317755.9
317824.8
317877.5
317950.9
317986.8
318000.5
318074.6
318077.7
318105
318132.9
318521.3
318521.9
318663.9
318705.5
318760.4
318789.2
318798.7
318928.2
319042
319046.2
319234.2
319316.9
319417.4
319456.3
319531.5
319605.2
319665.3
319867.3
320092.3
320106.7
320135
320162.5
320289.6
339069.9
339473.9
339507.1
339818.9
340106
340144.1
340169.9
340175.8
340188
340304.9
340382.2
340404.1
340421.6
340546.2
340575.8
340607.1
340711.8
340740.1
340789.8
340804.7
340853.7
340881.7
340899.6
340917.7
340938
340942.6
340946.9
341048.7
341056.3
341072.5
341105
341111.3
341256.7
341310.1
341316.9
341369.3
341436.8
341469.5
341515.1
341551.6
341580.6
341599.6
341680.9
341693.6
341712.7
341773.2
341806.5
341895
341922
342122.9
342152.3
342175.2
342199.4
342278.7
342343.5
342561.7
350900.5
350983.9
351133.7
351333.9
351386
351398.8
351481.9
351482.8
351584.7
351702.5
351786.1
351836.2
351864.9
352047
352061.5
352077.1
352083.2
352159.6
352213.4
352310.2
352327.6
352402.4
352403.4
352430.6
352437
352439
352508.7
352571.6
352579.4
352589.4
352606.6
352629.1
352676
352736.3
352854.9
352949.5
353199.3
353207.8
353297.7
358397.8
364310.1
372928.8
373117.5
373410.1
373505.3
449452.8
449465.1
449712.9
449773.6
449895.3
449975.2
450170.3
450244.4
450390.3
450582.4
450665.9
450709.7
450709.9
450752.7
450824.1
450849
450889.1
450954.1
450962.7
458135.3
458875
458976.4
459191.3
459204.5
459211
459246.3
459307.1
459332.8
459439.3
459503.3
459573.5
459619.9
459622.3
459622.9
459660.9
517249.9
518048.1
520474.6
521250.8
521470.1
521770.7
522099.4
522222.5
522501.4
522819.6
523451.2
523456.3
523513
524188.3
533225.8
533624.7
533632.6
533808.9
534007.4
534112.8
534139.7
534141.5
534212.2
534275.8
534379.6
534380.6
534584.5
534588.8
534613.9
534797.4
534898.7
541375.6
541525.9
541590.8
541616.8
541674
541938.7
541972.1
541999.7
542040.6
542151.9
542228
542385.6
542437.5
542762.5
542820.7
542879.6
542969.7
543010.2
543042.1
543118
543131.3
543332.5
543412
543424.8
543427.1
543532.4
543626.5
543754.8
543761.2
543773.8
543849.7
543853.7
544042
544116.4
544175.7
544327.3
544344.5
544432.1
544433.3
544436.5
544499.9
544512.7
544522.4
544528.2
544669.1
544764.3
544821.7
544871.9
544874.6
544961.7
545084.5
545240.2
545298.3
545514.3
545528.9
545532.3
545539.4
545610.1
545629.1
545903.1
545951.1
546047
546066.5
546103.3
546453.5
546596
547521.9
547659.9
552550.6
552647.5
552929.4
553212.7
553229
553240.4
553283
553322.4
553345.5
553435.6
553519.9
553562.2
553629.7
553633.5
553636.9
553650.7
553812.6
553821.4
553884.2
553969.9
554027.9
554162.1
554162.9
554307.1
554359.8
554452.6
554471.3
554493.7
554547.8
554589.6
554625.1
554818.8
554821.4
554852.7
554876.5
554882.2
554929.6
554984.3
555119.9
555126.4
555213.7
555236.2
555264.1
555282.4
555320.1
555344
555364.2
555445.3
555456.9
555540.3
555551.7
555557.3
555581.8
555588.3
555601.2
555626.1
555656.5
555677.8
555848.8
555891.7
555918.9
555960.1
556019.6
556065.9
556171.9
556198.1
556242.7
556257
556260.4
556278.4
556310.5
556357.1
556377.3
556392.2
556397.8
556408.6
556450.1
556569.3
556613.4
556613.9
556635.2
556638.1
556653.6
556703.1
556771.6
556821
556998.7
557055
557122.9
557126.8
557138.2
557148.4
557273.1
557373.3
557457
557503.5
557528.5
557590.4
557617.4
557633.3
557642.4
557659.1
557689.3
557705.3
557726.2
557766.3
557924.1
557959.9
557996
558079.7
558109.5
558207.7
558233.7
558264.1
558267
558277.4
558346.2
558424.3
558439.8
558513.3
558534.8
558716.4
558816.8
558995.2
571145.2
571331
571415.2
571535.6
571648.3
571661
571675
571697.1
571717.7
571778.4
571779.9
571812.2
571820.4
571857.4
571870
572109.4
572176.4
572217.7
572405.6
572513.1
572543.5
572770.2
572783.6
572827.6
573569.8
573580
573603.7
573616.1
573970.4
574011.9
575727.9
587250.5
587849.3
588045
592571.7
593563.8
594129.4
