1447.2
1508.1
1532.5
1563.6
1668.7
1684.7
1698.9
1700.2
1760.6
1844.3
1904.2
1916.2
1918.3
1965.8
2033.3
2630.6
2702.9
2733.5
2951.3
3013.2
3120.5
3610.2
3760.4
4017.8
4042.6
4107.4
4197.3
4220.5
7959
7975.4
8477.6
8522.1
8530.1
8533.6
8795.9
9047.3
9149.3
9155.8
9188.3
9416.8
9602.8
9719.6
9908.3
10019.4
10088.5
10122.1
10177.2
10288.6
10313
10596
10604.8
10802
10891.3
12572.2
12752.9
12764.6
12842
12850.5
12910.3
12937.6
12971.6
13070.4
13084.3
13157.6
13231.8
13343.7
13563.1
13667.6
21095.2
21118.4
21161.9
21166
21171.2
21240.7
21259
21310.5
21347.7
22859.1
34266.1
34286.3
34496.5
34548.4
34605.8
34648.9
34703
34738.7
34762.3
34850.8
34947.2
34999.3
35041
35162.4
35253.8
35412.6
35429.6
35468.6
36319.9
36416.6
36416.9
36512.5
37509.7
37540.1
37600.7
38005.7
38051.4
38132.7
38152
38313.6
38329.7
38337.9
38565.9
40212.6
40288.4
40297.5
40399.7
40445.7
40580.9
40613
40646
40664.2
40710.8
40755.8
40826
42286
42304.8
42315.7
42342.2
42440.4
42589.8
42591.4
42819.9
44306
44479.2
44495.5
44504
44509.4
44523.5
44637.7
44675.5
44735.2
44796.9
44911.4
44924.1
44957.9
44976
45026.6
45079
45081.4
45195.9
45205.8
45305.7
45418
45451.4
48878
48951.4
49237.2
49275
49347
49485.6
49533.3
49577.7
49649.3
49680.7
49764.1
49767.1
49786.2
49788.2
49829.8
49859.8
49890.6
49983
50061
50183
50238.8
51185.6
51266.9
51339.4
51406.2
51412.9
51422.4
51437.2
51512.3
51595.2
51780
51872.1
51896.2
52081.6
52129.3
52173
54443
55390.2
55472.5
55530.2
56357.1
56369.3
56420.3
56437.2
56477.6
56532
56912.5
60327.7
63124
63236.6
63293.2
63313.5
63343.7
63442.8
63531.6
63627.5
63634
63880.9
69232.6
69393.2
69400.1
69426.1
69462.6
76079.8
76124.9
76175
76181.1
76286.2
76296.4
76413.3
76504.6
76506.3
76840.9
76849.9
85316.6
85757.4
86251.9
86512.5
86690.4
86742.3
86759.6
86894.9
86976.8
87001.1
87068.1
87071.7
87175
87214.1
87224.7
87291.2
87312
87448.8
87495.3
87513.5
87534
88532
89094.6
90237.6
90512
90552
90706.9
90859.5
91049.3
92388.3
92428.7
92731.5
92760.6
92773.3
92817
92873.5
92877
92928.2
93245.9
93248
94239.4
94762.5
95219.8
96929.9
97499.8
97874.3
99855
99867.3
99893
100111
100499.5
100543.6
100816.4
101002.6
101160.5
106134.8
106397.5
106545.7
106617.3
106622.3
106708
106742.1
106780.9
106820.8
106981.3
107939.1
108098.6
108622.6
109112.2
109314.5
109625.3
110898.7
110938
110945.9
111000
111085.9
111103.4
120728.1
121221.6
121323.5
121735.8
123606.1
123712.5
123777.1
124133.4
124475.8
128096.1
128250
128389.9
128428.9
128434.7
128444.9
128491.4
128500.7
128504.9
128509.1
128536.3
128550.4
128561.9
128584.9
128654
128680
128699.4
128810.7
128890.3
128948.7
129032.5
129035.1
129531.6
129854.4
129883.6
130022.1
130137.8
130161.9
130181.1
130269.4
130341.1
130351.9
130438.2
130981.1
131520.5
134670.4
136740.1
140156
140425.6
140491.8
140749.5
140822.9
140860.9
141024.5
141056.2
141075.7
141118.6
141136.7
141138.9
141145.1
141387.6
141502.6
141509.5
141538.3
141573.6
141665.8
141674.8
141711
141760.4
141764.9
141773.8
141825.2
141950.6
142197
142312.7
142424.2
142464.4
142508.2
142534.5
142585.1
142675.2
142951.8
143218.5
143280.9
143413.5
143450.3
143530.5
143617.8
143671.1
143765.8
143822.4
143953
143957.7
144026.2
144135.8
144213.1
144230.4
144291.4
144326.8
144369.7
144428.3
144430.9
144511.4
144515.6
144591.4
144600.3
144717.6
144799.1
144813.6
144959.6
145009.3
145057.3
145411.2
145428.1
145517.5
145744.4
145755.4
145909
146032
146114.8
146156.3
146187.5
146222.9
146233.2
146316.1
146617.6
146640.1
146663.4
146715.8
146742.9
146760.6
146887.3
146936.8
147068
147164.8
147207.3
147463
147472.1
147473.9
147637.1
147699.1
148142.9
148305.6
148394
148415.5
148424.3
148578.3
148620.6
148756.8
148758.3
148826.8
149220.6
149227.8
149240.9
149619.9
149642.9
149649.5
149716.2
149789.6
149797
149829.5
149892.3
150150.9
150271.8
150534.3
150595.6
150603.7
150731.5
150859.9
150886.6
151023.5
151053.4
151094.2
151153.4
151174.6
151492.1
151527.6
151562.7
151654.6
151989.2
152123.5
152618.7
152744
152758.5
152906.4
152998.5
153007.2
153012.7
153633.5
153671.7
153703.2
153760.4
153763.9
153832.7
154023.3
154255.7
154279.1
154628
154760
154927.1
154979.9
155058.3
155123.1
155132.1
155177.1
155252.2
155350.4
155450.7
155473.9
155495.7
155812.6
155898.7
155959.9
155999.9
156032.5
156150.6
156181.6
156276.5
156377.2
156538
156704.8
156730.2
157055.6
157076.4
157630
157639
158184.8
158249.1
158380.7
158695.9
158710
158898.1
158994
159111.6
159117.6
159138.2
159146.2
159396.8
159409.8
159618.4
159893.1
159899.9
159973.4
159976.7
160066.8
160099.7
160129.3
160171.8
160187.4
160207.8
160212
160504.1
160536.7
160572.1
160659.5
160680.2
160744.1
160758.7
160876.4
163010.8
163035.8
163185.7
163224.4
163269.5
163300.3
163396.1
163397.9
163419
163531.6
163632
163647.2
163652.4
163740.1
163785.4
163845
163848.2
163860.9
163974.9
163981.6
164209.9
164346
164349.2
164393.1
164398.2
164420.8
164471.8
164604.4
164677
166144.1
167108.1
167217.9
167252.7
167268
167301.6
167317.1
167341.3
167342.8
167380.6
167381.4
167404.8
167430.5
167454.3
167667.5
167675.6
167709.8
167849.4
167892.2
167952.4
168011.5
168126.6
168189.9
168359.7
168424.2
168559.3
169962.2
170583.5
170811.7
170829.2
170838.4
170846.8
170891
170964.5
170984
171083.5
171398.7
171465.6
171590.1
171622.8
171635.7
171811.6
171840.8
171965.7
172071.6
172244.2
173797.3
173873.2
173939.4
174032.5
174147.7
179090.8
179161.6
179275.2
179312
179357.3
179362.5
179375.4
179397.4
179465
179570.8
179624.7
179640.2
179642.4
179708.1
179748.4
179812.1
179887.1
179892.2
180242.9
180435.5
180566.1
180638.1
180687.5
180794.7
181107.3
181147.8
181187.1
181233.9
181288.4
181485.3
181511.7
181591.1
181592.7
181617.4
181640.1
181718
181727.1
181753
181782.3
181802.2
181847.4
181891.2
182014.3
182059.5
182125.8
182305.9
182322.8
182532.5
183562.7
183650
183653.8
183727.8
183757.5
183855
183856.4
183930.5
183946.8
184090.8
184131.1
184234.9
184262.2
184367.8
184432.5
184436.8
184448.4
184653.1
187678.1
188064
188106.8
188472.3
188493
188498.9
188709
188733.8
188745.7
188814.6
188845.8
188878.2
188957.1
188999.7
189009.9
189036.2
189043.6
189061.6
189133.1
189158.8
189165.1
189176.1
189296.9
189298.6
189390.9
189463.4
189489.7
189554.5
189578.1
189640.5
189652.1
189874.2
190741.8
190802
191844.3
194332.2
195840.3
195993.4
196260.4
196579.1
196731.1
196871.8
197050.2
197076.9
197204.2
197229.4
197337.2
197411.9
197445.9
197563.2
197586.8
197608.4
197692.2
197971.3
198075
198270.9
198487.1
198571.2
198610.5
198714.5
198720
198836
198875.1
198927.6
199096.5
199139.9
199171.7
199205.5
199225
199405.9
199432.7
201072.5
203699
205324.7
205859.8
206308.5
206805.6
210175.3
210270.3
224899.8
225049.6
225292.1
225301.2
226181.5
226447.5
226600.6
226922.2
227021.6
227060.5
227070.5
227113
227147.2
227201.9
227282
227284
227341.8
227352.2
227400.3
227419.7
227516.7
227561.3
227600.1
227708.5
227716.1
227960.2
227998.4
228084.1
228150
228466.3
228848.9
229095
230286.6
230314.3
230341.2
230397.8
230466.1
230595.6
230689.5
230964.1
230978.9
230985.2
231195.3
234301.5
234825.8
235102.7
235202.7
235520.1
235973.3
235979.2
236107.1
236173.1
236327
236349.9
236397.6
238225
238979
238998.7
239016.8
239088.6
239150.4
239179.1
239276.4
239303.7
239314.3
239315
239317
239516.2
239662.1
239741.8
239755.7
239797.1
239939.7
240051.4
240116.9
240217.7
240445.6
240672.2
240727.7
240963.6
241085.7
241112.2
241167.2
241218.2
241299
244296.9
244326.1
244386.6
244436.5
244595.6
244627.2
244668
244707.3
244831.8
244875.5
244988.5
245272.6
245530.8
246019.2
247290.8
247480.8
247633.6
247676
247959.4
248332.9
249956.8
250113.1
250393.2
256062.1
256191.2
256269
256288.4
256381.8
256388.2
256463.6
256484.8
256538
256545.8
256599.8
256610.4
256657.4
256665.1
256671.2
256672.6
256729.1
256738.7
256757.4
256837.7
256853.4
256909.7
256945.6
257009.9
257020.6
257070.5
257091.3
257134.6
257141.6
257161.6
257232.5
257266.4
257320.9
257362.2
257475.4
257494
257524.6
257618.5
257665.5
257701.3
257701.4
257743.4
257754.4
257782
257913.7
257916.8
257933
257948.5
257991.5
258137.1
258162.9
258216.2
258218.4
258225.7
258266.8
258276.6
258293.3
258304.8
258356.7
258395.8
258409
258503.2
258608.3
258708.3
258725.5
258752.5
258837.9
258869.2
259037.9
259649.8
260168.7
260370.3
260545.1
260733.8
260816.2
261034.4
261131.9
261165.1
261256.2
261357.3
261730.1
261903.3
262970.3
263109.6
263110.7
263242.8
263279.6
263588.2
263623.7
263671.8
269547.4
269643
269649.2
269675.9
269681.3
269707.8
269772.6
269804.1
269997.7
270021.1
270021.2
270114.7
270126
270190.8
270199.7
270469.2
278284.5
280035.3
280295
280611.5
280656.4
280707.3
280808.3
280820.9
280828.4
280892.9
280959.9
281020
281135.6
281137.7
281165.5
281250.2
281268.9
281336.8
281338.9
281344.7
281376.6
281397.9
281466.8
281518.9
281580.1
281781
281816.6
281839.4
281842.6
283249.5
284134.5
284426.4
284805.8
286710.1
286772.7
286837.7
286849.1
286885.5
286908
286941
287037.4
287101.2
287151.9
287183.6
287186.5
287251.6
287279.1
287288.6
287354.9
287437.4
287602.3
287626.8
287813.2
287989.5
294666.9
295021.5
296549.9
296652.4
296701.7
296969.6
296970.6
296990.5
297161.5
297270.3
297326.7
297343.7
297430.1
297498.6
297610.1
297623.5
302695.8
302762.1
302827.9
302853.5
303149
303223.5
303387.8
304752.7
304875.9
305160.5
305179.2
305299.9
306136.5
306309.2
306538.4
306698.3
306789
306800.7
307335.8
307484
307530.5
307537.5
307639.4
307668.9
307893.5
308131.5
308229.1
308398.6
308468.5
308470.2
308687.1
308699.9
327338.8
327867
329990.8
329998.3
330085.3
335232.6
335421.7
335495.6
335552.7
335573.7
335822
335826.7
335976.7
336204.7
336396.6
337958.9
342380.1
343023.8
343238.5
343389.8
343416.3
344749.7
346596.1
346701.2
346921.1
347484.6
347724.5
347933.4
347954.5
348054.2
348154
348240.4
348312.4
348339.6
348372.5
348447.5
353328.2
353361.5
353430.6
353457.5
353507.5
353513.3
353546.6
353567
353596.5
353613.4
353625.4
353692.6
353710
353714
353721.7
353741.1
353759
353794
353814.8
353907.5
353941.4
353975.9
354022.6
356049.6
356206.2
356235
356510.3
356523.5
356536.4
356581.9
356920.6
356954.1
357054.2
357059.5
357239.3
357452
357780.4
357978.1
358152.9
358391.1
358500.8
358741.4
358770.7
358862.4
359200.5
359478.1
359573.3
359874.4
359983.6
360096.8
360256.7
360323.1
360549.8
360644.1
360655.8
360674.1
360713.6
360775
360806.2
360870.9
360974.8
361179.3
361268.4
361287.8
361416.9
361504.4
361761.4
361952
362160.1
362165.4
362208.7
362272.2
362286.9
362351.8
362378.1
362497.8
362650.7
362705.2
362717.5
362717.7
362763.4
362847.7
362924.8
362967.3
362971.9
363001
363029.6
363076
363251.2
363389.9
363465.1
363683.6
363715.7
363928.4
364056.6
364240.2
364272.1
364275.6
364298.1
364425.5
364426.4
364431.5
364438.4
364549.6
364553.4
364607.4
364657.1
364668.1
364716.4
364845.3
364857
364949.6
364968.7
365037.4
365048.6
365327.6
368768.5
369835.8
370284.7
370964.7
371141.2
371377.9
371401.1
372568.8
372579.6
372708.7
372751.1
372857
372873.5
373919.1
373988.7
374015.1
374023.7
374027.8
374030.8
374033.2
374043.1
374122.2
374140.7
374205.9
374238.3
374571.3
375869.5
376038.2
376109.8
376171.6
376243.5
376397.9
376403.7
376500.8
376523.2
376544
376707.8
376780.1
376818.4
376859.9
376943.4
377100.6
377138.4
377205.3
377215.3
377292.6
377389.2
377572.6
377585.1
377674.2
377831.1
377908.1
377972.3
377984.5
378113.4
378303.6
378353.3
378435.1
378491.9
378632.3
378756
378789.9
378834.7
378835.5
378906.5
379030.8
379315.5
379333.4
379463.5
379473.3
379622.8
379752.5
379887.2
379968
380032.6
380057.8
380085
380191.5
380254.6
380264.4
380396.4
380470
380525.2
380635.3
380797.3
381171.5
381364.4
381380
381415
381431.2
381480.2
381559.5
381587.2
381600.4
381688.8
381918.8
381987.7
382007.2
382127.6
382240.7
382249
382255.3
382267.3
382292.3
382309.6
382311.4
382324.1
382371.3
382371.5
382473.6
382510.3
382591.9
382714.5
382730.6
382772.7
382779.2
382806.9
382815.8
382822.2
382830.2
382919.8
383009.2
383030.3
383102.4
383135.2
383136.5
383163.8
383234.7
383253.5
383261.5
383305.6
383336.3
383346.2
383349.9
383392.1
383452.5
383477.7
383599.1
383703.9
383751.2
383768.8
384004.5
384293.6
384296.6
384407.4
384453.9
384643.1
384671.2
384844
384886.1
384891.2
384989
384996.2
385042.7
385132.7
385193
385308.8
385517.7
385629.1
385663.4
385710.7
385710.8
385721.3
385743.2
385779.4
385847.3
385849.7
385855.6
385875.2
385890.4
385895.7
385900.5
385925.8
385963.2
385995.9
386020.5
386075.2
386111.8
386159.9
386265.1
386312.6
386341.5
386476.9
386482.3
386532.7
386579.9
386615.6
386640.2
386650.7
386657
386669.1
386773.6
386779.4
386785.8
386903.8
386906.2
386933.4
386946
386966.8
387008.2
387083.5
387154.3
387182.8
387185.5
387277
387308.3
387378.7
387413
387493.5
387521.7
387559.6
387564
387630
387637.4
387682.5
387725.7
387741.3
387798
387831.5
387837.4
387864
387874.1
387915.5
387958.1
387972.5
387999.3
388038.5
388040.5
388182.7
388184.4
388248.7
388250.9
388460.9
388464.3
388498
388519.9
388526
388583.9
388596.7
388599.1
388621.1
388625.1
388680.5
388771.6
388857
388857.9
388872.5
388884
388899
389012.4
389148.1
389156.3
389163.3
389220.9
389278.5
389279.4
389298.8
389342.4
389347.2
389356.2
389375.4
389460.3
389941.5
390420.9
391370.8
391457.8
391769
392293.6
392437
392619.6
392759.5
392776.4
392896.4
392942.8
392973.4
393036
393095
393116.1
393148.8
393181.2
393216.9
393218.2
393438.7
393552.5
393676.5
393915
393986
393988.4
394087.5
394225.1
394238.3
394254.9
394346.8
394355.5
394424.3
394445.3
394554.7
394601.9
394647
394803.7
394875.2
394943.5
394982.6
395122.8
395324
395354.6
395531.6
395677.7
395681.3
395905.5
396010.9
396210.2
396243.6
399456.6
399792.5
399812.2
400001.1
400075.1
400100.4
400155.2
400222.1
400233.9
400362.1
400409.2
400549.3
400658.3
400698.3
400778.4
400922.4
400952.7
400993.4
401107
401188.1
401224.9
401236.1
401317
401394.5
401400.7
401484
401516.1
401564.9
401828.1
401834.7
401995.1
402004.6
402007.5
402016.6
402068.8
402134.1
402139
402190.1
402269.8
402351.2
403348.8
403427.2
403547.4
403547.7
404201
404215
404511.4
404987.6
405056.7
405155.1
405204.1
405299.1
405306.9
405316.4
405635.4
405841.2
405879.8
405912.2
405937.7
405946.4
405967.7
406022.8
406120.8
406144.9
406148.4
406259
406284.1
406326.2
406356.5
406365.2
406425.2
406556.6
406565.9
406566.2
406566.9
406591.6
406592.3
406611
406642.4
406649.7
406675.5
406714.6
406755.5
406780.6
406787.8
406820.9
406849.9
406884.9
407014.2
407152.4
407244.9
407259.1
407281.6
407297.5
407333.4
407342.9
407369.5
407378.4
407414.6
407422.8
407439.3
407562.2
407626.9
407642.3
407650.9
407696.3
407734.8
407855.4
407862.3
407971.4
407972.6
408087.7
408145
408171.7
408188.2
408220.6
408323
408387.9
408412.3
408422
408503.5
408578.2
408589.8
408591.3
408602
408639.2
408657.8
408686.6
408792.5
408821
408845.8
408929.3
408956.2
408960.9
408981
409029.5
409147.8
409150.1
409188.3
409299.4
409337.6
409391.1
409488.9
409507.4
409547.8
409563.6
409588.8
409671.1
409758
409763.3
409798.2
409850.4
409903.6
409910.6
409914.1
409914.5
409919.8
409933.1
409945.1
409956.4
410028.7
410064.8
410222.5
410226.1
410259.2
410369.5
410407.6
410433.4
410581.9
410599.6
410625.2
410634.3
410661.2
410737.2
410746.7
410774.5
410799.5
410886.9
410891.8
410906.6
410922.6
410944.1
410949.4
410992
411077
411154.8
411172.1
411228.8
411229.1
411346.4
411370.9
411604.8
411682.4
411804.5
411895.5
411957.8
411998
413220.8
415234.7
415454.3
415868.8
416100.1
416130.2
416148.2
416326.2
416354.8
416392.2
416548.6
416609.1
416750.3
416760.7
417025.5
417060.8
417435.3
417466.9
417507.6
417583.6
417658.6
417753.3
417826
417955.8
418141
420136.4
422981.4
423783.6
424307.4
424357.1
424365.6
424779.6
424796.7
424917.8
425897.2
426097.1
426143.2
426163
426231.3
426237.3
426263.7
426596.7
426695.3
427887.3
427887.7
427896.6
427937.7
428287
428358.5
428501.3
433498.2
434999.7
435728.8
437423.6
441765.5
441976
442268.6
442709.8
442735.3
442801
443024
443323.6
443435.7
443593.7
443799.3
444375
444446.7
448846.4
448938.9
448950.7
448963.8
449017.9
449029.6
449275.7
449283.6
456661
457191.7
457215.6
457235.1
457260.5
457342.6
457409.9
457439
457467.3
457470.5
457672.9
457701.1
458373.7
462565.6
462773.9
462847.7
462850
463103.8
463255.1
463529.1
466072.5
471950.6
472648.2
472939.5
473129.7
473272.7
473518.8
473533.3
473535.1
473619.2
473893.7
473928.6
473969.2
474032.4
474035.2
474353.6
474507.4
474521.3
474543
474850.8
474878.6
475018.2
475355.5
475442.2
475515.2
475606.2
475749.3
475815.8
475854.4
476142.4
476516.2
476562
476587.7
476603.5
476658.1
476750.1
476945.4
477046.4
477322.6
477396.4
477507.3
477736.3
477827.3
477957.2
478174
478298.3
478351.3
478634
478738.7
478844.5
479100.8
479123.9
486282.2
486307.4
486381.9
486497.9
486582.8
486604.3
486639.6
486649.1
486851.3
486870.1
486880.6
487096.3
487239.7
487411.5
487420.8
487616.9
487873.8
487922.7
487969.4
488049.4
488112.7
488158.3
488241.8
488284.5
488573.3
488576.9
488606.8
488644.2
488656.1
488722.1
488811.5
488818.2
488880.5
488905.2
488927.2
489081.5
489153.6
489214.2
489222.4
489243.1
489303.7
489335.6
489343.6
489415.4
489422.3
489799.9
489813.5
489830
489945.1
490010
490061.1
490235.9
490352.4
490359.6
490433.8
490533.9
490575.6
490607
490777.1
490813.1
490960.1
491108.3
491262.7
491292
491297.6
491360.2
491362.4
491381.8
491395.2
491521.2
491641.7
491926.9
491960.9
491961.8
491981.5
492134.5
492160.9
492280.7
492387.5
492447.3
492569.7
492783
492826.3
492838.4
492857
493320.3
493424.2
493444.9
493572.6
493636
493942.5
493943.1
493948.4
494007.5
494182.2
494187.2
494257.4
494290.3
494346.8
494438.6
494451.6
494486.4
494574.4
494579.7
494716.6
494725.2
494857
494902.9
494972.5
495173.8
495280.4
495351.3
495381.4
495446.5
495504.9
495540.3
495688.2
495691.9
495702.2
495721.6
495740.1
495934.6
495964.1
496035.3
496051.6
496100.9
496107.9
496133.8
496311.4
496319.9
496405.4
496556.1
496578.4
496631.1
496656.8
496660.6
496672.6
496726.7
496773.6
496834.6
496927.1
496969.6
496989.9
497003.2
497183.3
497186.2
497218.8
497383.8
497430.3
497435.5
497475.9
497520.1
497574.3
497673.9
497739.7
497852.8
497989.5
498027
498094.4
498116.3
498137.2
498140.2
498358.8
498377.1
498519.8
498537.2
498709.3
498715
498846
498877.5
498904.9
498984.7
499019.1
499314
499362
499463.7
499471.5
499533.5
499599.8
499785.2
499858.5
499868.4
499891.4
499894.1
499957.8
499984.8
500115.1
500252.4
500254.6
500282.9
500340.7
500505.1
500551.8
500583.4
500595.1
500673.6
500718.7
500786.9
500810.7
500819
500825.2
500959.1
501242.6
501256.9
501368.6
501400.9
501706.8
501768.3
501770.1
501785.6
501855.2
501920.1
501922.3
501945.2
502212.6
502292.8
502354.9
502379.2
502424.4
502643.9
502654.7
502774.9
502780.1
502810.2
502838.5
502873.9
502918.6
502944.5
503020.1
503055.3
503102
503124.5
503151.8
503257
503320.9
503367.6
503375.1
503402.4
503563.7
503669.6
503752.9
503783.7
503914.8
503942.6
503963.4
504037.8
504147.5
504228
504360
504363.7
504419.3
504444.9
504517.8
504616.6
504860.3
504917.6
504922.1
504939.2
505203.1
505208.5
505257.6
505564.9
505817.1
506031.7
506088.6
506102.5
506147
506316
506322.7
506325.8
506401.7
506502.7
506541.7
506627.8
506752.8
506800.9
506830.3
506868.3
506876.8
506918.8
506932.5
507173.6
507188
507196.5
507234.3
507269.8
507386.5
507403.8
507532.5
507645.4
507662.5
507666.3
507787.2
507938.2
508968.6
516768.7
518947.2
519057.1
519233.1
519300.5
519368.3
519370.8
519589.5
519640.5
519751.1
519908.7
519963.7
520048.3
520113.6
520127.1
520174.5
520469.8
521331.5
521336.6
521409
521952.4
522110.3
522148
522342.1
523213.3
523388.5
523478.3
523561.7
523628.9
523774.7
523789
524286.4
524450
524581.7
524637.3
524647
524748
524848.2
524870.6
524949.9
524960.1
524969.5
525018.9
525025.1
525039.2
525089.3
525222.8
525257.4
525284.8
525374.1
525558.2
525564.1
525579.6
525585.4
525755.1
525759.1
525795.6
525803.5
525839
525984.1
526011.8
526043.5
526075.2
526110.5
526272.1
526402.5
532074.1
532273.7
532286
532410.3
546632.1
546864.7
548817.9
548922.7
549097.2
549280.1
549290.9
549381.6
549388.8
549399.2
549442.5
549534.5
549983.5
562397.6
563215.8
563267.1
564055.9
564287.3
568505.5
570786.5
574303.8
574343.9
574466.8
574552.8
574617.6
574622
574637.4
574690.8
574743.6
574757.8
574782.8
574890.1
574897.9
575176.3
575235
575270.3
575303
577903.9
578179.6
578542.4
578591.9
579218.3
579512.2
579616.6
579714.9
579773
579787.5
579884.9
581065.9
582696.9
583018.4
583022.6
583159.8
583184
583193.5
583280.7
583384.8
583486.4
583559.8
583563.2
583741.1
583943.3
584461.3
585299.6
589803.6
589896.9
589963.4
590035
590099.5
590216.1
590247.9
590530.9
591634.2
591791.4
591863.4
591965.4
592011.3
592019.1
592024.8
592283.6
592301.2
592304.3
592458.6
592524.7
592566.4
592572.8
592586.7
592724
592754.4
592782.4
592809.8
592851.2
592977.7
593033
593094
593161.4
593188.8
593229
593273.2
593332.9
593399.3
593423.9
593468.4
593529.7
594426.9
594453.9
594540
594552.4
594569.5
594584
594588.1
594594.6
594619.6
594641.5
596159.7
