2279.3
6845.7
6972
6986
7013.7
7026.4
7033.7
7122
7135.4
7136
7142.8
7207.5
7215.5
7394.3
7399.4
7433.1
7516.7
10981.8
11032.7
11086.6
11100.9
11123
11168.7
11174.8
11181.3
11221.1
11242.1
11271.8
11304.4
11421.9
11445.1
11468.9
11633.7
11750.1
11770.2
15131.6
19033
19058
19113.3
19286
19493.8
19788.2
19906.7
20079.4
20105.4
20330.5
21284.3
21613.1
21703
21751.8
21963.2
22032.7
22065.5
22118.4
22169.9
22225.2
22334.6
22361.6
22384.5
22399.9
22452.3
22720.3
23108.6
27787.8
38317.7
43274.2
43354.5
43389.5
43419
43447.3
43565.7
43687.3
43746.4
43792.7
43854.2
43911.2
43915.7
43919.2
43920.3
43930.8
44035.5
44085.5
44123.4
44183.7
44317.3
44332.4
44448.1
44553.7
52299.4
52347.2
52365.7
52417.5
52550.9
52594.7
52604.9
52668.3
52678.4
52737.9
52750.4
52750.5
52769.3
52952.3
53116
53139.2
53227.2
53232.7
53308.4
53326.4
53367.2
53368
53391.3
53418.9
53462.2
53673.4
53799.4
53844.6
54028.7
54190.3
54261.4
54305.9
54308.1
54355.8
54400.2
54580.5
54628.5
54674.9
54692.3
54738
54805.5
54845.9
54938.9
54950.9
55030.2
55063.9
55083
59762
63489.3
63491.6
63630.2
63775.6
63994.8
63995.5
63995.6
64014.1
64138.8
64183
64222
64241.8
64316.9
64363.7
64438.9
64555.9
64589.7
64663.9
64690.7
64731.9
64796.9
65018.3
65079.1
65096.4
65149.5
65178.2
65479.8
65607.3
68728.3
68737.5
68738.3
68849.9
68968.7
69077.3
70494.9
70554.2
70672.9
70677.9
70781.7
70818.3
70826.7
70915.5
70919.4
70947.1
70973.4
71034.2
71146.1
71147
71194.4
71196
71215.4
71257.1
71312.2
71539
71606.1
71682.5
71704.3
71709.8
71740
71985.2
72187.2
73408.6
78269.5
78360.1
78451.1
78502.3
78528.4
78585.1
78648.9
78676
78716.7
78740.1
78748
78748.5
78867
78873.4
78981.6
79008.1
79041.1
79065.7
79267.9
79344.2
79379.7
79382.6
79427.8
79521.9
79555
79620.4
79667.3
79709.6
79715
79738.1
79764.3
79799.8
79859.5
79892.1
79950
79971.4
79976.1
80002.2
80050.8
80052.2
80126.8
80145.3
80149.4
80174.7
80184.8
80204.6
80342.2
80360.7
80398.8
80495
80510.9
80518
80518.9
80543.6
80548.6
80657.1
80658.3
80676.1
80687.4
80752.8
80787.2
80799.2
80844.8
80921.4
81019.8
81055.3
81122.9
81154.2
81223.2
81250.9
81326.4
81328.7
81343.2
81359.1
81430.4
81488.7
81494.9
81498.4
81585.4
81603.8
81643.4
81712.5
81743.7
81748.1
81782.5
81814.1
81848.8
81870.7
81881.5
81898
81922
82031.5
82080.4
82132.7
82139.7
82142.3
82195.5
82217
82440.1
82600
82600.1
82611.4
82660.1
82664
82680.7
82681.2
82722.1
82754
82783.6
82829.3
82832.1
82864.1
83025.1
83035.4
83048.8
83086.7
83088.1
83113.2
83199.8
83212.5
83238.5
83348.6
83372.9
83430.2
83496
83609.6
83641.9
83644.9
83726.9
83801.8
83838.8
83853.2
83858.4
84033.6
84095.8
84169
84199.9
84216.6
84276.8
84429.6
84653.7
84811
86064.2
86823.5
87027.9
88196.3
88209.8
88292.9
88353.9
88391.6
88449.1
88612.6
88630.2
88689
88870.1
88898.5
89004.6
89094.8
89352.7
89484.5
90259.4
107490.7
108194
108366.3
108927.1
108985.9
109220.6
109484.2
110094.3
110328.8
110348.9
110443.1
115780.5
115875.7
115913.1
115956.4
116002.3
116023.8
116035.6
116103.1
116109.1
116111.6
116120.6
116232.1
116240.4
116300.9
116326.7
116358.1
116359
116401.2
116450.6
116541.7
116609.6
116641
116688.6
116700.9
116755.1
116786
116790.7
116829.3
116841.7
116888.5
116910.3
116979.3
116993.8
116999.2
117054.6
117072
117078.9
117228.2
117231.8
117250.6
117366.4
117386.4
117386.9
117392.2
117434.3
117444.6
117457.4
117492.4
117564.7
117594.7
117665.4
117778.8
117809.6
117825.6
117942.8
118845.3
118860.8
118892.2
119006.1
119090.5
119100.2
119103.8
119140.3
119145.2
119312.2
119366.6
119478.7
119611.6
119669.1
119748.5
119764.8
119803.3
119840.7
119847.9
119955.8
120002.1
120012.3
120018.8
120121.8
120199.2
124818
124839.8
124974.2
125000.9
125308.5
125478
125513.4
125629.3
125737.1
125902.9
125989.2
126011.5
126104.2
126151.9
126200.8
126286.8
126317.2
126356
126408.4
127358.3
127466.5
127477.2
127578.2
127776.9
127807.2
131835.3
132062.5
132904.3
133139.4
133236.6
133757.7
134525.7
134542.1
134659
134682.8
134898.5
135065.6
135120.9
135184.8
135192
135241.4
135241.5
135345.7
135349
135422.7
135504.3
135538
135833.3
135892.7
135894.7
135898.7
135912.1
136054.4
136091.9
136092.5
136155.5
136267.5
136366.7
136487.8
136517.9
136574.5
136695.4
136883.7
136906.8
137107.5
137163.7
137215.9
137245.6
137255.8
137288.6
137295.3
137355.8
137475.3
137529.5
137625.4
137627.1
137647.2
137744.6
137986.7
138110.4
138147.9
138219.1
138246.2
138298.3
138306.7
138329.2
138379.5
138445.1
138539.1
138601.8
138649.3
139026.8
139073.6
139090.8
139419.5
139432.5
139503.5
139551.6
139593.9
139727.1
140813.6
148969
150991.7
155403
155579.7
157361.5
160942
160951
161114.1
161210.2
161279.7
161319.1
161395
161481.7
169083
169401.2
169422.5
169544.3
169559.2
169579.2
169584
169918.5
169994.9
170287.8
170750.1
171362
179877.4
179943.9
180004.6
180102.3
180189.9
180423.6
180440.4
180457.7
180463.3
185336.1
185706.8
185772.9
186016.5
186092.4
186264.8
186341.9
186625
186667.8
186694.9
186719.2
186820.1
186837.8
186900.5
186931.7
186933
186961
187040.1
187071.4
187078.2
187090
187091.3
187206.5
187215.1
187305
187398.2
187399
187508.5
188172.4
193257.7
193305
193449.2
193452.8
193537.9
193567.6
193640.3
193769.1
193803.9
195055.7
195185.9
195186.1
195217.8
195223.1
195259.9
195264.2
195414.5
195420.2
195472.9
195486.5
195500.6
195546.6
195562
195609.6
195739
197844
205518.5
205695.5
205711.4
206159.1
206414.7
206717.7
207198.8
207517
207709.7
207868.4
207885.7
207911.4
208000.4
208078.1
208207.3
208480.1
208530.7
208590.4
208652.9
208674
208692.6
208692.7
208779.6
208781.1
208795.2
208796.9
208821.5
208908.7
208942
208982.5
208985.3
208986.5
209038.8
209132.6
209156.4
209223.4
209244
209332.3
209341
209355.3
209801.8
211639.8
211927.3
212118.2
212207.2
212274.8
212490.1
212669.3
212875.1
215804.8
217200.6
217242.2
217355.9
217363.4
217411.6
217535.3
217550.5
217574
217676.8
217687.7
217757.5
217770.2
217880.1
217975.5
218001.7
218065.7
218170.3
218365.1
218429.2
218479.4
218484.3
218651.2
218855
218948.3
219062.3
219090.6
222483.2
222492.3
222504.4
222663.2
225633.5
225806
225881.7
226013
226093.9
226159.5
226287.1
226306.9
226311.7
226329.5
226589.4
226708
226750.6
227176.7
227531.4
228641
228699.2
228818.7
228916.1
228957.3
228984.7
229102.6
229116.3
229516.7
229581
229611.2
231967.9
231975.9
231983.5
231987.1
232016.9
232052.2
232102.5
232134.9
232200.7
232298.5
232327.8
232350.8
232515.9
232788.2
232814.7
233002.2
233063.5
233070.3
233081.2
233103
233159.8
233283.7
233284.3
233284.8
233322.1
233347.3
233352
233366.5
233375.5
233382.1
233460.3
233477.7
233481.7
233659.3
233661.5
233672.2
233704.2
233731.7
233814
234004.6
234021.9
234120.6
234179.1
235387.2
236070.8
236541.3
236747.1
236934.7
237407
237430.2
237499.5
238314.6
240710.9
243598.8
243606.8
243757.1
243782.2
243956.8
244042.1
244182.2
244248.7
244260.2
244525.9
244736
244947
245020.9
245218.5
245482.8
245521.2
245617
245686.3
245708.1
245710.4
245721.6
245752.8
245825.8
245933.5
246030.8
246095.6
246105.2
246109.1
246190.9
246228.8
246332.4
246507.1
246511
246520.5
246544.2
246560.2
246561.4
246586.7
246587.3
246653.5
246658.7
246679.8
246692.7
246698.6
246749.8
246758.2
246776.2
246800.5
246807.8
246808.6
246819.3
246855.3
246921.6
247960.9
247996.7
248016.4
248086.5
248369.3
248454.6
248593.9
248924.7
249038.5
249146.9
249400.2
249870.2
259431.5
259596.5
259622.9
259859
272955
273114.5
273341.3
273360.9
273397.3
273408.2
273488.6
273490.3
273520.4
273547
273560.4
273601.1
273622.2
273651.1
273654.9
273705.8
273779.5
273930.6
273986.5
274006.8
274029.6
274169.1
279002.3
281103.1
281109.5
281569.1
287830.8
287997.2
288296.4
288297.5
288421.1
288730.6
289038.4
289326.2
289582.9
289864.8
290250
290494.8
290585.1
290805.9
291018
291030.7
291411.9
291533.3
291602.6
291664.3
291847.1
291874.1
292373.9
292493.1
292570.6
292911.9
293103.4
293127.1
293549.8
293939.1
293981.5
294424.4
295176.7
295413.5
295502.5
295569.7
295606.2
295622.7
295671
295759.8
295820.2
295904.5
295907.4
295914.6
295918.8
295995.2
296124
296187.2
296218.7
296221.4
297739
297806
297890.1
297929.6
297933
297957.3
298005.8
298074.4
298089.3
298094.8
298114.2
298120.1
298202.9
298206.8
298277.5
298328.1
298412.6
298693.7
298742.4
298744.3
298794.2
298902.6
299097.2
299183.7
303351.1
303446
303452.4
303631.7
303669.7
303726.5
303738
303742.3
303754.3
303761.8
303792.6
303817.1
303857.2
303889.9
303890.7
304168.7
304299.7
304330.9
304338.5
305040.6
305040.8
305051.1
305057.6
305525.5
305788.9
305878.6
306034.7
309248.3
309424.3
310006
310343.7
311856.9
311984.9
312272
312279.8
321280.1
321352.5
321375.1
321458.9
321520.9
321611.6
322018.4
322180.3
322869.5
322940.1
322949
322962
323008.5
323033.2
323064.3
323079.9
323147.5
323202.3
323306.6
323340.8
323365.6
323422.5
323438.5
323613.4
323643
323672.3
323756.6
323821
324004.3
324416.3
324523.6
324570.1
324579.7
324622.5
324639.8
324814.6
324890.6
324973.1
324982.5
324990.3
325034.2
325100.8
325123.6
325137.6
325232.4
325368.2
326663
326793.9
326861.7
326896.4
327126.6
327159
327213
327395.6
327556.2
327691.9
327715
327945.3
328184.2
328210.4
328372.7
328494.5
328515.2
328632.4
328688
328883.9
329101.5
329458.6
329482
329513.8
329686.1
329702.3
329710.2
330026.5
330057.7
330952.8
332034.2
336443
338071.5
338280.8
338700.6
338835.9
338870.3
338939.2
345052.1
345579.4
354674.3
354801.7
354966.3
355208.4
359785.2
360006.8
362044
362486
363294.7
363495.1
364795.4
365052.9
365133.6
365206.8
365237.8
365478.1
365572.3
365684.6
365689.1
365701.7
365831.7
365994.1
366010.6
366060.4
366161.6
366211.1
366259.9
366476.5
366616.6
366660.5
366697.4
366714
366832.9
366843.5
366869
367035.8
367046.7
367088.9
367105.8
367179.5
367251.6
367286.9
367456.4
367636.4
367846.6
367898.6
369367.4
370063.5
370536.6
370603.6
371052.7
371458.3
371867.7
372000.6
374161.4
374259.5
374528.1
374625.1
374645.2
374722
374865.9
374976.7
375018.5
375025.1
375100.2
375122.9
375168.7
375211.5
375233
375290.9
375337.3
375340.4
375385.8
375479.2
375516
375555.7
375691.1
375934
375941.4
376587.9
376722.3
377914.1
379566.3
391572.3
393275.2
394483.8
396153.5
396641.8
396701.7
396717.1
396739.9
396940.1
396967.1
397099.3
397170.7
397176.1
397187.8
397345.2
397358.9
397402.1
397414.6
397444.4
397469.7
397488.2
397526.8
397531.8
397571.2
397595
397604
397668.5
397772
397782.2
397828.3
397835.5
397866.2
397937.5
398069.7
398074.6
398081.5
398115.3
398171.5
398174.8
398192.9
398264
398305.8
398376.5
398453.3
398535.9
398587
398654.3
398728.4
398731.4
398843.1
398883.1
398904.3
399063.5
399270.6
399448
399706.9
400142.6
400650.3
402292.9
402640.2
402729.1
402879.8
403174.3
403501.6
403750.9
403883.2
404168.1
404259.4
404851.5
405213
413339.4
413364.1
413524.9
413739.5
413898.7
413937.7
414181.2
414218.7
414248.8
414308.7
414389
414389.2
414529.7
414742.1
415175.9
416846.9
418171
418457.2
418459.4
418750
418808.3
418914.9
418932
418952
419021.6
419152
419154.8
419410.3
419452.8
419519
419526.2
419540
420479
423510.1
423971.8
424058.1
424250.3
424958.9
425225.4
425316.9
426897.1
427101.2
427550.2
430157.3
430319.8
430478.6
430509.6
430525.2
430570.6
430573.7
430623.1
430712.7
430749.1
430786.4
430863.9
430929.6
431032.7
431047.9
431085.3
431148.7
431178.1
431217.4
431369.9
431436.2
431961.8
432580
432727
432943.9
433025.3
433557.1
433634.6
434144.6
434284.2
434329.5
434354.8
434635.3
434823
435161.4
435167.1
435244.6
435736.1
436415.1
436422.8
436445.4
436481.5
436558
436579.2
436711.5
437005.2
437029.7
437088.3
437264.2
437854.3
438191.9
438192.2
438223.2
438259.6
438264.7
438527.5
438539.7
438567.2
438658.6
438683.6
438743.1
438745.8
438966.3
439068.3
439194.5
439343
439399.7
439632.8
439844.7
439921.5
439925.2
440052
440107.3
440191.8
440350
440435.6
440521.5
440534.4
440547.8
440564.4
440580.1
440754.8
440891.4
440942
440947.7
441082
441193.4
441217.1
441249.7
441261.7
441321.2
441333.2
441370.8
441412.6
441437.9
441508.2
441529.2
441551.6
441611.6
441662.6
441726.4
441882.1
442078.9
442118.4
442149.9
442170.4
442875
443074.5
443183.3
443308.4
443460.4
443566
444631.8
444745.7
444802.9
447037.8
447128.9
452206
453217.7
453447.5
453452.8
453620.9
453663.2
453699.5
453736.1
453780.9
454072.2
454084.1
454191.6
454208.9
454237.8
454268.9
454284.8
454326.8
454367.9
454596.6
455109.3
455354.8
455464.9
458690.8
460101
460140
460160.1
460240.1
460316.2
460388.9
460410
460421.8
460508.1
460744.9
460833.6
460840.8
460855.9
460919
460971.9
461141.3
461164.6
461218.9
461220.1
461233.2
461415.6
461424
461611
461725
461752.9
461759.6
461861.4
462240.1
462243
462308.7
462537.7
462542.4
462564.8
462619.5
462669.6
462670.4
462840
463478.5
463664.9
463687.7
463727
463745.8
463752
463823.1
463843.6
464075.8
467631.6
467786.5
467953.8
468128.4
468151.8
468317.4
468427.2
468490.1
468864
468921.9
468925.5
468957.5
468971.4
469024.4
469044.9
469068.7
469279.7
469351
469357.5
469371.5
469435.5
469508.3
469604.1
469689.6
469689.9
469701.8
469746.1
469796.3
469909.9
469926.4
469941.6
469992.1
470022.6
470077.6
470085.6
470154.3
470182.9
470219.9
470226.3
470245.2
470247
470405.7
470582.1
470603.7
470692.9
470977.3
470985.5
471045.8
471119.1
471191.8
471309.2
471355.6
471397.2
471443.6
471456
471599.5
471671.1
471837.2
472108.8
472109.7
472124.9
472332.1
472348.4
472627.1
473569
474298.8
474344.6
475121.8
475245
477236.8
477773.3
477797.6
478917
478924.8
478994.6
479855.1
480338.7
480440.9
480475
480754.5
480766.9
481244
481367.8
482604.5
482707.5
482710.9
482712.7
482752.8
482859
482886.9
482935
483013.8
483040
483084.6
483098.5
483122.3
483140.9
483149.6
483211.9
483285.4
483398.3
483401.4
483439.5
483442.8
483448.1
483484
483520.5
483536.3
483563
483578.8
483598.6
483600.6
483603.1
483606.6
483679.9
483756.8
483768.8
483770.1
483810
483865.4
483868.6
483906.4
483926.6
483928.5
483978.7
483990.5
484014.8
484032.4
484048.8
484060.1
484060.2
484124.6
484151.8
484182.4
484254.5
484344.4
484355.7
484507
484558.7
484623
484630.7
484638.5
484744.6
484759.5
484834.7
484848.9
485046.5
485183.1
485303.3
485507
485650.5
486435.2
492839
493835.2
494902.7
497156.5
498408.2
500373.6
504462.8
504523.1
505953
508229.8
508275.9
508357
508609.5
508734
508833.8
508866.5
508882.4
509668.3
510166.5
510345.9
510746.8
511219
511355.1
511499.8
511540.7
511573
514021
514956.2
514964.3
515105.5
515424.2
515942.7
516040.6
516136.3
516175.2
516255.5
516372
524415.8
525649.2
525731
525806.5
525858.7
525909.1
525994
526388.1
526516.1
526817.4
526838.4
526868.5
526874.9
526976
526996
527155.6
527198.7
527405.9
527421.1
527459.4
527479.3
527555
527571.1
527700
527861.5
528093.4
528732.3
528840.3
533569.8
534853
534960.6
535000.7
535025.7
535124.6
535199.5
535225.6
535321.6
535370.8
535388.4
535474.1
535592.3
535636.6
535657.3
535663.2
535779.3
535878.9
535881.7
535955.4
535964.8
535975.3
536075.4
536110.1
536137.9
536179.8
536229.8
536260.2
536422.7
536544
536596.4
536621.7
536651.8
536656.9
536664.1
536704.9
536735.5
536747.4
536780.3
536822.4
536863.5
536877.6
536957.9
536974.9
536995.9
537006.4
537009.6
537207.4
537312.4
537343.5
537357
537390.1
537420.5
537566.2
537594.4
537674.6
537674.7
537691.4
537701
537931.7
537967.4
537968.5
538006.5
538009.2
538024.5
538056
538072.5
538075.3
538078.5
538096.6
538125.3
538141.6
538156.1
538203.6
538525.7
538667.3
538677.8
538710.9
538741.6
538786.2
538797.8
538867
538875
538907.8
539114.8
539267.1
539403.1
539410.7
550492.8
550771
550783.6
550822.6
550974.6
550983.4
551002
551159.2
551185.8
551223.5
551356.2
551373.7
551403
551486.8
551656.9
560472.1
560603.1
560794.4
561146.8
561363.5
563802.8
565637.9
566196.6
569453.6
576804.4
576859.5
576884.1
580290.8
580369.5
580502.1
580610.2
580633
580641
580751.3
580751.9
580815.4
580820.3
580982.1
581298.5
581334
581555.5
581851.1
581944.5
581953.4
582687.1
586606.5
586791
586861.8
586880.7
586895.3
586909.4
586924.4
587034.9
587049.8
587094.7
587671.8
587958.6
588077.1
588364.2
588379.1
588421.7
588744.5
588749.8
588780.5
588877.8
588911.9
588962.7
589171.3
589232.3
589403.6
589472.5
589525.9
589566.8
589754.2
592875
593360.1
594647.2
594716.2
597353.4
597874.4
598108
598151.5
598425.5
598500.4
598536.3
598620.7
598707.3
598931.8
599431.6
599693.1
599778.1
599907.6
