352.5
968.2
1165.5
1407.2
1435.5
1477.8
1493.8
1508.5
1546.6
1556.5
1675
1683
1701.9
1702.1
2043.6
4964.4
9176.5
9511.3
9808.1
10299.3
10864.2
10864.3
10894.7
10947.2
10995.1
11312.9
11314.2
11457.7
16044.9
18036.6
18984.6
19160.3
19204.8
19225.6
19261.2
19280.2
19298.1
19420.3
19586.3
19800.9
19810.5
19820.6
19974.8
20147.7
21363.7
21366.3
21441.6
21472.5
21502.7
21533.3
21553.1
21576.3
21617.8
21886
21914.5
21922.4
21976.3
22188.2
22253.4
22281.7
22350.3
22407.1
22407.2
22461.3
22540
22571.5
24711.8
24947.6
28502.7
28542.3
28663.7
28863.9
29032.2
29359.4
29566.4
29657.4
29666.6
29751.1
29924.9
30191.4
30458
31099.2
31394.8
33929.7
34227
34230.7
34310.8
34461.8
34471.1
34487.3
34519.3
34528.8
34537.4
34603.3
34674.3
34698.4
34731.7
34733.5
34832.6
34901.5
34910
34922.8
35053.3
39448.5
39500.7
39662.7
39734.8
39772.2
39815.3
39833.9
40081.8
40738.8
41132.3
42562.8
42620.4
42725.6
42758.1
42839.5
42970.9
43050.6
43229.9
43241.2
43285.7
43349.1
43367.6
43384
43395.5
43502.2
43673.6
43698.3
43714.6
43905.4
43986.7
47532.8
47593.4
47771
47778.3
47817.1
47837.1
47883.8
47918.8
47923.7
48006.2
48076.2
48106
48117.7
48125.7
48160.1
48205.3
48312.4
48325.3
48401.9
48478.8
48479.3
48571.3
48628.6
48689.2
48722.1
48733.2
48737.1
48758.5
48773.5
48775.3
48791.2
48837.4
48871.3
48888.7
48995.8
49002.2
49012.6
49036
49036.4
49045.7
49065.3
49140.4
49175.7
49196.6
49197.9
49203
49212.8
49232
49253
49284.2
49307.7
49316.7
49478.3
49513.1
49628.5
49645.8
49710
49810.5
49892.3
49917.3
49944.2
49992.4
49995.1
50133.9
50274.8
50298.1
50304.8
50313.3
50480.3
50696.1
52417.1
52614.7
52891.2
52893.4
52935.6
53007.7
53448.2
53464.2
53516.1
53568.1
53706.6
54102
54238.4
54504
54534.6
54663.5
54826.9
54838.2
55046.7
55054
55208.9
55253.1
55288.8
55417.1
55544.2
56135.6
56205.3
56273.5
56282.8
56334.4
56437
56458.5
60375.4
60447.1
60587.7
60626.8
60706.9
60716.2
60895.6
61503.3
61777.2
62080.7
62334.3
62352.6
62422.4
63988.4
64007
64371
64431.9
64441.4
64870.8
68615.2
68817.1
68926
69020.7
69079
69089.5
70953.8
71748.9
71893
72046.4
72163.7
72173.9
72361.6
72365.5
72384.9
72447.6
72480.6
72498.8
72581.7
72613.2
72638.6
72669
72724.4
72767.9
72769.8
72843.2
72846.6
72861.3
72885.1
72891.2
72927.6
72980.6
73036.6
73200
73205.2
73227.2
73253.8
73294.5
73320.7
73342.2
73384.9
73390.4
73453
73469.6
73476.8
73557
73591.4
73626.5
73706.4
73751.4
73985.1
73989.3
74176.8
74392.3
90379.8
90502.3
90600.7
90950.7
91106.6
91110.5
91153.5
91248.8
103519.8
103843.9
103899.3
104604.2
104750.3
104903
105440.2
105822
106512.8
106802.4
106838.6
107092.2
113133.2
113233.5
116544.6
117433.8
118519.4
119040.9
119214.4
119358.8
119361.8
119381.1
119559.1
119564.2
119579.3
119626.8
119859.5
119880.4
119918.8
119977
120125.4
120131.1
120158.9
120177
120234.6
120278.2
120306.2
120328.8
120345.6
120369.2
120401.3
120475.3
120507.9
120555.5
120578.2
120580.1
120582.8
120620.6
120653.8
120685.7
120712.8
120752.9
120755
120761.7
120787.6
120793
120798.5
120838.5
120877.4
120940.4
120998.9
121033.4
121114.6
121521.4
121634.9
122294.8
122372.5
122591.5
122744.5
123017.6
123102.5
123313.9
123514.6
123637.5
123661.3
123783.2
123863.9
124409.9
124451.5
124503
124530.4
124652.9
124665.3
124685.2
124691.1
124790.3
124808.1
124826.5
124879.6
124955.3
124955.5
124968.6
125108.8
125109.2
125132.4
125231.8
125400.3
125460
125652
125761.1
126198.2
126487.2
126635.1
126676.9
126690.4
126700.9
127287.1
127297.1
127489
127559.9
127619.2
127638
127667
127936.1
128138.4
130841.4
131439.9
131564.3
131599.2
131603.6
131622.3
131780.6
131835.9
131845.8
131960.1
131961.4
131987.3
131995.4
131998.5
132057.8
132061.4
132105
132153.8
132198.5
132373.3
132439.3
132469
132539.8
132611.7
132641.6
132649.7
132782.4
132822.7
132967.6
133009.5
133073.9
133141.4
133209.7
133226.8
133229.6
133266.1
133281.2
133307.1
133407.7
133509.8
133592.8
133598.6
133616.7
133952.5
133959.3
134022.5
134041
134312.8
134314.7
134508.6
134795.9
134836.2
134837.5
134871.7
134886.9
134952.7
134979.1
135027
135035.6
135117.6
135136.6
135164.6
135183.3
135201.7
135307.9
135365.8
135461
135502
135508.4
135649.8
135713.3
135821.4
136151.9
136191.3
136195.8
136203.7
136256.1
136346.1
136363.8
136442.2
136452.9
136501.2
136503.4
136630.3
136734.1
136790
136847.9
136855
136958
137033.9
137049.8
137066
137218.4
137592.9
137946.7
138014.4
138256
138270.7
138352.2
138387.8
138394.9
138435.1
138557.2
138560.6
138582.6
138855.4
139026.5
139080.6
139109.2
139137.6
139389.8
139627.8
139659.8
139748.2
139875.5
139998.9
140253.6
140290.7
140371.5
140374
140501.1
140528
140595.7
140648.3
141770
141907.5
142260.3
142297.6
142506.5
142634.1
142741.3
142888.2
143023.1
143024.2
143174.1
143226.6
143406.7
143603.1
144211.1
144755.3
148626.9
148629
149029.1
151027.6
151562
151805.9
152851.2
153560.4
154467.9
154608.3
154784.8
154892.2
155296.7
155877.6
156393.9
156620.1
157392.6
157856.6
158607.7
159984.3
160316.3
161282.5
164756.8
173033.8
173143
176262.2
176264.7
176535.5
176949.4
177203.9
177208.5
177291.5
177530.4
180044.9
183257.4
183344.4
183438.5
183474.9
183481.6
183488.9
183506.1
183559.3
183602.6
183649.3
183650.9
183652.1
183713.7
183731.9
183777.9
183791.1
183942.9
184001.3
184083.1
184504.5
189187.4
189717
189977.6
190398.2
190786.9
190833.5
193518.9
195081.9
195279.8
195336.3
195370.5
195459
195500.9
195612.9
195654.2
195692.8
195746.2
195833.2
195834.6
195955
195985.7
196085.3
196152.5
196173.4
196191.6
196829.2
197006.4
197030.9
197144.7
197242.1
197408
198100.5
198184.7
198224.8
198244.5
198458.3
198795.8
198939.7
199243.3
201274
201532.1
202858.7
204403.3
205545.9
205685.6
205694.3
205704.7
205734
205734.2
205758.6
205971.5
206021.2
206107.4
206131.1
206169.2
206235.7
206259.6
206271.5
206283.9
206321.9
206347.4
206366.3
206376.3
206381.1
206583.2
206587
206598.2
206643.1
206815.4
207213.2
207229.4
207280.8
207345.2
207349.7
207425.7
207426.6
207552.8
207578.7
207611.6
207678.1
207725.8
207947.3
207968.5
207979
207980.8
208072.7
208134.6
208185.3
208192
208340.1
208396.8
208448.9
208481.5
208488.4
208538.5
208555.3
208573.9
208637.7
208640.1
208729.7
208796
208953
208999.3
209005.7
209029.4
209125.4
209185.9
209227.9
209238.8
209271.7
209293.5
209304.8
209560.8
212579.7
212580.8
212597.4
212624.9
212739.7
212757.2
212808.9
212843
212860.4
212872.1
212937.9
212943.2
212960.8
212994.5
213089.6
213269.3
213446.3
213492.8
213575.1
213618.8
213722.4
213793.6
214106.8
214198.1
214736.1
216978.6
217935.9
217949.4
218069.7
218159.4
218776.4
218999.6
219035.2
219111.3
219140.2
219192.9
219230.3
219320.3
219325.7
219420.9
219559
219603.6
219649.5
219677.2
219873.5
220074.6
220371.8
220430.3
220628.5
225080.3
225305.5
225494.8
230510.9
231844.2
232404.5
232714.2
232986.7
233207.9
233380.9
233428.1
233656.6
233965.9
234016.7
234186.9
234210.6
234306.2
234368
234447.4
234468.1
234825.1
234825.7
234866.6
234870.7
234905.2
234914.1
234971.1
235100.1
235278.9
235282.5
235322.1
235369.1
235381.7
235466.2
235470
235483.7
235522.5
235636.2
235646.4
235665.8
235890.8
236157.5
236306.1
236366.9
236424.5
236425.4
236435.4
236473
236598.1
236616.2
236630.4
236708.6
236770.5
236780.9
236787.2
236789.1
236802.9
237034.3
237040.3
237167.5
237206.8
237235.3
237345.4
237403.4
237437.5
237498.6
237527.8
237568.4
237589.6
237679.8
237696.7
237703.1
237765.4
237783.2
237792.1
237799.6
237826.2
237879.3
237936.8
238018.2
238096.9
238127.2
238332.7
238430.2
238510.6
238562.7
238575.7
238617.9
238632.8
240587.2
241446.1
244179.6
245728.2
246559.1
246645
246740.9
246789.6
246816.8
246881.7
246923.7
246930.3
246969.9
246987.3
247030.2
247069.6
247083.9
247099.1
247274.6
247305.3
247447.2
247454.4
247465.3
247585.5
247690.1
247711
247808.1
247829.5
247873.6
247894.7
248043.5
248076.2
248082.1
248104.4
248260.8
248353.9
248573.2
248581.6
248683.3
249301.9
249413.4
249530.5
251699.1
252382.9
252952
254046.5
255700.2
255843.4
255919.2
255993.4
256040.7
256049.5
256085
256129.2
256164.3
256179.8
256209.3
256232
256250.2
256260.8
256284.4
256345.1
256362.3
256396.5
256425.3
256498.8
256565.8
256601.3
256742
256742.3
256772.7
256779.7
256780.8
256861.2
256874.8
256938.9
256953
256971.5
257050
257084.2
257149.2
257169.9
257200.1
257213.7
257314.5
257371.7
257379.2
257464.1
257478.7
257562.6
257572.4
257649.3
257692.1
257727.5
257955.9
258058.6
258373.8
258436.4
258470.3
258783.9
258957.1
266456.4
267354.5
267707.5
267802.8
267819.6
267922.6
267966.8
268024.2
268155
268262.2
268288.2
268557.7
268668.3
268679.6
268703.5
268834.2
268947.1
269379.3
269725
272923.6
273625.7
273630.5
273683.6
273793.6
273877.1
281241.7
282881.5
283195.6
283251.7
283253.8
283347.2
283452.3
283555.3
283573.3
283667.8
283675.4
283718.8
283751.9
283813
283837.7
283840.9
283898.8
283916.3
283959.7
283974.8
284051.7
284085.8
284105.2
284261.2
284344.8
284348.1
284396.5
284516.2
284622.9
284658.4
284720.4
284722
284775
284868.8
284913.9
284957.9
285008.2
285008.6
285103.7
285265.5
285473.8
285519.5
285553.4
285736.5
285806.4
285868.1
286005.9
286111.8
286183.4
286318.9
286544.4
286583.3
286618.4
286633.8
286700.4
286723.7
286733.6
286776.5
286792.3
286810.9
286866.4
286900.3
286925.2
286952
286960.9
287059.4
287075.6
287268.5
287417.9
294500.4
294948.1
295395.5
300070.1
300660.6
303442.1
303671.7
303727.2
303753.3
303781.4
303797.3
303840.7
303881.6
303913.2
304071.7
304107.4
304117.9
304198.2
304220
304230.9
304243.4
304257.9
304296.3
304344
304367.8
304398.9
304495.3
304529.4
304675.7
304818.7
305060.5
305400.4
305499.6
305509.6
305574.5
305610.3
305769
305828.5
305872.2
306174
306198.1
306230
306312.1
306317.4
306995.7
308544.2
308784.9
309446.3
309993.3
311736.9
311743.8
311839.5
311855
311893.8
311895.2
311912.3
311977.8
312014.7
312181.3
312328.1
312405.8
312406.7
312410.6
312422
312424.9
312438.1
312581.8
312606.9
312625.2
312729.3
312808
312927.1
316064.8
316429.3
316660.1
316835.9
316967.1
317327.5
317380
317854.9
317960.6
318278
318457.9
319243
319544.1
319673.2
319739.3
319789.8
322939.6
323275
323327.3
323650.1
323690.5
323756.3
323924.8
324001.2
324078.7
324081.6
324225.8
324367.6
324405.2
324449.5
324740.1
324818.8
324860.6
324872.8
326705.1
326750.5
326806.3
326872.9
326908.4
326914.8
326926.9
326957.7
327077.2
327085.8
327119.4
327244.3
327283.4
327364
327386.3
327694.3
327739.9
327845.8
327852.9
327866
328043.1
328104.3
328156.1
328233.5
328235.8
328326.9
328386.7
328435.6
328445.2
328482
328491.4
328549
328568.2
328586
328600.5
328610.3
328803.4
328806.7
329008.7
329063
329185.5
329233.4
329273.3
329333.4
329335.2
329336.3
329365.9
329402.8
329451.3
329730.4
342297.3
342640.5
342685.9
342721.9
342827.6
342827.9
343062
343086.5
343092.9
343358.1
343513.3
343663.7
343779.4
343795.7
343914.6
343925.9
344227
344285.3
344826.1
344876.9
344900
345279.6
345441.8
345473.2
345678.9
345732
346083.9
346179.7
346193.5
346239.4
346251.7
346371.9
346374.7
346398
346412.4
346432.2
346464.5
346524.5
346535.9
346539.5
346595.8
346720.5
347808.2
348178.3
349841.6
349973.7
350451
350951.3
351028.5
351248.5
351370.2
351519.8
351700.9
352408.4
352761.1
352840.4
352901.7
352967.2
352995.1
353006.4
353110.3
353199.1
353246
353316
353326.1
353463.2
353507.2
353610.2
353910.9
354036.7
354134.4
354147.8
371588
372444
372630
372652.2
373024.7
373083.2
373393.2
375108.1
375131.6
375252.4
375262.4
375389
375432.1
375436.7
375496.6
375529
375544.2
375571
375575.3
375599.8
375599.9
375612.2
375677.8
375678.9
375683.8
375727.4
375729.9
375732.1
375750.2
375752.7
375773.9
375811.4
375882.3
376009.2
376096.3
376464
376649.5
376858
376868.1
377012.2
377067.1
377096.2
377147.6
377169.7
377240.8
377267.7
377352
377415
377445.9
377541.8
378040.9
378050.2
378060.1
378113.6
378220.8
378449.8
378474.1
378501.4
378768.2
378794.4
379241.9
379386.3
379413.4
379459.1
379469.6
379553.3
379558.5
379561
379594.8
379614.8
379633.8
379753.3
379838.9
379944.2
379948.2
380174
380277.8
380764.6
380847.8
381300.5
381500.6
381880.5
382380.4
382647.6
382783.5
382812.8
382999
383131.8
383282.1
383429.6
383806.3
383846.6
383871
383906.7
384073.9
384709.5
385214.1
385832.1
386225.7
387986.2
388341.4
388634.5
388688.9
389031.6
389394.2
389433.2
389825.3
390222.4
390390.9
390979.9
391277.7
391458.5
391835.7
392002.4
392136.7
392140.1
392183.3
392450
392622
392954
393108.6
393329.8
393546.5
393643.2
393650.9
393759.3
393882.1
393925.8
394282.8
394646.9
394808.7
395259.4
395307.9
395644
395678.9
395708.2
395808
395818.9
396163.9
396248.1
396306.3
396578
396681.7
396762.7
396884
396935.6
397061.1
397129.6
397200.1
397234.4
397269
397279.9
397529.7
397535.6
397564.4
397627.8
397644.2
397759
397957.7
397974.5
398088.9
398133.7
398142.4
398243.7
398261.1
398365.2
398398.2
398458.1
398496.4
398528.9
398540.3
398752.3
398856.2
398946.7
398980.2
398998.7
399010.6
399024.6
399106.1
399219.2
399226.6
399288
399382.7
399470.2
399608.1
399721.8
399880
399982.1
400047.4
400498.9
400564.2
400690.9
400693.8
400949.3
401219.1
401270.5
401393.5
401939.9
401958
402139.2
402300.1
402489
402504.1
402524.8
402610.3
402719
402754.8
402972.5
403086.3
403127.3
403183.7
403201.7
403440.9
403607
403677.4
404015.7
404041
404050.9
404083.8
404096.7
404180.9
404234.3
404241.6
404264.2
404416.8
404543
404566.1
404882.6
405254.3
405423.1
405708.5
405736.3
406774.6
406844.8
407556.3
408603.1
408715.4
408871
409310.8
409505.3
409780.7
409847.6
409992.3
410560.4
411151.8
411942.6
411945.1
411959
413168.5
413331.6
413439.9
413485.5
413517.8
413529.7
413625.9
413670.3
413773.8
413813.5
413846.9
413858.9
413898.4
413906.2
413978.7
414020.5
414033.1
414106.5
414110.4
414125.3
414220
414355.4
414357.6
414738.9
414739.1
414807.2
414829.7
414875.4
414902.2
414975.9
415120.3
415123.4
415140.5
415156.5
415171.6
415207
415292.6
415351.5
415416.1
415467.6
415607.7
415716.2
415721
415743.3
415861.6
415914.9
416044.4
416237.7
416451
416465.9
416702.5
416866
417078.6
417106.9
417179.9
417382
417429.7
417502
417510.1
417538.4
417741.2
417742.3
417812.1
417923.9
418032.5
418085.5
418095.3
418197.9
418208.8
418307.8
418366.5
418387.8
418391.1
418433
418448
418626.9
418705.1
418741.1
418990.6
419052.4
419130.6
419205.8
419273.3
419299.3
419513.4
419675.3
424785.7
427764.7
430448.2
430498.2
430553.1
430553.2
430725
430777.4
430796.4
430926.9
430954.4
431014.8
431062.8
431123.2
431137.9
431150.3
431156.4
431199.8
431218.1
431231.1
431250.6
431288.4
431351.5
431410.3
431416.2
431532.3
431579.7
431676.7
431692.2
431729.4
431730.6
431735.8
431839.1
431855.7
431857.2
431889.5
431995.3
432142.8
432152
432237.4
432364.3
432507.2
432593.6
432594.2
432608.9
432740.2
432773.1
432805.6
432857.1
432915.1
432917.7
432990
433018.3
433023.2
433074.4
433151.7
433276.7
433304.1
433313.6
433372.4
433407.2
433418.5
433430.9
433498.1
433656
433680.5
433708.1
433719.4
433723.3
433796.1
433815.9
433820.4
433885
433895.2
433898.3
433906.6
433927.8
434024.6
434209.6
434227.1
434274.4
434274.6
434321.5
434337
434372
434427
434444.2
434525.9
434621.9
434653.9
434770.7
434921.3
434959.3
434961.1
435010.6
435047.7
435075.3
435078.1
435266.3
435380.1
435390.6
435398.9
435405.6
435508
435615.7
435655.2
435699.2
435722.8
435791.2
435899.5
435921.2
435969.9
435989.9
436068.3
436071.7
436075.7
436082.9
436106.6
436248.6
436365.6
436366.9
436481.4
436674.6
436771.3
436780.3
436792
436877
436932.6
436947.9
436999.2
437002.9
437094.6
437248.9
437276.6
437287.3
437319.6
437333.7
437355.8
437421
437428.4
437458.6
437482.9
437498
437547.2
437701.6
437723.7
437741.1
437769.6
437779.5
437793.1
437822.8
437875.6
437934.3
437967.4
438111.8
438129.3
438133.3
438171.3
438198.5
438236
438242.2
438326.3
438482.3
438484.3
438488.6
438521.3
438616.3
438634.5
438671.3
438774.8
438836.8
438967.8
438974.7
439004
439071.4
439114.1
439141.4
439201
439210
439367.7
439413.5
439518.7
439523.2
439531.4
439662.1
439702.8
439737.9
439770.2
439786.4
439786.9
439835.1
440236.1
440243.6
440297.4
440420.9
440503.5
440632.2
440775.7
440784.5
440900
441023.4
441024
441145.1
441208.2
441220.1
441282.3
441296
441306.8
441308.7
441381.8
442814.6
448526.4
448622
448673
448898.7
449407.3
449492.4
449778.6
450454.5
450807.7
450999.4
451095.5
451114.5
451194.9
451326.4
453334.3
453653.6
453917.1
453984
454728.7
454752.2
455011.6
455236.6
455426.5
455450.3
455623.7
455742.7
455786.3
455802.5
456159
458137.3
468517.1
468556.4
468793.3
469024.7
469061
469487.8
469561.1
469780.1
469912.6
470105.6
470111
470148.8
470249.2
470269.6
470276.5
470342.2
470425.5
470549.1
470756
470761.8
470830.5
470926.7
470931
470954.4
471050.6
471055
471066.8
471088.5
471255.2
471304.7
471321.8
471351
471359.8
471362.3
471390.2
471401.6
471432.3
471485.8
471525
471552.8
471566.3
471586.1
471607.1
471613
471613.2
471670.1
471680.2
471717.4
471778.1
471796.8
471804.8
471889.6
471939.2
471969
471983.6
472023.6
472028.4
472077.8
472108.3
472141.8
472220.2
472393.2
472431.1
472437.1
472492.7
472506.7
472605.7
472625.4
472644.3
472669.3
472693.3
472734.7
472750.3
473077.9
473160.4
473170.1
473238.9
473284.7
474071.9
474119.5
474315.4
474469.1
474559.3
474572.9
474663.7
474751.7
474799.4
474905.9
475310.8
475516.8
475967.1
476035.4
476301.3
477249.9
477405.4
477710.7
477772.9
477902.7
478230
478354.8
478408
478533.6
478549.6
478647.8
478729.9
478816.5
478862.8
478978.2
479028.2
479088.3
479298.6
479388.7
479585.4
479871.4
479973.7
480012.4
480476.3
480539.5
480688.5
480743.8
480908.7
480969.7
482094.9
483021.5
483052.2
483180.8
483228.2
483286.3
483292.2
483331.8
483337.6
483420.2
483457.2
483573.4
483630.8
483660.6
483814.3
483926.5
484014.2
484239.5
484245.5
484609.7
484626.2
484645.7
484694.9
484707.7
484726.7
484780.8
484807.1
484893.6
484953.3
484970.5
484998.9
485077.9
485086.5
485133.2
485157.8
485158.4
485195.4
485208.5
485269.7
485296.2
485304.3
485356.7
485401.2
485413.7
485454.3
485544.4
485550.6
485646.3
486094.4
486170.4
486279.4
486369.4
486384.9
486486.2
486488.3
486647.3
486753.5
486834.5
486956
487233.2
488030.7
488092.7
488352.4
488395.8
488461.3
488759.4
489458.5
489480.6
489501.6
489571.5
489757.4
489780.1
489805
489883.8
490006.1
490062.2
490105.6
490772.2
491047.9
491178.4
491311.9
491418.1
491535.8
491712.5
491785.1
491802.7
491830.7
491914.7
492045.4
492126
492351.9
492450.1
492603.5
492636.7
492656.9
492688
492703.3
492880.7
492939.2
493020.4
493072
493262.3
493272.4
493383.4
493483.8
493548.9
493550.6
494180.4
494397
494404
494441.1
494567.1
494849.6
495251.8
495336.6
495370.6
495399
495577
495983.3
496030.6
496088.5
496436
496564.5
496664
496706
496709.2
496912.5
497260.3
497299
497363.1
497369.2
497999.3
498250.9
498470.1
498516.6
498959.6
498974.4
498977.2
499015.5
499400.2
499609
500274.7
500727.1
500841.5
500974.8
501051.1
501109.5
501305.2
501588.7
501615.1
501704
502126.6
502271.1
502280
502353.9
502394.9
502620.9
502626.5
502838.9
502888.3
503286
503590.5
503657.5
503754.2
503868.9
503900.3
503988.2
504001.4
504017.3
504088.1
504437.5
504741.2
504878.4
504928.1
505007.1
505194.7
505195.3
505252.3
505275.2
505422.4
505961.7
506352.5
506405.9
506438.9
506488.8
506698.6
506886.8
507046.6
507571.3
507577.9
507732
508023.1
508077.5
508134.8
508189
508320.8
508327.4
508428.9
508522.6
508605.4
508625.1
509100.7
509114.3
509240.1
509271.4
510029.7
510264.1
510627.6
510987.6
516973.9
518381.6
527053.1
527200.3
527409.7
527437.3
527453.8
527486.9
527844.6
527997
528035.5
528900.9
529108.7
541371.9
541506
541546
542041.6
542317.2
542735.8
547775.7
549467.4
550474.7
550740.4
550844.8
550846.7
550847.1
550856.4
550969.7
551493.9
551860.6
552074.4
552694.4
552760.8
554421.8
554458.4
558681.1
558757.2
558905.4
559006.7
559157.2
559172
559233.4
559276.7
559287.6
559330.2
559409.7
559576.2
559715
559735
560010
560145.1
560225
560529.5
560793.8
561213.4
561398
561418
561484.7
561520.2
561584.2
561717.2
561717.5
561834
563996.6
564033
568448.1
568572.7
568573.9
568774.1
569562
570824
570832.4
571155.1
571227
571266.9
571298.3
571489.9
576047
576290.2
579253.7
579261
579456.6
583215.1
583306.2
583329.5
583415.6
583565.9
583599.9
583816.3
584242.4
585173.8
585805.8
585945.5
586188.6
597028.4
597078.9
597102.4
597137.7
597263
597345.2
597459
597582.3
597691
597699.7
598081.3
598304.6
598444.4
598445.5
598451.1
598454.1
598774.9
598842.9
598951
599079.8
599080.9
599520.7
599579
599802.2
599864.5
