1241.2
1247.6
1256.8
1277.4
1282.7
1384.7
1411
1438
1477.4
1511.4
1604.5
1613
1684.9
2290.3
2298.9
2355
2454.1
4727.3
4904.7
10973.3
11006.6
11817.6
15755.8
15990.6
16042.9
16386.6
16402.7
20196.6
21517.3
25607
26142.8
31020.3
34175.4
34206.8
34221.4
34280.8
34292.1
34301.6
34312.4
34374.8
34423.5
34476
34506.5
34701.5
34819.2
35793
35804.6
35825.6
35847.6
35873.9
35892.4
35942.8
36035.1
38733.9
38776.3
38815.1
38816.6
38846.6
38863
38867.1
38868.1
38909
39008.3
39036.2
39049.8
41120.2
42176.6
44486.9
44669.1
44695.5
44882.8
44916.9
45080
45128.5
45189.2
45192.1
45215.4
45228.7
45273.3
45296.4
45689.9
47751.9
47782
47810
47842.6
47910.7
47975.7
48001.6
48031
48034.5
48039.6
48040.2
48208.5
48326.9
48468.1
48468.2
48478.4
48483.4
48541.5
48681.2
48698.6
48714.1
48746
48778.7
48786.9
48827.5
48886.2
48893.4
48949
48995.2
49023.1
49071.7
49089.9
49159
49228.5
49242.4
49265.4
49266.5
50296.1
51612.7
51711.6
51755.9
52705.8
53675.5
58436.5
60633.6
60751.1
63001.6
63068.2
63080.1
63114
63165.9
63173.5
63183.2
63205.9
63265.3
63323.7
68916
69121.4
69123
73215.4
73273.8
74131.9
74211.8
74353.9
74654.4
74923.2
77987.7
78153.1
78280
78343.3
78349.9
79188.8
79411.8
79502.4
79550.7
79612
80086.7
80234
80275
80301.6
82818.1
83024.1
83396.3
83759.3
83764
84114
84139.3
84246.9
84311.2
84324.9
84335.3
84367.9
84369.4
84379.8
84410.9
84432.2
84459.4
84489.5
84579.7
84586.6
84616.6
84748.6
84919.4
85029.9
85084.9
88021.7
88123.7
89202.4
89447.1
89477.1
89512.7
89516.5
89550
89675
90742.5
92349.9
92435
92510.9
92522
92530.8
92679.2
92696.3
92723.6
92730
92740
92853.4
92910.7
93015
93092.8
94175
97629.1
99952.7
100402.6
100995.1
101085.3
105786.7
107511.1
107547.6
107646.3
107688.3
107707.6
107728.7
107741.5
107765.9
108213.7
108263.6
108730.7
110035.7
110116.3
110263.8
111736.8
117730.6
118211.3
118447.2
118598.6
118714.6
118732.6
118741.6
118876.9
119012.8
125350.7
126353.8
126555.7
126789.7
126851.9
126872.4
126874
126931.9
126934.8
126949.2
127000.8
127080.9
127153.4
127212
127220.6
127902.6
127998
128044.8
133680.9
133902.4
133956.9
133985.8
134049.8
134157.5
134284.7
134372.3
134452.6
134452.9
134496.4
134530.4
135327.7
136171.9
136451.9
136574.3
136790.3
137596.1
137784.9
137969.8
138097.2
138242.8
138311.8
138461.8
138464.2
138966.2
139860.7
140056.1
140131.9
140136.4
140294
140330.8
140357.8
140367.2
140368.6
140542.1
140595.9
140632.4
140686.1
140761.5
140849.7
142027.3
142719.5
144465.5
145628.4
145859.8
145963.3
146445.1
147329.7
147421.5
147688
148045.1
148182.7
148291.9
148571.5
148718.1
149997.2
150201
150480.3
150760.3
150900.6
151060.2
151073.5
151167.4
151393.5
151592.4
151715
151836.3
151846.5
151932
151953.8
152065.4
152082.2
152101
152111.5
152326.7
152541.6
152705.1
152781.7
152787.3
153061.1
153141
153954.5
154096.4
154102.1
154225.1
154291.3
154415.7
154475.6
154672.6
154693.8
154923.1
155035.1
155209.4
155245.5
155344.2
155534.7
155615.9
155704
155833.2
155935.8
156103.1
156187.7
156390.3
156456.7
156485
156515
156617.4
156643.2
157032.5
157045.2
157218
157259.1
157339.2
157365.3
157376.6
157583.9
157646.8
157669.7
157686.9
157691
157718.1
157722.9
157730.9
157745.9
157776.5
157785.5
157820.3
157821.9
158476.2
158484.4
158557.4
158651.7
158663.8
158743.4
160279.9
160306.8
160421.5
160743.4
160794.8
160803.6
160853.6
160873.7
160896.6
160921.7
160924.1
160962.7
161051.4
161128.8
161176.5
162627.4
162728
162740
162749.7
162770.8
162771.9
162773.3
162883.6
162961
162962
162973.3
163314.4
163379.8
163550.2
172598.7
172600.5
172686.3
172716.4
172716.8
172751.3
172756.3
172778.9
172832.2
172836
172841.8
172896.6
172977.7
172997.8
173010.9
173041.5
173096.5
173097.5
173110.5
173172.9
173961.1
174176
174179.4
174241.6
174433.8
174443.5
174470.3
174474
174584.9
174591.9
174621.2
177992.5
179150.3
179282.5
179312.7
179363.1
179498.7
179639.2
180680.6
180750.1
180931.6
180942.5
180976.9
181020.7
181023.2
181048.7
181075.6
181211
181213.6
181214.5
181291.5
181327.9
181382.6
181418.7
181437.8
181449.2
181547.6
181558.2
181599.4
181624.1
181715.7
181722
181772.5
181798.2
181828.5
181846.5
181870.4
181887.1
181925.2
181941.6
182028.2
182051.2
182078.9
182088.4
182108.4
182159.5
182203.9
182238
182336.8
182356.6
182366.8
182375.9
182483.6
183187.4
184584.6
185173.2
185311.8
185377.8
185658.6
185773.2
185832.3
185887.8
186002.9
186062.2
186186.7
186203.9
186346.3
186620.9
186865.5
188572.3
188601.9
199387.7
199485.7
199610.1
199752.2
199791.7
199814.2
199920.7
200062.4
200150.5
200577.1
200687
200723.1
200813.4
201030.2
201037.4
201081
201268
201576.6
202023
202096.1
202146.3
202248.3
202328
202506.4
202546.7
202689.7
202744
202801.7
202954.3
202997.6
203065.5
203072.4
203168
203307.6
203356.8
203534.8
203851.7
204234
204571
204628.4
204758
204842.5
204847.4
204889.7
205148.9
205303
205305
205326.1
205330.6
205423.5
205517
205682.3
205689.8
205723.2
205960.7
206105.1
206286.9
206327.1
206528.9
206657.7
206721.5
206935.6
207080
207164.2
207339
207673.5
208023.9
209380.7
209588
209691.1
209754
209769.1
209818.3
209843.8
209920.5
209935.1
209937.9
210028.3
211724.2
211784.7
212009.7
212338.7
212562.2
221005.4
221193.2
221196.5
221247
221381.3
221398.4
221400.7
221432.8
221470.2
221516.2
221862.9
221892
221967.1
222970.6
223189.2
223266.2
223350.3
223407.5
223441.7
223481.4
223523.6
223525.8
225799.8
225888.9
225965
240606.5
240606.8
240697.7
240765.4
240878.8
241000.1
241006
241154.4
241159
241276.6
241358.6
241550.7
241563.9
242576.5
242905.6
242987.5
243250.2
243401
243489.7
243500.5
244750.2
244768.3
245091.9
247075.4
248398.2
248469.1
248520.1
248561.1
248579.5
248599.2
248669.5
248728.4
248729.8
248746.2
248765.6
248816.8
248817.4
248918.9
248950
249060.9
249074.2
249081.3
249111.6
255668.8
255739
255761.4
255801.8
255802.3
255885.5
255984.2
255994.3
256071.4
256154.4
256197
256220.1
256249.3
257125.6
257186.7
258285.1
259455.2
259533.1
259543.3
259579.1
259618.5
259664.5
259673.4
259683.2
259688.1
259706.5
264423.7
274128.8
274165.3
274238.4
278624.7
278642.6
279909.6
279972.1
280247.4
280361.2
280453.7
280534.2
280607.5
280646.1
280687.3
280820.2
281087.1
281327.5
281610.4
281733.6
281743.2
281743.9
281754.4
281807.7
281830.6
281845.3
283074.8
283080
283095.3
283151.6
283280.7
283382.9
283392.4
283438.9
283461.6
283501.5
283573.5
283723.2
283754.5
283808.9
283897.4
283998.2
284040.1
284067.9
284225.9
284296.9
284351.8
284364.2
284370.4
284385.1
284390.2
284450.8
284462.4
284487.7
284517.9
284523
284539.4
284600.6
284610
284737.6
284745.6
284756.2
284803.8
284812.8
284851
285032.5
286480.3
286535.9
286545.8
286564.7
286593.2
286627.9
286639.4
286672.5
286673.2
286735.6
286746
286768.5
286775.5
286810.3
288345.2
288431.7
288453
288456
288521.1
288595.1
288610.8
288758.4
288763.7
288775.8
288843
288844.4
288875.4
289053
289054.6
289075.8
289079.1
289079.3
289117.1
289477.4
289594.7
289690.3
289720.5
289764.2
289765.7
289791.5
289793.8
289867.5
289900.8
289971.8
290034
290076.3
290238.4
290286
290320.7
290323
290464.3
290566.3
290590.8
290725.9
290754.8
290966.1
290990.3
291019.3
291040.9
291162.3
291230.7
291406.7
291659.1
291680.9
291878.3
291906.3
291936
291963.9
292065.7
292131.9
292140.5
292203.5
292267.5
292322.6
292663.7
292726.4
292745.6
292837.4
293030.7
293089.2
293117.5
293330.8
293449.9
293475.3
293607.8
293681.8
293682
293714.3
293788.8
293814.1
293932.4
293963.2
294033.8
294035.1
294212.3
294651.4
295303.1
295321
295424.3
295434.6
295458.1
295460.3
295489.6
295513.2
295577.4
295617.2
295876.9
302291.4
302869.7
303027.1
303225.7
305096.1
305209.6
305330.3
305405.5
305444.2
305522
305556
305995.5
308761.5
308771.6
308799.9
308887.4
308928.1
308936.1
308941.9
308954.8
309023.1
309051.6
309093.7
309107.8
309121.9
309210.5
309423.6
309501.2
309575
309639.4
309804.1
310870.8
311549.3
311693.1
311698.7
311720.6
311727.6
311752.3
311756.9
311784.7
311864.2
313702.7
313736.9
313898
314074.5
314470.8
314809.3
315079.8
315089
315188
315231.2
315286.9
315339.4
315574.6
315586.7
315602.2
315717.4
315794.2
323369.1
323533.5
323548.5
323585.3
323706.1
323823.7
323846.3
323950.7
323996.2
324067.3
324264.8
324292.2
324662.7
325358.5
326347.6
326467.6
326624.1
327851.5
328061.8
328477.7
328516.7
328681.7
328802.1
329154
334062.5
334360
334377.2
334381.8
334561.2
334594
336671.6
336765.7
337552.4
339485.8
339750.5
339786.5
339793.9
339932.8
340089.8
340169.1
340401.2
340811.4
341688.7
341720.5
341737.2
341740.5
341818.6
341849.7
341998.1
342083.9
342117.5
342124.1
342142.8
342174.1
343784.7
343946
344068.9
344132.9
344169.1
344328.6
344390.6
344828.2
344867
344960.9
345115.6
345143.9
345157.3
345176.2
345224.9
345236.4
345249.4
345308.2
345406.9
345462.7
345493
345505
345515.9
345543.6
345548.8
345659.3
345673.6
345747.1
345777
345792.5
345838.6
345843.6
346009.8
346034
346137.2
346243.6
346301.8
346340.1
346364.5
346427.1
346446.1
346458.1
346468.4
346530
348572.3
348647.2
348651.3
348701.2
348733.2
348746.1
348750.3
348844.5
348853
348971
349004.3
349114.2
351106.4
351152.5
352840.8
352929.8
353019.6
353100.5
353115.2
353158.1
353198.3
353287
353297.4
353307
353405.8
353428.1
353967
354784.8
355038.8
355338.3
355385.7
365240.6
366049.8
366295.5
366302.3
366309.6
366338.9
366739.6
366896.7
366984.6
367020.8
367057.6
367098.7
367290.9
367291.5
367348.1
367362.6
367480.2
367502.7
367524
367584.9
367597.5
367610.4
367610.8
367719.2
367777.3
367826.5
367849.8
367986.6
368031.3
368139.9
368912.8
368990.1
369669
369902.1
371212.4
373899.6
373923.4
373946.2
374031.4
374032.4
374061.7
374068.9
374157.6
377279
380021.6
381616.2
382662.5
382801.5
382911.9
383210.3
383689.3
384617.3
384849.8
384942
388521.8
393840.9
394070.7
394633.6
394941
394966.3
395186.1
395210.1
395287.5
395317.7
395421.9
395559.1
395568.6
395709.9
395711.3
395716.8
395723.7
395933
395957.9
396121.1
396173.5
396280.7
396302.1
396482.1
398793.8
400658
400788.9
401733.9
402266.6
402390
402494.5
402907.5
403084.6
403088
403090.5
403126.1
403452.2
403541.4
403791.8
403938.5
403947.5
403991.7
404016.1
404099.2
404202.3
404368.9
404384.9
404450.7
404533.3
404760
414460.6
414727.2
417035.8
418047.7
419665.3
419745.8
419746.9
419789.6
419794.9
419810
419889.1
419890.8
419987.4
420029.9
420065.1
420166.7
420318.6
420340.4
420404.9
420414.6
420421.1
420426.7
420473.5
420492
420610.7
420698.9
420721.1
420723.9
421341.5
421506.1
421526.8
421654.4
421954.5
422563
427932.7
439348.4
439533.6
439572.1
445979.1
446246.9
446258.4
448235.7
448273.4
448333.5
448436
448497
448582.4
448699.9
450048
450054.9
450101.9
450114.2
450170.7
450224.5
450247.9
450272.8
450311.1
450316.6
450359
450389.4
450392.5
450488.7
450500.8
450504.3
450661.4
450665.9
450757.9
454752.7
454764.6
454782.9
454788.4
454897.9
455071.1
455136.5
455254.4
455256.9
455393.2
455439.2
455469.1
455568.3
455569.9
455732
455798.4
455827
455844.3
455854.2
455864.7
455893.8
455974.4
458730.4
458931.6
458951.2
458952.3
459254.8
459255.4
459332.4
459510.7
459523.9
459572.3
459580.8
459737.1
459857.8
459945.9
460824.3
461034.4
461065.8
461088.3
461109.4
461272.1
461313.4
461382.2
461501.8
461532.2
461536
461597.4
461630.4
461648.4
461695.4
461736.2
461770.3
461799.3
461830
461851.9
461884.6
461903.9
462028.9
462057.8
462076.5
462091.3
462092.5
462098.2
462122.2
462239.6
462266.9
462270.5
462289
462295.9
462324.6
462350.3
462377.6
462437
462487.8
465732.4
469185.2
469406
473489
474784.3
474787.5
475126.9
475144.4
475145.6
475309.3
475540.9
475678
475718.2
475830.2
475953.3
476170.3
476182.6
476195.3
476199.3
476338.7
476431.3
476463.5
476795.6
476815.6
476903.5
476909
477180
477202.8
477261.1
477344.5
477365.2
477375.1
477534.4
477600.2
477652.8
477660.8
477743.1
477886.1
477920.3
478011.6
478214.2
478429.1
478443.3
478551
478801.7
478893.2
478907
478941
479211.6
479212.1
479216.9
479272.2
479292.3
479373.2
479375
479494.5
479537.2
479537.7
479567.7
479610.3
479691.3
479703.6
479860.3
480118.8
480131.9
480149.9
480246.7
480277.5
480346.6
480402.6
480464.5
480490.4
480745.4
480751.7
480762
480823.2
481133.9
481196.2
481256.5
481300.8
481318.7
481334.8
481336.4
481365.7
481379.2
481476.3
481484.4
481620
481657.1
481786.6
481897.1
482274.8
482279.5
482435.6
486962.5
487858.9
490971.3
491077.4
491536.9
492601.7
493203.6
493647.3
493659.4
494053.5
505179.4
505227.7
505640.9
505644.2
505690.1
505691.1
508261.3
508277.3
508333.3
508369.7
508415.6
508532.9
508559.6
508585.7
508621.2
508744.5
508745.5
508799
508838.5
508863.8
508935.5
508981.4
509013.8
509039.5
509214.4
509296.1
509383.6
509488.8
509518.2
509615.7
509617.9
509621
509635.9
509741.5
509864.3
509936.4
510185.3
510511.7
510516
510551.6
510758.9
510867.8
510900.5
510922.7
511146.8
511215.8
511218.8
511315
513279
517060
519581.3
519595.2
519713
519804.8
519924.9
520069.7
520154.5
520196
520202.7
520257.5
520394.1
520528.3
520596
520641.4
520919.7
520984.7
520996.2
521190.4
521200.2
521205.6
521427.9
521487.8
521595.3
521687
521733.1
522019.7
522208.4
522356.3
523004.4
523159.9
523201.7
523338.4
523475.9
523518.9
523593.6
523643.9
524040.2
524258.7
524368.1
524388
524408.4
524436.7
524505.2
524554.3
524575.8
524604.7
524641.9
524776
524791.2
524808
524824.3
524853.5
524874.9
524892.5
524943.8
524952.8
525014.6
525095
525124.4
525157.7
525165.9
525187.2
525238.9
525243.6
525336.7
525337.5
525352.8
525381.8
525461.4
525472.7
525535.7
525571.9
525654.8
525755.8
526592.2
527699.5
528052
528170.2
528331.5
528384
528504.2
528549.2
528667.9
528736.3
528805.5
533474.7
533479.9
533718.8
533784.5
533788.2
533796.8
533880.9
533943.2
534003.3
534007.8
534142.9
534154.5
534288.6
534401
534484.3
534525.2
534606
534611
534618.5
534683.4
534701.9
534786.7
534866.8
537582.3
537652.5
537661.3
537666.8
537737.6
537773.1
537967.9
537982.7
538042.3
538110.4
538202
538212
538240.2
538246.8
538263.9
538342.5
538403.1
538410.3
538453.8
538611.3
538788.6
539002.1
539037.9
539113.4
539820
545489.6
546840.6
546949.2
547010.5
547011.8
547056.1
547162.3
548399.9
548417.7
548418
548418.5
548629.8
548663.8
548686.2
548691.8
548712.1
548737.7
548859.1
548910.3
550246.7
550277.2
550343.2
550434.8
550453.3
550539.6
550560.8
550592.9
550640.7
550679.8
550700.4
550778.5
561578.5
561608.4
561754.2
562013.1
562573.6
564113.3
565429.9
566174.5
566841.3
567213.9
567310.6
567312.8
567546.2
567625.7
567653.1
567744.9
567748.5
567859.7
567874.8
572889.9
573527.4
574157.9
574381.2
574553.1
574570.7
574662.8
574733.9
574817.2
574835.3
574858.8
574874.4
574910.6
574936.3
575116.3
575134
575222.6
575617
577651.1
577658.2
577710.4
577729.7
577732.6
577742.6
577745.6
577798.5
577869.7
578454.9
578676
579047.9
579265.8
581731
581803.4
581838.7
581951.1
582034.6
582209.8
582340.9
582409.5
582524.2
582723.2
590620
590641.6
590668.5
590671.5
590804.2
590857.2
590905.9
591732.8
591742.2
591824.5
591876.5
591892.2
591999.4
592077.6
592144.8
592182.8
592184.3
592279.9
592280.9
592346
592375
592471.2
592478.1
592505.2
592513.7
592518.1
592590.9
592725.7
592727
592730.8
592747.1
592802.5
592833.4
592857.2
592889.7
592937.1
592987.4
593069.4
593106.9
593122.9
593149.9
593212.6
593254.3
593289
593302.8
593326.2
593354.5
593419.2
593428.5
593430.1
593466.8
593468.5
593473.5
593518
593586.7
594196.5
594243.7
594376.4
594381.9
594408.7
594427.9
594556
594557.7
595612.5
595909.4
596723.4
596973.9
597024.7
597068.2
597112.6
597128.9
597170.4
597185.2
597272
597362.1
597448.7
597580.2
597617.8
597631.1
597734
597775.2
597958.4
598197.5
598236
598549.5
598782
598789
598901.5
598940.5
599181.1
599194.4
599209.7
599216.8
599243.1
599249.3
599276.3
599298.2
599309.5
599311
599314.3
599327.5
599417.5
599493.8
599627.2
599638.6
599666
599725.7
599805
599816.3
599832.7
599852.6
599953.6
