1887.4
1939
2067.7
2075.4
2088.1
2132.2
2168.3
2177.8
2192.4
2204
2205.7
2539.1
2779.1
7013.3
7138
7232.5
7291.8
7316.1
7453.2
11269.1
15865.2
18866.8
18921.4
19131.3
19194
19317.1
19352
19479.4
19739.9
19777
19857.6
19892.7
20102.9
20121.6
20320.5
20351.4
21951.3
22480.1
22781.1
22832.9
23042.9
23165.1
23801
34937.6
35353.4
35447
35455.8
35527.8
35596.9
35698.6
35703.6
35746.9
35755.8
35843.8
35918.7
36100.1
39558.6
39617.2
39958.2
40837.8
41169.9
43856.7
44076
44134.9
44226.8
44398
44420.6
44453.3
44489.9
44553.1
44578.4
44635.8
44677.6
44683.3
44700.5
44729.4
44749.9
44791.4
44859.6
44917.5
45029.6
45059.3
45103.9
45108.5
45122.2
45155.8
45287.7
45335.6
45408.4
45628.2
45756.3
49776.2
50981
51187.9
51233
51237.3
51264.5
51297.8
51330.6
51347.1
51375.7
51378.7
51399.6
51428.8
51458.2
51556.9
51675.3
51691.3
51741.6
51753
51804.9
51835.2
51941.6
52020.5
52037.1
52245.5
53131.9
54003.4
54309.7
54713.1
57360
57732.9
62945
63099.2
63266.9
63329.8
63346.5
63381.6
63439.6
63488.7
63490
63524.7
63598.6
63664.6
63817.8
63819.4
63857.3
63869.3
64060
65305
65696.2
65733
67525.5
67545.8
68473.1
70874.8
71250.8
71724.5
71805.6
71808.6
71810.6
71813.2
71825
71851.7
71979.3
72102.7
72156.8
72166
72168
72219.5
72242
72315.2
72353.7
72380.8
72406.4
72456.6
72637.9
72643.5
72672
72695.9
72755.1
72766
72781
72821.7
72836.8
72912.4
73078.6
73081.6
73084.3
73086.7
73121.2
73139.1
73161.4
73260.1
73364.2
73388.8
73480.1
73519.3
73558.1
73615.6
73616.6
74149.7
78407
78720.8
78775.3
78851.4
79676.8
79678.3
79678.8
79875.5
83320.1
84022.4
84250.9
84359.7
84410.6
84433.7
84502.3
84503.6
84648.2
84696.1
84722
84735
84771.1
84788.5
84794.9
84884.4
84939.9
84988.4
85022.7
85063.1
85997.4
86196.2
87844
88017.6
88032.5
88383.3
88764.6
89278.2
89314.1
89342.1
89372.5
89447.9
89499.9
89511.8
89601.7
89725.8
89814.3
89892.6
89941
89961.7
90081.3
90286
90493.9
92418.5
92425.9
92562.2
92629.8
92688.9
92722.9
92803
92834
92886.3
93106.8
93233.2
93437.2
94007
94248.5
94545.4
94945.2
95043.4
95584.7
95905.6
96016.8
97151.9
97508.8
97747.5
98428
98671.2
98697.1
98707
99253.1
99667.5
99756.6
99841.8
99915.2
100031.4
100081.1
100098
100235.9
100350.3
100511
100539.3
101690.8
102047.7
102154
102278
102844.3
102847.9
102857.5
103101.2
106972.1
107271.3
107325.1
107566.7
107611.7
107621.1
107632.3
107677.8
107803.9
107891.1
108094
108670.4
109040.6
109085.7
109600.7
110576.1
110592
119129.1
126234.5
137102.9
161582.3
161717.3
161739.8
161847.9
171047.1
173443.1
178937.5
179001.6
179179.9
179192.1
179275.2
179383.3
179444.4
179500.5
179509.4
179526.5
179600.1
179621.7
179631.2
179633.6
179646.4
179664.4
179787
179837.9
179867.5
180026.6
180155.2
180269.7
180357.3
180397.6
180440.5
180440.6
180507.9
180525.7
180539.5
180542.8
180633.4
180659
180750.3
180784.9
180789.8
180847
180929.5
181076.4
181116.7
181122.7
181175.6
181186.6
181378.3
181417.8
181425.6
181431.2
181433.7
181453.2
181488
181556
181576.2
181601.1
181618.8
181634.7
181680.3
181705.3
181795.1
181940.9
181959.4
181959.9
182056.1
182165.4
182187.1
182222.4
182243.6
182313.1
182390.4
182422.5
182552.6
182786.6
184213.6
184262.2
184277
184313.5
184533.1
184576.8
184605.2
184641.9
184665.4
184672.4
184686.7
184737.8
184744.4
184808
184959
184982.9
185020.7
185197.7
185200.4
185209
185215.1
185306.6
185311
185317
185337.9
185340.5
185389.4
185526.4
185568.1
185615.2
185638
186141.4
186462.3
186667.1
186762.6
189435.3
189871
189931.1
190238.4
193607
193870.2
193894.5
193917.6
194155
194193.7
194690.8
194740.8
195061.9
211952.8
212303.3
212317.6
212343.9
212365.1
212372.2
212555.9
212579.3
212596.5
212631
212633.8
212726.6
212736.2
212760.2
212764.5
213029.5
213268.4
213427.9
217369.5
218426.4
218538.6
218551
218607.1
218730.9
218773.1
218791.1
218836.1
219002.6
219005.4
219037.5
219073.6
219117.8
219194.8
219301.5
219308
219472.4
219525.7
219536.2
219616.7
219623.9
219628.9
219669.9
219744.5
219784.8
220625.3
225238.6
225335.6
225433.6
225511.3
225611.6
225851.8
225963.7
226048.6
226192.3
230590.2
231887.7
232083
232207.9
232382.8
232647.3
232673.6
232821.6
232828.9
232922.2
232926.2
233087.2
233173.6
233597.4
233615.5
233707.4
243955.6
244160.5
244214.8
244300.5
244374.1
244394.2
244454.5
244462.9
244559.8
244560.4
244618.4
244630.4
244678.2
244701.3
244735.4
244859.9
244907.3
244910.8
244957.3
244960.4
244976.3
245049.3
245060.3
245142.3
245184.6
245350.4
245398.9
245435
245489.2
245626.1
245702.7
245920.3
245967.1
245969.8
245975.1
246099
246140.7
246179.2
246342.3
246343.4
246364.3
246454.9
246457.5
246493.3
246509.8
246523.1
250074.4
250168.5
250290.8
250453.9
250563.2
252321.2
256213.3
257427.9
258019.7
258552.6
259028.6
259308.9
259362.5
259492.7
259526.3
259532.4
259556
259678.9
259967.4
265117.5
267932.2
267932.9
268289.1
268374.1
268477.8
268609.6
268675.9
268879.4
268900.4
268953.3
269580
269619.5
269778
269858
269932.5
279100.5
279815.5
279868.9
279884.4
279900.6
280032.5
280110.8
280128
280174.6
280620.3
280621.5
280663.3
280667.4
280675.9
280681.2
280800.3
280919.4
280936.3
281037.2
281041.3
281063.4
281139.8
281142.8
281253.7
281267
281270.3
281299.1
281324.2
281385.9
281403.1
281417.8
281453.4
281497.9
281542.3
281550.7
281637.6
281729.5
281739.7
281753.5
281757.2
281952.7
287266.3
287562.6
287870.9
287895.3
288034.1
288161.5
288180.1
288228.9
288236.1
288236.6
288331.9
288362.4
288554.3
288625.6
288668.3
288710.2
288789.7
288822
288869.3
288871.8
288941.4
288953.8
288966.7
288968.9
289022.3
289054.2
289076.8
289090.4
289103.8
289131.5
289140.2
289242.6
289274.3
289290.2
289415
289430.2
289441.4
289457.5
289523.5
289667.5
289690.1
289691.5
289693.4
289712.4
289716.8
289746.6
289909.5
290023.2
290027.7
290041.3
290119.9
290120.7
290158.7
290187.4
290224.8
290235
290296.7
290400.6
290432.5
290441.4
290462.4
290512.9
290562.7
290582.4
290658.5
290683.6
290719.1
290719.3
290732.5
290845.7
290866.2
290965.2
290994.3
291078.7
291124.1
291153.8
291219.1
291295.4
291329.8
291358.7
291367.2
291368.6
291383
291398.7
291455
291508.2
291581.8
291611.8
291702.5
291709.5
291818.7
291853.4
291888.6
291902.6
291934.1
291975.3
291976.5
291988.5
292105.2
292119.9
292142.4
292231.5
292342.7
292372.8
292592.1
292650.9
292752.1
292820.4
292861.6
292869.5
292889.2
292909.4
292949.9
292996.2
293012.5
293090.7
293116.3
293120.8
293138.3
293160.6
293165.3
293347.2
293360.1
293390.1
293390.3
293409.2
293431.7
293487.7
293593.9
293682.7
293707.8
293752.9
293782.8
293798.4
293846.7
293846.8
293876.5
293907.3
294032.7
294035.5
294037.6
294077.9
294080.8
294200.4
294240.6
294244.6
294261.8
294264.4
294271.5
294309.3
294360.7
294483.6
294650.7
294684.1
294723.2
294735.3
294891.8
294960.9
294994.1
295034.2
295129.1
295197.4
295211.4
295240.3
295316.3
295324.2
295393
295443.6
295459.1
296060.4
302398.5
302414
302595.1
302771
302794.8
303213.2
303271.5
303298.7
303357.6
303444.7
303484.7
303622.9
311709.1
311719
311905
311945.4
311965.7
312007.5
312050.6
312076.7
312087.5
312121.7
312179.4
312193.2
312252
312267.9
312382.1
312452.4
312537.4
312549
312862.4
312887.9
316651.6
316843.7
317800.9
318048.3
318629.3
318944.9
319237.8
319362.8
320357.1
320508.8
321520.4
321811.2
322857.5
323397.8
323468.2
323558.6
323583.9
323962.6
323968.1
323978.7
324139.9
324229.9
324237.3
324262.1
324324
324324.3
324468.6
324501.6
324556.5
324697.8
324841.9
324983.4
324989.4
325015.9
325277.3
329549.3
329745.8
329813.8
329823.1
329825.9
329938.6
329998.9
330104.6
330143.5
330174.9
330186.5
330220.4
330296.4
330315.4
330690.4
330692.2
330700.6
330968.1
332037.6
333916.6
334468.8
335019.1
335350.6
335407.4
342020
342499.7
343391.5
343487.4
343493.5
343888.4
343948.6
343957.3
343966.7
344047.8
344071
344172.7
344303
344325.6
344548.6
344570.2
344587.6
344622.4
344716.3
344743.6
344779.5
344821.8
344841.7
344945.2
345020.4
345130.5
345263.1
345317.5
345513.9
345518.5
345548.3
345616.9
345649.8
345669.4
345781.4
345784.8
345792.3
345844.1
345866.2
345908.6
345924.2
345938.1
346000.8
346015.8
346026.9
346068.6
346092.7
346259
346289.8
346309.5
346332.2
346453.4
346457.2
346483.7
346503.9
346508.1
346664.7
346723
347087.8
353558
354157.2
354169.2
354313
354360.7
354482.9
354610.2
354631.6
354642.4
354661.6
354672
354691.8
354792.4
354829.7
354838
354840.1
354860.3
354952.5
354977.6
355080.3
355203.7
356033.3
357102.4
359853.2
361031.3
365598.2
365978.7
366516.8
366658.8
366720.4
366749.2
366763.9
367282.7
367380.2
367388
367413.5
367554.9
367625.1
367705.9
367795.5
367826.2
367879.2
367887
367907.1
367936.3
367977.1
367998.8
368008.1
368054.4
368063.5
368091.3
368117.3
368161.6
368177.5
368214
368239.8
368280
368340.4
368376.4
368393.9
368406.4
368419.4
368466.9
368471.6
368566.1
368568.5
368601.7
368668.1
368693.6
368717.3
368728.9
368732.3
368787.1
368870.8
368920.5
368981
369011.2
369086.4
369122.7
369186.3
369197.8
369214.6
369352.3
369380.7
369426.1
369445.8
369459.9
369469.1
369506.3
369529.7
369533.3
369541.6
369546.6
369589.7
369718.4
369816.8
369817.2
369825.4
369940
370126.1
370153.4
370191.1
370307.1
370332.2
370339.4
370362
370430
370704.4
370753.9
370820.8
371038.3
371117.4
371127
371152.4
371167.9
371191.4
371251.9
371290
371353.7
371426.8
371436
371454.8
371508.8
371537.4
371734.4
371798.8
371824.2
371929.2
372028.8
372036.8
372098.7
372265
372303.6
372606.8
373897.5
373988.5
374018.3
374079.6
374082
374111.4
374123.1
374152.6
374176.7
374204.3
374211.7
374216.6
374260.8
374266.1
374282.2
374288
374374
374482
374858.5
375117.9
423895.9
424656.4
424791
425005
425077.4
441623.9
441813
441946
441991.3
441999.3
442025.7
442102.7
442104
442303.3
442356.2
442532.7
442565.4
442579.9
442761.3
442766.9
442767.2
442823.7
442901.7
443067.6
443075.8
443102.1
443115.4
443152.7
443161.7
443342
443395.2
443575.3
443777.6
443793.3
443900.9
444015.1
444028.9
444103.9
444329.9
448220.3
448431.5
448591.1
448637.7
448668.6
448705.2
448711.3
448817.7
449508.8
449731.9
449805.2
451016.9
453291
454337
454707.9
455084
455253.7
455429.5
455715.9
455892.4
455935
456084.4
460144.9
460970.8
461093.2
461822.4
461914.3
461936.4
462088.2
462166.9
462192.5
462212
462306.3
462308.7
462313.5
462333.5
462356.2
462412
462523.4
463337.1
463861.5
463991.8
465556.5
465598.6
465620.8
465655.4
465718.8
465890.8
465969.2
466385.3
466520
466836.4
470637.6
470935.2
483091.5
483899.5
483972.9
513791.3
515458.9
516819.1
517833.1
517871.2
518094.9
518694.6
519128.7
519187.3
519430.4
519515.8
519540.5
519542.2
519738.9
519775.3
519816.7
519965.7
520045
520160.2
520174.5
520195.4
520438.8
520445.4
520788.5
520815.6
521008.6
521033.1
521140.8
521211.6
521478.3
521497
521581.5
521897.3
522026.8
522109.9
522256.2
522294.7
522341.6
522493.5
522556.4
522607.1
522722.9
522786.2
522788.3
522831.5
523056.2
523073.6
523145.1
523259.2
523272.2
523318.9
523346.3
523763
523801.6
523813.7
523842.6
523896.9
524355.3
524452
524466.7
524559.8
524566.6
524587
524593.1
524658.4
524722.3
524835.5
524840.5
524925.4
525013.4
525076.4
525136.7
525197.7
525202.3
525269
525280.9
525316.7
525326.4
525333.3
525344
525377.8
525387.3
525397.2
525515.1
525561.1
525564.1
525590.8
525651.4
525654
525672.1
525721.5
525760.1
525899.3
525901.8
525915.8
525957.4
526005.5
526008.5
526127.6
526229.7
526250.2
526302.1
526320.7
526338.6
526339.8
526410.3
526502.5
526522.8
526627.3
526663.6
526729.2
526795.5
526950.1
526998.2
527116.8
527236.9
527317.1
527350.4
527397.5
527492.3
527611
531622.2
533554.2
537599.2
537706.1
537867.1
538118.5
538412.8
538745.5
538778.6
538861.2
538958.5
539238.9
541918.9
543983.6
546622.6
546721.4
546721.8
546724.1
546731.7
546738.4
547100.2
547122.2
547155.5
547224.5
547240.2
549527
549855
550101.4
550545.2
550702.2
550762.2
550764.4
550773.8
550809.3
550834.7
551076.9
552163.5
552189.3
558504.7
558647.6
558739.7
559237.4
559279.7
559317
559371
559446.5
559868.9
560103.4
560194.7
560653.2
560780.6
561212.1
561232
561310
561315.9
561327.7
561465.2
561604.6
561663.8
561692.1
561714.1
561780.5
561985.9
562195.2
563276.1
563415.5
564313.1
572645.3
572802
573467.8
573930.7
574240.9
574276.9
574297.8
574345
574354.2
574385.6
574506.3
574739.9
574761.5
574808.9
574849.8
574858
575019.6
575034.1
578750.9
579089.4
579300.6
579366.2
579378.5
579451.2
581188.1
581283.9
581505.7
581821.4
581870.2
581884.3
581886.3
581908.9
582003.6
582017.9
582032
582065
582117.4
582141.2
582145.6
582153.7
582173.2
582219.5
582283.2
582377.6
582383.5
582391.6
582478.1
582486.6
582496.5
582535.3
582583.3
582609.3
582676.4
582690.7
582756.3
582818.4
582965.2
583059.5
583115.3
583466.4
583622
583649
583738.3
583766.2
583770.8
583813.1
583966.8
584253.4
584297.9
584320.2
584393.9
584422.6
584439.7
584653.3
584760.7
584769.8
584797
584852.2
584862.4
584918.8
585058.7
585153.8
585198.1
585395.6
585509.4
585978.5
590088.1
591273.9
591308.6
591442
591500.8
591513.5
591600.2
591667.6
591693
591808.2
591850.6
591859
591898
592067.5
592081.9
592160.8
592213.3
592292.6
592296.3
592343.5
592364.8
592367.7
592421.2
592542.9
592645.6
592717.4
592751.5
592762.4
592964.5
592987
593059
593061.6
593146
593158.7
593163.1
593429.2
593449.3
593449.7
593516.9
593547.5
593561.7
593576.8
593662.2
594159.3
594367.6
594407.5
594446.4
594515.8
594581
594647.8
594658.5
595360.9
596246.1
596439.2
596891.7
597066.8
597091.4
597192.7
597243.9
597336.7
597345.9
597367.2
597371.1
597371.8
597414
597543
597575.8
597641.2
597678.3
597686.1
597762.3
597814.1
597831.5
597857.7
597987
598187.7
598247.8
598253.6
598321.6
598369.3
598379
598431.3
598439.4
598478.7
598484.1
598564
598575.7
598618.9
598639.5
598879.1
598949.6
599116.7
599206.8
599435
599442.9
599693.2
599808.1
599846.4
599901.3
599923.5
599974
