2197.6
4535.4
4882.7
4964.2
5036.3
5449.9
5680.5
5688.9
5721.1
5806.7
5822.9
5915.8
6026.6
6059.4
6073.1
6221.7
6237.2
6325.6
6419.3
6480.5
6502.2
6505.9
6620.4
6661.4
6667.2
8178.9
8231.5
8248.8
8331.2
8497.5
8518.8
8556.5
8592.2
8605.1
8684
8710.3
8733
8789.4
9020.8
9027.8
9045.1
9110.6
9211.6
9234.3
9269.7
9447.3
9472.1
9562.5
9597.9
9626.9
9649.5
9704.4
9712.7
9722.1
9790.4
9828.5
9947.8
10024.8
10050.6
10200.7
10285.5
10458.3
12261.2
12418.3
12455.5
12725.8
15982.8
16381.5
16410.7
16418.1
16427.6
16443.8
16450.3
16494.2
16524.8
16563.4
16611.4
16687.2
16729
16903.3
17504.3
17580.2
17769.5
17937.7
18070.9
18251.7
18422.6
18506.8
18524.8
18606
18649.8
18713.7
18734.6
18784.4
20648.4
21294.2
22776.2
22778.3
22786.5
22976
23168.1
25011.9
25306.2
26168.8
26343.7
26427.7
26756.9
26771.2
38796.8
39026.3
39551.6
40903.5
41177.7
41242.7
41285.7
41432.1
41453.3
41534.6
41547.9
41694.5
41697.6
42425.2
42725.6
42727.2
42972.3
43109.8
44116.1
44269.5
44362.2
44383.7
44464.5
44509.7
44564.6
44712.4
44729.6
44749.2
44765.3
44824.5
44849.5
44853.1
44861.6
44871.9
44894.1
44894.3
45054.4
45078.1
45210.3
45233.2
45261.9
51178
51179.6
51206.7
51339.7
51466.9
51470.7
51672.2
51711.4
51844.6
51874.9
51884.6
51972.5
52110.4
52117.5
55295.1
55363.3
55426.9
55479.8
55518.6
55532.5
55629
55665.7
55714.9
55792.9
55808.1
55880.6
55887.3
55916.4
55916.7
56064.3
56067.9
56102.6
56137.4
56194.2
56235.7
56290.2
57293.9
57339.9
57368.2
57530.6
57558.5
57586.3
57617
57706.2
57730.4
57809.1
57835.9
57894.3
57929.8
57932.6
57967
57989.2
57992
58087.2
58094
58953.4
63179.5
63210.5
63291.8
63299.9
63314
63328
63347.3
63421.5
63453.3
63503.1
63575.8
63633.2
63711.1
63711.3
63817.6
63883.4
63899.6
63949
63949.3
63966.3
64255.4
74321.2
74789.7
74869.7
74953
74988.9
75063.8
75167.3
75309.9
75332.8
75343.7
79231.8
80788.8
81083.4
89949.7
90021.9
92448.2
92641.4
92800.6
92836.3
98500.1
100770.5
106345.2
106423.9
106524
106541.8
106615.4
106889.1
111458.5
111703.5
111760.4
111771.5
111791.8
111834.7
111856.3
111927.5
111929.2
112038.6
112073.5
112110.8
112135.7
112196
112321.3
113465.9
113494.2
113612.7
113730.1
113863.3
113912.8
113957
114018.4
114037.4
114042.4
114069.4
114103.6
114124.3
114470.7
114695.9
114799.4
114842.9
115031.3
115219.9
115226.4
115232.4
115289.2
115301.5
115510.7
115575.8
119390.5
120774.8
121216.8
121251.7
121289
121435.1
121513.7
121535.5
121599.7
121601.6
121646.9
121649.9
121662.7
121742
121774.2
121866.8
121915
122054
122061.7
122065.9
122246.4
122288.9
122293
122334.3
122352.5
122365.9
122376.7
122422.6
122467.8
122469.4
122612.7
122668.6
122731
122746.2
122802.8
122820.3
122844.8
122857.5
123052.6
123059.7
123067.1
123079.3
123110.5
123166.6
123182.2
123186.6
123235.6
123239.6
123349.8
123373.4
123395.9
123405.8
123428.1
123448.6
123466.6
123476.9
123518.6
123547.7
123607.9
123618.9
123642.7
123679.9
123757.2
123767.4
123771.2
123813
123817.3
123919.3
123981.6
123981.8
123993.5
124027.5
124050.4
124052.6
124053
124170.5
124197.2
124214.6
124368.8
124463.1
124496.4
124534.4
128470.7
130225.7
130592.6
130643.6
130766.6
130780.7
130783.8
130868.5
130888.1
130975.9
130990.8
131021.1
131045.1
131061
131082
131120.2
131166.9
131180.8
131194.9
131342.7
131377.6
131395
131456.8
131601.3
131606.3
131830.5
132888.5
141555
141637.9
141948.2
142105.7
142177
142249.7
142336.7
142792
143122.8
143176.8
143350.4
143651.2
143740.6
161747.7
172410.4
172678.1
172688
172832.6
173034.6
173088.4
179285.3
179285.9
179317.1
179418
179424.2
179458.1
179591.2
179612.2
179663.1
179674.2
179697
179786.1
179803.5
179850.9
179928.9
179979.2
179997.3
180027.8
180071.1
180109.6
180113
180139.8
180171.7
180247
180250.7
180299.4
180364
180407.2
180488.3
180506.6
180535.7
180540.3
180583.7
180650.9
180674
180709.8
180758.8
180795
180840.5
181031.9
181069.8
181255.4
181531.6
181568.2
181661.3
181875.4
182075
182110.7
182213.7
183893.7
184426.2
187421.3
190660.9
190708.7
190803.6
190965.6
190997
191020
191037.3
191038.2
191202.9
191226
191254.2
191280.1
191412.5
191503.2
191515.7
191619.2
191739.5
191750.1
191959.4
192063.2
192107
192112.5
192174.8
192183
192204.4
192229.4
192231.7
192300
193963.5
193964.9
194039.3
195988.2
195995.4
196121.6
196151.4
196172.2
196210.7
196226.8
196285.2
196290.3
196314.6
196356.4
196504
196515.3
196537.1
196539.9
196578.4
196688.3
196691.7
196759.6
196777.8
196948.8
197044.3
197058
197062.5
197087.1
197117.6
197189.5
197321.4
197341.1
197375.8
197471.6
197520.5
197550.8
197562.4
197897
197905.8
198034.6
198147.6
198171.3
198251.2
198372.3
198387.1
198472.7
198633.6
198702.7
198713.5
210804.7
210812.5
210849.8
210997.5
211021.4
211161.9
211244.9
211323.5
211339.9
214497.6
214637.5
214729
214780.2
214808.4
214929.1
214962.5
215032.3
215117.5
215288.1
215437.9
215470
215484.5
215495.7
215498.7
215499.3
215549.8
215558.8
215615
215659.9
215724.7
215734.3
215773.5
215779.2
215922.6
215956.8
216022.9
216049.9
216057.2
216065
216119.8
216127.9
216152.9
216186
216200.5
216257.8
216382
216415.8
216484
216531.7
216638.5
216803.2
216830.4
216863.6
216874.5
216932
216944.4
217104.4
217265.4
217309.9
221218.3
221327.6
221339.1
221372.6
221436.2
221591.6
224960.1
225033.9
225061.1
225137.4
225271.3
225391.1
225462.2
230844.4
231478.2
232726.1
233629.1
233726.7
234304.9
234506.5
234643
234813.4
234923.4
234957.7
235103.9
235110.7
235278.3
235360.4
235419.7
235551.9
235645.2
235668.9
236040.5
236255.1
236260.4
236538
236797
237416.3
237776.8
238004.8
238212.1
238809.3
238892.3
239025.9
239118.3
239313
241930.7
244393.5
244418.3
244421
244463.2
244484.8
244493.7
244516.4
244527.5
244564.4
244565.2
244609.5
244731
244732.9
244768.9
244835.6
245064.8
245136.2
245187.3
245423.7
245515
245719.9
245742.5
245785.6
245786.1
245907.1
246005
246326.8
246364
246460.3
247325.2
247595
247718.6
257883.7
257914.6
263753.5
263984
264063.7
264214.4
264226.8
264228.6
264237.4
264239
264295.9
264324.1
264404.8
264424
264452.6
264481.3
264505.1
264640.8
264691.7
264832.2
264853.2
265687
265734.5
266069.6
266612.5
266631.8
266880.7
269823.3
270338
270611.8
270689.1
270847.5
271311.8
271572.6
271705.1
274683.2
275324.6
275638.8
275793.9
275862.4
275907.9
275975.1
275983.2
275993.6
276052.2
276253.3
276307.6
276354.4
276390.2
276406.8
276426.8
276438.8
276466.6
276517.6
276549
276587
276589.2
276592.8
276607.1
276656.7
276785.1
276812.5
276818.3
276823.4
276844.8
276906.1
276932.6
276964.2
276965.5
277121.5
277277.1
277429
277835.6
277981.6
277985.5
278023.6
278067
278181.5
279868.9
280076.5
280090.1
280435.4
280461.4
280646.3
280698.9
280699.9
280703.4
280736.4
280736.8
280748
280780.1
280785.9
280893.1
280908.4
280915
280962.2
281016.1
281021.3
281157.5
281189.3
281200.1
281208.7
281230
281270.2
281338.3
281477.1
281496.8
281526.8
281577
281586.4
281602.9
281643.8
281652.5
281677.1
281736.2
281744.1
281784.8
287256.5
287280.5
287312.9
292619.5
294597.1
294786.3
298876.3
299004.5
299063.4
299226.2
299427.1
299998
300143.4
302496.3
303332.6
303371.9
303439
303487.2
303502
303637.5
306126.1
306488.4
306547.8
306637.4
306639.6
306656.9
306681.7
306692.2
306801.1
306811.2
306823.6
306837.4
306852.2
306909.5
306940.4
306958.3
307061.7
307135.1
307135.8
307140.1
307269.9
307270.6
307297.4
307337.6
307341.4
307423.9
307466.8
307484
307486.8
307508.2
307549.5
307671.6
307720.1
307752.6
307822.9
308060.9
308447.7
308489.7
311071.8
311296.2
311364.5
311478.3
311645.2
313535.1
313542.4
313622.6
313660.4
313680.6
313782.9
313793
313857.5
313863.4
313888.6
313908.7
313934.3
313945.1
314029.8
314046.2
314065.3
314070.2
314087.5
314090
314103.5
314148
314157.7
314164.1
314168.9
314172.2
314202.8
314237.7
314239.1
314257.7
314317.9
314411.7
314420.6
314444.1
314452.3
314519.9
314525.5
314531.6
314554.1
314574.7
314612.9
314686.3
314745
314802.9
314873.4
314894
314919.1
314922.9
315058.3
315090
315106.7
315289.4
315332.7
315359.4
315466.3
315533.1
315562.8
315575
315708
315726.6
315761.2
315855.6
316298.7
316588.2
316771.6
316796.8
317073.7
317462
317710.4
318312.8
318394.1
318792.6
318801.8
319375.1
319681.8
320602
320685.3
320721.6
320734.5
320742.8
320940.8
321078.5
321087.8
321094
321106.7
321108.5
321176.5
321285.2
321297.7
321441.3
321506.5
321645.2
321682.4
321720.1
321727.5
321825.4
322002.4
322008.2
322016.9
322036.7
322168.3
322202.3
322209.8
322356.7
322408.9
322446.5
322447.9
322476.4
322497.4
322655.6
322736.1
322878.1
325396.2
325752.1
326224.9
326986.4
327943.7
329829.3
330077.9
330145.9
330174.7
331435.4
332618
332709.3
332793.5
332949.8
333272.9
333357.2
333419
333528.8
333656.7
333810.6
333826.7
333965.9
334548.3
334567.2
334617.7
334626.3
334679.9
334742.7
334782.7
334939.4
334985.7
335091
335146.1
335164
335259.5
337090.3
337311.6
337366.7
337374.1
337388.4
337435.5
337485.4
337515.9
337577
337625
339834.2
339876.6
339912
340014.7
340127.8
340148.7
340162.1
340233.8
340330.5
340335.5
340394.1
340546.1
340595.7
340655.2
340718.8
340758.6
340900.5
341025.4
341152.3
341215
341322.4
341335.8
341559
341667.2
341718.6
341774.9
341897.2
342159.4
342284.4
343392.3
344900.3
345151.9
345472.6
346715.4
346740.8
346756.8
346776.9
346863.1
347005.5
347037.5
347162.7
347213.8
347289.6
347365.3
347389.1
348438.3
354125.2
371821.1
371887
371969.3
372115.2
372335
372347.1
372534.4
373685.4
373999.2
374018.4
374109.3
374190.8
374192.8
374278.2
374284
374346.7
374347.1
374480
374505.2
374561.9
374610.6
374621.9
374807.4
375125
375838.1
376065.6
376339.6
377898.6
378047.4
378050.9
378656.8
378705
378732
378847
380094.1
380657.9
380734.1
381287.9
385752.1
389228.5
389490.1
389674.8
389711.8
389782.6
389783.1
389798.7
389879.8
389909.2
389926.2
389978.7
390099.3
390141.2
390261.7
390321.3
390372.4
390425.9
390457.5
390496.5
390563.6
390697.8
390795.8
390808.6
391008.9
391037.5
391058.6
391157.7
391237.5
391257.9
391333.6
391387.2
391443.7
391573.2
391645.4
391653.1
391703.7
391706.6
391748.7
391787.6
391794.1
391964.3
391978.3
391982.9
391986.7
392048.1
392069.9
392073.4
392076.5
392231.1
392299.3
392357
392562.9
392784.2
392938.3
393252.4
393778.1
394423.4
399014.9
399189.2
399387.6
399423.9
399455.7
399457.5
399736.8
399743.6
399757.1
399771.6
399773.6
399793
399962.1
400042.3
400830.4
401347
401891.4
404156.5
404904
405007.8
405101.7
405106.1
405145.3
405535
405556.6
405673.5
405759.9
406122.1
406135.4
406216
406218.6
406319.3
406353.7
406368.2
406380.3
406605.9
406623.4
406645.7
407078.5
407143.9
407204.4
407370.1
407394.2
407507.8
407808.1
410060.2
410500
411370.2
411973.4
412062.6
412103.4
412162.3
412164.9
412178.6
412213.7
412253.7
412266.1
412301.5
412339.9
412392.1
412425.4
412467.1
412500.6
412509.4
412582.3
412606
412617.1
412724
412734.7
412774.3
412824.7
412870.7
412904.9
412958.1
413039.9
413056.7
413331.3
413416.8
413938
415811.7
415982.9
416005.4
416045.2
416102.8
416264.5
416277.2
416477.9
416615
416721.7
416824.8
416912.9
416933.8
416960
417343.4
417599.3
417675.9
417907.6
417911.5
417932.8
418038.5
418146.1
423041.2
423292.3
423294.2
423468.1
423474.9
423541.4
423678.5
423719.9
423745.5
423778
423804.8
423830
423931.3
424097.7
424100.1
424166.9
424185.1
424280.5
424303.9
424330.8
424513.1
424515.1
424585.2
424678.4
424746.3
424850.7
424901.5
424910.6
424910.9
424921.3
424989.2
425026.4
425043.5
425192.8
431975.9
432013.9
432285
432353.1
432976.5
433167.4
434002.6
434192.7
435592.9
436373
437864.5
441753.3
441831.7
442003.9
442259.3
442330.5
442475.5
442530.7
443037.1
443232.1
443367.5
443455.5
443500.3
443539
443727.6
443856.4
446800.2
446892.6
446955.3
446978.5
447009.8
447098.3
447192.5
448030.9
448185.4
448379.3
448422.5
449105.1
450010.2
450065.3
450106.1
450255.8
450273
450450.5
450593.3
450640.6
450656.5
450663.8
450672.4
450708.4
450833.4
451936.9
452258
452334.7
452384.3
452397.3
452447.4
452492.6
452534
452615.9
452736
452792.5
452796.3
452819.8
452838.3
452930.6
453073.3
453095.3
453119.8
453149.6
453168.4
453232.3
453331.2
455855.7
455963.4
456018.3
456049.6
456153.2
456154.6
456175.8
456308.3
456310.9
456311.8
456315.9
456328.3
456334.9
456361.9
456376.9
456382
456392.1
456470.2
456689.5
456890.1
457205.9
459114.1
459232.5
459242.7
459305.7
459359
459395.6
459477.4
459493.6
459502.5
459593.8
459631.1
459696.7
459704.6
459747.9
459791.1
463786.7
463969.8
463996.9
464010.5
464103
464165.3
464170.6
464214.7
464312.7
464356.6
464633.5
466142.5
467531.5
471569.1
471722.2
472777.2
473037.6
473087.3
473104.8
473255.6
473412.5
473493.8
473654.5
473657.7
473711
474097.7
474298.5
474558.3
485538.2
486022
486166.4
486249.6
486317.7
486374.9
486607.6
486715.6
487121.9
487762.2
488345.5
488567.5
488590.8
488637.3
488638.7
488711.4
488888.4
489004.9
489126.6
489172.3
489287.9
489466.6
489513.8
489985.1
489991.4
490317.7
490355.9
490640.7
490913.6
491081.3
491822
492082.3
493626.5
494020.6
494431.3
494515.8
494611.8
494659.3
494768.8
495037.8
495195.4
496102.7
496409.4
497191.1
497345.4
497368.3
497470.4
497558.6
497872.5
497938.9
498018.8
498079.7
498473.8
498729.1
499593.2
499965.5
500403.9
500634.8
500803.5
500892.7
501114.3
501314.5
501531.5
501657.6
501747.2
501905
501927.7
502027.5
502392.4
502404.1
502482.1
502783
502996.7
503325.8
503472
503688.4
503804.8
503996
504462.8
505142.4
505233
506296.9
506538.8
506667.8
506793.8
506863.3
507178.7
507209.5
507265.3
507309.3
507315.6
507481.2
513328.2
513369.7
513446.6
513715.6
513849.4
513853
513853.5
513908.1
513976.6
513994.3
514202.8
514239.4
514276.9
514331.5
514427.3
514500.6
514572.8
514633.1
514707.8
514715.6
514824.1
515018
515151.8
515191.1
515205
515313.5
515329.2
515384.6
515586.9
515606.4
515623
515652.5
515671
515750.1
515795.4
515820.1
515827.7
515860.6
515861.3
515958.7
515977.2
516013.8
516084.1
516147.1
516293.7
516325.7
516513.8
516547.9
516550.6
516557.9
516573.6
516612.1
516619
516634.4
516796.9
516808.9
516829.6
519012.6
519046.3
519596.8
519833.7
520224.7
520422.6
520622.2
521240.4
521577.2
522419.6
523068.6
523843.1
524428.8
524487
524501.8
524507.2
524745.8
524928.1
525003.3
525117.1
525187.8
525235.4
525289.6
525439.4
525442.3
525445.6
525549.3
525650
525662.9
525704.3
525745
525792.8
525803.8
525841.8
525883.4
525893.3
525904
525931.2
525975.5
525986.6
526019.7
526082.5
526100.9
526139.2
526201.4
526208.5
526222.2
526247.6
526247.7
526356.8
526359.3
526362.4
526394.3
526404.4
526422.8
526432.1
526607.2
526693.9
526694
526722.6
526760.1
526984.3
527060.5
527097.2
530445.5
530483.4
530562.3
530648.5
530675.6
530745.3
530771.9
530830.8
530885.9
530891.6
530911.6
530923.8
530931.7
530938.3
530944.8
530946.9
530976.8
530994.2
531000.3
531001.5
531099.2
531124.8
531157.7
531183.2
531196.8
531202
531256.1
531306.8
531346.8
531420.8
531455.8
531542.1
531544
531558.8
531563
531690
531750.8
531803.3
531846.6
531904.1
533259.1
533361.1
533373.1
533455.5
533470
533681.4
533688
533794.4
533913.5
534005.4
534017.2
534042.1
534057.5
534105.9
534106
534150.4
534190.3
534225
534266
534298.9
534374
534475
534505.8
534603.1
534678.3
534753.3
536663.2
539341.3
539389.8
539523.3
539573.2
539694
539836
549739.2
549871.2
549896
549928.3
549991.4
550207.1
551236.8
551378.7
553507
554824.5
554921.7
555247
555306.6
555553.9
555559.3
555576.3
555600.6
555685.8
555719.2
555733.2
555819.7
555836
555836.3
555839.8
555966.2
556063
556272.3
556361.1
556423
556636.4
556766.3
556854
556862.8
557144.8
557175.6
557185.8
557784.7
557997.3
558173.5
560361.1
560378.3
560397.5
560526.1
560925.4
562053.2
562055
562150.6
562171.4
562171.5
562207.4
562247.1
562365.3
562408.2
562409
562489.8
562531.2
562532.2
562541.6
562789.1
563468.5
563609.1
563794.7
563836.7
563844.9
563879.8
563880.5
563954.2
564004.5
564202.9
564288.8
564338.4
564536.3
564653.7
564735.8
564770.6
564797.9
568089.1
568247.2
568308.9
568323.5
568650.8
568748
568855.6
569001.2
569139.6
569385.6
569392.9
569439.4
569490
569662.4
569792.4
570487.3
570563.7
570653.5
570734.8
570873.1
570877.9
570926.2
570926.9
570943.3
574461.9
574540.8
574837
574838.9
574862.4
575039.7
576183.5
576300
576319.5
576451
576451.7
576453.5
576561.4
576580.5
577148.5
577178.3
578149.1
578286.3
578351
578466.9
578474.2
578493.2
578615.9
578638.6
578681
578682
578732.6
578752.2
578756.4
578772
578778.9
578901.6
578915.2
585604.7
585803.2
585880.1
585899.6
585909.3
585943.6
586071.6
586072.9
586107.4
586223.2
586223.4
586236.3
586269
586292.5
586324.4
586431.8
586457.1
586472.4
586597.5
587519.5
591785
591812.9
591846.9
592042.1
592275.1
592298.5
592532.4
592610.3
592940.8
592962
593070.4
593240.4
593253.6
594423.2
594481.9
594483.6
594584.8
594798.3
594914.1
596332.3
596337.6
596377.5
596382.3
596392.7
596462.8
596466.2
596497
596507.7
596510.9
596607.2
596729.1
596958.7
597058.9
