2285.6
2340.2
2357.9
2461.1
2554.8
2563.7
2601
2667.3
2683
2750.1
2821.1
2835.1
2850.9
2854.5
2862.1
2887.5
3028.2
3032.1
3038.5
3053.6
3063.7
3320.3
3333.6
3460.1
3465.2
3500.7
3696.6
3873.9
4002.9
4015.7
4075.6
4174.9
4278.4
4302.5
4492.2
35944.8
36022.3
36034.3
36390.7
36401.8
36587.9
36704.6
36905.1
36998.5
37194.6
37233.3
37233.6
37265.7
37290.3
37310.8
37347.1
37416.5
37441.5
37448.6
37507.6
37611.4
37655.2
37698.7
37698.8
37761.5
37796.6
37812.8
38099.5
38133.1
38146.3
38176.6
38252.9
38254.5
38288.9
38289.4
38386.4
38469.6
38473.6
38504
38562.9
75961.5
76141.5
76312
76406.9
76414.8
76545.2
76602.8
76638.1
76647.9
76699
76700.2
76852.4
77103.9
77216.1
77419.9
77434.9
77444.2
77459.4
77660.3
77673.6
77705.5
77863.7
77889.2
77903.6
78197.7
78219.5
78455.9
78506
78743.5
78791.3
78944.1
79217.8
79494.5
79596.6
79660.6
79801.2
80080
80242
80391.4
80580.4
80957.5
81212.7
81390.8
81392.2
81532.2
81606.8
81733.9
81878.1
81914.3
82017.1
82091.7
82133
82153
82265.2
82401.8
82521.6
82529
82530.5
82554.4
82604
82634.8
82705.8
82715.3
82803.9
82821.9
82846.2
82924.8
82952.2
82991.6
82995.1
83018.7
83026.9
83141
83267.8
83268.2
83304.6
83423.3
83473.8
83610.7
83909.6
83994.5
84028.2
84146.2
84184.8
84188.6
84459
84804.5
84879.1
85018.5
85049.4
85080.4
85145.4
85175.6
85235.5
85395.8
85439.5
85447.8
85497
85542.4
85594
85623.3
85673.5
85961.1
85977.6
86065.7
86069.8
86070.3
86091.9
86137.1
86169.7
86235.6
86239.2
86269.8
86408.5
86423.6
86457.8
86471
86503.1
86521.1
86533.9
86566.5
86681.4
86690.1
86721
86724.4
86780.9
86835.7
86935.7
86966
86967.8
86993
87069.3
87076.6
87186.2
87206.8
87215.7
87255.1
87404.3
87432.6
87467
87477.1
87507.2
87543.3
87604.5
87649.6
87674
87708.6
87719.3
87721.1
87752.7
87757.8
87814.8
87828.9
87871.2
88034.3
88058.3
88074
88282.3
88306.8
88342
88345.5
88409.3
88524.7
88555.8
88556.3
88658.6
88673.7
88729.1
88729.9
88730.1
88849.5
88906.7
88919
88927.9
88985.6
88989
89036.1
89062.6
89135.5
89194
89216.2
89248.3
89341.3
107220
107950.5
108059.9
108084.5
108132.4
108173.1
108471.6
108501.9
108552.2
108555
108600.4
108655.1
108671.9
108727.2
108728.5
108734.2
108814.8
108815.6
108918.6
108919
108922.8
108975.6
108982
109040.4
109082.9
109219.1
109346.2
109365.3
109490.2
109531
109546.7
109839.9
109882.1
109882.8
110092.1
110114
110120.5
110166.8
110216.4
110231.6
110248.2
110471.9
110502.1
110690.5
110705.5
110844.6
110847.8
110864.7
110881.8
110927.5
110965.1
111033.2
111039.1
111120.3
111151.6
111163.9
111279.4
169555.4
169585.8
169760.7
169882.8
169936.3
170196.4
170562.1
170684.4
170761.2
170835.6
170852.7
170877.9
170961.2
170993.1
170995.8
171056.4
171134.7
171154.4
171155.6
171171.2
171251.1
171320.3
171353.2
171479.9
171483.9
171504.4
171514.5
171515.2
171536.6
171570.9
171572.2
171679.6
171743
171791.7
171837.4
171915.9
172221.4
172331.5
185011.4
185188.3
185209.2
185568.1
185600.1
185688.1
185688.4
185777.3
185796.3
185853.6
185863.7
185868.9
185874.1
185943.8
185946.8
186022.6
186251.6
186293.6
186301.3
186334.3
186349.4
186436.3
186510.7
186533.1
186560.2
186742.6
186756.1
186893.4
186949.1
187005.1
187187.7
188015.5
221995.4
222050.3
222191.5
225507.7
225836.9
226103.2
226358.2
226363.2
226368.6
226389.4
226525.7
226543.2
226604.3
226625.8
226637.4
226685.2
226733.3
226771.3
226831.6
226847.4
226848.6
226904
227124.7
227189.5
227207.9
227313.7
227393.4
227455.9
227476.6
227515.9
227537.6
227547.5
227617.8
227709.4
227715.3
227752.9
227814
227954.7
227955
228036.7
228039
228128
228129
228205.9
228251.5
228347.9
228432.6
228473.2
228523.4
228534.7
228537.2
228570.2
228571.9
228592
228599.8
228602.9
228608.3
228612
228645.6
228680.8
228708.7
228772.7
228839.7
228877.2
228892.5
228898.9
228912.3
228973.7
229000.8
229091.2
229115.6
229226.9
229239.8
229254.5
229352.1
229383.5
229437.2
229670.5
230162.2
259785.2
259967.1
260019.6
260106.7
260127.1
260152.1
260324.6
260326.5
260375.8
260434.7
260562.5
260580.6
260581.9
260658.1
260673.5
260725.1
260891.3
260894.9
260938.8
260941.1
260949.8
260963.7
261111.3
261141.2
261349.8
261543
261631.8
261647.8
261701.9
261780.3
261898.8
262073.1
262200.2
262212.4
262908.5
263013.9
263102.6
263103.4
263208.5
263222
263239.6
263432.9
263583
263606.3
263670.4
288569.3
288994.7
289614.5
289729.4
290261.7
290727.3
291916.9
292375.9
292653.1
292671.7
292813.9
293454.8
293995.5
294078.4
294222.2
294681.4
294926.2
294988.1
295486.2
295621.5
295785
295895.6
295980.4
295998.2
296007.5
296049.3
296136.2
296144.7
296208.4
296319.5
296399.3
296403.7
296412.9
296415
296439.2
296445
296474
296476.6
296498.8
296563.8
296690.3
296723.9
296788.3
296796
296896.5
296912.2
296956.7
296962.7
296986.1
297014.1
297056
297058.1
297156.4
297172.8
297365.5
297500.7
297501.3
297575.5
297599.9
297625.1
297647
297664.6
297706.6
297733.2
297750.8
297879.6
298187.1
298343.5
298389
298619.7
314746.9
338232.1
338911
339047.3
339195.4
339433.1
354394.9
355145.5
355312.9
355495
355538.9
355551.1
355632
355689.8
355911.4
355987.7
356017.8
356060.8
356148.5
356185
356212.2
356264.9
356289.4
356349.1
356427.6
356437.4
356458.5
356537.1
356573.1
356615.3
356694.1
356723.8
356729.5
356741.6
356751.1
356789.2
356910.2
356929.5
356953.6
356956.7
357015.3
357052.6
357056.6
357057.3
357090.7
357101
357102.2
357137.9
357151.6
357195.8
357232.9
357304.6
357370.4
357450.1
357560.9
357571.5
357575.2
357594.3
357658.5
357679.7
357728
357728.6
357806.3
357839.3
357864.5
358048.3
358065.7
358117
358121.6
358130.6
358258.6
358316.6
358321.4
358368.3
358371
358415
358522
358522.8
358582.9
358626.1
358632.2
358644.6
358688.5
358692
358701
358702.6
358752.1
358805.3
358892.7
358923.7
358956.5
359007.1
359072.1
359094.1
359111.7
359121.3
359209.9
359216.5
359242
359250.8
359271
359289.4
359382.7
359395.3
359417.7
359449.8
359538.2
359573.9
359575.5
359579.7
359614.3
359720.3
359721.4
359779.9
359791.7
359806
359844.6
359938.5
359939.4
359988.5
360035.8
360094.5
360130.8
360165.6
360225.6
360293
360300.2
360325
360336.4
360534.2
360575.1
360586.4
360604
360771.1
360773.5
360916
360943.2
360951.8
360957.3
360963.3
360964.5
360964.7
361104.1
361194.5
361197.8
361198.6
361310
361372.4
361402.4
361451.6
361491.4
361495.2
361586.5
361614
361645.3
361690
361807.6
362032.8
362163.2
362239.5
362289
362397.4
362423.4
362558.7
362628.3
362712
362780.4
362805.8
362842.6
362852.5
362910.2
362919.2
362968.9
362977.8
362993.7
362994.7
363003.3
363038
363041.1
363101.7
363155.1
363161.4
363185
363193.8
363362.6
363374.4
363395.8
363400.3
363404.9
363626
363651.7
363651.9
363765
363774.6
363787.9
363812.9
363848
363853
363902.8
363949.9
363973.8
363998.8
364037.1
364060
364112.6
364148.5
364186.9
364194.1
364294.7
364307.9
364337.3
364357.8
364362.1
364447.3
364468.7
364488.1
364490.8
364513.1
364531.7
364609.6
364639
364652.1
364711.1
364733.5
364771.5
364941.2
365044
365108.7
365127.5
365150.4
365166.2
365167.9
365267
365302.1
365316.6
365382
365400.1
365400.3
365404
365417.5
365460.7
365465.4
365472.3
365567.8
365586.7
365726.2
365760.2
365856.3
365867.7
365914.3
365924.4
366200.8
366323.8
366354.4
366383.3
367054.4
367095.7
367233.3
367236.1
367252.5
367275.1
367282.4
367322.3
367325.1
367333.8
367433.8
367673.4
369275.9
370499.7
427488.2
459506.6
460042.8
460154.1
460224.5
460304.4
460477
460752.9
460781.1
460781.2
460788.9
460814.5
460839.3
460886.4
460955.4
461180.9
461185.2
461399.5
461615.1
461724.6
462033.2
462123.3
462183.4
462371.3
462419.1
462575.1
462608.1
462646.9
462675.7
462718.7
462782.1
462805.3
462833.6
462845.9
462857.4
462871.6
462878.9
462882.4
462890.7
462920.3
462962.8
463006.3
463018.8
463097.1
463101.5
463106.9
463156.3
463190.7
463199.1
463232.1
463263.7
463265.4
463275.9
463354.9
463399.6
463477
463482.6
463625.5
516232.4
535098.2
535156.9
535412.7
535439.9
535464.7
536349.4
536654.9
537009.6
537099.9
537104.4
537176.2
537320.9
537449.6
537528.2
537708.1
537918.5
538284.6
538291.2
538849.7
539063.9
555834.7
580252.3
580679.2
580719.7
580882.3
580923.5
580949.5
580982.5
581073.6
581085.1
581087.7
581465.4
581469.8
581488.7
581507.2
581558
581607.4
581676.7
581763.6
582047.6
582206.3
582233.7
582490.6
586852.8
588185.6
588265.8
588319.8
588322.5
588336.7
588402.7
588404
588515.1
588606.2
588632
588669.5
588700.9
588779.5
588801.6
588948
589023.6
589090.5
589149.3
589194.3
589227.8
589332.6
589342.4
589348.3
589357
589400.1
589465.9
