2466
7848.2
12992.2
13183.9
13826.1
14740.9
19047.5
19164.5
19239.2
19993.9
19996.9
20051.9
20183.5
20264.3
20753.4
22776.8
22876.1
22986.8
23032.9
23172
24615.4
28813.5
28867.8
28981.9
29104.9
29157.7
29380.9
29428.6
29440.7
29464.2
29500.1
29529.7
29607
29659.6
29722.8
29732.9
29769.4
29823.1
30005.7
30063.1
30145.4
30308.2
30338.2
30720.3
30793.3
30873.1
35742.2
35767.3
38828.9
38976.4
39005.9
39070.3
39327
40413.6
41792.5
41940.5
42020.8
42033.6
42064
42147.9
42182.8
42199.1
42302.8
43916.6
44058.2
44128.7
44241.7
44253
44330.2
44369.9
44824.7
47688.6
49204.7
50355.7
50458.4
50471.3
50480.7
50522.7
50553.8
50622.6
50633.2
50808.2
51531.8
52112.1
52160.1
52163.1
52180.7
52228.5
53135.4
53840.5
54109.4
54295.9
54350.7
54622.4
54637.5
56790.8
56944.8
56996.1
57038.2
57098
60405.7
60422.3
60635.1
60697.6
60705.8
60751.9
61586
61591
61598.8
61679.1
61716.2
61778.5
61784.1
61797.2
61848.9
61856.4
61893.4
61927.6
61978.8
61989.1
62007.9
62018.3
62022.9
62023.7
62063
62105.3
62189.7
62237.2
62311
62331.6
62342.4
62355.9
62367.7
62375.6
62384.2
62418.6
63570
63666.6
63800.4
63835.6
63898.3
64105.6
64211.3
64218
64762.6
64894.7
65184.1
65270.4
67016.1
67415
69613.7
69710.5
71758.9
71847.6
71872
72011.2
72012
72053.6
72094.7
72261.7
72297.4
72329.8
72414.7
72508
72515.9
72544.9
72571.8
72599.4
73039.4
73155.3
73254.5
73523.9
73582.8
74129.2
74504.7
78216.2
78317.5
78388.1
78389.9
78755.8
79111.3
79144.6
79298.5
79333.3
79484.8
79647.1
80043.6
80320.3
80335.6
80474.4
80740.2
83685.1
83982.7
84024.8
84050.1
84131.9
84208.4
84316
84340.8
84385
84403.5
84418.1
84433.3
84443.1
84707.2
84787.2
88028.3
88383.1
89504.3
89534.6
89543.7
89564.3
89582.5
89599.4
89688.8
89753.3
89758.1
89798.1
89802.8
89806.2
90060.5
90867.3
90896.1
91032.5
91112.3
91138.7
91187
91328.3
95027.2
95319.3
103645.3
103786.6
103871.9
103877.4
103945
104034.6
104054.7
104061.4
104243.4
104362.8
104396.8
104442.6
104522.5
105672.5
105795.5
105804.4
105845.3
105902.4
105909.5
106043.2
106071.7
107295.4
107364.9
107495.6
107655
111571.7
118097.7
118313.4
118323.5
118345.4
118366.8
118436.4
118440.4
129432.4
145183.1
145319.4
145535.9
145692.9
146866.5
147393.8
147431
147968.2
148062.8
148130.9
148347.6
148579.1
148677.6
149058.4
149134
149437.4
150125.1
150297.5
150469.8
150961.1
151168.5
151616.3
151632.6
151846.3
151893.6
152426.7
152632.3
152772.1
152778
152931.6
153149.5
153302.4
153730.1
154420.7
154778.1
154812
154834.8
154981.4
155281.5
155435.4
155984.1
156057.4
156271.2
156379
156408.5
156526.2
156583.8
156610.6
156733.4
156763.6
157130.5
157320.6
158614.3
158751.5
158788.9
160082.8
160476.1
161563.7
161570.6
162788.1
162816.9
162853.9
162860.3
162932.8
162964.7
163016.5
163028.2
163046.8
163065.7
163139
163169.2
163272.5
163369.8
163385.1
163388.5
163395
163477.9
163487.2
163520.1
163548.9
164008.5
164260.6
164376.8
164617.2
164655.2
164844.8
164926.9
167067.8
167113.3
167133
167234.7
167254
167328.5
167409.8
167668.4
168825
172494.7
172512.5
172544.4
172642.4
172679.9
172716.9
172780.6
172818
172853.7
172902.8
172979.3
173066.7
173116.4
173121.7
173923.6
173960.9
174122.3
174131.6
174132.4
174161.3
174238.7
174268.7
174345.3
174375.1
174551.6
174577.3
174674
176225.1
176370.7
176678.7
176774.3
176775.3
176913
177031.2
177100.5
177202.4
177228.6
177243.4
177275.1
177289.4
177310.3
177353.2
177354.9
177376.7
177392.6
177451.5
178513.5
178623.7
178676.9
178706.4
179510.8
179681
179734.5
179754.8
179768.6
179780.9
179795
179912.1
179977.1
180057.8
180136.3
180187
180203.1
180235.1
180276
180322
180342.9
180343
180354
180458.2
180565.3
180591.6
180653.3
182925.2
183118.7
183132.4
183227.8
183350.5
183418.1
183425.8
183432
183480.2
185223
185415.5
186054.9
186185.3
186342
186596.7
186938.3
186984.5
188130.2
188369
188371.5
188451.3
188480
188480.7
188547.9
188589.6
191588
193842.7
193861.4
193890.7
194965.1
194991.5
195015.6
195068.1
195070.3
195095.8
195113.6
195167.2
199352.1
199589.4
199651.4
199702.3
199897.4
200222.6
200241.7
200505.4
200524
200788.4
200844.3
200851.4
200956.7
201050.9
201145.6
201483.4
201653.5
201663.4
201707.6
201764.3
201806.5
201807.3
201864.9
201924.3
201971.6
202013.5
202066.5
202221
202227.1
202317.7
202516.5
202529.7
202540.4
202541.1
202692.2
203034.7
203240.3
203261.9
203426
203481.7
203563.5
203590.8
203893
204059.5
204136.6
204154.6
204302.6
204406.9
204443
204502.9
204596.2
204618.6
204665.4
204715.7
204828.6
205083.6
210059.2
210267.5
210322.2
210327.2
210340.6
210415.8
210521.3
210534.2
210634.3
210741.7
210867.7
212067.2
212090
212240.5
212284
212302.6
212335.4
212444.5
212480.9
212675
212728.1
217962.4
217983.7
218759.9
218811.5
218900.7
218945.1
219052
219148
219181
221072.5
221170.4
221185.1
221235.9
221372
221477.1
221599.8
221607.2
221613.1
221636.3
221647.1
221666.5
221672.4
221685.7
221712.5
221724.9
221817.9
221916
222017.3
224119.8
224269.3
224389.2
224469.1
224514.9
224545.6
224560.8
224563.8
224623.7
224677
224742.2
224758.1
224775.8
225773.7
225779.2
225822.7
225866.9
225901.2
225931.2
225970.4
230574.5
231082.8
232236.8
232321.8
232439.5
232491.9
232517.7
232609.5
232627.5
232804.7
232834.8
232844.3
232905.2
232977.5
232991.3
232995.6
233433.4
233445.1
233694.8
240075.8
240181.4
240514
240556.7
240762.5
241242
241366.8
241723.4
242649.2
242935.2
243006.5
243091.6
243971.6
244192.1
244199.3
244218.6
244227.1
244271.5
244495.5
244689.3
244705.3
244721.1
244775.2
244838.7
245104.7
245186.6
245228.3
245271.4
245283.3
245303.4
245333.1
245374.6
245384.7
245386.4
245445.5
245468.5
245522.7
245523.8
245563.4
245583.2
245748.2
245753
245755.9
245771.8
245882.7
245899.3
245909.7
245977.2
246011.6
246012.2
246081.9
246110.4
246135.4
246139
246186.1
246193.7
246212.8
246363
246520.6
246597.3
249653.9
250041.4
250105.4
251098.7
251259.8
251347.8
251828.9
251858.3
255710
259322.9
259598.7
264092.1
264101.9
264212.3
264235.4
264279
264309.9
264327.1
264401.3
270047.5
270228.2
273120.5
273297.1
273305
273429.6
274447.5
274732.4
274909
274990.7
275113.1
275115.7
275163.5
275273.6
275306.3
275361.2
275378.9
275387.1
275419
275497.2
277473.7
277530.6
277649.8
277750.7
277784.5
277791.9
280823.7
280863.7
280874.9
280969
280991.8
281107.1
281275.6
281425.1
281460.4
286750.1
288112.7
288422.3
288493.2
288500.8
288710.6
288903.1
289023.5
289038.6
289094.9
289137.8
289233.5
289377.3
289760.2
289855
289883.8
289915.3
289991.6
289996.8
290033.1
290035.8
290041.8
290091.1
290181.8
290452.2
290475
290684.4
290690.8
290698.5
290795
290803.3
290814.5
290890.7
290936.2
290969.8
290976.7
291012.4
291042.2
291181.8
291229.8
291332.7
291444.9
291526.3
291609
291812.3
291902.1
291913.4
291939
292072.8
292367.5
292416.9
292436.9
292496.1
292509.4
292624.9
292643.5
292772.9
292917.4
292931.8
292986
293004.6
293005
293076.2
293172.6
293190.5
293255.9
293332.7
293396.3
293405.6
293442
293593.3
293786.7
293916.1
293976.1
294089.1
294091.1
294260.8
294379
294399.1
294617.9
294700.8
294921.5
294939.8
294991.3
295019.3
295263.3
295282
295386.1
295440.7
295452.6
295505.7
295508.7
295567.4
295867.4
300505.4
300511.5
300524.7
300647
301026.6
301487.2
303429.6
303437.2
303468.7
303481.2
303491.3
303563.1
310860
310996
311138.7
311868.3
311901.5
311962.8
311977.5
312030.5
312035.9
312092.2
312101.9
312112.7
313771.5
314210
314481.4
314578.4
314623.4
314782.2
314881.5
314943.5
315384.2
315408.5
315468.8
315513.5
315587.8
315678.5
315941.1
323173.8
323302.7
323336.7
323458.1
323484.3
323506.3
323598.3
323641.2
323668.8
323720.3
323777.3
323856.5
323889
324032.2
324091.2
324105.8
324127.1
324193.1
324348.6
324435.1
324656.6
324948.5
324974.1
325590
325601.5
325732.3
326091.5
326213.5
326214.9
329855.2
329968.9
329996.2
330023.4
330038.1
330071.9
330085.8
330092.4
330099.5
330148.5
330155.4
330163.1
330183
330233.8
330252.5
330305.7
330437.8
330791.8
330815.1
332498.4
332691.6
332698.8
332765.1
332970
335682.6
336660.6
336715.5
339546.4
339622.2
340194.5
340203
340485.3
340951.8
341234.9
341456.6
341479.2
341954.6
342018.7
342183.5
343956.8
344159.3
344273.6
345717
345754.2
345805.1
345812.4
345837.7
345893.9
345976.8
345980.8
345998.7
346011
346016.6
346073.9
346179
346269.6
346282.6
346376
346412.2
347825.3
348273.4
348290.6
348313.4
348397.1
348409.8
348477.6
348490.8
348573.2
348734.1
348916.8
349647
349690.8
349758.6
349806.9
349830.2
349850.6
349880.6
349921.8
349933.6
349942.3
350011.9
350034.5
350049.5
350197.5
350647.4
350871.3
350912.2
351075.3
351075.7
351123.7
351136.6
351158.8
351177.3
351257.7
351305.7
354715.5
354856.2
354958.3
354996.1
355051
366052.5
366109.7
366188.2
366191.4
366291.3
366392
366403.9
366518.2
366578.3
366863.2
367213.3
367300.4
367313.9
367325.7
367352.7
367372.9
367386.9
367422.4
367494
367518.1
367637.1
367661.3
367691.3
367768.4
367775.3
368610.5
368817.6
369290.3
369499.2
369627.8
370315.7
370809.8
372003.3
372091.4
372876.1
372945.7
372952.5
373064.9
373085.7
373110.6
373124.8
373128.4
373149.3
373289.9
373386.2
374275.5
374434.2
374470.2
374523.6
374523.7
374553.4
374655.6
374678.8
374838.8
374890.1
374973.7
419313.6
420131.6
420278.1
421294.2
424254.9
426064.1
426173.8
426199.5
426248
427873.1
427875
427979.1
427990.9
428062.6
428189.8
429327.5
441577.3
441667.6
441674.1
441702.5
441733.3
441758.7
441779.9
441806.7
441831.9
441833.3
441875.1
441914.4
441972.3
442053.1
442075.1
442133.7
442181.1
442387
442666.6
442789.9
442840.8
442896.9
442925.4
442933.7
442989.2
443010.7
443042.7
443115.9
443190.7
443492.4
443611.5
443902.4
443907.6
443942.7
444073.8
444282
444292.8
444336.7
444377.1
446090.4
446456.5
446561.6
446585.7
446820.4
446860.3
446892.2
446908.1
446930.8
446950
450054.1
450383.3
450424.8
450473.1
450564.6
455369.1
455434.1
455457
455515.4
455525.6
455549.9
455654
455748.3
455817.9
455878.9
456769.2
457165.9
458877.6
458945.5
459076.1
459341.3
459441.2
459483.3
459584.4
459594.1
459641.9
459730.8
459755.7
459756.7
459791.2
460913.2
460964.8
461255.1
461264.1
461294.4
461360.9
461386.2
461492.4
461557.8
461572.6
461572.8
461588.3
461711.5
461750.8
461831.7
461933.9
461956.2
462133.2
462227.9
462271.5
462332.3
462362
463745.7
464558.3
464818.6
464949
467654.5
481759.1
483584
509704.8
517152.5
518075.3
525476.3
525781.1
525785.7
525920.6
525994.4
526082.5
526172
526383.1
526384.6
526428.1
526432.4
526502
526574.8
526587.7
526607.4
526630.5
526640.5
526695.1
526861.7
526944.6
527035.3
527054.9
527097.7
527137.9
527183.6
527366.9
527401.5
527503.1
533541
533557.9
533675
533699.5
533735.2
533906.9
533977.4
534125.4
534279.5
534401.5
534536.2
534552
534643.8
534718.7
534749.9
534793.2
537211.3
537503
537558
537600.5
537672
537865.9
538036.2
538045.9
538052.2
538178.4
538223.9
538270.7
538284.4
538314.7
538336.4
538482.9
538561.4
538670.9
538698.3
538712.5
538740.3
538809.9
538870.3
538992.8
539214.1
541305.3
541378.1
541382.6
541392.7
541420.9
541446
541624.6
541669.9
542343.7
542598.7
542644.1
547839.1
547962.7
548664.8
548718.3
548740.2
548767.3
548789.2
548793.1
548802.5
548842.2
548874.3
548935.8
548946.4
548965.2
549003
550693.8
550870.2
551000.5
551151.1
551159.7
555701.7
557664.6
559913.6
560007.9
561163.4
561423.4
561472.4
561603.5
561624.7
561756.6
564127.7
567784.5
571167.5
571209.9
571226.4
571236.6
571240.6
571385.8
571428.9
571469.7
571573.4
577610.3
577754
577770.6
577803.5
577815
577903.5
577909.4
577967.6
578002.8
578003.8
578026.4
581647.6
581998.8
582580.2
587715.4
587770.7
587866.8
587911
590365.8
590367.1
590368.7
590461.9
590475.4
590492.3
590506.1
590591.8
590731.5
590734.4
590785.7
594633.7
594668.7
594803.5
594860.8
595905.4
596047.3
597138.6
597186.3
597246.8
597269.1
597291
597318.1
597376.3
597541.2
597548.3
597636
597705.9
597711.5
597746.4
597751.6
597772.3
597779.9
597782.5
597832.4
597863.7
597901.4
597917.6
597933.2
598039.8
598045
598070.3
598094.1
598134.3
598143.5
598169.5
598217.4
598264.4
598434.1
598504
598609.6
598660.3
598708.7
598717.5
598758.9
598785.9
598799.6
598835.3
598860.1
598887
598947.2
598961.7
598994.9
599034.3
599166
599321.8
599461.2
599522.6
599709.3
599977.7
