2114.4
2324.6
2719.3
2823.4
2924.6
2997.4
3000.6
3012
3063.3
3123.8
3148.4
3215.5
3216.6
3285.6
3354.3
3477.2
3692.6
3800.9
3807.2
3998.2
5730.6
5770.2
5856.3
5901.6
5980.4
5980.5
6009.4
6065.9
6132
6202.7
6235.8
6258
6304.7
6326.2
6333.9
6362
6368.3
6383.2
6389
6442.9
6450.5
6456.9
6487.9
6499.5
6528.6
6587.8
8407.8
9834.4
9898.3
10116.6
10486.9
12106
12259.3
12312.1
13432.6
18255.6
18479.9
22807.2
22961.5
23006.1
23072.9
23110
23116.9
24068.2
28486.2
28837.4
28998.8
29027
29097.5
29110.7
29111.9
29118.1
29217.1
29236.6
29271.7
29333
29380.2
29421.1
29441.6
29470.6
29500.4
29524.5
29612.7
29692.4
29713.2
29757.3
29787.7
29820.9
29896.9
29945.6
30175.9
30255.1
30420.6
30867.5
36358.8
36413.8
36543.2
36556.7
36615.5
36617.7
36666.2
36742.8
36768.7
36791.6
36822
36862.8
36893.9
36956.5
36967.8
37130.6
37263.8
37271.4
37392.1
37432.4
37450.9
37459.1
37493.4
37614.4
37644
37655.9
37667.7
37702.4
37794.9
37822.5
37845.3
37895.5
37960.3
37983.3
38005.1
38051.7
38053.8
38060.2
38155.3
38156.1
38772.6
38795.5
41671.3
41928.8
42609.9
42626
42652.5
42695.2
42752.8
42793.3
42798.3
42940
43024.7
43101.5
43101.6
43142.3
43175.3
43265.5
43287.2
50703.7
50740.2
52200.2
52289.1
52351.6
54432.6
55059.2
55093.6
55277.2
55349.7
55363.8
55453.5
55486.1
56134.3
56159.3
56171.9
56202.4
56215.4
56297.8
56374.2
56989.4
57121.8
57232.2
57305.6
57328.9
57333.7
58497.1
58842.9
60207.8
60223.9
60240.4
60258.3
60272.4
60782.6
61673.5
62047.2
62143.4
62211.6
62259.1
62334.3
62512.9
63675.2
64898
64948
65155.2
65161.5
65163.8
65166.2
65220.8
65305.9
65324.3
65444.1
65578.8
65637.5
65640.1
65691.7
65932.8
67102.2
67229.4
67258
67347.5
67425.5
67484.5
67571.9
67670.8
68275.1
68508.4
72247.2
72302.3
72561.4
72598.9
72653
72665.4
72738.7
72799.5
72826.9
72882.6
72894.9
72948.4
72974.4
73040.1
73054.9
73061.8
73116.1
73133.2
73168.8
73268.2
73277.3
73333.5
73344.8
73359.1
73401.9
73441.2
73483.8
73504.3
73525.6
73568.1
73579.7
73604.5
73627.1
76461.6
76561.5
76639.9
76712.7
76721.2
76797.9
76874.1
76944.2
76985
77007.4
77009.2
77053.2
77089.6
77542.6
77580.2
80717.4
80850.8
84064
84121.4
84123.3
84186.4
84216.2
84256.8
85377.4
85396.5
85576.6
85617
85715.2
85753.2
85928.4
86152.1
86154.7
86174.8
86405.5
86447.7
86609
86724.6
90315.2
91006.2
91202.8
91347.1
91363.5
101532.9
103723.3
103734.8
103891.8
103941.6
104006.6
104013.1
104014.6
104082.5
104083.6
104092.9
104256.2
104405.6
104429.4
104517.1
105875.2
105895.3
105942.6
105946.1
106050.9
107317
113453.9
113542.5
113622.7
113661.3
113663.9
113745.3
113749
113824.8
113927.3
113953.9
113966.4
114091.8
114106.6
114169
114181.3
114182.8
114183.5
114230.1
114268.8
114286.3
114302.1
114310.6
114541.4
114699
114721.4
114933.7
115080.5
115153.5
115164.4
115220.1
115264.5
115286.6
115286.8
115344.5
115414.9
115454
118180.4
120682.8
120808.4
120852.9
120879.6
120916.6
120940.3
120946.5
120980.2
121005.5
121075.2
121106.8
121141.9
121508.4
122073.7
122079.8
122175.9
122369.3
123040.9
123653
123737.4
123896.6
124267.6
124306.2
124400.1
124440.7
124502.3
124510.3
124543.1
124634.8
124833.1
127455.5
130907.3
130984.8
131492.3
131498.9
131546.6
131564.2
131586.2
131645.6
131669.4
131871.5
131922.6
132006.4
132100.4
132387.9
132426.4
132516.4
132610.5
132760.2
133321.9
133362.4
133522.3
142071.5
142455.8
142954.4
143088.4
143326
143503.9
151847.5
161494.5
161520.4
161535.9
161560.7
161654.1
162840.2
162855.5
162958.9
162959.5
162997.5
163001.1
163055.7
163061.9
163096.2
163270.7
163324.5
163411.2
163576.5
168077.7
168233.8
168406.8
170807.3
171748.2
172404.2
172555.6
172566.8
172588
172594.4
173324.1
173865.8
173898.6
173900.6
174111.4
174237.6
174258.2
174303
174329.9
174332.2
174352.4
174439.5
174635.1
176112.7
176463.9
176533.3
176565.1
176650.2
176803
176809
176877.4
176989
176995.5
177039.7
177216.9
177298.9
177300.6
177326.9
177349.5
177362.4
177398.6
177415.9
177443.3
177447
177519.6
177540.2
177568.3
177570.6
177626.6
177680.2
178898.8
180355.3
183443.4
183470.1
185095.6
185228.8
186472.7
187007.2
188365.4
188462.9
188519.8
188548.2
193619
193624
193673.9
193790.9
193819.4
193822
193830.7
193926.7
193930.8
193997.6
194032.3
194078.5
194834.9
194838.8
194923.7
194926
194927.9
194962.5
195029.9
195708.8
195770.6
195802.6
195824.3
195842.9
195976.7
196013.8
196033.2
196143
196312.5
196432.9
196495.7
196633
196809.8
197044.1
197161
197296.6
197438.4
197443.4
197733.6
197758
197905.2
197949.2
199959.8
200115.8
200695.1
201259.7
201359.5
201545.5
202401.2
202518.6
203495.5
204263.2
204844.5
206045.3
206063
206167.4
206995.7
210295.3
210513.5
210605.3
210621.3
210628.5
210710
210808.1
210837
210873.7
211133.5
211180.5
212633.9
212760.4
214525.7
215528.5
215564.5
215692.9
215742.4
215829
215853.8
215895.2
215941
216023
216070.6
216083.7
216154.6
216176.5
216190.1
216208.6
216250.7
216278.7
216381
216403
216406.4
216422.5
216510.3
216610.9
216659.8
216754.2
216755.2
216763.5
216784
216909.2
216911
216972.2
217126.4
219392.5
219438.2
219590.8
220949.8
221008.1
221361.8
221669.9
221700.5
221861.2
221918.4
222032.3
223135.9
224272.9
224281.5
224418.3
224441.4
224462.1
224485.8
224542.2
224581.9
224634.2
224649.5
224749.9
224842.5
224884.5
225515.4
225526.3
225541.2
225639.8
225663.4
225671.9
225723.1
225809.3
225817
225869.6
232352.4
232388.7
232484.2
232508.7
232560.5
232580.9
232737.7
232755.3
232890.2
233510.3
234265.1
234279.9
234351.4
234358
234358.8
234475.3
234476.2
234514.9
234630.4
234646.8
234862
234867.4
234875
234955.5
235123.8
235282.8
235326.1
235338
235341.4
235411.8
235414.5
235448.3
235471.6
235509.2
235620.6
235661
235661.5
235684.9
235703
235788.4
235867.1
235956.7
236060.3
236129.7
236151.7
236155.7
236168.4
236401.5
236464.8
236486.9
236613.1
236631.6
236643.9
236646.9
236656.6
236730.2
236739.9
236744.8
236775.1
236848.6
236966
236969.1
236971.2
236994.8
236997.4
237004.9
237021.8
237062.3
237203.4
237210.7
237335.8
237337.2
237392
237521.6
237581.9
237630.2
237707.9
237796.9
237853.2
237905.4
237906.1
237922.5
237972.6
238001.9
238159.5
238172.4
238195
238211.5
238212.8
238310.8
238324.4
238327
238346.1
238437.1
238493.1
238554.6
238618.6
238624.4
238660
238695.1
238718.3
238744.5
238748.1
238820.1
238846.1
238868.4
238895.9
239006.9
241769.8
242137.1
245147.8
245183.2
247032.3
247100.6
247109.5
247227.3
247255.1
247292.4
247296.2
247319.6
247360.6
247377.2
247385.9
247387.9
247428.1
247437.5
247446.6
247462.5
247516.4
247516.9
247543
247544.4
247581.4
247623.4
247705.5
247772.3
247829.2
247919.2
247959.4
248006.5
248069.5
249647.9
249723.5
249774.3
249785.7
249785.8
249820.1
249863.7
249891.5
249941.7
249954.5
249991.3
250057.9
250070.7
250089.2
250874.2
251218.5
251355.9
251379
251419.8
251446.4
251510.9
251523.7
251538.5
251622.4
251699.2
251706.5
251714.5
251738
251839.5
251893.1
252096.1
260362.4
260412.9
260486.6
260510.8
260661.2
260736.2
260796.2
260862.7
260872.6
260901.5
260909.6
260932.3
260998.4
261012.5
261141.9
261204.8
261227.7
261237.2
261301.1
261338.7
261396.3
261605.3
261901.3
261907.3
261939.1
261990.7
262806.1
262818.6
262929.5
263065.1
263128.4
264158
264203.8
268733.2
273080.6
273286.9
274714.5
274751.1
274753.4
274850.6
275078.9
275115.7
275126.5
275161.6
275200.3
275256.2
275277.2
275331.3
275418.2
275452.8
275455.1
275456.4
275470.6
275532.6
275545.8
275617.2
275711.3
277159.8
277216.9
277254.5
277260.7
277367.7
277377.4
277499.6
277520.7
277602.2
277661
277723.2
277737.3
277744.1
277748.1
277764.7
277796.1
277799
277905.6
277931
277991.6
278074.9
278122.1
278629.8
278702.5
288059.7
288141.7
288517.2
288548.1
288647.1
288647.7
289204.4
289238.5
289770.3
289845.3
289897.3
289998.4
290193.9
290255.7
290548.9
290550.7
290866.6
290945.2
291047.6
291064.5
291777.9
291844.5
292515.4
292661.7
292672
292866
292899.7
293252.1
293280.8
294057.9
294336.5
294432.6
294686.4
295171.3
297356.7
297436.3
297437.1
300518.5
300669.9
300881.7
301285
301307.7
303387
303965.5
304666
304925.5
305217.7
305917.9
306037.6
306121.2
306140.8
306164.4
306281.3
306291.1
306291.8
306308.7
306326.8
306367.3
306387.1
306388.3
306394.9
306508.3
311141.6
311182
311289.6
311294.6
312154.6
320846.1
320863
321039.2
321048.7
321774.6
321950.6
322128
322419.6
322520.4
322520.5
322552.6
322612.2
325833.7
325839.8
325844.6
325850.2
325873.5
325877.1
325898.9
325999
327032.3
327282.7
327336.1
328218.3
328572.2
328897.1
329848.1
330029.1
330200.5
330363
330427.8
330517.1
330579.8
330626.4
331009
331029.4
331105.1
331115.1
331119.9
331142.1
331147.5
331586.7
331589.8
331590.1
331610.6
331744.4
331883.7
331899.8
332710.2
332810.4
332817.6
332911.5
333082.1
333158.7
338496.2
338586
339050.7
339116.3
339200.8
339323
339380.4
339431.3
339450.1
339482
339517.8
339536.5
339562.7
339615
339692.8
339830.1
339848.1
339868.4
339917.3
340031.3
340247.8
343838.3
343956.7
344505.3
345805.8
345827.6
345862.9
345886
345941.7
346063.9
346414.6
348250.8
348317.1
348742.7
348791.3
348904.1
348939.5
349022.4
349642.4
349811.1
349947.8
349970.1
350098.6
350208.9
350270.6
350273.1
350308.1
350397.2
350483.3
350490.5
350542.3
350543.5
350567.1
350680.5
350684.1
350705.1
350721.8
350737.7
351021.4
351046.6
351067.1
355847.6
355858
355982.2
356062.1
356344.7
356354.1
356517.9
356541.6
356693.5
357068
357177.1
357195
357234.8
357420.7
357425.7
357511.1
357667.3
357863.7
358105.7
358214.6
358300.5
358345.7
358581.2
358682.2
358844.5
358946.1
359153.2
359235.1
359353.6
359376
359439.2
359511.4
359625.1
359629.6
359958.1
360157.1
360245.7
360293.7
360331.9
360405
360452.2
360557.8
360668.7
360878.8
360907.5
360916.1
360924.7
361124.1
361465.9
361657.5
361668.1
361815.1
361851.4
361934.7
362069
362072.2
362187.6
362247.9
362436.6
362445.9
362609.5
362702.3
362769.6
362826.7
362836
363237.9
363790.4
363835.5
363971.7
364042.5
364966.1
367611.1
367660.4
369033.7
369242.3
369267.5
371254
371546.3
371850.5
372136.1
372156.7
373047.1
373061.2
373114.8
373209
373267.9
373279.8
373291
373430.3
373478.5
375730.2
375733.3
375770.6
375846.4
375895
375907.3
375951.2
375977.6
376319.8
376510.5
376574.1
377036.4
377203.9
377231.5
377446.8
377647.6
377797.1
377840
377852.9
377930.5
378096.2
378106.5
378457.5
378519.1
378641.6
378789.4
378793.8
378846.4
378940.6
379345.2
379534.6
379613.9
379636.9
379651.8
379714.6
379773
379855.1
379862.3
379905.9
379948.8
379954.8
380011.5
380145
380189.5
380259.9
380352.6
380394.6
380440.5
380470.9
380478.6
380490.3
380734.5
380852.8
380902.3
380990.3
381191.2
381201.2
381208.2
381324.2
381384.4
381441.3
381638.8
382006.3
383240.6
383310.2
383446.1
384255.8
384811.5
385070.6
385687.8
385892.2
386279.4
390098.3
390221.6
390295.2
390357.1
390393.2
390679.7
391204.5
391341.6
391430.4
391673.2
391898.9
391946.8
391986.6
392037.2
392254
392297.5
392345.8
392547.2
392589.3
392745.7
392824.1
392904.9
393205.4
393528.4
393606.9
394067.8
394342.1
398457.8
398848.3
399109.1
399245.4
399261.6
399388.3
399434.1
399455.3
399509
399514.7
399587.7
399639.3
399823.6
399832.7
399904.6
399948.4
399983.9
400082.3
400144.7
400276.3
400626.4
400789.5
401413.4
401532.1
401713.4
402078
402487.6
403099.6
403650
405347.8
405383.2
405499.6
405522.8
405665.7
405724.1
405904.1
405941.7
406761
410406.1
412736.1
412814.9
412991.2
413036
413093.2
413134.6
413201.3
413311.9
413322.9
413509.1
413509.8
413572.1
413916
414100.1
414147.2
414272.3
414316
414460.4
414501.1
414534.9
414768.2
414871.9
415354.8
415358.8
415391.9
415422.8
415534.4
415544.4
415597.4
415655.8
415724
415729.7
415737.1
415755.4
415762
415920.4
415923.2
415996.7
416005.6
416037.7
416081.1
416106.3
416118
416134.9
416145.5
416199.8
416246.3
416393
416400
416407.6
416437.5
416438
416449
416461.2
416578.7
416695.9
416778.1
416887.1
416892.3
416977.6
417047.1
417078.8
417208.7
417214.4
417276.5
417304.9
417362
417524.9
417556.4
417622.5
417628.8
417659.6
417718.2
417722
417777
417798.3
417801.5
417898.5
417920.2
417921
417969.8
417978.5
418022.4
418068.9
418090.2
418115.7
418129.3
418132.4
418135.4
418137
418207.3
418292.5
418499.3
424211.7
424584.1
424961.8
424976.9
424979.2
425032.1
425945
425958.2
425962.2
425974.8
426221.8
427929.4
428020.1
428031.2
430304.2
431597.7
431776.9
431801
431856.7
431905.8
431982.1
432044.6
432059.5
432134.9
432144.8
432181.9
432213.6
432253.6
432270.7
432306.3
432353.1
432359.6
432419.6
432461.3
432505.3
432541.9
432554.9
432577.2
432602.2
432605.9
432701.2
432802
432926.3
433052.4
433085
433132.4
433172.8
433227.5
433447.7
433487.6
433511.2
433576.9
433751.1
433815.1
433847.5
433929.9
433964.3
434102.8
434303
434346.8
434424.8
434528.8
434560.9
434713.4
434748.2
434911
434973.1
435083.3
435255.5
435278.1
435332.6
435660.1
435733.1
435812.4
435822.2
435908.8
435976.2
435976.6
435987.1
436124.2
436381
437272.3
437338.3
437341.6
437375
437448.8
437547
437644.8
437646.6
437666.9
437789.2
437993.8
437995.4
438171.6
438359.2
438522.4
438638
439123.2
439252.3
439543.4
439612.8
441972.4
441988.1
442028.1
442105.9
442155.7
442350.5
442472
442512.6
442800.6
443107.2
443146.3
443210.9
443253.4
443269.1
443298.7
443367.2
443437.3
443475.3
443478
443550.4
443572.7
443731.8
443802.1
443837
443845.2
443891.5
443935.5
443947.8
443979.9
443990.4
444065.9
444139
444360.1
444361.8
444458.4
444496.8
444595.4
444958.7
446407.5
446601.2
446749.9
446819.9
446845.3
446852.7
446922.5
446931.3
447009.8
447017.8
447121.9
447128.1
447137.2
447771.2
452244.3
452639.6
452650.3
452662.7
452746.7
452792.3
452837.5
452875.1
452892.2
452936.4
452970
452983.9
453024.3
453116.4
453126.4
453139.3
453156.7
453203.1
456409.3
458809
459661.9
459714.6
459745.8
459795.6
459803
459843.5
459883.2
459901.9
459930.9
459942.4
459950.9
460009.4
461494.4
461509
461651.1
463755.6
463817.8
463827.1
463832
463878
464802.6
465035.5
467604.2
467657.2
467678.2
467711.2
467794.4
467810.1
467835.4
467901.6
468016.6
471653.7
472346.8
472376.4
472487.9
472617.9
472666.7
472670.2
472947.6
473091.9
473109.4
473266.8
473281.1
473408.7
473465.1
473517.3
473580.5
473898.3
473968.4
473994
474064.4
474081.6
474098.2
474110.3
474168.4
474191.5
474230.8
474284.9
474362.3
474397.1
474595
476652.8
481309.2
485133
485342.1
485493.7
485529.5
485560.5
485574.2
485582.9
485613.6
485629.6
485671.2
485674.3
485692.4
485731
485827.4
485849.7
485850.6
485867.9
485915
486136.5
486252
486273.9
486358.6
486392.3
486452.7
486557.2
486569.7
486652.1
486889
486959.6
487164.4
487441.3
487471.2
487749.5
487890.2
487891.7
488024.9
488572.3
488588.2
488624.2
488697.2
488740.8
488883.5
489051.5
489124.5
489231.9
489249.8
489270.7
489322.5
489349.5
489643.8
490172.1
490193
490458.3
491006.3
491041.9
491060.7
491233.5
491375.5
491416.5
491456.3
491678.3
491804.1
491818.7
492016.3
492509.1
492532.7
492537.3
492668.3
492812.4
492850.9
492888.2
492931.9
492936
492952.2
493005.6
493046.8
493165.9
493227.8
493328.2
493576.4
493834.8
494021
494516.8
494522.1
494639.2
494795.4
494813.7
495172.7
495211.2
495500.3
495664.2
496250.5
496674.6
496826.7
496863.5
496868.5
496897.3
497178.4
497216.3
497578.7
497584.1
497619.3
497634.8
497681.4
497713.8
497892.8
497932.4
497989.7
498002.2
498062.1
498114.9
498901.1
498902.3
499122.4
499155.6
499241
499262.6
499346.6
499548.8
499615.5
499866
499947.3
499948
500248
500294.1
500312.3
500455.6
500764.9
500807.6
500869.9
501044.3
501120.5
501282.9
501325.8
501360.9
501491.2
501509.6
501893.8
501905.7
501972.5
502190.4
502259.6
502382.7
502519.2
502589.5
502593.6
502832.8
503336.1
503487.2
503536.9
503685
503697.2
503771.3
504034.7
504271.5
504318
504425.1
504482.1
504507.5
504583.6
504765.1
504778
504921.4
505023.6
505237.3
505750.5
506299.6
506749.4
506975.5
507076.9
507478.2
507568.3
507619.5
507630.7
507812.2
507954.5
515400.3
515600.6
515809.9
517273.8
517302.2
517303.1
517373.9
517407.5
517537.2
517870.4
526761.9
529063.2
529103.1
531310.1
531428.8
531543.4
533139.4
533208.2
533255.3
533287.8
534678.3
534754.6
534840.5
537528.7
537651.3
537850.4
538078.1
538260.8
538396.4
538398.1
538408.1
538451.4
538512.1
538599.3
538617.8
538626.8
538755.8
538775.3
538790.4
538902.6
538926
538959.9
538993.7
538996.8
539000
539002.6
539093.1
539133.9
541017.3
541089.5
541181.4
541185
541234.6
541304.4
541330.8
541537.1
541605.7
541932.3
548575.8
548620.2
548681
548726.5
548863.5
548895.7
561512.4
564760.6
564921.2
567499.5
571177.9
571200.9
571212.3
571234.6
571309.4
575990.7
576002.9
577541.8
577717.5
577743.4
577878.8
577901.6
577919.2
577991.8
579213.7
585664.6
586391.1
587509.2
587541.5
587606.5
587636.7
587642
587677.8
587795.3
587797.9
587848.1
587866.8
587902.5
587907.6
588002.7
588124.9
588141.1
588154.8
590216.7
590393.6
590545
590623
590638.7
590663.2
590787.8
590797.3
590906.4
594840
594843
594863.5
594866.4
594869.9
594928
594936.3
594987.1
594998.5
597161.6
597359.2
597879.5
