457.4
1149.2
2526.9
2611.3
4111.7
5209.1
7622.2
7705.3
7726.1
11192.7
11218.8
11238.7
11372.1
16121.9
16329.5
16483.4
20489
20526.9
20696.3
20704.8
20713.5
20719.6
20755.3
21817.4
21822.9
21836.5
21893.6
21949.4
22436.1
22668.4
22705.8
22706.8
23673.1
24218.1
24283.5
25516.2
25689.5
25730.7
26333.3
26367.1
26520
26904.7
26908.2
26951.7
27100.5
27202.4
27364.7
27412.5
27563.6
27579.9
28051.2
30681.5
31122.8
31145.9
31657.5
31703.1
31901.6
32166
32380.2
32450.5
32947.8
33888.8
36443.1
38094.9
38117.6
38243.1
38246
38323.8
38336.3
38390.1
38402.3
38525.2
38605
38646
39205.9
39316.5
39341.9
39372.1
39378.2
39400
39451.7
39473.4
39500
39570.5
39740.1
39796.3
39825.5
39870.6
39897.7
41947.1
43551.1
43574.1
43628.6
43638.7
43730.9
43802.5
43959.5
44009.9
44029.8
44083.4
44116.1
44266.9
44504.9
45457.1
45528.2
45600.6
45610.4
45616
45625.5
45635
45711.6
45751.7
45757.4
45813.3
45836.8
45890.2
45899.8
45926.2
45944.4
45956.6
45987.9
46180.7
46307.2
46386.5
46470.4
47319
52307.2
52397.7
52472.9
52504.5
52529.4
53024.5
53063.5
53180.4
53265.5
53307.4
53439.8
53588.5
53732.2
53754.4
53777.6
53956
53969.8
54120.3
54138.5
54199
54251.8
54272.3
54331.6
54577.5
54579.8
54590.8
54626.2
54687.7
57180.9
57306.1
57320.7
57434
57516.6
57671.7
60928.6
61051.6
61086.4
62810
62860.2
63784.7
63817.7
63865.9
64003.6
64065
64079.6
64089.9
64128.5
64147.6
64208.6
64229.6
64300.3
64352
64449.2
64452.3
64512.9
64531.2
64538.8
64611.8
64642.7
64651.3
64740.9
64831.7
64910.5
64984.8
65026.5
65069.8
69963.1
70110.1
70140
70274.8
73611.3
73714.1
73751.5
73791
73806.8
73836.2
73860.9
73943.6
74072
74102.7
74238.7
76478.3
76575.2
76575.4
77736.9
77846.4
77907.5
78145.5
78428.9
85430.9
85461.3
85611.7
85662.1
85778.6
85921.9
85993.2
86134
86144.1
86156.9
86461.9
86469.9
86506.6
86544.8
86589.7
86595.8
86715.2
86729.6
86766.9
86811.6
86846.7
86865
86949.4
87115.2
87170
87171.9
87202.4
87271.6
87353.8
87356.6
87390.5
87486.5
87573.1
87604.8
87625.2
87668.3
87690.3
87703.6
87749.6
87750.4
87760.8
87771.9
87818.4
87856
87880.5
87896.5
88200.9
88740.7
88842.9
88881.6
89051.7
89226.8
91445.2
91525.3
91535.2
91610.5
91650.6
91661.8
91664.1
91689.6
91813.1
91926.4
91931.7
91981
92002.3
92018.6
92027.4
92065
92111
92118.3
92128.1
92132.1
92141.2
92171.1
94110.3
94125.5
104846.2
105010.1
105053.5
105069.5
105143.8
107988.4
108295.8
108296.5
108310.3
108373.2
108485.6
108557.5
108660.3
108753.9
108902.8
108911.8
108935.2
109218.1
109226.9
109241
109245.4
109256.5
109285.1
109309.7
109339.4
109367.6
109450.1
109715.4
110559
110830.2
110903.3
110912.3
110959.2
111016.5
112687.7
116712.3
117854.6
117930.8
118006.2
118025.6
118049.1
118073
118136.1
118221.4
118241.3
118282.2
118933.2
119167.3
119188.4
119257.8
119291.6
119343
119357.5
119372.4
119427.5
119435.4
119438.8
119495.5
119661.9
119669.5
119715.2
119842.4
119873.9
120294.9
125009.9
125183.5
125413.6
125723.5
125804.3
125888.9
126140.8
126207.3
126259.9
126276
133165
134736.2
134940
135102.4
135435.4
135509.4
135683.2
136136.5
136142.5
136513.2
136676.8
136927.5
137390.1
137885.9
138657.9
161239.5
162545.1
162634.5
162640
162674.4
162775
162861
162861.6
163247.6
168511.4
169933.9
170018.1
170274.2
170563.5
170597.5
170676.3
170690
170702.1
170704.4
170778.2
170783
170820.5
171061.4
171087.1
171246.3
171250.2
171257.3
171336
171337.9
171406.7
171409.4
171431.1
171432.9
171478.3
171524.8
171536.4
171553.1
171562.7
171576.3
171670.4
174379.9
174424.7
174473.8
174623.2
174683
174694.5
174707.4
174759.9
174845.1
174890
174919.7
177848.7
178608.5
179937.2
182584.9
182668.2
182707.7
182897.1
183060.1
185748.3
185828.2
187390.8
187642.8
188290.7
188420.9
193605.3
195085.1
195214.6
195227.1
195261.6
195588.4
207846.3
208016.4
208039.9
208213.3
208301.8
208330.2
208404.2
208608.8
208642.7
208686.4
208818.4
208858.6
208877.4
208995.3
209045.3
209055
209434.3
210580.6
210658.1
210666.3
210889.4
211153.1
211398.8
211585.1
211592.5
211784.7
211787.1
212994.5
213261.6
213302.5
213355.9
213494.7
213500.7
213598.5
213654.1
213726.1
213777.3
213851
213968.9
214002.6
219419.3
219451.3
219564.8
219760.5
219871.9
220134.3
222665.1
222768.2
222872.2
222990.1
223003
223018.9
223068.5
223075.6
223079.5
223225
223238.5
223261.7
223296.2
223319.8
223365.5
223382.4
223397.5
223420
223435.7
223449.5
223531.9
223585
223641.2
223658.2
223667.7
223711.4
223771.7
226175.9
226262.9
226376
226379.1
226382.7
226440.4
226547.8
226605.4
226651.5
226697.7
226718.4
226752.8
226789.2
226815.2
226817.1
226857.3
226881.3
226882.7
226905.4
226932.6
226977
227008.3
227066.9
227084.2
227088.5
227241.7
227277.1
227404.2
227422.2
227547
227558.6
227563.5
227592.6
227597.3
227717.5
227726.3
227754.2
227783.6
227797.2
227852.8
228011
228029.7
228031.5
228068
228085
228200.7
228285.5
228416.8
228455.8
228478.6
228515.9
228597.7
228611.2
228859
229068
229190.2
229248.4
229455.5
232062.1
232122.7
232172.5
232286.8
232459.2
232484.3
232704.1
232839.8
232871.3
233012
233076.9
233091.1
233149.6
233190.8
233217.4
233251.2
233265.8
233315.8
233347.2
233361.1
233509.7
233528.6
233528.7
233734
233750.1
233757.5
233769.5
233813
233835
233852
234193.2
242884.9
243705.7
243840.8
244023.5
244071.8
244182
244361.2
245117.1
245544.4
245739.4
245824.9
245914.8
245934.1
246052.8
246083.9
246320.6
246354.6
246423.9
246491.5
246534.9
246584.7
246597.3
246602.6
246636.6
246637.8
246857.3
248443
252914.6
252935
253123.2
253184.7
254080.1
254241
254698
254797.4
255063.7
255252
259971.5
261209.5
261354.8
267565.3
267909
267924.1
267969.9
268005.7
268159.6
268408.9
268621.6
268656.4
268661.5
268871.9
268885.2
273316.5
273392.6
273467.7
273520.2
273774.5
273809.1
273893.7
273907.9
273993
275275
275289.1
275507.9
275569.3
275631.7
275656.6
275667
275675.2
275695.7
275703.8
275704.4
275735.6
276049
276094.6
277014
277014.3
277042.7
277110.9
277854.4
277941.4
278678.3
281024.3
282076.4
282241.3
282254.2
282303.8
282385.4
282400.1
282401.2
282409.7
282455.2
282522.1
282641
296040.1
296091.2
296122.1
296239.4
296261.9
296278.3
296319.3
296482.2
296491
296518.1
296676.1
296722.5
296781
296804.3
296872.3
296887.7
296889.3
296899.2
296945.6
296966.5
297000.9
297080.3
297109.5
297170.7
297225.6
297247.1
297268.6
297457.8
297507.7
297689.8
297690.6
299276
299445.1
299587.6
299635.9
299695.9
299781.9
299853.6
303595.3
303685.1
303691.6
303868.2
309728.1
311334.9
312016.3
312049.6
312570.2
312572.9
312736.1
312807.6
312857.9
312909.9
312926.2
312958.3
313083.8
313156
313282.4
316258.9
316355
316398.7
316576.9
316755.8
317034.9
317061.3
317109.2
317113.9
317443.6
317461.7
317575.6
318036
318056.8
318080.5
318238.4
318255.3
318290
318609.6
318664.1
318670.9
318685.5
318756.8
318792.4
319042.5
319065.9
319238.9
319310.2
319927.8
325315.5
325354.8
325371.8
325423.1
325435.3
325502.3
325530
325574.5
325647.6
325667
325684.5
325765.7
325816.6
325894.2
327833.9
329330.6
329473.7
329533.1
329609.9
329621.5
329626.3
329653.4
329695.2
329742.6
329816.4
329819
329830.3
329895.3
329977.8
330129.7
332742.8
332940.7
333058.1
333146.3
333262
333296.9
333396.3
333506.8
333512.4
333519.3
333722
333724.9
334001.6
334515.7
336743.8
336780.6
336878.8
337018.9
337171.5
342289.8
342461.5
342686.4
347744.4
348531.6
348566
348745.8
348797.7
348818.2
348881.3
348904.9
348935
348953.8
348973.7
349047.7
349079.1
349235.7
351733.3
355271.2
355308.1
355366.6
355547
355565.6
355847.3
356205.8
356607.8
356717.2
356829.8
357110.8
357211.8
357423
357718.9
357890.4
357909.3
357950.6
358012
358012.3
358097.3
358160.7
358242.9
358564.1
358576.2
358577.2
358648.7
358830.2
359093.1
359173.6
359212.4
359286.9
359383.4
359510.3
359641.1
359656.8
359703.1
359834.8
359883.7
360050.3
360072.8
360107.6
360190.8
360214.9
360370.8
360513.5
360542.4
360771.8
360773.8
360793.9
360801.6
360833.8
360887.3
361231.9
361423
361432
361463.6
361471.2
361554.1
361556.8
361585.1
361606.1
361690
361703.2
361787.5
361902.9
361974.6
362046.3
362245.1
362270.3
362287
362291.7
362338.5
362455.2
362806.5
362811.6
363009.9
363055
363124.2
363291.1
363319.2
363446.2
363609.1
363613.6
363624.7
363923.8
364026.5
364285.9
364297.3
364303
364318.5
364365.7
364436.5
364460.2
364473.5
364495.3
364503.6
364613.6
364722.9
364838.1
364902.8
364970.2
364972.5
364978.6
364989.4
365106.5
365127.2
365169.4
365181.8
365184.3
365672
365744.8
366725.5
374275.8
374481.8
374583.5
374595.2
374687.8
374693.3
374803.9
374823.8
374992.5
375088.7
375189.5
375277.4
375295.6
375321.1
396671.7
396787.3
396912.4
397049.7
397078.3
397079.9
397202.3
397279.3
397282.3
397381.4
397470.3
397492.2
397500.1
397517.9
397764.7
397797
397844.1
397866.5
397924.8
397958.1
397959.6
397994.6
398021.2
398085.4
398147.1
398229
398284.1
398465.9
398613
419046.5
419075.4
419241.3
419375.2
421437.3
421487.8
421513.1
421556.1
421627.5
421829.3
421922.4
422050.2
422086.2
422357.2
422455.5
422525.5
422557.5
422569.1
425777.1
429446.5
430364.3
430783.9
430837.1
430962.6
434916.5
436945
438190.4
439352.7
440375.9
440562.3
440583.7
440589.5
440673.9
440847.3
440859.5
440958.3
441117.8
441179.7
441259.4
441333.4
441351.6
441352.8
441377.6
441445.8
441463
441694.3
441722.1
444568.1
444672.2
446594.2
446767.7
446958.4
447015.7
447036
447099.2
447108.8
447200.5
447202.7
447212
447224.4
447354.4
447356.8
447403.7
447408.9
447498.5
447503.9
447514.6
447528.3
447558.4
447597.4
447747
447764.6
447785.6
447840.2
447878.5
447982.8
447993.7
448040.4
448107.2
448167
448261.5
448301.3
450108.2
450851.3
450973.9
450983.5
454651.3
456278.9
460755
460890.6
462627.1
462632.9
462714.5
462717.8
462726.6
462770.4
462779.3
462901.2
462914.6
462926.6
462938.3
462978.4
463032.9
463107.4
463126
463143.8
463299.4
463316.3
463391.5
463444.2
463460.3
463466.1
463610.6
464103.9
468598
468746.7
469199.3
470054.7
470077.8
470109.2
470114.9
470134
470181.6
470613.9
470901.3
470955.8
471110.4
471216
471656.4
471744.3
472110.4
479618.3
482479.6
482543.5
482742
482754.5
482805.3
482877.8
482982.4
483033.2
483074
483148.1
483157
483164.2
483194.9
483224
483259.4
483277.8
483303.4
483336.5
483366.4
483405.1
483422.3
483542.6
483546.5
483635.7
483646.8
483687
483712.6
483724
483732.7
483782.7
483784.1
483787.5
483810.7
483837.4
483851.4
483864.3
483931.1
483991.5
484014.8
484030.9
484074.3
484138.5
484202.1
484232.9
484262.9
484327.7
484348.2
484377
484377.3
484420.4
484524.8
484545.1
484548.1
484767.9
484889.1
485008.5
510921.9
512206.7
512318.2
512524.1
512728.1
512747.5
512792.1
513054.8
513144.3
513165.4
513270.4
513282.8
513299.6
513378.5
513428.2
513454
513728.8
513762.4
513958.6
514015
514348.2
518131.2
520753.8
523148.9
526235.1
526425.7
526445.1
526499.7
526575
526579.4
526827.8
526951.6
526974.7
527083.7
527212.7
527216
527273.4
527286
527535.8
530597.9
530857.4
530917.5
531141.9
531153
531169.2
531346.7
531541.5
531546
531578.3
531611.3
533534
539793.9
540278.9
540294.5
540726.3
540975.6
542427
542598.1
542879.7
542985.9
543087.9
543115.5
543117.5
543153.1
543280.7
543336.7
543338.4
543365.9
543409.9
543418.7
543480
543486
543498.8
543644
543706.6
543721.5
543758.6
543842.6
543847.1
543904.5
543917.3
543919.9
543948.8
543971.3
543973.1
544013.1
544030.8
544054
544069.4
544102.9
544120.1
544137.6
544153.1
544175.5
544180.7
544182.9
544187.2
544222.3
544290.9
544333.5
544377.7
544444.7
544466.1
544639.4
544679
544739.5
544815.9
544913.8
544930.1
544984.5
545031.6
545061.2
545215.4
545276.5
545284.9
545308.9
545315.4
545402.9
545415.9
545423.4
545446.1
545514.9
545526.5
545533.5
545547.1
545557.8
545625.7
545631
545665.8
545685.5
545694.4
545755.2
545760.3
545840.2
545858.7
545874.1
545928.7
545940.1
546025.9
546109.1
546153.1
546189.6
546216.5
546287.9
546307.2
546320.4
546358.5
546375.4
546412.5
546412.6
546611.6
548288.9
548312.7
548336.3
548413.9
548458.8
548482.4
548511.2
548511.7
548528
548543.5
548633.7
548811.3
554644
557885.5
558339.7
558417
558486.8
558514.6
558732.4
558764
558775
558804.6
558851.7
558866.6
558947.5
558961.5
559000.5
559057.2
559088.3
559129.3
559181.7
567483.7
567639
567644.1
567726.5
567740.1
567757.8
567757.9
567816.2
567922
567925.1
567980.4
567982
568024.6
568057
569289.1
569806.1
570095.2
570095.4
570183.3
570200.2
571742.6
571837.9
571845.4
572110.1
572147.1
572220
572308.6
572356
572414.8
572587.1
572632.1
572666.5
572729.3
572731.3
572784.5
572916.7
572937.6
573106.9
573189.7
573434
573477.6
573491.2
573494.1
573536.3
573633
573648.8
573819.4
573826.3
573853.6
573907.2
573964
574015.4
574048.3
574110
575802.7
576922.5
577066
577529.2
577559.9
577641.5
577755.1
577756.2
580885.9
581146.1
581326
581527.5
581574.3
588377.2
588430
588486.1
588941.9
589320.4
590817.3
590835.5
590933.5
590947.9
590974.7
590986.4
593826.6
593860.9
594000.7
594145.3
595316.5
595836
