5364.8
5378.6
5397.3
5425.6
5498.5
5503.1
5507.6
5511.7
5528.3
5539.3
5564.2
5571.2
5625.2
5652.8
5699.3
5933.1
6131.4
6277.5
6497.7
6512.8
11010.5
11101.8
11107.2
11130.7
11136.6
11191.3
11253.3
11567.1
14684.2
15798.1
16276
16427.3
16613.5
17403
17435.5
17452.2
17514.1
17571.7
17588.8
17612.7
17619.9
17649.1
17736.9
17861.2
17869.9
17876.8
17931.9
18098.7
18141.3
18161.8
18260.5
18273.1
18303.8
18354.8
18384.8
18458.1
18486.4
18514.1
18554.8
18579.8
18588.1
18655.3
20126
20602.2
20610
20695.7
21466.8
21635.9
21722.2
21758.2
21841.8
21860.9
21874
22002.5
22229.8
22334.8
22390.8
22567.5
22679.6
23865.7
23869.1
24115
24131.9
24308.7
24746
24824.7
24971.1
25024.7
25075.5
25132.9
25172.3
25173.7
25224.5
25368
25479.8
25494.4
25494.8
25548.5
25577.9
25579
25607.5
25674.6
25770.1
25800.4
25807.1
25838.9
25861.5
25861.6
25878.4
25890
25976.2
26016.3
26078.3
26097.1
26160.4
26272.1
26296.8
26337.7
26376.7
26467.5
26530
26570.9
26590.6
26631.5
26667.9
26799.3
26800.2
26833.3
26867.8
26932.5
26933.2
26948.3
26953.7
27010
27052.5
27055.2
27073
27124.7
27138.9
27143.4
27196.8
27284.4
27300.5
27334.5
27344.9
27352
27372.3
27392.1
27397.6
27417.8
27438.6
27445.1
27538.9
27579.5
27592.1
27644
27712.1
27719.5
27721.2
27734.2
27750.4
27772.9
27776.5
27802.3
27827.6
27882.3
27918.7
27932.8
27971.2
28012.9
28077.9
28088.2
28099.3
28128.4
28174.4
28232.7
28320.5
28349.6
28361
28417.8
28480.3
28484.7
28532.9
28781.5
38750.7
38811.7
38828.4
38850.2
38886.8
38889
39543.2
40940.2
41195.5
41578.3
43480.8
43485.6
43508.3
43530.4
43577.8
43599.3
43618.4
43645.3
43662.9
43668
43695.6
43736
43848.3
43985.7
44154.8
52317.4
52434.7
52546
52591.1
52723.9
52741.8
52758.2
52826.1
52866.4
52884.8
53068.2
53083.8
53085.8
53099.6
53118
53164.1
53198.9
53286.5
53366.8
53370.5
53421.1
53476.5
53489.2
53510.1
53563.3
53699.6
53753
53762.1
53793.9
53907.3
53910.9
53911.8
54012.2
54344.2
54399.8
54431.3
54465.6
54625.6
54750.1
54787.2
54820.2
57344.5
57470.5
57490.1
57565.3
57652.3
57699.1
57702.6
57741.3
57813.1
57817.6
57837.2
57868.5
57869.7
57917.9
57935.4
63658.1
63858.3
63867.8
63906.7
64129
64226.1
64277.4
64283.5
64330.3
64352.1
64384.5
64459.9
64507.4
64527.7
64535.9
64541.9
64708.9
64734.1
64798.9
64843.5
64908.5
65161.6
66622.5
68642.8
68714
74681.2
111334.7
112224.1
113288.1
113354.7
113412.4
113421.3
113731.6
113758.5
113975
114203.8
114349
114495.6
114507.8
114519.9
114612.9
114627.4
114705.6
114730.9
114763.3
114792.5
114996.7
115079.8
115202.7
118978.8
119007.8
119043.5
119046.5
119047.2
119078.4
119152.2
119176.6
119193.5
119197.5
119324.8
119381.1
119562.2
119596.6
119599.8
119634.7
119757.1
119760.3
119764.4
119773.8
119908.1
120089.3
120122.3
120185.1
124815
124882
124985.9
125051.6
125223.7
125286.5
125319.1
125321.2
125346
125391
125425
125504.1
125504.9
125538.6
125568.6
125608.9
125611.9
125635.6
125650.5
125683.1
125705.1
125724.3
125725.4
125797.3
125970.7
125973.3
125976.7
126021
126075.8
126164
126195.4
126240.8
126249.9
126318.4
126438.3
126577.9
126625.4
127426.9
127470.8
127586.5
127834
132382.3
132444.7
132491.8
132564.6
132814.2
133332.1
134683.5
134740.2
134774.5
134867.7
134885.1
134887.9
134928.7
135028.5
135073.8
135232.7
135235.7
135257.7
135298.5
135348.3
135411.1
135597.3
135598.3
135617.5
135635.8
135808.1
135855.5
135998.9
136011.6
136286.9
136297.8
136356.4
136495.4
136576.7
136653
136710.5
136807.4
136920.7
137003
137026.3
137202.4
137311.6
137392.9
137405.9
137531.7
137612.2
137625.5
137634.2
137764.6
138015.1
138039.9
138061.7
138308.1
138440.8
138462.4
138559.1
138590.3
138606.9
138629.7
138638.9
138727.8
138753.7
138767.8
138805.2
139030.1
139046.8
139183.9
139184.8
139190.8
139192
139195.4
139211.8
139233.5
139342.1
139344.7
139458.3
139672.6
139991.3
161250.9
162145.2
162329.8
162350.9
162472
162490.3
162500.8
162526.5
162788.6
172421.9
172500.1
172511.6
172563.7
172568.2
172577.8
172640.6
172644
172652.2
172673.3
172693.4
172708
172712.6
172748.5
172769.8
172784.6
172794.3
172816.7
172881.1
172934.3
173115
173263.3
173285.4
173366.8
174730.6
174871.7
174964.8
174980.6
175033.9
175125.2
175944.2
175992.6
176046
176180.5
176402.9
176410
176469.2
193175.9
193450.2
193456.2
193464
195150.7
195179.4
195298.5
195305.4
195362.7
195363.1
195397.1
195405.9
195449.4
195472.3
195514.9
195543.8
207670.6
207678.5
207684.7
207808.8
207831.1
207867.9
207889.3
207954.8
207955.7
208096.4
208239.5
208242.6
208296.4
208327.7
208339.6
208384.5
208517
208517.2
208550.9
208610.8
208653.6
208671.4
208685.1
208714.9
208750.2
208755.9
208896.9
209059
209144.8
209171
209245
209594.2
209607.2
211175.1
211231.3
211276.7
211322.9
211337
211374.3
211478.8
211484.2
211579.7
211588.9
214360.1
214399.8
214414.8
214423.4
214631.3
214632.6
214656.6
214675.4
214810
214827.4
214838.1
214900.2
214973.3
214992.1
215141.5
215176
215211.4
215223.2
215290.2
215402.1
215478.7
215517.3
215518.2
215568.8
215578.4
215607.7
215722.6
215817.7
215877.4
215959.6
216006.2
216008.8
216063.6
216135.9
216462
216602
216615.8
216688
216738.1
216797.8
216929.2
220982.3
221144
221175.4
221187.6
221197.9
221203.1
221299.5
221306.2
221312.8
221352.1
221419.5
221452.7
221602.2
221611.7
221678.5
221728.2
221863.3
221879.2
221886
222058.1
222933.7
223222.2
223278.2
223318.1
223332.8
223422.3
223496
223636.9
223665.3
223671.1
223686.1
223753.3
223763.9
223768.9
224011.9
232021.9
232162.3
232164
232707.6
232987.1
233001.4
233003.8
233080.1
233094.5
233135.4
233179.3
233312.1
233322.5
233463.8
233491.4
233506.1
233534.6
233566.2
233663.5
233695.2
233774
233936
233942.9
234051.9
234057.1
236075.5
237260.2
243744.6
243794.6
243797.3
243890
243901.9
243946.3
243954.1
244871.1
245449.7
246156.4
246173.9
246193.3
246728.8
246782.4
246824.3
246925.6
246946
247073.4
247172
248565.2
248683.2
248809.6
248887.8
248973.1
249168.3
249202.8
249617.1
251575.5
264050.6
264203.5
264257.8
264327.4
273042.3
273192.9
273235.6
273261.5
273283
273285.7
273295.3
273418.7
273442
273454.9
273490.4
273659.1
273666.7
273668.7
273722.6
273807.5
273817.4
273859.3
273866.8
273884.3
273901.1
273979.2
273984.7
274065.6
274071.1
275844.9
276034.5
276066
276155.3
276165.5
276166.9
276287.5
276379.8
276471.9
276591.4
276687.3
276695.8
276783.5
276805.4
276874.3
277008.7
277072.2
278024.7
278228.3
299155.9
299293.7
299298
299574.4
299767.4
299935.9
299970.7
299997.4
300029.4
300033.8
300051.7
300109.4
300149.3
300254.8
303529.4
303629.6
303667.1
303855.9
304091.4
304524.3
305188.6
305657.3
305857.7
308876.3
309490.8
309518.9
311271.9
311320.7
311362.7
311467.4
311467.8
311485.2
311567.9
311602.1
311643.2
311705
311880.7
313385.1
313824.4
314323.6
314687.2
314944.2
315082.7
315221.6
320428.3
320458.9
320483
320546.8
320554.5
320597.8
320681.3
321372.3
322307.9
322390.1
322507.5
323374.6
323630.3
323690.5
325191.1
325226.5
325276.8
326498.4
327195.5
327288.7
327342.2
327762.3
327847.9
327883.3
328255.1
328321.2
328773.9
328968.2
328996.4
329106.6
329182.1
329198.6
329496.4
329549.7
329655
329681.8
329693.8
329712.1
329745
333147.7
333453.9
333563.5
333674.9
333752.9
333801.8
333835.4
333852.4
334001.4
334156.2
334181
334266.1
334285.1
334304.8
334350.9
334358
334372.6
334493.5
334824.3
334974
335121.1
336853
337009.3
337606.2
338616.4
339381.3
339417.6
339472.5
339573.7
339589.8
339590
339619.7
339627.8
339630.5
339633
339644.6
339858.8
339900
339902.1
339960.1
339975.9
340098.4
340359.2
340578.8
340662.7
342193.2
342263.8
344063.1
345017.8
345173.2
345191.9
345268.7
345270.6
345283.8
345313.1
345410.3
345411.9
345580.6
346539
346587.7
346597.9
346652.8
347488.2
349053.9
349081.4
349130.9
349135.3
349136.9
349142.7
349179.4
349180
349397.9
349398.3
349481.4
374833.7
375123.4
375258.2
375336.6
375352
375404.4
375418.8
375427.6
394427.7
395132
396861.3
396917.7
396943.7
396959.7
396992
397082
397130.8
397159.9
397388.5
397420.1
397434.9
397450.9
397453.2
397456.9
397526.6
397591.4
397625.8
397658.3
397687
397737.6
397748.1
397757.8
397775.6
397776.3
397802.1
397889.2
397896
397928
397996.9
397999.1
398014.8
398038.1
398101.3
398127
398144.1
398221.7
398259.9
398283.1
398283.2
398346.5
398641.3
398767.5
398825.5
402677.8
402823.7
403072.7
403634.3
403688.6
404275.1
404525.4
414118.6
414490.4
414901
415031.3
418568.3
418807.2
418975.2
418999.3
419060.5
419150.3
419193.6
419204.7
419463.6
419599.5
421663.8
421719.6
421866.7
422062.3
422149.4
422330.4
422353.9
422411.8
422514.1
422543
422574.9
422576.7
422583.7
422594.7
422600.6
422601.6
422786.6
422875.7
422925.6
423010.6
423030.5
423054.4
423201.7
423230.5
423285.8
423958.1
423965.7
430449.7
430525.8
430560
430580.6
430627.2
430662
430747.6
430783.2
430813.5
430946.4
430992.5
431055.3
431213.8
431372.1
431467.4
431623.6
432872.4
432872.7
433448.3
433704.8
434026.6
434102.1
435333.9
435975.5
436609.8
436626.8
437905.2
438052.3
438066.7
438110.5
438208.4
438281.1
438447.7
438521.9
438552.8
438868.6
438895.3
439210.7
439383.1
439407.5
439733.4
439828.1
439841.3
440147.8
440177.7
440191.9
440200.8
440276.9
440354.8
440391.5
440434.8
440485.8
440529.6
440733.7
440790.2
440806.3
440814.8
440881.8
440960
441044.3
441131.4
441203.7
441271.2
441323
441497
447252.1
447963.3
448056.4
448105.1
448113.9
448174.9
448179.5
448191.9
448208
448269.5
448327.7
448365.1
448542.1
450215.7
450487.4
450709.2
451716.9
451730.4
451823.8
451856.3
451896.3
451905.2
452001.6
452034.3
452113.2
452174.3
452197.1
452200.1
452205.3
452231.9
452274.1
452302.5
452318.8
452340.9
452361.4
452394
452529.5
452558.2
452682.1
452727.1
452888.6
452966.9
454769
455067.4
455115
455236.7
455611
455899.3
455981.9
456019.7
456048.8
456088
456113.1
456135.1
456144.9
456219.4
456386.6
458189.8
458750.6
458788.7
458922.1
459062
459206.2
459335.2
459361.9
459545.9
459554.7
459555.9
459565.5
459621.7
459652
459654.6
459692.9
459710.9
464261.1
464282.6
464292.4
464668.9
464811.8
464881.7
464888.9
467966.7
468435.7
468476.1
468756.1
468806.3
468817.9
468872.9
468933.6
469037.2
469103.1
469119.1
469182.7
469224.4
469518.5
469619.6
469638.9
469901.6
469918.3
469978.1
469980.4
470034.4
470055
470081.1
470087.9
470100.1
470130.2
470319
470330.2
470419.7
470559
470573.8
470638.8
470766.3
470769.3
470809.4
470810.2
470813.2
470944.2
470949.6
470969.1
471039.8
471103.5
471137.6
471297.4
471469.1
471552.1
471568.9
471863.3
471906.1
472016.6
472200.9
472282.9
479782.9
480491.7
480567.7
480602.3
482470.5
482576.7
482626.3
482706.8
482820.2
482828
482858.6
482880.9
482905.2
482953.7
482990.6
483045.4
483066.9
483156.1
483256.5
483427.2
483536.5
483667
483679.7
483717.5
483749.2
483755.5
483786
483808.4
483874.6
483950.8
483997.3
484033.7
484091.1
484158.3
484198.8
484200.5
484230.5
484324.9
484351.4
484464.7
484476.8
484518.9
484713.8
484747.3
484751.9
484764.9
484802.8
484848.8
484871.2
484884.8
484891.6
485109.7
491764
494047.5
505887.6
508139
508746.1
509180
509198.6
509222.8
509374.6
510851.6
512606
512719.6
512800.8
512820.8
512825.4
512857.7
512886
512926.8
512957.5
513206.7
513243.4
513243.6
513260.8
513344.7
513432.9
513458.9
513463.6
513499.9
513514.2
513529.4
513596.9
513622.9
513654.5
513659.5
513705
513711.5
513751.2
513776.2
513848
513874.2
513892.9
513935
514186.4
514861.7
514988.5
516953.4
517467.3
526785.2
527115.4
527214.8
527293
527490.1
527775.3
527904.3
527957.3
528257.8
528648.2
528765.8
530715.6
530779.7
530783.4
530932.3
531176.1
531186.6
531215
531536.2
531541.5
531649
531750.1
531778.1
531785
531786
531913.5
531942.3
531985.1
533108.9
533204.6
533295.5
533362
533472.9
533491.3
533551.5
533625.3
533682.9
533749.4
533820.1
533874.3
534295.7
534446.8
534462.2
534546.3
534582.9
534638.3
534662.4
534824.4
534824.6
534869.3
534871.3
534904.8
539818.5
540073.2
540074.2
540105.4
540139.1
540184.5
540231
540286.8
540299.9
540342.6
540348.3
540398.5
540491.9
540576.9
540685.2
540814.6
540853.6
540908.3
540921.7
540971
541084.7
547722.7
547723.6
548074.2
548103.6
548151.8
548214.4
548226.1
548290.1
548368.3
548416.6
548458.7
549701.1
549704
549959.1
549973.9
550014.7
550087.5
550133.6
550240.3
550242.3
550261.2
550354
550498.8
551285.3
551754.9
551782.2
551955.2
553187.4
555652
556084.7
560196.4
560256.3
560259.2
560762.3
560866.7
560891
560974
561107.5
561652.8
561745.3
561786.3
561816.6
561964
562006.6
562026.3
562100.4
562109.1
562221.1
562291.6
562297.3
562420.6
562530.4
563363.3
563486.8
563581.9
564270.6
564485.8
564724
567609.3
567848.9
567877
567993.3
568014.1
568036.9
568042.5
568079.2
568116.6
568895.2
569031.5
569288.7
569320.3
569321.7
569349.8
569458.5
569545.4
569675.6
569759.1
569787.8
570077.4
570093.4
570106.2
570134.1
570162.1
570214.6
570215
570234
570248.6
570251
570261.4
570283.8
570466.5
570496.5
575691.9
575843.7
575975.6
576053.8
576478.4
576505.3
576549.1
576968.7
577571.8
578412.8
578417.7
578656.4
578684.3
578775.5
578815.3
578891.3
578935.5
578963.9
579053.1
579140.2
587496
587937.1
587959.9
588078
588093.9
590879.5
590957.4
596408.4
596453.2
596509.3
596563.1
596570.9
596699.3
596710.8
596764.7
596777
596878
596895.6
596898.9
596937.4
596939.8
596957.6
597003.4
599264.9
599306
599408.5
599538.9
599547.1
599595.1
599758.5
599920.5
