1219.8
1370.4
2199.2
2234
2241.3
2246.8
2285.2
2381.3
4616.5
8533
8777.8
8851.6
8963.8
9113.9
9760.2
9843.5
9988.7
10113.2
10129.7
12928.8
12979.6
13030.2
13044.5
13052.2
13120.3
13186.3
13327.3
13359.8
13507.4
18907.5
19049
19112.9
19293.5
19822
19900.6
20010.4
20754.1
20909.5
22760.8
22906.3
22924.8
22933.4
23036.8
23050.1
23110.2
23279.2
28863.7
29077.1
29101.4
29383.3
29469.2
29551.2
29638.1
30057.5
30126.8
30401.4
30429
30591.1
30882.4
34329.2
34465.7
35701.7
35713.5
35752.1
35860.7
36166.3
36182.5
38856.3
41640.2
41646.8
41681.8
41687.3
41790.5
41890.2
41895.6
41940.9
41999
42694.9
42696
42715.6
42785.3
42800
42889.1
42998.8
43105.3
43107
43115.8
43130.7
43219.5
43236.6
43312.8
44409.6
47500.5
50590.3
50610.2
51286
51482.4
51496.1
51510.4
51563.6
51598.7
51715.9
51748.6
51917.6
52057.8
52069.1
52080.3
52160.5
52161.3
52213.3
54127
55112.8
55117.7
55269.6
55349.8
55361.9
55408.4
55492.5
55763.2
55840.4
56017.6
56125.9
56151.5
56220.7
56946.5
56976.1
56986.7
57084.9
57101.9
57113.2
57143.5
57202.8
57204.4
57289.7
57547.8
57907.8
58590.9
58911.8
60363
60387.1
60423.6
60451.5
60474.4
60491.2
60570.9
60659.6
61449
61490.9
61653.6
61770.3
61829.2
61916.7
61933.2
61955.6
61962.3
62008.6
62120.6
62131.9
62140.6
62181.5
62247.8
62411.2
62425.3
62435.7
62440.2
63268.4
63467.3
63625.3
63726.8
65222
65304.3
65660.7
67077.2
67195.9
67274.8
67325.8
67335.6
67436
67617.8
67685.2
67773.7
72036.2
72114.7
72369.4
72528.5
72602.1
72613.8
72629.8
72653.5
72708.3
72805.6
72838.1
72936.4
73052
73072.4
73188.4
73203.3
73336.9
73354.7
73465.2
73528.5
73547.2
73551.5
73565.4
73829.7
74828.7
75546.1
75800.7
79227.8
79389.5
79785
84073
84079.5
84217.2
84235.8
84240.2
84276.3
84299.8
84305.8
84357.4
84443.3
84514.4
84538.7
84545
84561.5
84602.4
84724.7
84794.1
84900
85018.5
88148.7
88647.3
89330.2
89541.6
89640.7
89669.8
89679.9
89720.7
89742.2
90083.3
90836.5
90872.3
91139.7
91180.1
91195
91353.3
103769.2
103914.5
103994.7
103999.3
104364.7
104494
105863.4
105876.8
105900.4
105910.2
105985.1
106114.7
107374
107436
107482.9
107558.5
107644.2
107648
107709.4
107992.9
108156.1
110070.4
110158
110195.1
111344.9
111435
111471.6
111653.5
111918.2
111923.8
118110.6
118211.2
118226.9
118268
118276.9
118413.5
120199.3
120460.9
120546.4
120674.4
120676.9
120691.5
120728.9
120797.7
120843.6
120867.8
120883
120930.5
120979
121001.5
121100.2
121105.5
121126.9
121239.5
121259.9
121367.2
121374.2
121403.4
121409.7
121612.4
121736.6
121813.4
121836.1
121922.3
121938.7
121944.5
121984.3
122003.4
122009.7
122014.3
122086.9
122164.4
122197.7
122243
122248.9
122267.5
122283.8
122290.9
122295.4
122303.6
122426.1
122707.9
122753
122791.9
122963.2
123081.6
123096.9
123129.2
123320.3
123421.9
123711.4
123719.4
123768.4
123850.1
123894.5
124007.7
124055
124102.8
124220.7
124260.5
124330.5
124349.1
124385.9
124424.6
124445.6
124535.1
124635.4
124679.9
124863
130918.6
130962.7
131188
131203
131421.8
131429.7
131442.2
131470.9
131487.1
131649.7
131766.4
132055.1
132498
132784
132953
133487
142249.6
142472.4
142980.1
158019.5
161555.7
161576.1
161597.5
161683
161718.5
161764
161773.6
161794.8
162982.1
163012.2
163063
163195.2
163205.8
163278.3
163303.6
163332.4
163360.7
163374.9
163419.2
163544.4
163794.6
163836.6
164062.3
164084.5
164095.6
167404.4
167771.8
168109.3
168390.7
168435.1
168495.8
168516.4
168531.4
168584.9
168603
168616.3
168785.8
172345.5
172370
172598.2
172813.3
172873.3
173692.2
173809.9
173838.9
174076.1
174189.4
174363
174401
174460.8
176502.7
177000.2
177059.4
177063.1
177186.9
177247.4
177260.8
177524.8
179339.1
179939.9
180073.7
180372.1
180386.6
180695.8
183201.6
183311.5
183411.8
183482.4
183563.6
184821.6
184956.4
185035.2
185181.3
185280.3
185297.3
185342.6
185374.5
185397.1
185437.2
185446.7
185510.4
185521
185535.3
185545
185549.2
185559.8
185596.6
185597.9
185638.4
185677.6
185874.5
186138.2
186453.9
186538.9
186817.3
186924.8
187641.8
188126.8
188209.5
188237
188254
188264.4
188266.6
188284.1
188315.7
188318.9
188413
188493.2
188497.4
188519
188571.9
188599.8
189702
193682.9
193727.1
193764.7
193768
193770.4
193843.8
193929.8
193954.9
194130.2
194161.6
194195.9
194222.4
194295
194298.7
194324.1
194920.7
194932.2
195028.3
195079.4
195097.2
195721.6
195913.5
196140.6
196169.8
196247.9
196252.2
196263.1
196284.8
196386.5
196616
196618.3
196788.3
196807.1
196937.9
197181.9
197309
197661.3
197845.7
198203.2
199788.4
200218.9
200895.3
201224.6
201487
203646.5
204438
204451.5
205965
210529.8
210557.2
210566
210571.9
210602.5
210797.6
210922.2
212544.7
212555.2
212558.5
212663.3
212725.9
212858.7
212896.3
212920.1
212929
212975.4
212987
213059.1
213247.1
213368.4
218114.7
219066.5
219157.1
219221.5
219248.8
219289.9
219368.8
219393.8
219417.6
219549.1
219682.4
221350.6
221534.9
221548.3
221637.8
221774.5
221935.7
222015
222054.3
222855.2
223019.6
223059.8
223086.9
223094.7
223344.8
223475.9
223970.6
224148.3
224294.4
224450.2
224464.1
224522.2
224572.3
224770.4
224856.7
224864.5
225785.1
225847.5
225911.1
228816.9
232409.2
232525.7
232580.7
232721.3
232728.8
232784.4
233731.6
234462.7
234484.4
234545.3
234557.7
234749.8
234770.8
234882.1
234902.5
234959.4
234987.9
235005.4
235083.1
235164.8
235252.7
235258.7
235296
235323.2
235358.7
235390.8
235445.5
235461.6
235484.4
235564.2
235648.7
235652.6
235764.6
235814.2
236184.9
236700
236810.5
237052.8
237125.1
237845.6
237884.4
237887.2
237909
237976.6
237996.5
238037.7
238038.4
238171
238248.6
238268.6
238301.6
238344.3
238405.9
238535.1
238551.9
238570.8
238622.1
238634.2
238683.3
238689.8
238758.3
238776.8
238821.8
238966.6
240473.6
242152.5
243017.1
243870.1
243947.5
244051.7
244193.4
244652.4
244914
245062.8
245196.6
245284.2
245302.7
245767.2
246206.5
246246.7
246248.7
246375.4
246957.5
247225.7
247387
247401.9
247494.7
247524.2
249922.9
249926.8
249971.5
249981
250004.8
250018.2
250024.1
250108.9
250126.6
250161.9
250169.6
250170.7
251212
251466.9
251651.7
251697.5
256288.7
259415.2
259430.8
259504
259570.7
259629.5
259684.2
259811.5
259813.6
263684.1
263724.3
263772.3
263803.2
263816.3
263856.7
263872.1
263924
263934.1
263965.1
263975.8
263990.9
263997.6
264028.9
264103.7
264224
264287.2
264446.4
268136.1
268461.6
268490.5
272808.8
273448.3
274654.1
274722.7
275129.4
275134.1
275146.2
275157.3
275175.6
275304.2
275325.6
275328.9
275387.5
275449.2
275494.8
275545.1
275638.9
275641.8
275679.5
275701.2
275712.1
275741.6
276829.3
276978.6
277059.5
277164.2
277175.8
277268.1
277282.1
277503.3
277596.1
277598.8
277702.2
277709
277718
277729.8
277744.3
277754.9
277795.1
277820.6
280787.6
280936
281033.4
283186.4
284559.5
286663.4
286757.3
286832.5
288181.5
288299.7
288308.7
288318.3
288335.5
288401.5
288407.9
288419.4
288447.5
288451.2
288480.7
288544.7
288572.1
288678.2
288887.2
288907.5
288917.1
288955
288978.5
289023.7
289065
289085.8
289090.4
289184.5
289191
289316.2
289324.8
289381.7
289475.1
289495.1
289504.3
289575.3
289619.6
289639.9
289644.6
289667.4
289741.8
289759.1
289781.2
289842.4
289897.2
289897.6
290095.6
290213.9
290218.3
290226
290230.1
290244.1
290255.6
290257.1
290315.4
290333.9
290361.4
290373.9
290391.4
290501.1
290543.6
290591.5
290599.4
290650.8
290682.3
290700.2
290822.8
290848.5
290887.4
290971.3
290987.4
291013.9
291029.3
291104.6
291111.2
291135.6
291147.5
291155
291157.3
291170.6
291172.7
291195.6
291382.2
291388.1
291447.3
291480.1
291483.7
291496.6
291534
291595.1
291686.5
291738.8
291751.8
291757.1
291759.2
291775.7
291868.7
291876.4
291936.6
292077.7
292171.5
292244.1
292341.5
292361.1
292400.1
292467.6
292497.2
292594.2
292613.6
292675.9
292686
292690.9
292719.9
292746.6
292753.4
292819
292834.2
292842.9
292866.8
292935.7
292970.7
293066.7
293192.9
293195.2
293253.2
293313.1
293337.4
293473
293505.2
293505.6
293538.9
293628.4
293696.1
293793
293799
293823
293828.5
293839.9
293955.9
294041.1
294085.9
294096
294159.1
294320.5
294499.8
294658
294767.3
294769.3
294971.5
295104.1
295105.1
295151.1
295190.5
295191.4
295229.2
295255.7
295276.5
295321.2
295324.1
295339.3
295361.4
295483.1
295511.6
295531.7
303217.5
303432.4
305995.7
306249.7
306323.3
306410.8
306511.4
306630.4
307689
310869.7
310905.4
310948.2
311091.5
311154.7
311191
311232.4
311911.7
311982.8
312190.9
312204.5
312441.2
312456.3
312516.7
312830.6
312928.3
313614.8
314197.4
314504.9
314689.7
314716.6
314721.9
314925
314974.3
315028.8
315067.9
315248.1
315383.4
325406.4
325506.8
325601
325605
325616
325716.1
325787.4
325800.6
325836.9
325838.6
325859.5
325876.7
326082.3
326954.5
327925.5
330048.8
330081.1
330213.8
330277.4
330335.6
330399.2
330454.4
330483.8
330516.6
330548
330576.9
330611.9
330666.9
330682.1
330686
330883.1
330930.9
331408.6
331554.4
331844.8
332529.3
332737.4
332979
333008.8
333029
333160.4
333262.7
333349.9
333372.4
333573.8
333663.6
335712.9
336162.8
336352
336650.2
336666.8
336699.8
338798.2
339624.4
339675.9
339695.4
339724.1
339773
339849.6
339856
339910.2
339962.3
339980.6
339985.2
339998.6
340028.3
340057
340153.1
340243
340347.8
340546.5
340618.9
340622.9
340625.2
340670.7
340724.3
340862.3
341234.9
341242.9
341343.9
341432.4
345792.5
345945.5
347889.4
347978.8
348334.4
348802.7
349007.6
349762
349811.4
349899.3
349985
349992.2
350072.9
350307.3
350839.9
351008.8
351027.9
351083.6
351444.1
353349.3
354456
354737.7
354751.9
354875
354889.6
354931.4
354940.1
354940.5
354943.4
354967.5
355089.8
355114.1
355259.8
366160
366253.5
366575.6
367052.1
367056.9
367237.7
367381.3
367386.2
367465.8
367472.3
367490.1
367497.5
367543.7
367546.5
367581.1
367605.3
367624.7
367715
367727
367963
367966.1
368012
368034.5
368249.4
368348.8
368498.2
368506.6
368604.2
368612.7
368901.6
368999.3
369028.2
369638
370494
370605.5
370663.7
370867.5
371281.7
372872.6
372925.4
372949.8
373018.6
373041.4
373079.1
373099.4
373114.2
373133.4
373188.7
373212
373487.4
374396.2
374898.1
374911.3
375910.7
376021.1
376553.5
376920.7
377235.8
379119.6
379220.4
379855.6
379965.2
380802
380863.4
381093.2
381103.2
384002
386630
387856.2
389349.8
389455.3
389765.4
389962.8
389967.7
390076.3
390122.3
390302.6
390328.2
390336.6
390426.3
390508.3
390773.4
391090.4
391167.2
391215.5
391315.3
391413.8
391442.1
391576
391596.4
391634.8
391684.2
391700.8
391881.2
392059.3
392089.2
392308.2
392589.8
398849.3
398882.5
399200.4
399260
399299.8
399348.8
399393
399418.5
399420.4
399451.8
399501.6
399509.4
399617.1
399706.3
399749.8
400085.4
400356
400550.5
401304.9
402181.7
402250.5
406045.2
412139.6
412499.3
412597
412856.2
413012.8
413180.5
413180.9
413207.4
413243.2
413468.2
413486.5
414017.9
414622.5
414945
415390.3
415440.1
415540.3
415568.5
415929.7
415991.3
416179.2
416214.1
416225
416326.9
416333.3
416349.7
416356.3
416365.4
416714.4
416883.9
416965.9
417057.3
417142.5
417339.2
417567.4
417810.8
417824.8
417877.5
418018.1
418126.9
418179.2
418293.4
418317
420233.3
425795.5
425840.4
425919.5
426044.4
426128
426211.5
426226.9
426331.7
426382.6
426388.1
426388.4
426444.4
426515.9
426539.8
426624
426804.3
426840.7
427732.3
427807.9
427808.6
427863
427984.1
428200.2
430151.8
431723.2
431944.9
431989.8
432049.1
432063.9
432120.7
432187.1
432202.6
432247.3
432404.1
432404.3
432407.8
432529.5
432556
432832.2
433084
433790.6
433829.6
433837
433901
433987.6
434176.8
434903.3
434998
435206.1
435385.8
436290.7
437098.1
437680.4
437874.5
438420.7
441990.5
442014.6
442031.6
442050
442104.9
442105.7
442148
442175.6
442238.7
442256.2
442256.8
442320.3
442340.2
442438.4
442456.3
442485.3
442501.2
442542.2
442547.8
442614.2
442621.7
442637.5
442678.6
442694.2
442739.1
442782.3
442788.1
442856.8
443033.7
443105
443111.8
443175.8
443195.5
443235.7
443247.3
443262.6
443272
443339.3
443372.6
443549.5
443558.6
443672.1
443788.2
443952
444035.3
444054.7
444073.1
444080.3
444178.8
444189.6
444217.9
444226
444235.8
444242.9
444256.8
444315.8
444337
444363
444389.1
444398
444423.4
446314.4
446386.6
446416.9
446598.6
446635.5
446712.9
446792.2
446795.6
446873.6
446943.7
446996.8
447047.2
447209.9
447738.1
447925.6
450120.6
459431.7
461305.3
461358.7
461374.9
461379.5
461380.7
461432.6
461486.3
461588.6
461706.9
461746.7
461798.4
461996.1
462035.6
462037.3
462047.5
462102
462205.8
462270.1
462320.3
464850.5
466187.3
466943.3
467005.9
467240.1
467404.3
467494.9
467545.4
467553.3
467714.2
467724.7
467862
471395.8
472094.9
472331.5
472380.6
472460.9
472542.3
472569
472600.5
472661.8
472803.9
472932.2
473011.5
473237.5
473350.9
473551.9
473675.6
473773.4
473955.4
473962.9
473981.9
474024.9
474221.1
474260.5
474323.5
474480.1
485248.8
485262
485474.3
485564.9
485643.9
485793.2
485832.8
485876.7
485890.6
486014.2
486105.2
486970.8
487492.3
487630.8
488335.6
489246.6
489518.6
489587.2
491079.8
492977.3
495411
495568.2
495586
495820.7
496360.7
497430.3
497625.1
498201.1
498404.1
499290.6
499729.5
500737.3
501209
501299.2
501317.8
501868.1
502606.4
503047.4
503161
503579.6
504210.4
504280.8
504311.5
504366.3
506313
506956.6
507590.3
508047.3
517273
524494.5
525714.3
525737.9
526320
526542.9
526598.7
526611.9
526638.5
526809.6
526815.8
526873.7
526966.4
527063.1
529284.7
531479.8
531524.2
531652.8
532239.5
537431.6
537709.2
538181.2
538186.8
538351.2
538360.8
538391.9
538488.9
538503
538503.8
538503.9
538577.2
538683.3
538712.2
538732
538824.9
538839.9
538885
538890.7
538905.3
538910.3
538966
541292.5
541521.9
541549.4
541583.1
541584.2
542089.2
542342.2
548829.7
548859.7
548888.3
548904.5
548941.7
548946.5
548947.3
548948
549241.1
555954.9
559197.9
559276.7
559324
559374.8
559444.8
559708.2
559970.2
560063.3
561316.6
561356.4
561371
561494.6
571176.7
571258.1
571302.6
571321.3
571331.1
571336.6
571376.9
571379.1
571434.2
571463.4
571472.7
571689.6
577643.2
577738.4
577787.6
577851.1
577901.6
578006.1
581260.9
581355.3
581631.5
581892.2
581902.5
581917.5
581956.7
581963.1
582270.2
582300.4
582355.5
582434
582499.5
582584
582618.1
585129.4
589821.2
589826.1
590077.1
590493.2
590572.9
590676.4
590788.5
594684.6
594692.5
594711
594737.1
594791.9
594803.2
594811.4
594814.6
594867.5
594868.7
594899.8
594927
594961
595012
595088.6
596811.5
597406.6
597681.5
597823.9
598374.3
598544.1
598794.6
