1888.7
1980.3
2025.5
2087.7
2151
2216.6
2279.3
2343.1
2375.4
2403.9
2406.2
2432
3193.6
13512.8
34963.6
35018.3
35301.3
35382
35514.1
35572.3
35614.9
35654.8
35672.2
35702.6
35714.8
35726.1
35746.1
35844.8
35957.2
35973.5
36127
36232.2
36608.8
37217.3
37820.6
38189.7
48916.5
49401.6
49676.2
49688.9
49696.8
49919.9
50031.2
50102.8
50295.5
77659.5
77865.5
77913.7
77930.7
77940.8
78102.9
78228.8
78524.1
78570.9
78690.2
78739.9
78846.3
78874.6
78902.1
78983.3
78997
79105.6
79197
79384
79409.4
79414.7
79459.3
79525
79539.1
79611.2
79899.1
80036.6
80073.1
80163.9
80170.5
80481.2
80482.2
80797.9
81011.4
81137.9
81170.9
81202.1
81584.3
82223.4
82552.9
82978.2
83488.5
83584.2
83740
83883.8
83921.8
83927.1
83953.9
84010.5
84075.5
84106
84143.3
84146.3
84318.2
84333.6
84343.7
84395.1
84401.4
84433.5
84460.1
84467.1
84494.9
84571.8
84690.9
84721.6
84822.6
84884.1
85028.6
85113.2
85136.2
85368.9
85554.5
85897.9
86065.6
86344.7
86706.2
86851.9
86958.6
87305.8
88154
88369.6
88736.2
88766
88915.5
88922.7
88942.1
89022.4
89263.6
89318.4
89319.4
89402.1
89402.5
89508
89545.2
89569.2
89613.4
89652.2
89693.4
89714.2
89730.2
89774.6
89779.1
89830.8
89885.6
89947.5
89960.9
90003.7
90029.9
90036.2
90057.7
90122
90166
90209.8
90258.9
90439.9
90649.3
90651.1
106656.5
106734.7
106849.8
106920.3
106984.7
106987.7
107129.1
107135.7
107147.8
107192.4
107296.2
107315.1
107338.4
107358
107370.9
107472.6
107479.1
107536
107536.1
107541.5
107618.8
107772.8
107880
107917.1
108075.6
108598.1
108612.8
108760.6
108814.5
109002.6
109072.1
109348.4
109653.5
109661.5
109683
109777.7
110105.4
110202.9
110226.3
110254.6
110447.8
110535.7
110583.3
110718
111051.6
169736.1
170858.5
171152.5
171582.6
183854.3
183860.1
184154.9
184168.3
184296.8
184370
184455.7
184875.7
185035.8
185051.6
185120.2
185131.6
185148.1
185165.5
185209.1
185243.4
185254.5
185257.1
185324.5
185344.6
185366.8
185418.1
185440.7
185494.3
185549.4
185607.5
185631.9
185723.1
185731.5
185956.5
186002.3
186117.2
186141.9
186222.3
186302.1
186311.8
186363.5
186542.3
186582.2
186595.2
186598.1
186640.8
186646.7
186719.9
186971.1
187007.7
187024.2
187063.7
187119.3
187184.2
222666.6
224855.2
225034.2
225338
225511.3
225582.8
225634.2
225641.9
225660.1
225726.1
225736.6
225739.2
225765.6
225790.3
225910.1
225925.3
226185.9
226233.6
226370.9
226387.2
227209.5
227804.9
228066.2
228456
228551.2
229221.4
229229.2
229837.9
256005.7
256157.3
256416.2
256631.5
256671.7
257106.1
257149.6
257650.6
258008.3
258302.6
258618.7
258656.5
258846.6
258934.7
258968.5
259012.6
259174.8
259220.9
259243.6
259292.6
259345.5
259432.1
259435.7
259455.2
259489.1
259594.3
259669.3
259680.7
259714.4
259747.3
259897.5
259965.5
283576.5
285649
287052.6
287248
287321.5
287332.1
287428
287554.9
287629.3
287646.3
287653.5
287674.8
287705.3
287709.9
287711
287711.1
287736.9
287811.5
287863.8
287881.5
287932.1
287938.4
287973.6
288043
288107.4
288112.6
288128.4
288174.5
288232.2
288272.1
288274.5
288275.7
288305.8
288344.8
288353
288373.6
288414.6
288526.5
288527.2
288668.3
288669.6
288670.2
288693.9
288739.2
288806.1
288825.8
288838.3
288962.9
289035.4
289038.9
289050.8
289064.9
289098
289114.7
289157.7
289214.3
289253.4
289301.5
289304.9
289348.7
289388.7
289397.7
289408.3
289416.9
289578.9
289597.4
289641.5
289651.6
289744.1
289757.1
289792.1
289828.5
289866.3
289884.6
289887.3
289888.7
289961.4
289983.8
290070.8
290119
290119.4
290210
290215.9
290240.9
290244.7
290268.6
290315.2
290351.6
290375.1
290424.5
290440.4
290443
290458.9
290472.2
290473.4
290493.9
290503.6
290537.8
290551.7
290579.4
290600.8
290639.2
290642.9
290845.3
290918.4
290935.6
290969.1
290994.1
291022.5
291072.3
291141.1
291172.6
291306.5
291482
291513
291529.3
291542.6
291550.1
291598.2
291672.9
291710.2
291749.3
291764.3
291771.9
291773.3
291789.2
291809.2
291834.7
291880.7
292034.7
292065.5
292084
292099.2
292121.1
292172.3
292235.9
292278.6
292367.6
292421.9
292462.8
292464.9
292471.9
292481.1
292568.1
292579.8
292624.6
292627.3
292643.7
292727.5
292730.1
292812.5
292883.6
292954.2
293121.1
293133.4
293155.5
293214.5
293231.2
293292.1
293301.1
293310.1
293394.9
293408.2
293455.9
293466.3
293524.8
293531.9
293545
293601.3
293658.3
293745.1
293816.9
293851.4
293866.3
293890.3
293948.5
293970.1
293993.7
294035.8
294066
294161.9
294214.8
294333.4
294443.6
294462
294489.6
294541.8
294555.9
294622.2
294650.6
294731.2
294745.6
294843.2
294868.9
294876.8
294896.3
294896.9
294927.5
295136.9
295305.5
295328.3
295370.6
295399.7
295409.6
295505
295505.4
295610.9
295957.8
295983
296007.7
296175.4
296253.7
296280.9
296305.7
296383.3
296598.5
297585
297795.6
298080.5
298107.9
298114
298680
298931.8
298933.4
299312.5
336611.2
336861.5
337292
337691.3
338039.5
338190.2
351082.5
353492.6
353642.5
353784.7
353844.4
353869.6
353935.6
354244
354245
354380.3
354484.2
354572.7
354585
354597.4
354645.9
354657.6
354659.3
354753.4
354796.9
354830.6
354880.6
354913
354962.1
354969.7
355141.9
355152.1
355209.5
355301.9
355387.1
355846.2
356342.6
356388.2
357120.6
357254.4
358090.9
358183.2
358259.6
358336.3
358375.9
358902.7
358985.9
358992.8
359072.5
359123.9
359285.2
359298
359392.9
359571.2
361197.2
361962
362489.1
362807.6
362872.2
363141.9
363297.7
363612.1
364584.1
364687.2
364870.6
364965.1
364997.6
365338.5
365422
365671.1
365798.3
365923.6
365995.2
366069.4
366089.6
366267.4
366285
366336.9
366345.9
366382.4
366464.3
366574.7
366618.7
366695.5
366849.5
366873.9
367245.3
367256
367308.2
367324.7
367327.9
367336.3
367342.5
367410.8
367432.6
367458.6
367475.4
367486
367561.6
367573
367618.6
367628.4
367647.1
367662.2
367671
367762.8
367810.8
367867.3
368007.5
368014.7
368017.2
368112.9
368181.9
368217.3
368247.9
368320
368359.1
368418.6
368466.5
368480.8
368497.8
368583.9
368592.5
368609.3
368615
368651.2
368687.3
368735.3
368769.6
368788.5
368814.8
368868.9
368898.5
368940.9
368997.4
369025
369031.8
369062.9
369065.2
369065.7
369093.6
369186.8
369193.7
369218
369279.8
369281.3
369286.3
369328.1
369351.9
369391.8
369465.6
369470.6
369477.5
369489
369708.3
369732.8
369796.1
369841.1
369936.8
369955.9
369958.9
369967.9
370004.5
370085.1
370124.1
370231
370250
370250.4
370264.4
370343.8
370419.2
370511.6
370641.8
370677
370719.4
370731.6
370805.4
370814.1
370862.9
370876.8
370905.9
371068.3
371096.7
371123.2
371136.8
371162.2
371192.7
371214.3
371236.9
371280.2
371333
371348.3
371363.1
371437.2
371447.2
371469.9
371485.2
371610.2
371651.3
371665.3
371694
371731.2
371793
371835.5
371878.3
371932.8
371939.6
371981.9
372017.6
372038.8
372046.8
372176.2
372192.9
372204.5
372224.6
372350.4
372359.9
372475.2
372501.9
372548.1
372701.2
423182.3
423519.5
423861.1
423977
424002.5
424165.1
424184.8
424335.7
424341.8
424347.2
424362.1
424468
424543.8
424545.8
424683.7
424715.3
424722.4
424746.8
424750.5
424767.3
424779.6
424794.6
424815.6
424815.7
424828.5
424833.5
424883.8
424939.2
424968.7
425237.1
425280.6
425371.1
460189
460520.9
460566.4
460990.4
461016
461183.8
461201.1
461210.2
461338.6
461485.5
461500
461588.1
461620.5
461657.9
461723.5
461855.3
461919.2
462052.9
462064.6
462071.4
462074.3
462116.1
462121
462222.5
462232.4
462241.9
462252.9
462295.2
462510.5
462524.3
462590.8
462688.1
462786.3
462941.8
463110.3
463196.1
463299.6
463327.1
463463.1
463467
463506.2
463637.4
463714
463723.9
463724.1
463781.5
464519
513277.9
513673
513945.4
514004.5
514573.5
514872.5
515140.5
515167.4
515423.6
515518.4
515542.9
515548.2
515671.8
515762.9
515987
516010.9
516041.2
516155.5
516224.8
516388.7
516389.5
516452.5
516454.5
516488.5
517154.5
535618.9
536114
536308.9
536340.5
536362.7
536717.2
536846.2
537062.4
537104.2
537582.4
537668.5
537677.8
537795.3
537849.6
537902.2
537919.1
538017.8
538023.9
538028.4
538040.2
538092.5
538102.7
538108
538191.1
538242.3
538278.8
538280.8
538282.7
538314.4
538432.3
538562.4
538618.5
538890
538893.1
538895.6
538943
538958.7
539020.7
539081.6
539126
539148.9
539210.8
539665.2
539928
540147.2
547842.5
568155.9
568476.5
569576.2
570782.7
570864.3
571267.9
576436.6
576709.6
576747.8
576825.1
580544.3
580915.2
581236.7
581749.7
581770.8
581915.7
581923.3
581948.5
581965.8
581984.8
582039.3
582179.3
582234.6
582284.6
582353.2
582391.3
582422.6
582510
582569.3
582573.4
582600.1
582610.5
582637.4
582651.1
582684.9
582706.6
582767.1
582847.4
583083.9
583274.1
583328.1
583361
583377
583394.7
583443.9
583504.4
583544.7
583616.6
583640.6
583646.7
583887
583889.8
583949.5
583981.4
584023
584160.2
584179.3
584307.5
584318.9
584358.2
584365.1
584410.7
584519.1
584542
584545.1
584572.8
584635.6
584699.6
584705.6
584831.5
584955.7
585002.9
585004.6
585055
585106.1
585219.8
585253.4
585272.8
585338.5
585430
585432.5
585434.2
585440.3
585525.5
585535.8
585564.3
585677.3
585797.5
585804.8
585974.9
586109.2
586254.9
586581.6
586603.7
586890.6
588385.1
588545.3
588587.9
588666.1
588721
589150
589475.1
589603.3
