4944.4
4979.3
4999.7
5014.8
5040.8
8413.4
8861.9
8931.6
9002.9
9101.4
9123.8
9236.7
9295.9
9414.3
9434
9737.7
9810.3
9856
9945.7
9950.8
9950.9
9997.8
10002
10019.8
10061.2
10072.1
10146.6
10152.7
10188.9
10325.5
10342.6
10383.1
10423.2
10523.3
10628.5
10633.8
10796.2
10849
10952.6
16770.9
16790.1
16803.7
17040.9
17041.6
20193.7
20410.7
20414.3
21255.7
21373.8
21457.4
22174.2
23058.5
23145
23409
23498.8
23621.4
23624
23649.1
23675.8
23745.2
25275.6
40946.7
41025.2
41042.6
41106.2
41138.1
41335.2
41356.3
41664.7
42584.1
42651
42655.6
42667.1
42683.2
42735.2
42846.7
42883
42987.9
43108.5
50897.4
51021.6
51095.9
51110.9
51126.7
51143.6
51262.2
51319
51381.1
51566.1
51914.9
52008.5
55135.7
55380.5
55527.5
56008.8
56029.9
56045.1
56066.4
56103.4
56208.7
56302.7
56426.1
56523.6
57572.1
57657.5
59587
59609.1
59670.3
59855.6
59907
59931.1
59987.1
60024.8
62999.7
65868.4
66023.4
66120.7
66337
66661.7
66679.4
66816.8
66966.1
67150
67237
67497.9
68122.6
69161.7
69199.7
69285.1
69294.8
69380.4
69587.9
72702.9
74707
74734.2
74776.3
74783.4
74786.6
74930
75143.4
78494
78508.3
78776.8
79204.6
79662.1
79943.9
80130.5
80276.2
80377.3
80444.3
80451.2
80479
80519.8
80530.8
80650.5
80696.4
80698.3
80730.4
80750
80848.6
80872.2
80895.5
81013.6
81091.7
81119.4
81124.1
81125.5
81220
81270.6
81309.3
81328.1
81350.1
81393.6
81436.7
81449.1
81522.4
81559.2
81578.9
81608.2
81680.3
81858.1
81884.8
81948.1
82012.9
82049.1
82128
82128.4
82129.2
82157.7
82168.8
82234.6
82240.7
82286
82728.7
83201.9
83242.7
83333.6
83425.5
83464.6
83521.5
83590.7
83635.2
83649
83688.8
83774.2
83815.6
83819.6
83942.6
93076
93326.6
93338.3
93647.1
93662.4
94559.6
94740.1
94927.6
95316.3
95524.9
95792.1
95833.9
95857.7
96061.4
96582.7
96589.8
96621.7
96703.1
97028.1
97251
97698.3
97738.8
97751.6
97852.5
97994.9
98046.7
98221.8
98283.3
98596.9
98662.3
98991.3
99206.3
99332.4
99710.8
99725.3
99737.5
99763.6
99825.7
100064.5
100197.2
100277.2
100453.6
100528.9
100540.6
100593.4
100681.6
100740.8
101465.8
101492.1
101998.2
111224.6
112056.3
112179.4
112213.2
112223.8
112325.9
112441
112484
112508.9
112518.6
112551.9
112581.6
112669.1
112671.9
112677.4
112703.1
112781.7
112791.5
112805.5
112838.3
112906.9
112926.1
120606.9
120893.8
121049.9
121064.4
121116.8
121131.4
121132.7
121223.5
121298.2
121519
121625.8
121720.3
121807.2
121848.4
122000.4
122128.2
122151.4
122170.2
122189.1
122227.4
122340.8
122359.3
122796.7
122998.9
123076.2
123157.5
123284
123628
123692.3
123703.5
124280
124285.9
124294.7
124369.1
124423
124516.9
126946.8
127307.8
127889.3
127972.3
128148.9
128221.4
128272.1
128416.2
128575.2
128886.2
130131.8
130226.6
130348
130742.2
131027.3
131037.1
131217.6
131253.8
131470.9
131706
131762.2
131803.6
132703.4
132707.3
133049.3
133469.4
133523.8
133565
133619.3
133968.2
134037.2
134320.5
134388.2
134413.9
136191.2
136846.8
137689.8
137916.3
138100.4
138236.9
138274
139566.6
139759.8
139915.5
139972.2
140256.3
140285.8
140698.4
140771.2
140946.1
140948.3
141232.9
141467.5
141778.2
141879.4
141959.6
141999.3
142012.2
142085.9
142123.2
142254.4
142290.1
142293.7
142497.4
142520.6
142534.5
142571.6
142611
142686.8
142776.9
142820.6
142879.8
142898.8
142978.4
143012.6
143046.8
143091.9
143097.5
143098.6
143109.4
143111.5
143129.2
143130
143140.5
143160.4
143195.6
143254.1
143259
143346.2
143398.9
143533.2
143569.1
143663.5
143702.1
143714.7
143735.4
143923
144025.9
144034.5
144086.3
144245.6
144545.3
144606.8
144906
144939.8
144990.2
145006.2
145799.3
145832.8
146030.9
146175.7
146240.1
147284.3
147499
148062.8
148266.4
148779
148820.4
149364.5
149441
149603.8
150331.1
151227.1
151323.8
152062.1
152990
154574.1
154723.9
154820.1
155031.5
155237.7
155318.3
155707.1
155712.2
155901.8
157646.4
158499.3
158807.4
159975.3
160439.2
160960.1
161633
161711.5
161897.8
161934.3
162003
162043.2
162053.1
162139.7
162141.6
167889.4
169159.4
169275.4
169666.2
169797.3
175088.1
175091.9
175223
175252.2
175269.9
175570.5
175672.6
175688.9
175753.4
175874.4
180266.3
181991.4
186946.9
186959.4
187033
187148
187206
190830
191050.1
191103.6
191121.9
191614.4
191912.9
194139.7
194163.9
194165.9
194189.7
194228.6
194229.7
194339.6
194353.9
194366
194404.6
194547.9
194632.6
194636.8
194754.2
195719.4
195878.3
195926.5
195927.7
195987.5
196005.7
196051.4
196261
196317.2
196327
196420.7
196457.1
196551.5
196706.4
196718.1
196838.3
196939.4
196956.7
196999.7
197045.7
197319.7
197372.4
197386.3
197417
197465
197488.7
197553.8
197591.1
197615.5
197643.8
197662.2
197909.5
197991
197993.5
197995.2
198093.4
198148.8
198203.8
198264.7
198442.8
198532.6
198543.2
198591.4
198594.5
198645.5
198684.8
198889.4
199392.4
205690.9
205860.2
205914.7
206034.3
206194.1
206282.4
206479.7
206681.1
206748.5
206749.9
207196.3
207223.8
207348.4
207413
207437.8
207623.6
207687.3
208164.5
208684.6
210918.5
210946.5
211129.2
211147.3
211162.7
211250.2
211303.3
211390.6
211601.1
211773.4
213951.4
222294.2
222380.6
222401
222410.1
222424.6
222804.4
226113
226678
228724.6
229913
230985.4
234349.7
234372.3
234389.4
234430.9
234499
235082.4
235140.2
235220.2
235235.1
235278.6
235453.3
235501.3
235732.8
235737.9
235750.5
235840.3
235914.5
236108.9
236157.2
236262.6
236311.6
236370.5
236403.6
236515.5
236549.1
236555.9
236560.1
236562.2
236722.3
237079.7
237091.5
237161
237346.4
237429.2
237581.3
237745.6
237779.9
237846.6
237949.2
237992.9
238019.3
238041.2
238057.9
238113.2
238447.9
238612
238763.5
238854
238891.1
238989.8
239029.9
239035
239054.9
239092.2
239254.4
239448.9
239473.1
239520.3
239587.4
239673.3
239767.2
240357.5
240683.6
240932.4
247284.2
247296.9
247308.3
247311.4
247318
247364.4
247486.5
247544.1
247630.5
247650.3
247758.2
247773.1
247942.5
248110.4
248249.9
248331.1
249735
250048.4
250117.4
250141.5
250200.3
250307.4
250310
250404.9
250558.4
251161.1
251306.4
252350.2
264362.3
264472.2
264557.6
264579.1
264645.7
264650.7
264686.7
264712
264717.5
264774.4
264836.7
264883.8
264910
264960.7
265034.6
265051.9
265056.1
265189.1
265205.1
265246.6
265261.9
265289
265309.8
265372.4
265387.5
265439.8
265573.6
265642.9
265673.9
265686.8
265741.8
265753.2
265784.6
265828.7
265835.2
265877.3
265958.8
265968.5
266007.5
266072.6
266086.4
266103
266131.4
266157
266236.3
266281.6
266290.1
266383.5
266476.9
266485.6
266606
266616.5
266620.8
266691.9
266856.7
266863.4
266888.1
266913.5
266950.9
267012.9
267037.2
267082.5
267098.5
267207.7
267309.1
267310
267371.5
267382.4
276057.4
276244
276499.1
276794
276827.6
279147.5
279308.4
279328.5
279388.7
279395.1
279576
279600.3
279837.4
288934.6
295741.8
297878.2
297909.5
297916.8
297971.9
297983.7
297994.7
298052.5
298114.9
298167.9
298178.3
298216.7
298242.9
298364
298442.6
298587.5
298607.3
298852.9
298873.8
298979.1
299934.2
301747.4
301804.7
302167.7
302279.7
302684.3
302962.4
303020.2
303170.9
303211.2
303390.5
304146.9
304168.4
304348.1
304480.3
304493.7
304744
304846.4
305021.2
305114.5
305295.9
305376.5
305486.9
305493.4
305619.8
305728.1
305765.5
306150.2
306285.2
306336.1
306365.1
306435.1
306526.5
306539.2
306542.1
306780.9
306937.4
306938.3
307219.3
307243.9
307255.1
307462.2
307676.7
307775
307916.3
308215.2
308218.1
308308.8
308824.1
308833
308979.3
311357.1
311390.4
311425.3
311445.1
311471.8
311473.4
311547.9
313369.7
313455.9
313472.8
314052.5
314208.1
314279.3
315883.2
315918.8
316095.8
316102.7
316186.7
316188.3
316198.3
316208.5
316220.9
316349.6
316437.2
316471.6
316638.5
316644.4
316653.6
316709
316714.4
316789.6
316811.6
316831.3
317214
317219.9
317296.2
317382.2
317482.3
317485.5
317929.2
317976.1
318010.9
318081
318119.2
318196.3
318469.4
318489.2
318498.7
318701.1
318712.2
319387.9
319799.2
319811.6
319972.4
320064.7
320142.9
320205.6
323574.9
324662.2
325542.2
326634.9
327318.1
327352.9
327526.6
327825.1
328662
328788.6
328817
329132.3
330136.4
330386.1
330557.8
330572.6
330646
330807
330859.4
330955.6
331063.4
331145.4
331242.5
331324.3
333824.2
333856.3
333910.7
334098.5
334130.6
334150.1
334177.4
334206.4
334262.3
334387.7
334395.1
334399.1
334491.8
334775
334795
334804.3
334861
334864.6
334932
335250.6
337962.9
337965.4
338475.5
338672.1
341406.9
343816
343844
344030.6
344320.7
344358.1
344373.1
344593.1
344681.9
344698.1
344701
344852.6
344854.7
344888.2
345008.3
345027.3
345059.5
345102.4
345138.2
345347
345426.5
345489.9
345509.7
345510.7
345515.6
345617.9
345739.3
345745.6
346010.9
346149.5
346665.3
346694
346711.9
346835.2
348786.9
349279.7
365489
365756.5
366056.6
366128.3
366218.8
366268.9
366281.8
366655.2
366921
366928.2
367167.1
367217.4
367324.8
367416.5
373623.9
375904.5
375981.6
376036.6
376068
376082.8
376146.5
376171.5
376198.1
376236.9
376245.3
376412.6
376440.6
376466.8
376504.8
376512.6
376564.5
376566.8
376629.9
376664.8
376706.6
376725.1
376795.7
376812.2
376867.5
376869.8
377089.9
377092.7
377111.8
377113
377221.8
377318.4
377418.9
377544.8
377558.3
377594.7
377608.6
377612.5
377630.7
377661.7
377671.8
377710.9
377717.7
377735.8
377807.6
377845.8
377868.4
377873
377882.2
377991.1
378119.6
378189
378267.4
378315.4
378328
378367.5
378497.1
378532.9
378542.6
378554.3
378636.2
378639.4
378643.4
378692.7
378793.5
378796.5
378865.2
378910.7
378914.7
378916.7
378949.2
378953.7
378972.8
379024.2
379026.8
379050.8
379114.6
379160.4
379184.5
379195.8
379198
379222.4
379288.4
379326
379339.5
379381.2
379393.2
379547.5
379570.5
379586.2
379621.6
379645.1
379714.5
379759.1
379817.5
379833.7
379901.4
379990.8
380015.8
380043.7
380064.8
380066.6
380087.8
380091.5
380239
380248.8
380278.7
380282.7
380331.3
380342.8
380364.9
380497
380565.9
380630.7
380671.9
380697.5
380705.5
380879.4
381163.4
381200.1
381247
381272.2
381312
381335.2
381375
381423.7
381432.6
381482.2
381500.2
381545.7
381590.9
381628
381802.2
381832.7
381930.7
381938
382007.6
382025.2
382172.9
382174
382202.3
382352
382429.8
382579.9
382619.9
382641.5
382732.5
382826.4
382844.3
382846.4
382895.5
383009.7
383017.6
383119.6
383143.5
383183.8
383236.4
383247.2
383262.2
383324.3
383519.4
383527.4
383538.4
383637.8
383844.4
383919
384101.5
384196
384254.7
384281
384338.4
384366.5
384681.7
384686.1
384737
384761
384766.3
384796.4
384813.6
384838.6
384906.6
384913.3
384921.1
384939.3
385069.5
385077.2
385078.7
385127
385261.3
385277.2
385413.1
385431.6
385433.9
385443.4
385448.9
385516.7
385568.2
385626.5
385661.3
385681.6
385732.4
385767
385784.2
385791.3
385808.9
385846
385918.1
385955.1
386138.2
386159.2
386216.2
386226.9
386236.9
386252.4
386376.8
386402.5
386418.6
386446.2
386462.8
386937.3
386990.2
387468.9
387721
387866.7
388024.7
388298.9
388335
388501.3
388684
388687
388810.7
388884.4
388925.7
389104.7
389233.6
389245.1
389263.9
389283.2
389296.3
389303.7
389312.3
389351.9
389381.3
389495.1
389670.5
389679
389732.3
389759.5
389872
389942.2
390062.6
390150.7
390304.4
390396
390562.4
390695.7
390921.8
390929.7
390992.3
391080.9
391112.8
391152
391173.3
391239.6
391376.7
391442.1
391698.4
391706.8
391752.2
391785
391789.4
391803.9
391828.9
391857.3
392128.8
392133.5
392191.2
392232.2
392260.2
392377.5
392421.7
392424.4
392444.5
392510
392642.1
392741.4
392751.7
392777
392780.5
392788
392793.2
392806.4
392809.3
392834.9
392866.2
392866.6
392911.5
392944.8
392983.1
393013.7
393022.6
393090.3
393091.8
393222.6
393240
393287.5
393314.8
393327.8
393334
393335.4
393368.2
393383.7
393430.8
393441
393447.6
393508.1
393617
393634.5
393640.8
393651.4
393666.2
393739.3
393767.1
393776.2
393787.4
393798.2
393950.5
393952
393962
394002.5
394072.5
394368.4
394369.3
394411.8
394472.1
394527.8
394729.8
394769.8
394771.5
394771.6
394808.5
394823.1
394865.5
394937.8
394999.8
395053.9
395092.7
395188.3
395272.8
395334.2
395362.1
395396.4
395458
395675.8
395877.2
395880.1
395976.6
396041.4
396095.8
396104
396229.5
396231.3
396312.3
396370.9
396416.5
396475.9
398932
399337.5
399373.7
399431.3
399436.9
399537.2
399566.6
399584.1
399762.3
399897.7
400023
400051.3
400066.8
400083.4
400142.7
400168.2
400282.5
400335.7
400344.3
400474
400578.6
400582.9
400590.4
400592.1
400605.4
400646.8
400668.3
400670.4
400685.5
400700.5
400718.5
400754.2
400810.1
400887.5
400964
401037.2
401155.2
401200.6
401232.8
401412.6
401414.8
401453.6
401469.1
401563.8
401582
401643.2
401738
401819.1
401819.7
401882.9
401886.1
401890.1
401921.6
401965.4
401982.6
401996
402172.6
402240.4
402358.9
402417.1
402468.7
402771.2
403009.3
403132.4
403317.9
404137.8
404164.3
404491.1
404516.9
404816.8
404840.4
404947
404985.6
405002.2
405070.7
405114.8
405239.3
405402.5
405498.8
405551.5
405568.2
405654.1
405658.3
405669.1
405812
405934.7
405936.8
406180.4
406182.9
406283.9
406307.4
406308
406352
406376.4
406467.8
406469.8
406604.2
406702.8
406730.6
406737.9
406761.8
406772.8
406866.1
406979.5
406989.3
407000.8
407010
407085.6
407294.5
407337.8
407426.2
407533.7
407551.8
407587.9
407666.9
407737.1
407761.9
407805.2
407888.7
408070.6
408090.2
408243.5
408249.1
408374.1
408570.8
408866.9
408886.3
408887.6
409010.2
409116.4
409185.7
409190.4
409260.4
409300.1
409395.9
409419
409421.9
409465.2
409526.8
409791.1
409930.7
409939.6
409951.2
409965.9
409995.5
410151.6
410194
410202.6
410276.9
410349.7
410665
410673.5
411015.4
411076.2
411111.5
411116.4
411194.4
411402.9
411676.6
411849.4
411875.9
412159.7
412250
412624.2
412776.6
412872.1
413042.6
413156.2
413254
413373.8
414033
414287.4
414803.2
414913.1
414977.9
415291.4
415326.7
415391.5
415424.8
415455.3
415507.1
415534.7
415648.9
415693.9
415718.6
415751.1
415841.6
415865.7
415891.3
415891.8
415906.6
415979.8
416027.4
416027.9
416054.1
416109.2
416158.2
416164.5
416306.9
416368.3
416408.2
416447.8
416474.2
416485.4
416496.6
416534.4
416619.2
416659
416685.4
416699.6
416700.9
416734.1
416742
416764.1
416810
416898.9
416916
416919.7
416925.6
416926.7
416932.3
416953.7
417006.2
417020
417032.3
417101.2
417129.6
417235.8
417343.6
417360.8
417426
417453
417489.1
417568.8
417634.3
417645.4
417674
417701.8
417725.1
417856.5
417976.8
417986.3
418155.1
418169.5
418169.9
418442.5
418460.6
424932.9
426686.4
428144.6
431734.4
431930.6
432021.7
432214.1
432230.6
432252.7
432299.8
432388.6
432390.2
432641.3
432715.4
433066
433532
433631
433801.8
433935.1
434423.4
434858.9
434910.8
435452.4
435529
435857.1
436478.5
436870.3
436907.8
437157.5
437224.3
437351
437734
437795.7
438071
438567.9
438597.6
438952.4
439015.2
439717.3
440259.5
442656.3
442953.5
442987.9
443179.6
443728.3
443733.5
443779.6
443933.4
444016
444144.5
444161.5
448071
448225.5
448263.3
448324.5
448334.7
448413.1
448555.5
448567.5
448615
448633.1
448636.6
448751.5
448834.9
450701.2
454792.3
454873.1
454886
454970.6
455063.4
455079.6
455090.8
455379.4
455379.6
455516.8
455552.7
455838.1
455891.8
455976.8
455983.4
456056.3
459344.5
460119.8
460193.6
460201
460275.2
460306
460313.7
460318.9
460348.8
460378.7
460579.1
460622.8
460728.3
460818.2
460847.9
460853.2
465356.9
465438.2
465468
465593.4
465793.6
466120.3
466188.6
466436.1
466581.3
466609.8
466722.7
466763.3
466833.1
466833.9
466851.7
466950.4
466953.5
466990.7
467080.7
467146.9
467191.1
467209.8
467269
467308.6
467363.7
467375.5
467499
471238
471278.4
471433.7
472261.5
472362
472402.1
472420.7
472582.4
472685.6
472763.3
472775.4
472826.1
472844.3
472879
473199.2
473217.8
473278.9
473296.9
473428.7
473576.5
473650.8
473790.1
473847.2
473849.5
473873.6
473924.6
473925.4
473926.5
473961.4
474025.3
474029.7
474073.2
474166.1
474172.2
474189.6
474240.2
474273.9
474307.8
474368
474408.5
474536.4
474543.9
474585
474603.6
474616.1
474763.2
474817.6
474896.7
475245.3
475528.9
475561.5
475612.8
475641.9
475664.5
475760.4
476011.3
476015.5
476030.9
476206.2
476404.5
476496.3
476699.3
476941
476956
477201.1
477266.9
477692.9
477835.9
478021.5
478186.8
478760
485399.6
485415.2
485566.6
485652.9
485679
485728.5
485747.5
485840.3
485946.4
486030.3
486044.7
486087.6
486119.3
486149.3
486165.7
486309.3
486403
486403.8
486523.6
486552.6
486559.4
486599.8
486610
486681.2
486706.8
486764.5
486856.4
486862.7
486868.3
486877.4
486885.6
486927.3
486928.8
486965.7
486984.1
487149.2
487149.4
487203.2
487224.3
487224.5
487283.3
487350.3
487359.9
487362.6
487399.6
487524.3
487651.7
487725.4
487731.8
487787.1
487826.9
487885.6
487894
487920.1
487994.9
488005.4
488083.8
488084.1
488084.8
488116.7
488165.2
488242.5
488261.2
488360
488480.1
488510.8
488553.9
488694.5
488736.2
488815.6
488843.4
488848.4
488866.9
488906
488920.4
488967.7
489045.4
489098.8
489110.7
489139.5
489152.5
489159.2
489159.4
489194.4
489196.1
489283.9
489364.1
489381.3
489424.6
489539.7
489569.5
489586.4
489603.3
489912.6
489918
489919.2
489928.8
489944.8
490115.4
490174.6
490233.8
490346.2
490351.4
490385
490410.1
490414.8
490423.4
490432.8
490443.9
490460.5
490473.6
490503.5
490532.1
490546.8
490573.5
490587.8
490593.6
490635.7
490639.7
490741.7
490768
490793.1
490827.4
490842.6
490856
490957.7
491068.7
491222.7
491395
491395.4
491435.3
491571.3
491603.2
491626.3
491779.6
491832.8
491834.4
491904.6
491925.5
492001.4
492031.7
492059.8
492084
492153.3
492202
492220.3
492288.6
492328.4
492343.5
492377.1
492437.6
492451.9
492491.6
492519.4
492552.6
492560.7
492583.2
492611.6
492636.4
492680.3
492690
492773.5
492810.1
492881.8
492918.7
492940.8
492940.9
493174
493322.5
493433.4
493479.2
493481.3
493482.3
493668.9
493769.4
493939.5
493950
494000.6
494023.8
494044.4
494074.2
494291.3
494292.1
494369.3
494402.2
494408.2
494410.8
494456.8
494463.2
494525
494551.4
494564.1
494586.5
494603.5
494722.3
494846.9
494876.9
494883.1
494898.2
494898.7
494919.4
494926.3
494977.4
495054.5
495111.4
495233.2
495237.5
495240.3
495296
495436.7
495504.7
495511.3
495526.8
495577.2
495593.1
495615.2
495617.2
495633.7
495640.8
495713.3
495717.5
495756.5
495805.9
495824.7
495826
495843.8
495865.9
495935.8
495963.8
496053.1
496068.6
496107.7
496113.3
496172.3
496231.3
496286.4
496356.4
496367.8
496416
496463.2
496503.9
496600.5
496655.9
496669.7
496724.4
496749.4
496759.8
496761.1
496763.3
496820
496822.7
496914.6
496993.9
497020.1
497066.5
497099.6
497151.9
497165.2
497243.5
497323.6
497355.8
497485.3
497489.2
497511.2
497517
497537
497569.6
497640.8
497725.6
497806.5
497880.1
497921.1
497933.3
498008.3
498012.9
498018.2
498126.5
498240.7
498303.1
498325.3
498336.2
498346.8
498422
498454.2
498462.7
498516.5
498562.9
498610.3
498613.7
498657.6
498711.3
498729.4
498744
498747.4
498754.2
498819.6
499039.5
499054.5
499071.9
499099.1
499103.7
499126.9
499135.8
499261.6
499283.4
499324.9
499358.3
499359.3
499387.5
499477.6
499484.8
499534
499724.7
499855.6
499877.2
499910.7
499913.4
499930.5
499931.1
499946.4
500028
500116.7
500276.2
500290.3
500325.9
500351.4
500390.7
500608.7
500634.3
500641
500737.4
500779
500840.1
500855.5
501049.8
501050.7
501088
501127.5
501132.5
501149.6
501172.7
501194
501226.2
501298.8
501303
501357.7
501358.7
501362.2
501413.8
501463.1
501482
501495.8
501515.6
501574.6
501715
501725.2
501801.4
501811.4
501910.7
501948
502019.5
502071.2
502153.2
502166.9
502245.9
502266.8
502301.9
502314.1
502366.2
502400
502420.6
502449.4
502522.6
502525.8
502548.7
502552
502699.2
502706.9
502713.8
502717.1
502721.2
502764.2
502939.3
502991.1
503042
503110.5
503120.7
503121.6
503205.9
503251.5
503315.8
503395.7
503403.3
503429.6
503497.8
503612.5
503703.9
503814.4
503815.8
503877.9
503909.6
503970.4
503983.4
504007.1
504054.6
504067
504182.2
504186.2
504213.6
504326.1
504366.2
504385.5
504400.1
504459.6
504466.6
504500.5
504569.9
504585.9
504588.7
504604.4
504724.6
504817.9
504836.6
504899.6
504927.2
504932.4
504959.7
504992.9
505044.5
505049.6
505079.4
505089.2
505178.3
505254.9
505298.3
505456.8
505463.9
505574.8
506200.9
506212.8
506379.1
506380.1
506396.5
506400.9
506417.3
506439
506553.6
506673.8
506680.6
506729
506799
506818.1
506852.8
506891
506923.2
507116.4
507145.1
507158.1
507228.2
507269.7
507302.8
507568.5
507696.5
507858.7
507926.6
507958.3
508223.6
510627.7
512210.8
512249.4
512355.7
512570.1
512658.4
515846.4
516212
516270.6
516350.1
517827.6
517909.1
518893.4
518951.7
518996
519811.1
520108
525438.1
526646.6
529119.7
529630.8
530702.7
530787.9
530831.9
530893.7
531009.4
531355.9
531715.1
531730.1
531755.4
531850.7
531855.1
531862
531940.3
532048.8
532105.5
532149
534058.5
534991.8
535200.3
535290.6
535314.4
535340.1
535344.4
535351.3
535484.2
535505.9
535532.6
535637.4
535774.5
535929.5
535963.8
535991.1
536024.1
536042.4
536144.7
536277.5
536305.8
536319.1
536369.8
536370
536386.5
536422.6
536480.6
536599.9
536610.1
536653.9
536696.6
536723.3
536807.6
536808.8
536951
536951.7
537019.7
537080.3
537192.9
537199.5
537422.8
537491.1
537560
537761.8
537942.3
538483.7
539299.3
539456
540716.3
541309
546824.7
547130.2
547353.5
547372.5
547458.4
547601.9
549538.8
549677.7
549739.1
549791.1
549866.6
549896.6
550005.2
550079
550133.2
550182.2
550218.2
550231.1
550233.7
550253.7
550287.7
550290.5
550300.1
550381.1
550408.7
550519.1
550725.8
552896.9
552942.9
553217.8
553254.2
553515.6
553536.5
553587.4
553644.7
553661.3
553688.7
553745.5
553764.4
553799.9
553806.4
553824.5
553830.4
553922.1
553925.7
553938.8
554006.9
554051.8
554100
554245.2
554302.9
554349.2
554365.4
554411.4
554425.8
554502.4
554581.7
554623.8
554646.2
554667.3
554729
554737.9
554754.1
554768.2
554782.4
554816.4
554820
554829.6
554846.8
554926.7
554998.7
555010.7
555151.4
555172.2
555175.9
555207.1
555295.4
555578.2
555840.7
555851.6
556088.6
556106.2
556156.3
556224
556315.4
556318.2
556498.4
556501.8
556535.4
556541.2
556585.5
556622.6
556629
556745.1
556800.2
556805.8
556886.3
556958.1
556959.6
556983
557020.3
557323.3
557440.1
557473.4
557560.3
557658.1
557719.8
557753.7
557932.3
557974.9
557975.1
558002
558022.2
558055.2
558101.5
558177.5
558178.9
558190.8
558196.5
558337.7
561622.3
561705.9
561724.2
561754.4
561782
561813.2
561887.8
561931.6
561979.6
561982.2
562013.7
562040.7
562066.8
562175.7
562206.5
562236.1
562266.8
562283.1
562288.2
562290.3
562325.5
562338.8
562406.2
562417.8
562507.5
562579.1
562613.1
562671.3
562809.1
563051.2
563066.9
563073.4
563260.5
563279.7
563360
563384.9
563389
563460.6
563473
563533.7
563564.7
563615.1
563621.2
563629.6
563632.2
563639.4
563707.9
563805.6
563812.3
563962.7
564030
564078.4
564204.8
564230.5
564757.1
576875.9
576935.5
577066.8
578287.6
578331
578510.6
578535.3
578568.3
578570.6
578657.7
578702.3
578763.4
578816.4
578829.8
579061.7
579113.3
579153.1
579160.4
579214.3
579234.1
579278.7
580257.4
580286.2
580526.8
580535.4
580673.1
580803.4
586764.6
586806
586853.9
586873.9
586989.8
587075.8
587236.8
587490.6
588955
588988.5
589065.1
589161.1
589172.9
589581.1
589586.2
591074.5
591340.9
591352.6
591390.6
591403.2
591420.8
591463.6
591661.5
594454.1
594626.4
595092.3
596361.7
596454.9
596634.9
596641.3
596642.1
596799.6
596825.5
596849.6
596918.9
596927.2
597001.6
597070
597143.4
597297.8
597381.7
597487.8
598851.7
599081.3
599083.5
599087.3
599237.1
599244.2
599245.6
599420.9
599463.1
599500.6
599510.1
599513.3
599524.8
599636.3
