2323.9
2351.4
4812.3
4862.9
4863.4
4871.9
4891.5
5052.1
5103
6673.9
6707.6
6772.2
6998.7
7010.3
7027.2
7157.2
11081.1
11122.6
11264.8
12641.1
12685
12693
12739.6
12762.2
13144.2
13507.9
16503.3
16516.1
16643.9
16668.2
16745.6
16892.2
16984
17007.5
17103.6
18567.8
18736.1
18749.7
18759
18837.4
19411.7
21621.7
21687.1
21751.5
21911.3
22077.6
22078.2
22364.5
22380.6
22401
22508.3
22511
22527.4
22578
22637.5
22742.8
23880
23956
24230.5
24323.6
24370.4
28415.1
28519.8
28680.3
28702.9
28941.1
29053.1
29166.2
29178.8
29246.8
29251.1
29257.9
29292
29304.7
29306.2
29312.7
29318.2
29342.1
29384.8
29459.9
29517.3
29540
29547.5
29701.7
29749.8
29847.7
29854.8
29913.4
30036.1
30125.3
30207.4
30209.7
30290.2
30326
30390.6
30539.3
30681.8
30709.7
30772.9
30797.6
30941
40638.1
40671.8
40729.7
40732.2
40863.4
40890.4
40903
41348.4
43427.8
43499.7
43535
43617.5
43618.7
43620.8
43727.6
43733.3
43757.6
43823.7
43848.3
43890.4
44033.2
44042
47540.6
50521.3
50537.7
50637.4
50675.1
50789.6
50840.5
50873.7
50909.8
52375
52449.7
52524.3
52689.5
52845.8
52906.3
52961.8
53340.9
53376.2
53455.9
53633.4
53687.3
53714.7
53759.2
53826.2
53838.1
53841.6
53913.6
53986.9
54038.4
54210.9
54233.2
54489.8
54625.5
54719.5
54756.8
54828.6
57861.9
58179.7
59087.5
60092.1
60118.9
60164.1
60188.1
60252.2
61645
61794.8
61848.5
61856.8
61866.8
62063.5
62169
62183
62333.6
62373.3
62403.5
62533.1
62633.5
63871.9
64000.9
64229.1
64263.1
64272.6
64289.7
64301.6
64308.5
64393.9
64441.6
64449.9
64461.6
64465.9
64549.8
64635.4
64638
64688.7
64761.4
64890.7
64961.7
64981
71053.4
71060.9
71137.4
71204.9
71210.9
71264.1
71358
71383.9
71494.9
71644
71661.9
72788.6
74695.6
74724.3
74794.8
74808.7
74832.2
74862.5
74903.8
75030.6
78083.7
78296.7
78308.3
78392.7
78418.8
78480.6
78549.6
78555.8
78571.5
78609
78754.7
78866
78942
78946.2
79081.4
79085.1
79087.3
79104.2
79132.5
79221
79222.1
79266.1
79289.9
79294.8
79335.5
79343.3
79348.5
79372.6
79377.6
79384.2
79457.3
79464.2
79507.6
79563.3
79677.6
79745.2
79771.9
79816.7
79866
79877.2
79910
79939.1
79966
79981.8
80015.3
80020
80060.1
80060.4
80113.9
80118.1
80201.3
80288.3
80339.4
80417.8
80546.4
80620
80651.6
80693.9
80772.8
80962
81262.4
81601
81683.2
81807
82198.2
82561.5
82603.6
82714.3
82796.5
82832.7
82863.2
82967.9
83042
83073.2
83085.6
83130.2
83153.7
83164.1
83178.9
83223.1
83341.3
83718.9
83806.1
83917.2
83936.3
83985.7
84168.3
84199.7
84204.1
84205.4
84292.4
84321.3
84383.5
84481.4
84536.8
87038.2
88058
88318.7
88390.1
88464.3
88484.9
88548.4
88755.7
88937.4
88984.5
89291.5
89368.4
89432.5
89494.5
89524.4
89717.2
91058.6
91249.7
91308
91540.7
91759.9
93623.7
93646.7
93698.1
93700.2
94290.2
94338.8
94448.6
94452.6
94676.1
94695.4
95059.5
95103.6
95240.6
95306.7
95334.1
95465.6
95544.9
95569.6
95852.8
95891.5
95976.7
96192.5
96273.1
96360.9
96420.9
96709.2
96849.3
97071
97266.2
97570.5
97746.2
97982.6
98173.9
98233
98513
98571.6
98667.3
98875.6
98915.7
99095.7
99128.3
99850.6
100259
101367.6
101486.7
101921.1
101976.5
102297.9
102426.2
102487.8
102529.4
102748.3
102927.1
102947.3
103007.5
103456
103473.5
103510.6
103513.4
103527.8
103539.1
103540.7
103564.1
103623.6
103637.3
103656.2
103693.4
103793.8
103794.5
103815.1
103862.2
103916.2
103937
104019.7
104099.6
104307.7
104426.7
104430
105626.4
105642.8
105783.6
105795.7
105917.2
106154.6
107943.3
108103.2
108113.5
108378.9
108576.2
108610.7
108617.1
108626.8
109253.6
110128.9
111886.3
111913.9
111971.9
112001.9
112031.8
112061.8
112241.2
112253.3
112255.8
112282.6
112308.7
112331.6
112427.1
112431.7
112471
112642.1
112704.9
112753.9
112759
115515.1
115528
115598
115662.4
115726.9
115728.3
115811.3
115833.3
115974.5
116233.7
117009.7
117244.1
118891.4
118977.5
119044.5
119072.7
119195.3
119207.4
119238.3
119256.5
119321.2
119322
119338.3
119361.1
119387.9
119396.8
119403.6
119408.8
119425.8
119474.4
119479.6
119532.2
119535.2
119693.8
119839.9
119862.6
119872.5
119927.2
119930.4
119965.6
120129.7
120185.4
120299.1
120372.7
124712.3
124771.1
124920.9
125093.5
125123.3
125165.7
125189.5
125306.1
125327
125423.2
125550.4
125599
125640.6
125655.1
125669.8
125702.8
125736.9
125819.1
125942.9
126107.8
126119.7
126133.1
126194.8
126208
126257.3
127492.6
127561.9
132050.7
132859.7
132979.6
133290.9
133469.2
133894.6
134737.5
134777.3
134784.4
134793.2
134826.6
134921.5
135042.3
135076
135129
135166.9
135312
135380.5
135405
135598.2
135744.5
136231
136261.2
136261.8
136373.9
136421.2
136697
136740.3
136941
137092.3
137398.8
137465.2
137517
137711.9
137744.6
137767.9
137792.6
137821.7
137856.7
137935.9
138053.5
138076.6
138189.6
138250.7
138290.7
138325.8
138343.2
138440.8
138557.6
138601
138672.2
138796
138875.7
138912.8
138963.2
139042.9
139219.4
139232.4
139424.1
139701.3
139827.7
139933.4
140030.2
160432.1
161142.1
161153.8
162218.7
162254.4
163306.4
163544.4
163752.4
163755.6
163758.8
163794.6
163845.7
163873.8
163906.8
164170.4
164294.2
164323
164335.8
164339.7
164406.8
164444.2
164616.5
164665.4
164675.8
164687
165429.9
167014.5
167172.1
167173.4
167184.1
167307.4
167328.9
167339.6
167342.6
167355.2
167359.7
167409.1
167413.2
167422
167493.4
167571.7
167594.7
167601.4
167651.2
167714.5
167762.1
167762.3
167815.4
167853.1
167927.7
167943.7
167970.1
167993
168023.7
168046.8
168061.4
168137.7
168247.1
173802.7
173884.7
173888.4
174030.3
174053.7
174059.1
174094.9
174206.1
175478.5
175608.1
175766.9
175893.1
175929.7
176169.8
176269.4
176280.3
176439.8
176458.7
176617.8
176653.8
176849.4
176924.9
177014.8
177101.1
177277.7
177354.5
177469.8
177542.7
177559.8
177565.1
177891.2
178332
178478.3
178495.2
178569.4
178610.7
178634.9
178638.3
178678.8
179110.6
183331.4
185533
185667.9
185686.4
185780.6
186141.1
186431.8
186491.7
186525.3
186548.2
186640.5
186651
186698.3
186752.9
186775.8
186810.2
186856.4
186863
186866.5
186924.8
186947.3
186967.7
186975
186996
187088
188661
188677
188746.3
188803.1
188806.8
188839
188853.1
188896.1
188898.2
188920
188930.2
188982.2
189008
189014.7
189042.6
189059.1
189090.7
189113.8
189116.1
189153.5
189169.7
189186.8
189203
189203.1
189254.1
189263.1
189316.4
189318.4
189512.7
190512.6
190535.1
190562.2
190576.7
190652
190693.1
190796.1
190858.7
190902.4
190940.8
191555.3
191623
191814.4
193703.9
195308.2
195318.8
195328.9
195384.9
195397.1
195401.4
205800.1
206610.5
207332.5
207529.2
207778.9
207792.9
207867.9
207914.8
207971.6
208114
208167.2
208190.8
208197.7
208251.5
208300.2
208308.2
208313.9
208401.6
208407.8
208410.1
208447.7
208448.1
208502.9
208511.4
208523.5
208526.5
208636.1
208650.1
208666.9
208689.1
208712
208794.2
208801.6
208847.4
208853.8
208868.9
208939.5
208941.6
208946.5
209037.4
209065.2
209067.2
209074
209144.4
209179.7
209185.7
209195.2
209234.9
209249.5
209264.5
209274.9
209319.9
209342.9
209354.7
209591.1
209609
213771.5
215659.6
217181.8
217287.3
217330
217364.1
217373.3
217383.6
217465.6
217489.8
217491.7
217540.9
217551.7
217557
217644.6
217793.3
218153.9
218482
221561.5
222416.2
223970.7
224034.7
224159.4
224222
224353.1
224359.9
224545.8
224557.8
224641.8
224766.8
224860
225920.6
225924.7
225935.3
226031.7
226062.3
226093.1
226350.9
227799.8
228565.5
229119.8
230396.7
230815.7
230820.2
230862.3
230951.9
231021.3
231035.3
231155.7
232276.4
232798.9
232909
232974.8
233048.2
233112.6
233464.1
233578.7
233737.1
233821
233893.5
233947.9
233973.4
234226.7
235267.4
237080.7
237626.1
238726.3
243740
244181.4
245194.4
246241.6
246708.9
246752.2
246783.4
246804.9
246828.7
246865.3
246929.6
246938.1
248074.1
248481.3
248587.1
250646.3
250676.7
250704.5
250734.3
250740.8
250844.8
250953.4
251015.7
251070.3
251099.9
251109.5
251153.4
251203.6
251239.9
251404.3
251433.3
251513.6
251579.5
251588.4
251589.7
251815.6
251845.7
251935.6
251939.9
251952.6
252039.4
252132.5
252135.3
252138.1
252179.1
252204.9
252235
252290.7
252310.8
252385.1
252906.8
259661.3
260114.8
264116.6
264328
264437.9
264499.1
264558
264585.1
264603.9
264910.8
264950.9
264958.9
264968.2
265180.8
265232.5
265257.5
265289.5
265384.7
265402.6
265519.5
265597.6
265629.8
265738
265839
265953.1
265955.2
266193.7
266426.9
266430.1
266599.1
266790
266833.3
266886.5
266942.3
266960.4
267069.4
267349.7
269778
269841.4
269879.8
269897.2
270026
270086.2
270133.8
270147.3
270160.4
270201.4
270307.9
270369.5
270390.8
270417.5
270544.5
270574.3
270785
270790.2
273377.9
273388.6
273476
273538.6
273561.8
273582.1
273713
273808.6
273893.6
274044.3
278280.7
278491.4
278561.3
278577.4
279397.1
288229.6
288335.6
288501.3
288814.2
289146.6
289668.7
289790.8
290154.2
290209.3
290315.3
290630.4
291081
291552
291978.5
292183
292205.5
292462.3
293005.2
293141.4
293148.9
293907.4
294100.1
294151
295030.8
295444.6
295446.5
295533.1
295556.2
295616.8
295621.6
295626.2
295686.1
295686.7
295758.1
295779.3
295909.3
295992.2
296044.6
296094.3
296401.3
297814.6
297817.8
297841.7
297983.7
300133.1
300434.7
300537.4
300552.2
300595.2
300640.5
300681.2
300708.8
301013.5
301099.2
301105
301129.8
301176
301259.2
301311.9
301331.4
301442.3
301458
301495.7
301561.9
301569
301611.9
301653.5
301758.3
301870.1
301882.9
301899.3
301906.5
303001.4
303555.8
303628.6
303679.3
303808
303908.7
303992.5
304020.9
304147.5
304155.9
305733.8
305863.8
310575.9
311350.6
313352.7
313535.1
313573.8
313621.4
313623.9
313676.3
313678.6
313712.3
313793.9
313812.7
313958.6
314313.2
314387.1
314425.9
314630.4
314660.5
314830.9
315008
315114.8
315177.6
315356.1
315451
315548.4
315606.4
315641.6
315706.4
315768.3
315773.3
315863.9
315866.3
315890.1
315982.2
315996.6
316038.6
316070.8
316132.5
316982.6
317192.3
317221.1
317562.4
317746
317860.8
318037.2
318531.2
318830
319158.5
319394.9
319500.2
319578.1
319777.9
319871.1
320920.9
321018.3
321195.3
321210.6
321310.2
321327.3
321430.2
321442.5
321575.7
321750.3
321926.1
322206.4
322397.6
322657.8
322688.5
322698
322724.1
322745.2
322748.7
322880.3
323007
323056.4
324938.6
326833.8
327528.2
327531.9
327539.5
327901.8
327963.7
327983.2
328338.2
328346.9
328402.3
328465.6
328491.7
328559.1
328578.9
328696.4
328725.8
328885
329097.2
329369.5
329411.8
329412.2
329432
329466
329507
329525.6
329530.6
329548.4
329591.6
329786.9
329986.2
334941.9
335126.7
335152.3
335171.1
335205.7
335226.8
335274.4
335395.3
335436.1
335491.4
335526
335534.5
335639.2
335768.2
340493
340521.6
341275.2
341705.2
341761.6
341835.8
341840.2
341910.2
343217
343359.1
344362.2
344939.3
345198.7
345516.1
346828.2
346856.4
346906.3
347018.5
347031.9
347116.9
347283.3
347367
347372.4
347509.5
347689.2
347716
347813.1
347828.7
347841.1
347846.6
347859.5
347945.3
347982.7
348033.2
348048.3
348076.8
348077.3
348082
348110.8
348117.9
348119.9
348170
348181.3
348249
348260.2
348321.4
348328.6
348339.3
348348.5
348519
349591.4
349609.9
349656.9
349676.1
349731.3
349844.3
350046.8
350078.1
350200.9
350308
350466.3
350517.1
350603.8
350619.6
350672.5
350707.3
350908.1
350933.9
354920.2
355278.2
355364.2
355414.7
361109
364584.4
365230.3
365386
365543.1
365569.9
365716.2
365729.1
365776.6
365856.3
365871.2
365884
365927.9
365958.3
365992.4
366104.9
366146.6
366214.7
366312
366374.6
366383.2
366440.1
366511.4
366521.3
366642.1
366673.8
366696.8
366709.8
366750.1
366787.3
366820.8
366897.8
366915.5
366955.3
366995.9
367028.2
367046.5
367054.6
367074.9
367088.1
367088.4
367093
367148
367194.9
367226.2
367253
367274.8
367343.3
367462.7
367474.8
367649.4
371436.5
373159.7
373174.3
373192.2
373280.3
373308.4
373377.9
373415
373439.7
373469.6
373561.5
373581.7
374830.4
374879.2
375011.3
375012.9
375029.3
375090.7
375161.7
375178.9
375197.8
375256.3
375336.8
375352
375353.8
375357.3
375444.9
375484.4
375598.6
389751.8
396420.3
396494.7
396714.3
396783.2
396801
396811.1
396878
396911.5
396945.8
396999.5
397046.9
397082.6
397099.2
397111.9
397114.2
397180.7
397244
397350.5
397467.3
397544.3
397547.9
397613.2
397617.3
397743.8
397745.2
397746.9
397763.8
397796.8
397799.2
397802
397808.8
397820.1
397852.2
397873.1
397881
397915.5
397989.2
398023
398026.5
398111.5
398249.3
398389.6
398402.7
398592.2
398707.5
398883.8
398905.2
398935.2
399224
403376.9
413190.9
413613.7
413663.9
414080.7
414894.2
415083.6
418259.9
418414
418465.5
418669.2
418720.2
418958.2
419084.8
419394.8
419600.6
419647.1
419655.6
422444.9
425915.6
427940.7
427979
428119.8
428150.4
428187.1
428211.5
428256.6
428341.6
428352.4
428361.4
428414.5
428416.4
428472.5
428473.4
428494.8
429235.6
430515.4
430527.5
430561.5
430666.9
430725.8
430737.7
430774.6
430815.7
430859.7
430884.1
430887.9
430898.5
430901.6
430994.9
431022
431075.4
431080.7
431430
431531
431589.5
431808.1
432883.9
433008.9
434055.9
435287.4
435288.9
436308.7
436427.9
436499
436682.2
436809.8
436815.1
437947.6
438074.4
438260.2
438346.2
438364.2
438407.7
438661.3
438728.4
438843.3
438900.9
438904.8
438921.9
439424.5
439643.1
439666.6
439739.3
439765.7
439851.2
440059.6
440108.5
440145.8
440275.9
440303.7
440303.9
440311.7
440352.1
440352.2
440374.4
440375
440404.7
440530.8
440586.7
440716.8
440748.3
440766.3
440811.6
440817.6
440836.7
440844.4
440869.9
440951.9
441031.6
441052.4
441063.1
441083.4
441168.8
441180.1
441211.1
441361.8
441424.5
441428.7
441443.2
441489.8
441631.5
441639.1
441776.6
449030.7
450716.1
452944.5
453144.4
453241.6
453257.9
453294.6
453350.7
453377
453402.7
453408
453472.5
453492.3
453541.1
453626.8
453702.6
453781.3
453801.1
453863.7
453887.9
453932.4
453947.8
453957
453989.8
456666.4
456685.5
456711.7
456716
456718.1
456854.2
456896.7
456946.2
456985.5
457008.2
457021.1
457193.8
457231.9
457236.3
457295
457296.4
457369.8
457374.7
457407.4
457429.9
457726.4
459320
459425.9
460401.1
460703.2
460949.2
460950.9
460982.3
461064.7
461083.9
461086.5
461116.2
461150.5
461250.5
461252
461328.6
461337.4
461350.6
461360.4
461376.9
461644.3
462121.9
462325.8
463365
463552.4
463607.9
463687.6
463735.1
463744.6
464778.4
464780.2
464877.7
464884.6
464987.1
465012.4
465035.8
465127.4
465184.2
465272.5
465380.1
465448.5
465545.8
465735.5
468399
468449.9
468903.4
468924.4
468951.4
469894
469911.7
469956.9
470022.6
470025.9
470047.5
470078
470079.4
470106.6
470189.3
470227.6
470249.9
470250.2
470358.3
470473.6
470616.3
470646.4
470821.2
470824.1
470891.1
470916.6
470927.1
470943.4
471012.8
471052.5
471149.9
471469.6
471470
471655.2
471666.2
472072.7
472087.9
472158.3
472245
472362.4
479089.2
479357.9
482455.1
482632.1
482679.7
482780.3
482787
482816
482897
482932.8
482988.2
483034.6
483100.5
483106.2
483222.4
483257.4
483260.2
483267.1
483281
483304.3
483432.3
483574.5
483601.2
483776.4
483776.5
483787.6
483795.6
483877.9
483891.5
483930.7
483954.6
484160.7
484161.1
484173
484176.7
484202.7
484254.5
484285.3
484351.7
484365.8
484388.5
484395.7
484401.1
484407.3
484435.9
484493.1
484545.4
484575.6
484576.8
484588.5
484642.3
484653.5
484716.4
484726.5
484743.4
484778.6
484815.4
484839.5
484850.2
484859.3
484936.3
485196.3
508798.4
509393.1
510910.7
512684.1
513245.3
517201
517241.5
517407.6
517477.4
517644
517668.6
517674
517831
517942.3
518027.6
518063.2
518163.5
518280.4
518580.5
518670.2
520452.5
526743.1
527115.9
527577.2
527720
532045
532063.7
532159.8
532201.3
532244.5
532374.4
533875.9
533934.6
534011.1
534065.7
534169.8
534195.4
534197.5
534253.1
534263.5
534486.1
534496.3
535794.5
535903.5
536929.6
536959.2
536985.9
537013.9
537159.8
537241.3
537251.1
537265.4
537299.2
537351.8
537377
537398.6
537413.9
537466.2
537509.5
537519.2
537548.6
537681.6
537725.1
537754
537839.6
537938.8
537954.5
537997.1
538054.4
538135.5
538271.7
538330.5
538608.3
538733
539003.5
539015.1
539086.5
540841.1
541189
541202.1
541204
541245.1
541256.7
541266.5
541380.2
541404.7
541419.3
541516.3
541569.7
541598.6
541625.3
541636.3
541652.8
541714.7
541798.4
541804.1
541962.7
541983.4
542290.4
542318.9
542386.2
542408.2
542542.9
547257.7
547409.9
547502.1
547517.1
547529.5
547667.7
547667.8
547712.3
547712.8
547815.2
547831.6
547924.5
547954.2
548753.7
549130.1
549270.2
549272.3
549303.2
549336
549400.3
549423.2
549442.3
549499.1
549629.6
549654.5
549668.2
549770.4
549810.2
550348.5
551147.6
551165.4
551248
551248.1
551299.3
551436.6
551445.3
551464
551472.2
551503.5
551578.8
551587.1
551596.5
553899.8
553966.2
554398.6
554456.2
554711.6
554726.4
554841
554925.7
555058.8
555273.7
555328.4
555353.9
555368.1
555406.4
555515.7
555527
555541
555550
555558
555563.5
555619.9
555660.6
555671
555694.8
555743.1
555851.2
555870.4
555984.5
556057.9
556108.5
556181.1
556181.6
556220.7
556230.8
556235
556274.9
556566.8
556609.5
556716.1
556749.2
556766.7
556786.2
556805.2
556979.8
557007.9
557024.9
557173.8
557203.5
557211.4
557225.2
557310.3
557320.4
557322.8
557356.9
557370.6
557448.5
557454.5
557538.3
557554.2
557566.8
557567.1
557593.6
557685
557692.3
557722
557804.1
557837
557839.6
557957.2
558047.3
558217.2
558232
558254.7
559754.4
560171.5
560433
560489.6
561117.1
561191
562362.3
562531.1
562823.4
562872.5
563025.5
563187
563200.3
563225.7
563429.9
563468.5
563503.6
563522.8
563635.5
563792.4
564058.6
564123.6
571613.2
574095.3
575477.3
575478.5
575790.3
575892.4
576018.3
578107.8
578127.1
578166.6
578180.8
578310.4
578462.2
578465.3
579528.6
579699.4
580667.1
580710.9
580837.7
580846.9
581072.2
581169.2
581189.5
581225
581332.7
581349
581426.5
581448.5
581548.4
581582.4
581641.6
581757.1
581820.9
582409.4
588646.4
588814.8
588822.3
589182.6
590020.4
590061
590399.3
590478
596091.6
596098.2
596228
596256.7
596303.5
596585.7
597748.6
