2044.3
2149.9
2150
2191.1
2306.9
2309.5
2328.9
2392.1
2731.5
5157.9
5452.4
5536.3
5639.6
5747.7
5845.3
6358.5
6534.9
6574.6
6693.1
6697
6716.4
6728.4
6826.9
6831.1
6847.2
6952.3
7019.1
7039.7
8930
9779.5
10643.9
10779.3
10839.2
10871.3
10895.5
10900.1
10957.9
10996.2
10998.1
11027.1
11088.6
11120.3
11169.7
11192.6
11223.5
11305.5
11409.4
11593.9
11611.1
11644.1
11659.6
11662
11761.1
11786
11856.3
17267
17315.9
17347.7
17546.6
17572.9
17627.9
17756.5
17789.9
17873.6
17926.2
18000.7
18123.6
18163.6
18176.8
18230.1
18398.4
18403.2
18441.5
18513.5
18534.1
18540.1
18569.8
18587.5
18595.4
18733
18788.8
18861.7
18937.9
18945.1
18991.2
18992.4
19004.3
19014.4
19255.8
19328.5
19338.6
19387.6
19439.9
19465.4
19482
19493.4
19509.7
19514.2
19648.7
19701.1
19754
19755.7
19770.5
19867.6
19968.6
19970.9
19993.1
20022.3
21299.1
21406.5
21449
21453.6
21534.1
21537.2
21596.8
21662.5
21710.8
21765.2
21848.9
21853.5
21892
21912.2
21935.6
21979.5
22016.2
22024.8
22030.1
22040.1
22049.2
22065.1
22067
22191.4
22316.7
22337.4
22342.1
22365.7
22379.3
22386.1
22409.7
22427.8
22477.6
22531.3
22662
35337
35577
35579.8
35673.2
35770.3
36033.6
42404.3
42496.7
42787.2
43185.4
43353.4
43437.3
43516.3
43522.5
43526.2
43611.6
43631
43669.8
43815.7
43816.4
43857.7
43920.2
43943.6
43946.7
52284
52338.8
52393.8
52441
52465.1
52498.3
52518.9
52559.7
52646
52687.3
52729.2
52768.2
52773.6
52776
52838.9
52866.4
52886.5
53016.8
53033.6
53110.8
53139.7
53215.8
53223.3
53338.9
53512.3
53523.7
53537.9
53568.3
53609.8
53640.4
53650.4
53652.5
53698.4
53768.6
53793.5
53911.2
53916.7
54010.7
54013.2
54059.6
54068.6
54148.6
54184.5
54197.4
54242.6
54302.9
54332.3
54445.6
54453.3
54741.5
54762.4
54787
54867
54876.9
54882.5
54950
55055.3
55366.5
56155.3
56236.6
56364.5
56444.4
63975.3
64103.4
64150.3
64187.5
64323.4
64370
64406.3
64414.9
64464.9
64599.3
64698
64740.5
64747.5
64835.9
64881.5
64915.1
65087.9
65153.4
67230
68422.3
68621.4
68809.6
68842
68938.5
68984.1
69075.2
69086.3
69147
69190.7
69195.2
70570.1
70773.6
70839.7
70912
70958.9
70993.9
71065.7
71078.6
71344.4
71400.6
71524
71542.4
71954.7
72300.4
72520.7
72779.2
73524.5
73669.1
78027.7
78252.6
78285.4
78367.8
78369.6
78391.5
78451.5
78459.1
78503.9
78529
78566.1
78705.1
78767.1
78819.4
78907.9
78970
79032.5
79072.8
79159.5
79224.3
79276.8
79325
79352.7
79434.9
79581.9
79729.4
79776.7
79784.6
79907.9
79949.4
79976.2
79985
80010.1
80161.6
80162.7
80173.3
80175.8
80177.8
80215.7
80295.8
80305.1
80365.3
80412.2
80444.6
80446.5
80532
80577.3
80586.1
80603.1
80615.3
80689.7
80706.1
80709.9
80728.3
80797.4
80801.4
80853.8
80906.8
81042.4
81143.6
81169.2
81225.2
81416.3
81856
81867
81958.5
82028.5
82215.4
82626.1
82647.8
82745.6
82887.2
82915.6
82915.7
83049.2
83115.5
83306.5
83589
83607.4
83627
83691.7
83800.2
83998.2
83999.7
84010.3
84077.8
84158.9
84174
84243.8
84273.1
84307.8
84340
84369.6
84374.1
84426.6
84439.7
84461.5
84489.9
84492.6
84518.7
84534.4
84568.8
84574
84653.8
84655
84739.3
84769.5
85081.7
86431.7
86990.5
87281.8
87890.3
88265.4
88316.3
88337.6
88393
88628.6
88630.7
88897.2
88989.2
89036.4
89566.5
89616.9
89618.2
89671.6
89682.3
89709.8
89715.1
89719.4
89736.7
89764.9
89825.5
89952.1
90122.2
90313
91005.4
107171.6
107177.6
107252
107269.6
107399.1
107471.8
107497.4
107572.8
107871.5
108023.3
108148
108384.4
108778.7
108809.8
109361.7
109579.7
109709.1
109808.2
109827.2
110228.9
110321.8
110349.2
110585.2
110878
113045.4
113164.4
113363.1
113422.7
113567.6
113569.9
113579.4
113693.6
113780.2
113833.4
113842.6
114193.4
114224.8
114612.7
114629.2
114739.8
115116.8
115285.3
115523.2
115540.6
115676.7
115749.4
115800.6
117139.9
118767.2
118879.9
118913.6
118920.3
118930.2
118941.1
118962.1
118976.7
118977.1
118983.2
118992
118993
119007.7
119008.6
119031.1
119095.3
119102.2
119111.2
119131.4
119149.2
119283.4
119302.8
119354.1
119384
119430.9
119637.1
119701.1
119823.9
119834.5
119836.9
119872.4
119963.3
119970.8
119984.1
120050.2
120085.5
120141.7
120183.6
120230.9
120373.1
120429
120450.9
120474.2
120512.8
120708.5
120904.4
120974.5
121034.8
121270.2
121492.3
122176.4
122303.9
124210.8
124425.8
124681.4
124693.9
124699
124704.5
124728.8
124749.4
124789.5
124854.6
124930.1
124991.5
125098.6
125168.4
125194.1
125257.6
125328.5
125342.5
125440.4
125449.9
125544.5
125571.7
125583.6
125589.7
125702.1
125898
125906.7
125974.9
125982
126005.7
126207.8
126348
126449.9
126463.6
126584.4
126711.2
126759.6
126966.1
126988.4
127062.1
127090.3
127200.4
127216.6
127387
127458.3
127513.5
127523.3
127556.6
127585.4
127607.7
127622.7
127633
127647
127699.4
127706
127718.3
127738.4
127848.5
127982.7
128044.5
128388.3
131794.6
131986.6
132035.5
132187.8
132312.9
132358.5
132397.2
132399.2
132481
132490.6
132560.1
132662.1
132744.6
132756.3
132757.1
132810.6
132816.8
132831.5
132891.9
132930.7
133055.4
133305.3
133319.9
133344
133375.6
133533.7
133589
133598.3
133755.8
133795.5
133994.5
134035.2
134067.7
134086.7
134092.4
134142.2
134236.3
134490.8
134497.2
134506.3
134625
134627.4
134667.6
134702
134711.8
134718.9
134765.6
134784.6
134817.5
134910.5
135027.2
135040.7
135093.2
135205.8
135234.3
135255.8
135313.8
135351.4
135428.4
135519.4
135573.4
135656.7
135739.4
135749.9
135772.2
135775.9
135989.8
136128.4
136208.1
136296.5
136428.3
136468.9
136524.5
136531.1
136544
136606.3
136618.3
136639.4
136728.5
136975.6
137059.9
137076.4
137107
137128
137148.4
137286.3
137326.2
137360.8
137393.2
137395.1
137410.5
137467.3
137489.4
137490
137521.4
137567.4
137596.6
137629.7
137690.4
137713.6
137802.7
137815
137824.6
137886.2
137900.5
137927.5
137933.3
137973.8
137999
138077.7
138199.8
138257.1
138367.8
138404
138514.1
138533.1
138547.7
138551.5
138611.9
138632.1
138673.2
138703.4
138767.4
138841.8
138882.4
138947.7
138962
138973.6
139026.4
139052.9
139123.6
139160
139197.1
139252.4
139290.8
139357.8
139413.5
139449.6
139501.7
139556
139616.5
139750.4
139750.7
139755.9
139882
139943.9
139987
140036.4
140228.7
140255.7
140299.4
140327.7
140389
140494.1
140521.7
140552.9
140575.7
140983.5
141260.1
141698.2
142596.9
143272
143404.2
143691.5
147317.5
147982.5
148076.1
151109.1
151948.1
152629.8
152720.2
153134.6
153419.6
153511.3
154290.9
154361.3
154595
154809.2
154846.4
155183.3
155205.8
156243.6
156369.7
156376.5
157185.6
157215.7
157393.5
158097.5
158138.9
158202.8
158338.8
158630
158846.6
160092.9
160172.9
160442.5
160671.8
160992.1
161010.2
161017.8
161022.8
161059.2
161061.3
161126.6
161139.6
161154.1
161195.4
161348.5
161352.7
161427.1
171185.4
171414.1
180059.7
180679.5
180876.3
184712.3
184723.8
185068.6
185149
185241.5
185257.9
185403.7
185430.1
185450
185500.5
185580.1
185643.4
185663.9
185669.2
185718.8
185801.3
185802.6
185858.8
186249.9
186376.7
186386
186497.3
186537.1
186563.6
186567.1
186664.8
186935
186941.7
186972.6
186979.3
186981.6
187167.7
187318.7
187795.1
193452.7
193488
193509.4
193729.8
194945.8
195310.1
195355.2
195428.2
195490.7
195536.5
195578.2
195604.6
195609.4
195810.4
195858.9
196064.6
197745
198435.6
198915.3
198931.8
199347.6
199524.7
199676.4
199680.6
199988.2
200443.7
200488.8
200512.2
200635.4
200959.9
201131.5
201148
201562.3
201688.1
202522.2
202830.2
203299
203345.8
203576.9
204118.4
204713
205166.3
205477
205600.6
205724.1
205755.4
205761.5
205915.3
205960
205961.2
206049.9
206068.5
206070.7
206243.2
206247.3
206257.3
206335.3
206403.1
206444.5
206488.8
206496.5
206701
206749.9
206801.7
206805.9
206847.7
206954.7
207038
207040.8
207064.2
207116.9
207151.7
207181.1
207188.8
207240.9
207286.2
207300.6
207305.7
207413.2
207463
207471.2
207499.5
207505
207509
207548
207680.7
207727.4
207734.1
207766
207795.5
207846.3
207930.6
207938.9
208004.5
208028.1
208053.8
208082.6
208087.9
208231.3
208246.4
208280.5
208322.3
208450.7
208480.8
208536.8
208595.3
208596.1
208615.4
208675.1
208690.2
208740.1
208751.8
208752.2
208950.8
209020.8
209024.2
209137.8
209149.1
209210.8
209221.8
209240.5
209246.3
209248.1
209262.4
209279.6
209311.4
209339.1
209356.4
209432
209435.2
209435.5
209505.7
209512.7
209528.5
209532.1
209591.4
209613.4
209643.3
209697.4
209723.1
209724.7
209836.3
209850.4
209949.3
209964.5
210081.6
212460.2
212957.6
213088.9
213149.7
213296.2
213589.1
213751.5
214237.2
214281.4
214659.5
214706.9
214708.6
214709.2
214767
214787.2
214825
214838
214914.3
214954.6
215054.3
215063.2
215065.9
215071.8
215134.8
215213.2
215430.4
215442.7
215504.2
215578.3
215601.3
215613.6
215622.2
215626.7
215942.2
216100.3
216487.1
216532.1
216606.8
216676.8
216719.2
216729.5
216764.1
216794.3
216887.7
216932.2
217225.3
217235.9
217371.3
217523.4
217528.8
217620.3
217676.5
217882.8
217902.4
217953.3
218113.5
218670.2
218788.9
219224.8
222480.9
225593.7
225730.1
225746.7
225794.1
225904.6
225939.8
225996.5
226017.3
226318
226635.6
227857.6
228950.2
228953.8
230026.2
231374.8
231722.3
231772.8
231815.8
231955.9
232028.8
232174.2
232176.3
233039.2
233091.9
233333.7
233378.1
233561.5
233623.3
233714.7
233725.3
233758.1
233794.7
233804.1
233841.6
233942.9
233976.8
234084.1
234105
234124
234130
234153.4
234183.9
234313.2
234330.8
234340.2
234747.1
234888.2
235048.3
235226
235308.8
235319.7
235389.4
235743.9
236444
236455.1
236572.9
236579.6
236598.6
237074.5
237211.3
237284.2
237285.2
237326.1
237347
237355.7
237539
237887.3
237937
238161.4
238195.8
238381.1
238588.7
238700.5
238889.1
239171.3
239398
240205.2
240496.6
240529.3
240581.2
240708.9
240713.2
240926.9
240982.4
241157.9
241226.1
242172
242473.6
242577.9
243123.1
243473.7
243685.4
243730.3
243745.4
243957.5
244048.1
244142.5
244174.4
245413.5
245595.4
245990.2
246216.2
246680
246749.1
246791.2
246957.4
246969.6
247002.9
247044.1
247251.6
247284.9
247411.4
247514.1
247798.7
247823.1
247831.4
247863.8
248006.4
248014
248083.6
248149.4
248166.9
248296.7
248297
248358.6
248408.7
248485.9
248511
248545.5
248719.9
248749.2
248803.1
249134.6
249166.7
249245.2
249257.1
249408.8
249470.2
249602.8
249623.1
249703.5
256703.7
256986.3
258415.4
258807.4
259076.5
259239.1
259424.7
259459.4
259517
259535.4
259656.2
259684.9
259687.8
259723.4
259729.8
259793.7
259829
267319.5
268367.1
271235.1
272402.2
272849.3
273379.5
273452.3
273509.3
273580.2
273589.7
273605
273679.8
273792.2
273794.9
273876.4
273897.1
273957.7
273975.7
274050
274117.3
274127.8
274166.6
274207.5
287145.8
287455
287507.9
287516.8
287733.7
287766.1
288057.6
288077.4
288143.4
288148.3
288249.2
288363.8
288414.6
288531.5
288541.3
288633.1
288646.8
288829.7
288867.8
288967
288972.8
289032.7
289035.9
289075.2
289203.2
289289.4
289292.8
289336.6
289362.1
289374.9
289415.1
289545.6
289644.3
289648.9
289779.2
289820.9
289872
289900
289911
289938.8
289965.4
290053.4
290054
290191.8
290212.9
290224.5
290267.6
290284.4
290333.2
290343
290353.5
290367.7
290413.2
290463.2
290530.6
290673.1
290822.4
290854.6
290963.2
290977
291033.4
291067.6
291145.9
291238
291330.6
291353.4
291413.2
291451.9
291455.3
291475.5
291494.6
291601.2
291606.2
291710.5
291715.4
291936.6
291950.7
291960.5
291961.1
292018.1
292032.3
292056.7
292174.1
292199.3
292237.5
292332.7
292405.3
292486.5
292492.3
292533.6
292691.6
292718.6
292788.8
292832.3
292844.9
292899.2
292920.5
293004.6
293024.6
293143.5
293168.6
293243.3
293294.1
293320.4
293348.1
293407.7
293505.4
293585.3
293686.2
293697.2
293730
293828.7
293853.4
293938.4
293997.7
294133.3
294135.4
294143.6
294258.2
294262.3
294270.3
294383.2
294461
294599.4
294639
294648.4
294767.2
294771.8
294906.4
294965.7
295010.9
295039.6
295083.8
295214.8
295254.9
295293.4
295364.3
295419.8
295476.4
295479.9
295532.3
295732.1
295746.9
295754.4
295767.3
295806.5
295947.8
296042.1
296096.8
296113.3
296120.4
296138.8
296414.8
296718
297802.2
297892.8
297900.7
298682.8
298786.1
298967.1
303483.9
303487.3
303564.9
303745.4
303804.6
303838
303845
303870.2
303884.1
303887.6
303959.1
303973.6
303986.4
304022.4
304081.1
304192.9
304246.2
304414.5
304486.6
304489.4
304569.8
304679.8
304684.1
304702.7
304853.8
305220.7
305231.1
305401.9
305429.9
305501.5
305511.4
305548.5
305621.8
305648.9
305766.9
305777.1
305789.7
305905.1
305969.7
306071.5
306072.4
306565.4
308516.6
308803.2
308820.3
308850.9
308920.1
308939
308987.4
309005.3
309066.7
309083.3
309133.5
309165.8
309256.5
309314.3
309355.6
309361.4
309517.4
309578.8
309738.6
309871.1
309929.5
309956.2
310034.9
310081.5
310153.6
310158.7
310197.6
310463.2
310463.5
310673.6
311019.1
311947.9
312099.2
312273.3
312291.7
312303.2
312312.1
312485.2
312765.4
319931.6
320349.1
320373.5
320397.9
320405.1
320452.3
320454
320548.7
320568.4
320697
320703.2
320731
320782.3
320788.2
320835.2
320858.6
320863.5
320923.5
320934.2
320978.5
321057.9
321137.4
321185
321198.3
321205.5
321360.4
321388.2
321416.2
321428
321503.6
321544.5
321559.2
321679.8
321701.2
321772.7
321788.5
321843.6
321859.6
321882
321899.1
321972.5
322152.1
322241.5
322277.6
322303.6
322439.1
322579.3
322685.8
322688.9
322729.6
322730.2
322803.5
322852.9
322864.4
322940.4
322942.7
322970.6
323021.8
323054
323078.1
323190.4
323961
326379.4
326529.1
326563.2
326685.9
326723.2
326768.8
326897.3
326992.9
327088.1
327116.2
327132.1
327167.5
327230.6
327388.6
327398.3
327454.6
327511.2
327515.1
327591.4
327662.1
327667.8
327876.5
327978.9
327979.6
328037.2
328143.2
328165
328175.6
328185
328229.6
328264
328286.8
328315.7
328372.6
328387.7
328432.6
328510.8
328561
328573.2
328636.4
328640.8
328659.7
328728.6
328730.1
328742.7
328938.2
328946.3
328969.4
328990.8
329134.9
329137
329182.9
329195.7
329208.7
329215.1
329265
329299.3
329367.8
329384.5
329429.7
329574.4
329626.1
330011.2
330287.1
332345.5
337144.4
337955.3
354497.7
354544.8
354590.2
354674.7
354794.8
354850.1
354885.4
354930.5
355065.1
355111
355164.5
355387
355479.4
355747.6
356786
356951
358036.5
358568.5
361498.1
361928.4
362016.8
362621.9
363339.5
363675.8
364176.8
365436
365539.6
365543.7
365858.9
365861.6
365929.7
366020.8
366060
366167.5
366201.2
366271.3
366298.3
366338.3
366347.4
366367.4
366457.7
366563.8
367048.1
367070.3
367090.5
367182.2
367337.6
367378.7
367430.6
367432.2
367454.9
367458.5
367476.8
367482.9
367511.1
367535.5
367569.6
367576.4
367588.4
367591.7
367592.4
367609.9
367610.2
367626.3
367680.1
367684.3
367705.4
367827.4
367842.3
367917.7
367932.7
368214.8
368238
368256.1
368283.5
368312
368466.2
368528.2
368597
368607.2
368652.1
368995.8
369088.7
369099.8
369406.2
369577.4
369627.5
369907.1
370069.1
370134.4
370245
370454.8
370480.6
370566.9
370704.2
370927.4
371024.3
371040.3
371212.5
371230.8
371256.5
371274.5
371379.6
371524.7
371584.6
371653
371795.3
371822.7
371823.7
371880
371976.9
371990.3
372184.3
372187.3
372290.8
374655.7
374712.7
375014.2
375053
375070.9
375076.5
375172.5
375254.8
375419.7
375488.9
375522.6
375643.7
375752.5
375924.1
375959.4
376004.6
376018.8
376041.4
376299.4
376521
376618
376642.3
376847.1
377073.6
377454.2
377758.6
377760.3
378088.9
378208
378410.9
378760.5
378839.8
378992.5
379052.8
379284.4
379687.7
379718.3
379763.4
379807.9
379864.9
380052.5
380439.8
380493.3
380629.1
380688.3
380848
381058.2
381081.7
381233.5
381973
382022.6
382333.2
382350.5
382500.9
382817.4
382830.1
382987.5
383282.5
383303.5
383580.4
383874.3
384155.4
384476.4
384496
384657.7
384686.5
384688.8
384827.6
384989.4
385354.4
385402
385878.7
386244.8
387586.2
387897.3
388280.8
390143.7
391846
392197
392259.1
392632.6
392707.3
393160.2
393615
393841.2
393870.1
393996.7
394156.9
394223.3
394319.4
394346.1
394605.4
394669.4
394685.4
394784.1
394828
394960.3
394966
395039.9
395173.9
395407.1
395536.5
395540.5
395572.2
395751.3
395804.6
395850.6
396329.7
396369.1
396441.8
396469
396529.7
396677.2
396697.8
396746.9
396757.1
396768.2
396829.1
396874.2
396941.5
397186.6
397296.6
397529.2
397571.1
397590.7
397629
397649.9
397757.7
397768.4
397885.3
397938.6
397944.1
398007
398075
398117.6
398121.1
398127.2
398268.5
398284.8
398294.2
398356.8
398456.7
398482.8
398542.8
398615.3
398617.7
398675
398683.3
398814.1
398825.5
398890.4
398957.1
399071.3
399215.7
399654
399715.4
400366.1
400455
400704.3
400782.7
400819.1
401044.8
401075.3
401102.2
401439.4
401451
401930.4
402016.3
402144.3
402220.1
402336.5
402357.6
402444.4
402487.2
402489.4
402658.6
402719
402743
402768
402899.9
403249.8
403285.1
403294.2
403330.4
403434.8
403490.5
403494.7
403512.1
403559.1
403637.6
403786.7
403815.3
403868.1
403870
403924
403943.7
404016.1
404101.2
404122.9
404153.6
404156.1
404176
404271.2
404281.8
404374.8
404401.1
404458.9
404535.5
404588.7
404684.6
405283.3
405733.8
406446.4
407332
407501.6
407714.9
408310.8
408395.8
409551.3
409830.2
410225.5
410646.1
411390.9
411636
412602.8
412641.8
413136.7
413276.7
413334.4
413392.7
413594
413598.8
413686.3
413756.1
413757.8
413792
413797.8
413800.2
413826.9
413858.4
413901.5
413907.2
414019.8
414032.9
414053.6
414078.2
414103.6
414152.7
414188.9
414279.7
414294.2
414371.1
414510.3
414537.3
414585.9
414767
414770.5
414963.1
414969
415046.9
415052.6
415112.9
415147
415564.4
415887.7
415894.3
416000.7
416098.5
416099.5
416404.4
416569.3
417008.7
417057.6
417088.8
417922.3
418079.9
418147.9
418257.3
418296.1
418379
418414.3
418428.9
418463.3
418514.9
418548.6
418578.7
418680.1
418691.4
418742.7
418753.3
418807.3
418841.8
418852
418909
418965.8
419029.8
419066.4
419140.8
419172.2
419213.8
419216.7
419244.6
419273.7
419333.1
419356.4
419359.3
419489.9
419541.5
419544.5
419568.6
419684.9
419717.5
419725.9
419740.3
419864.6
420028.4
420140.1
420367.5
420505.8
420697.5
420834.6
423246.2
423299.8
423307.9
423996.8
424031.9
424319.8
424860.3
424930.3
424972.2
424993.8
425105.2
425142.8
425149.8
425291.4
425312
429997.3
430172.4
430212.7
430353.7
430452.8
430483.8
430501.7
430556.9
430566.3
430583.8
430606.3
430628.9
430675.9
430698.3
430777.8
430873.3
430874.8
430895.7
430905.4
430958.4
430994.7
431043.2
431048.7
431087.7
431206.6
431238.4
431256.7
431415.1
431445
431520.5
431550.9
431571.9
431608.2
431671.6
431715.9
431892
431908.4
431951.8
431985.7
432032.5
432038.5
432056.4
432172.1
432298.2
432481.2
432546.9
432574.4
432742.9
432772.5
432781.4
432791.6
432900.8
432942.7
433155.8
433172.9
433190.7
433231.3
433305.2
433344.4
433476.3
433507.3
433550.9
433665.1
433956.9
434033.9
434151
434182.5
434206.1
434299
434329.9
434362.8
434385.1
434417.1
434418.2
434496.6
434521.5
434552.8
434658.2
434728.2
434770.6
434855.2
434883.5
434913.1
434918.8
434952.7
434966.7
435024.5
435077.1
435083.8
435088.7
435090.2
435155.9
435210.3
435263.6
435281.6
435492.8
435540.9
435542.6
435658.7
435762
435785.4
435832
435858.1
435864.3
435925.3
436075.4
436078.8
436360.8
436396.3
436443.6
436632.2
436778.4
437047.5
437053.5
437092
437139.6
437147.3
437216.6
437225.4
437254.7
437346.4
437355.6
437392.2
437460.7
437553.9
437611.9
437615.9
437767.4
437829.2
438101.8
438154
438170.1
438251.8
438310.4
438325.5
438366.2
438433.7
438449.5
438472.6
438494.2
438572
438642.3
438656.1
438679.9
438693.3
438701
438703.7
438756.2
438846.3
438909.6
438937.5
438943
438958.9
438973.6
438986
439014.9
439099.2
439130.1
439160.2
439160.6
439191.1
439239.6
439266.5
439320.8
439326.9
439427.9
439533.2
439573.8
439580.7
439631.5
439639.5
439643.4
439651.8
439663.5
439728.8
439770.3
439777.6
439804.8
439812.5
439866.9
439893.3
439976.9
439978.4
439985.2
439994.7
440074.4
440077.9
440079.8
440117.5
440219.9
440243.6
440305.4
440319.5
440328.7
440380.2
440527.9
440594.5
440617.4
440710.4
440727.3
440785.9
440856.2
440933
440988
441140.2
441147.2
441155.2
441219.3
441284.3
441320.1
441324
441429.3
441475
442698.5
442775.5
444090.5
445929.3
445952.1
446003.2
446107.2
446621.7
451085.8
451189.1
451229.2
451267.4
451389.7
451427.8
451428.4
451458.8
451490.2
451575.4
451619.4
451643.9
452129.4
452296
452412
452452.8
452584.2
452603
452722.3
452831
452976.6
453087.8
453094.7
453112.2
453163.2
453199.3
453284.7
453296.4
453313.1
453317.3
453323.8
453352.2
453358.9
453413.3
453456.5
453535.6
453897.1
453929.1
453970.2
454121.3
460516.5
460526.7
460689.6
460879.2
460890.4
460947.7
461002.1
461041.2
461091.3
461108.7
461130.5
461137.5
461176.3
461192.4
461241.6
461336.6
461338
461370.1
461398.8
461488.8
461539.8
461542
461612.2
461637.9
461770.6
461824.2
461889.3
461924.6
461961.3
461972.4
462066.7
462270.4
462293.7
462349.6
462406
462408.3
462438.1
462871.9
462939.1
462980.9
463454.9
463494.9
463504.8
463575.6
463721
463724.5
463731.1
463756.5
463825.9
463941
467865.9
467875.1
468166.7
468208.9
468209.9
468517
468530.7
468571.6
468628.4
468743.9
468781.7
468845.5
468964.2
469090.1
469173.8
469175
469242
469340.4
469444.9
469465.9
469504.5
469626.3
469629.1
469679.8
469681.2
469755.9
469828.5
469841.4
469876.2
469889.7
469977.4
470000.7
470016.7
470044.5
470047.4
470112
470150.8
470252.7
470312.8
470335.2
470381.7
470468
470475.2
470477.7
470480.8
470482.5
470555.3
470587.2
470609
470639.6
470651.7
470664.4
470735.3
470798.9
470837.9
470871.8
470952.8
470988.3
470997.4
471033.7
471114.1
471172.7
471201.9
471207.4
471207.6
471209.3
471242.3
471325.4
471348
471359.1
471428.9
471462.3
471499.9
471522.3
471541.1
471562.6
471571.1
471694.5
471752.2
471818.8
471829.9
471833.5
471872.2
471919.6
471973.6
472008.6
472056.5
472071.5
472128.3
472259.1
472329
472930.7
473056
473527.8
474008.7
474448.1
474481.5
474535.2
474630.1
474638.3
474676.8
474722.7
474749.3
474797.3
474815.5
474825.7
474828.9
474985.4
475232.7
475250.9
475321.8
475439.3
475852
475882
475945.7
476059.6
476447
476806
476830.5
476954
477056.3
477095.9
477405.1
477427.4
477792
477855.9
477989.4
478013.1
478064.2
478111.6
478210.6
478258.3
478320.9
478387.8
478464.5
478727.8
478751.4
478760.5
478767.7
478860.7
478865.6
478949.4
479004.9
479014.4
479034
479097.8
479109.9
479233.4
479318.7
479358.3
479379
479485.7
479678.9
479713.3
479743.7
479756.4
479977.6
480115.8
480215.6
480247.4
480251.5
480380.2
480382.6
480395.9
480575.5
480603
480615.6
480657
480684.7
480716
480743.3
480776.8
480779.9
480903.2
481193.9
481533.9
481552.4
481638.4
481644.8
481662.1
481878.7
481915.1
481927.8
482043.4
482106.8
482264.9
482428.9
482573.4
482638.6
482648.5
482714.9
483023
483189.5
483218
483323.7
483418.1
483536
483538.1
483731.2
483749.7
483831.2
483888.1
484075
484198.7
484219.1
484276.2
484336
484491.7
484532.1
484637.6
484655.2
484673.9
484690.9
484696.7
484786
484904.4
484938.7
484976
484996.6
485203.9
485248.1
485307.2
485451
486080.8
486248.5
486435.8
486471.4
486572.5
486612.8
486672
486728.9
487283.6
487487.5
487548.8
487673.4
487682.3
488226.3
488781.7
488984
489015.2
489254.9
489389.7
490608.7
490940.3
491242.5
491287.5
491488.1
491527
492063.9
492162.9
492235.5
492256.6
492260.4
492269.2
492335.1
492560.6
492608.8
492608.9
492669
492711.6
492938.5
492957.9
493441.7
493531.2
493549
493591.4
493716.7
493727.1
494006.2
494143.8
494394.4
494629.5
494720.6
494754.8
495387.4
495709.6
496216.1
496744.3
497461.8
497912.4
498275.6
498606.2
498669.7
499318
499846.6
499934
500391.1
501053.8
501086.3
501160.7
501331.3
501448.8
501477.9
501478.8
501615.2
502128.4
502164.2
502176
503299.2
503563.9
503569.5
503835.2
503851.7
503969.9
504092.6
504226.8
504484.6
504669.6
504696.8
504889.2
504896.9
505013.2
505200.7
505211.9
505310
505353.4
505382.4
505495
505544.5
505573.3
505607.1
505700
505725.5
505728.4
505770
505778.7
505812.8
505949.2
505960.7
506065.2
506073.3
506111.6
506385.8
506540.1
506551.4
506743.9
506945.7
507017.7
507429.7
507761.7
507813.9
507830.7
507843
507908.9
508071.1
508085.5
508199.8
508266.5
508280.9
508393.2
508428.3
508523.1
508547.9
508618.5
508748
508805.4
508821.4
508822.5
508844.5
508900.8
508980.2
509051
509108.7
509187.3
509193
509242.3
509312.9
509381.2
509527.9
509682.2
509870.3
509872.8
509968.3
510148.5
510498.7
510518
510576.6
510609.6
510610.6
510637.9
510701.3
510727.9
510776.8
510827.9
510843.9
511056.9
511165
511233
511253.8
511515.6
511516.4
511788.5
515296.3
515299.7
515571
515793.2
515810.7
516016
516311
516356
516784.2
526048.3
526563
526714.2
526969.5
527067.4
527118.1
527414.4
527535.9
527559.8
527898.5
528001.8
528075.3
528126.6
528133.2
528223.5
528382.2
528447.3
528466.1
528739.5
528752.1
535221.5
535270.5
535509.8
535658.4
535852.9
535860.4
535896.1
536360.8
536489.1
536551.7
536714.5
536929.5
537040.2
537053
537091.3
537139.5
537157.3
537413.7
537538.5
537560.5
537563.8
537631.8
537635.4
537654.4
537722.5
537742.9
537791.8
537835.9
537929.3
538075.4
538109.4
538114
538196.3
538248.4
538283.9
538394.5
538396.5
538415.5
538474.1
538481.1
538504.9
538534.7
538601.6
538620.8
538711.4
538713.8
538730
538790.5
538801.1
538839.8
538923.8
538982.7
539032.9
539049.6
539160.1
539273.2
539320.8
539471.3
550604.7
550923.6
550972.2
551092.5
551253
551328.2
551336
551359.3
551366.2
551428.6
551490.6
551527.9
551570
551642.8
551716.3
551759.7
551799.7
551894.4
552098.6
552156.8
552446.8
558961.4
559182.5
559306.6
559314.6
559315.5
559320.2
559444.4
559459.1
559621.4
559631.4
559675.2
559686.5
559779
559849
559919.4
559922.6
559934.2
559946.4
559978.2
560036.4
560059
560062.2
560085.6
560170.3
560204.8
560230.7
560233
560240.1
560288.1
560299.2
560359.7
560486.3
560587.4
560618
560666.6
560686.3
560755.9
560784.8
560827
560862.7
560988.4
561035.2
561075.5
561118.5
561153.2
561156.5
561167.5
565061.3
565551.7
566120.4
566190.8
566259.4
566347.8
566716.6
569501.6
570756.9
576835.5
580575.1
580620.1
581034.7
581109.1
581253.2
581397.9
581464.3
581483.4
581647.8
581650.8
581655.1
581917.6
581918.8
581944.6
582051
582379.7
582516.3
582518.4
582660
582660.5
582714.8
582789.7
582869.6
583003.8
583832.5
584234.3
584467.4
584582.9
584770
584919
584974.7
585266.5
585284.1
585403
585547.7
585621.1
586259.2
586556.7
586623.1
586676
586769.7
588537.2
588777.6
588799.8
588888.3
589078.9
589312.8
589360.8
594717.7
598264.2
598626.6
599011.9
