3331.7
4053.5
4327.4
4391.3
4405.4
4423.9
4424.3
4520.7
4557.1
4604.6
4757.6
4832.3
5006.4
16579.6
22792
22961.6
23074.6
23154
23225.3
23371.7
23497.9
23678.5
23878.2
24018.6
24076.9
24964.4
28589.4
29862.3
30064.8
30541.9
30714.7
30789.1
31243.6
32960.4
36618.8
38497.2
38534.5
38562.7
38719.2
43654.5
44164
44195.7
44210.9
44370
44387
44438
44572.3
44583.1
44672.8
44687.8
44813.7
44928.6
45031
45129.3
45222
45306
45310.6
45355.8
45360.2
45818
46171.4
50695.4
50961.2
50985.4
51058.1
51251.1
51255.6
51291.4
51326.1
51543.7
51622.4
51651.7
51688.5
51691.9
51811.6
51923
51950.9
51990.2
52122.3
52132.1
52146.4
52159.2
52181.1
59973.1
60079.7
61386.2
62754.1
62763.5
62804.7
62830.5
62853.6
62927.6
63052.4
63216.8
63277.2
63396.2
63403.1
63518.6
63525
63549.5
63688.3
63714.7
63826.6
63840
65142.1
65613.6
65880.1
66132
67437.1
67538.9
68517.4
74949.7
74985.1
75010.4
75222
75257.2
75331.5
75360.2
75378
75503.2
75602
75664.2
75681.1
75691.9
75776.8
75798.3
75823.3
75837.6
75851.8
75874.6
75913.1
75956.4
76000.7
76030.5
76065.8
76070.3
76070.5
76113
76122.6
76242.7
76360.3
76407.7
76507.8
76616
80423.1
82652.9
86777.4
87294.7
87400.4
87728.3
90853.3
91320.6
91435.7
91980.7
92034.1
92130.2
92222
92247.3
92409.3
92461.5
92553.5
92622
92774.3
92793
92905.7
92939.4
92955.6
92972.3
92982.7
93071.1
93159
93187.8
93210.9
93252
93300.4
93364.1
93475
93568.3
93569.4
93639.2
93731.7
93769.8
93854.2
93862.1
93965.9
94041.2
94074.8
94133.3
94133.4
94152.7
94224.5
94231.3
94287.1
94312.5
94357.9
94468.9
94508.2
94528.6
94662.3
94674.4
94676.1
94706.7
94713.1
94800.2
94999.3
95011.4
95034.4
95054.4
95100
95170.9
95185
95198.1
95221.3
95237.9
95407.5
95597.5
95599.6
95713.3
95759.2
95805.5
95808.6
95946.4
95984.1
96087.5
96192.2
96214.6
96239.1
96282
96294.1
96485
96489.5
96490.2
96499.9
96509.7
96522
96541.5
96553.2
96562.3
96688
96814.5
97027.1
97109.6
97334.1
97351.2
97363.9
97394.4
97398.1
97418
97436.3
97450.8
97512.4
97621.5
97665.5
97683.5
97710.1
97712.1
97713.4
97868.7
97885.5
97931.5
98023.9
98056.8
98101.3
98103
98141.1
98154.1
98301.2
98457.1
98458.9
98571.9
98640.3
98765.3
98822.3
98907.5
99066.8
99077.9
99136.5
99238.9
99242.1
99265.5
99408.6
99432.4
99433.1
99442.3
99468.8
99687.7
99700
99791
99799.8
99803.2
99952.1
99983.6
100143
100216.6
100259.7
100349.6
100441.9
100450
100469
100484.4
100485.3
100563.2
100638.7
100662.7
100709.7
100819.7
100824.9
100910.3
100915.7
100948.4
101042.4
101106.4
101133
101168.4
101220
101254.1
101273.7
101340
101373.2
101377.5
101391.3
101506.3
101545.6
101563.3
101580.1
101583.3
101604.1
101651.8
101674.2
101693.1
101767.6
101786.4
101883.7
101926.6
101997.7
102147.5
102250.8
102301
102339.8
102424.5
102566.1
102591.2
102649.2
102711
102786
102832.1
102850.8
102864
102892.9
102903.9
102912.4
103089
103223
103249.9
103375.9
103595.8
103833.4
103981.6
104289
104439.3
104547.6
105241.8
105403.8
105683.5
105709.4
105737.5
105800.2
109268.1
110988.2
111017.6
111140.3
111142.4
111197
111218
111336.6
111340.6
111441.2
111445.4
111539.6
111610.6
111708.7
111721
111778.1
111840
111850.5
111914.9
112153.2
161805
161902.3
162452.1
170010.8
170063.3
170085.2
170319.9
170358.2
170402.4
171397
171690.6
171695.9
171732.3
171750.8
171982.1
172053.8
172199.1
172216.4
172248.9
172313.9
172355.8
172389
172441
172587.2
172754.8
173030.9
174880.7
175295.1
175682
175827.9
177640.3
177732.1
177788.3
177796.3
177805.9
177901.3
177910.9
177913.6
178095.7
178110.9
178190.6
178207.7
178250.4
178339.9
178477.4
178654.4
178691
178734.2
178757
178822.7
178834.1
178872.4
178926.7
178946.4
178953
179061.1
179066.8
179108.2
179137.9
179138
179145.6
179204.1
179209
179211.9
179284.2
179301
179380
179398.7
179419.3
179533.6
179594
179759.3
179922.6
180117.6
180229.8
180236.7
180290.3
180510.6
180544.6
180592.7
180750.8
180787.7
180860.8
180910.8
181011.2
181053.6
181075.6
181077.5
181113.3
181137.9
181142.7
181182
181217.9
181228.3
181237.6
181238.1
181242.8
181291.2
181326.5
181373.4
181439.6
181527.9
181533.9
181587.6
181594.8
181620.2
181649.3
181989.6
182019.5
182022.2
182084.4
182085.2
182189.4
182209.8
182287.4
182306.6
182387.2
182405.8
182415.8
182578.2
182612.5
183098.9
183129.5
193783.4
193883.3
193936.6
194236.7
194297.9
194353.6
194764.2
194963
194990.7
195047.5
221245.6
221436.6
221630.9
221842.5
223811.8
224364
227062.6
227118.1
227406.4
227444.5
228328.6
229335
229355.4
229469.7
230022.9
232425.8
232481.8
232629.6
233677.9
243967.1
244139.4
244401.7
244817.4
245290.5
245438.8
245495.2
245774.4
245794.4
246280.7
246300.7
246440
250147.1
250182.7
250202.6
250206.3
250237.3
250252.7
250573.5
250577.1
250611
250628.9
250670.3
250691.5
250887.8
250896.9
250994.1
251073.8
251161.4
251655.5
251806.8
251853.1
252280.6
252406.8
252494.9
252513.7
252711.9
260816.9
261113.2
261522.5
263242.4
263546.6
263616
263684.2
263684.5
263699.1
263704.8
263726.6
263831.3
263858.3
263874
263959.1
263972.8
264071.1
264136.2
264169.1
264256.2
264288.7
264321.4
264397.5
264531.5
266682.6
272964.1
279188.4
279274.6
279385.5
279485.7
279513.8
279535.6
279616.9
279718.1
279784.4
279848.2
279856.6
279868.6
279923.7
280013
280069.3
280074.7
280171.2
280280.7
280291.9
280343.6
280378.8
280396.3
280400.5
280417.4
280446.8
280487.7
280489.2
280546.8
280551.9
280681.9
280961.4
281026
281237.3
281361.7
281521
281546.9
281605.9
281622.2
281859.3
281886.7
282005.8
282147.6
282289.4
282393.2
282403.3
282403.8
296245.8
296281.4
296527.7
296904.6
297439.1
300404.6
302059
302067.4
302142.4
302201.7
302214.1
302283.5
302293.5
302303.1
302308
302546.9
302599.4
302635.6
302663.8
302704.8
302728
302764.7
302772.6
302938.8
302958
302980.8
303044.5
303111.2
303116.1
303135.3
303139.7
303178.9
303225.5
303290.7
303435.9
313844.1
313902
314222.7
314362.5
314463
314483.4
314507.9
314647.2
314712.8
314929.8
314951.5
314972.1
315103.1
315437.9
315529.2
315724.8
315761
315839.6
317034.5
319425.7
319871.7
330455.2
330493.5
330582.9
330692
330921.6
330942.4
331145.4
331449.9
331547.1
338600.7
338973.1
339502.3
339585.8
339848.8
340151.9
340187.7
340330.5
340332.8
340378
340470.8
340555.5
340568.3
340649.2
340655.5
340716
340748.8
340938.5
340950.6
341058.6
341058.8
341107.5
341144.9
341164.8
341206.8
341228.7
341257.1
341259
341437
341459.5
341529.4
342164.6
342173.7
350425.3
351701.6
355721.3
356424.3
356476.4
358361.6
359815.2
360208.2
361103.6
363114.5
363314.7
364134.6
364731.2
366889.9
373313.3
373421.4
373502
373544
373544.2
373551.7
373560.7
373598
373641.3
373868.5
373875.3
373935.6
374081.6
374138
374142.3
374145.8
374180.7
374255
421320.3
442325.8
442913.5
442957.9
443018.3
443089.3
443171.7
443369.7
443487.5
443498.3
443546.6
443811.3
444157.9
444169.6
444396.4
444643.5
444755
450692
459220.3
459778.1
460333.7
460797.7
463561.6
464896.4
465282
465342.5
465463.5
465497.5
465520.3
465703
465745.7
465805.5
465818.3
465847.8
465849.9
465887
465906.8
465928
466058.6
466165.8
466179
466226.5
466227.4
466498.1
466741.2
466954.4
467153.1
467268.8
467351.4
467849.1
468125.8
512188.3
512842.2
517464.9
517674.3
518120.9
518359.4
518479.1
518488.4
518655.6
518679.2
518766.7
518801.4
518807.3
518832.8
518872.1
518886.5
518902.9
518914.2
518950.1
519014
519015.6
519046.3
519064.3
519065.5
519174.8
519198.1
519198.7
519212.9
519282.9
519341.4
519354.7
519526
519531.2
519634.2
519656.9
519670.1
519697.8
519724.3
519818.4
519826.5
519882.8
519891
519899.7
519932.2
519952.2
519975.1
519989.3
520140.2
520269
520276.3
520285.4
520300
520373.8
520474
520528.9
520537.2
520576.9
520579.2
520599.2
520640.6
520677.3
520704.9
520801.5
520809.3
520957
521021.7
521136.5
521157.3
521236.2
521301.5
521340.8
521383.2
521469.4
521478.1
521484.9
521505.9
521618.4
521682.6
521715.5
521722.6
521752.6
521774.8
521800.4
521907
522159.5
522343.6
522366.1
522381.1
522474.7
522512.1
522654.1
522816.2
522831
522852.5
522915
522929.2
522961.4
523027.8
523055.2
523107.2
523185.2
523296.5
523401.2
523426.9
523430.6
523525.9
523660.2
523682.2
523744.4
523757.5
523793.9
523864.3
523904.1
524019.3
524099.1
524172.8
524173
524188.9
524250.8
524310.9
524333.6
524409.2
524433.1
524436.1
524454.5
524492.2
524607.5
524659.6
524679.4
524689.9
524738.4
524794.6
524873.2
524886.9
524892.5
524898.7
524903.2
524922.6
525118.8
525222.7
525308
525371
525492.1
525519.5
525556.2
525602.1
525775.6
525847.1
526135
526412
526443
526754.9
526932
533385.8
533600.2
534027
534201.9
534280.1
534551.7
534843
542121.8
542283.4
542413.3
543282.5
543402.4
543889.2
544010.5
544061.8
544299.8
544560.1
545001
545189.2
545396.9
545623
545792.4
545796.3
545969.2
546443
546502.4
546593
546603.4
546619.4
546636.2
546780.2
546782.5
546842
546859
546860.8
546968.7
546982.4
546992.2
547001.4
547020.4
547058
547075.5
547110
547187.5
547219.5
547277.8
547350.9
547397.4
547401.6
547401.7
547511.6
547521.6
547545.8
547573.1
547769.8
547773
547828
553401.2
555589.6
555638.3
556679
557275.2
557895.6
557976.7
568194.3
571160.9
571249.3
571913.8
572289
572318.2
572380.8
572453
572533.6
572567.8
573021.3
573140.3
573168
573188.3
573189
573233.6
573255.7
573303
573325
573420.6
573509.3
573651.8
573790.1
573861
573929.5
574145.3
574172.7
574191.6
574194.9
574308.1
574321.6
574378.1
574482.8
574556.5
574578.8
574676.9
574695.3
574733
574851.2
574915.8
574964.4
574973.2
574974.3
574985.3
575044.1
575064.3
575064.7
575072.5
575078.9
575081.5
575108.6
575123.2
575128.5
575200.6
575231.2
575267.3
575267.5
575273.3
575300.2
575310.6
575324.2
575365.4
575378.1
575431.7
575439.7
575439.9
575452.6
575520.3
575612.6
575875.1
580667.9
587307.8
587332
587451.7
587496.8
587727.9
587912.5
588101.1
588424.5
588549.5
588583.1
589038.7
591263.9
591361.9
591382.4
591478.2
591499.6
591516
591538.7
591559.7
591561.4
591579.2
591636.2
591685.5
591721.1
591745.1
591761.1
591878.8
591916.8
592025.4
592048
592056.8
592077.8
592097.6
592156.5
592181.1
592193
592310.8
592320.4
592370.1
592530.7
592612.4
592644.9
592768.6
592820.1
592846.8
592902.3
592932.2
592998.9
593015.6
593018.8
593064.2
593088.9
593188.5
593223.8
593276.4
593494.2
593641.8
593795.4
593798.6
593898.2
594192.6
594236.7
594248.1
594434.3
594536.8
594566.9
594573.1
594705.6
594789.9
594812.2
594836.6
594885.9
595096.3
