1668.8
1678.8
4212.9
4248.4
4299.2
4319.1
4363.2
4392.8
4454.8
4477.6
4495.4
4581.6
12634
22617.7
22621
22648.6
22733.4
22734.7
22786.1
22813.8
22818.9
22829.7
22838
22891.9
23016.6
23053
23199.8
24331
24364.9
24774.5
24845.8
24858.5
24866
25088.9
25114.1
25281.6
25539.4
25602.7
25632.3
26528.8
26790.6
28582.9
28815.9
30016.4
34585.5
34834.9
38132.1
38369.1
38535.8
38698.7
40681.6
40717.8
40838.5
40913.8
40956.3
41008.3
41017.1
41036.4
41085
41169.1
41219
41270.5
41280.6
41335.3
41336.8
41379.6
41380.6
43883.2
43984.1
44062.8
44063.2
44227
44315.3
44405.9
44513.8
44534.8
44892.5
45119.4
50149.6
50440
50513.8
51211.1
51435.4
51476.7
51599.9
52065.4
52211.1
52211.6
52240.4
53083.7
53085.1
53172.6
53242.4
53320.3
53390
53425.5
53841.1
54113.6
54145.8
54200.2
54213.9
54219
54267.7
54295
54343
54367
54391.6
54416.8
54497.2
54574
54575.8
54687.3
58555.5
60536.1
63468.3
63544
63693.5
63706.5
63849.8
63858.2
63862.7
63897
63944.7
63963.4
64046.9
64112.4
64146.5
64314.6
64439.9
64730.4
64766.9
64770
64802.7
64887.9
64909.8
64969.4
64975.7
64981.4
65081.5
65289.5
65367.6
67910.1
75595.8
75627.6
75719.3
75807.5
75813.3
75995.8
76012.9
76061.6
76082.7
76090
76112.7
76150.9
76220.8
87345.5
90056.9
90486.2
90796.8
90914.5
90996.7
91016.7
105748.6
106090.6
106274.3
106282.2
106449.4
106511.2
106678.3
106744.2
106745.9
106833.3
106878.3
106959.7
110968.6
110986.1
111097.3
111111.4
111210.5
111210.6
111264.1
111291
111292.8
111299.3
111302.2
111371.4
111484.4
111496.8
119161.9
119249.2
119704.8
119866.5
126002
126396.8
127568
138067.7
161407
161408.6
161510.3
164610.4
164673.2
167382.6
167963.3
167966.5
168032
170040.5
170565.2
170748.1
171848.7
171905.9
171962.9
172127.7
172180.3
172258.8
174965
176146.3
176192.3
176290.9
176407.4
176434.5
177016.1
179622.6
179794.8
179807.8
179844.3
179899.4
179942.8
180012.8
180101.1
180113
180121
180150.9
180254.5
180288.1
180293.7
180345.4
180423.8
180677.7
180843
180845.9
180871.7
180876.6
183549.9
183814
183935.7
184221.6
188689.6
188742.8
188756.8
189137.1
189224.2
189294.9
189347.7
189396.4
189409.6
189503.3
190546
190697.1
190759.2
190777.8
190818.6
190833.3
190884.6
190932.1
190955.5
190963.9
190982.5
191030.8
191739.9
191759.4
192313.5
193608.2
193731.2
193887.4
193974.9
195090.5
195108.8
195160.6
207835
211080.6
211285.1
224468.5
224690.6
224705.7
224871.5
224919.8
224984.5
224988.2
224988.8
225042.4
225158.9
225176.7
225255
226595.6
227261.4
227290.9
227422.3
227446.4
227520.8
227718.4
227819
229367.2
229635.8
230411.4
230484.5
230628.4
230685.6
230807.5
230830.4
230868.7
230907
230918.3
230918.5
232061.6
232168.7
232172
232219
232286.6
232355.8
232362.7
232397.4
232445.2
232493.6
232496.4
232499.6
232520.4
232582.7
232605.4
232639.9
232680.4
232800.3
232882.6
233003.3
233072.9
233238.5
233255.3
233327.7
233382
233565.7
233586.2
233635.3
233643.9
233669.2
233728.7
233739.6
233769.6
233815.7
233931.9
242134.9
243853.1
244017.3
244045.5
244069.1
244072.9
244089.3
244125.7
244129
244152.4
244189.9
244202.4
244215.1
244237.6
244244.2
244279.9
244313.9
244405.4
244457.2
244502.9
244518.2
244551.7
244555.1
244590.2
244763.2
244960.9
245193.4
245301.5
245349.2
245382.2
245400.7
245404.9
245489.5
245494.7
245564.2
245615.7
245649
245662.4
245774.3
245783.6
245840.1
245857.5
245891.8
245940.2
245956.1
246002.1
246018.9
246085
246090.3
246230.9
246235.3
246237.8
246245.6
246250.4
246263.2
246339
246674.1
246685.4
249631.1
249893.4
249896
257118.7
257173.3
257193.4
257362.5
258102.4
258257
258327.6
258406.9
258427.5
258799.4
258863.7
259058.7
261008.1
263261
263338.1
263350.1
263422.7
263520.2
263526
263536.1
263541.8
263565.4
263646.4
263677.3
263680
263715.6
263768.3
263886
264092.8
269788.2
269855.2
269942.8
270340.6
270406.4
271626.1
271676
273004.9
273081.4
273189.3
273296.3
273362.1
273574
273599.9
276187.2
276259.6
276294.9
276347.7
276490.2
276526.7
276568.1
276569.8
276647.6
276698
276758.5
276952.6
278030.4
278208.2
278218.7
280708.9
280789.5
280799
280897.8
280941.5
281248.3
281280
281284.8
281439.1
281568.6
281580.2
286860.2
286889.8
287004.6
287137.8
287613.8
287652.7
287778.5
296393.3
299262.5
300646
300824.1
303409.9
303455.6
303546.6
303610.2
303610.9
303619.2
303626.1
303627.8
303779.9
303795.2
311303.2
311492.4
311510.1
311517.9
315657
325324.8
327731.2
329389
329888.7
329917.5
329962.9
329971.8
330450.2
331258.5
332995.6
333759.7
334267.7
334352.9
334888.4
334921
335016.6
335031
335060.9
335202.1
335300.4
335337.7
335431.5
335447.2
335572.9
337527.1
337569.5
337585.9
337642
343358.1
343363.3
343543.2
343561
343613.2
343621.3
343637.9
344246.7
344356.1
344501
344510.7
344612
344704.4
344740.6
344762.2
344797.1
344838.1
344860.6
344965.3
345126.1
345193.6
345209.1
345217.7
345254.9
345273.7
345308.4
345341
345354.1
345372.3
345392.7
345562.7
346317.4
346535.4
346562.8
346629.3
346670.1
346702.3
346811.4
346823.2
346825.9
346827.7
346871.7
346884.8
346978.3
347123.1
347175.4
347190.4
347655.7
348069.9
348284.3
349158.6
349597.7
349894.7
350018.2
350061.1
350479.9
350583.8
350782.1
350851.7
353711.6
354261.3
360436.9
360650.9
360890.3
362404.7
362989.2
364083.4
364243.3
364282
371325.6
371936.5
372526.4
372531.1
372576.4
372650.5
372673.9
372805.8
374296.5
374302.1
374411.6
374471.9
374502.4
374559.7
374638.1
374668
374713.1
374722.4
374796.2
374858.2
374882.9
374895.1
374953.3
374987.9
375015.3
375075.8
375096.9
375107.8
375118.9
375154
375154.8
375191
375227.5
375425.2
396596.4
397490.5
397816.3
397986.1
398013.6
419428.8
422869.5
422923.4
422967
423083.2
423109.8
423336.3
423352.5
423416.4
423496.9
423532.2
423579.5
423850
423937.5
424055
424412.3
424533.9
424558
424572.4
424609.5
427856.3
428014.2
428159.1
430174.5
430381.6
430384.3
430548.6
440576.6
441359.3
441379.7
441411.8
441588
441616.4
441671.5
441731.1
441737.5
441762.6
441768
441784.9
441807.2
442044
442158.5
442175.9
442652.5
443000.5
443007.5
443009.9
443149
444775.8
448322.8
448377.3
448679.7
448776.7
448804.7
448832.4
448950.5
449079.9
455099.8
455898.7
455927.5
456254.5
456423.6
456554.7
456570.3
456609.5
456719.1
456996
457055.7
457327.8
457395.4
457416
464145.8
464149.7
464222.9
464225.9
464233.8
464262.7
464295.5
464307
464359.3
464366.1
464371
464375.9
464545.5
464552.9
464608.5
465072.4
467643.1
467660.1
469825.5
470032.4
470087.7
482526.3
482765.9
483732
483758.2
483783.1
483848.2
483858.6
484001.4
510620.7
511724.8
512855.7
513045.8
513500.8
513786.4
513902.8
514104
514137
514181.4
514555
514611.4
514714.5
514912.9
514954.9
515729.1
515827.6
515897.2
516553.7
516601.5
516709
516715.4
516736.3
516755.2
516758.4
516761.9
516785.6
516787.9
516797
516799.2
516868
516872.6
516879.6
516952.3
516966.2
517014.2
517132.7
517229.6
525169.5
525288.4
525430.6
525517.5
525656.4
525885.5
525965.5
526033.7
526056.2
526088.2
526225.5
526264.1
526313.2
526401.3
526554.1
526611.8
526660.7
526782.4
526822.2
526862.5
526865.7
526929.9
527028.4
527035.2
527113.6
527158.5
527183.7
527206.2
527285.6
527292
527326
527354.4
527377.5
527403.9
527467.7
527521.8
527670.4
527775.1
530380.8
530545.6
530577
530829.4
530922.7
530942.7
531019.4
531059.8
531166.5
531719.9
531897.7
531938.8
531976.3
531984.6
532004.3
532022.1
532027.1
532049.8
532053.6
532096.4
532114.1
532142.3
532389.1
547934.6
548127.8
549031.5
549262.7
549324.1
549390.7
549478.4
549564.3
549606
549782.6
549807.5
549811.2
549812.6
549881
549909.3
549954.6
550025
550043.4
550107.6
550164.5
550194.1
550273
561663.6
561851.9
561857.2
561939.9
562085.7
562090.2
562115.1
562161.1
562162.9
562264.7
562276.3
562283.9
562336.6
562356.6
562364.4
562396.8
562464.8
562477.3
562486.3
562507.6
562511.3
562552.1
562553.6
562587
562654.7
562735.5
562744
562771.7
562827.6
562846.3
562875.4
562918.9
562920.2
562935.2
562965.6
562997.3
563025
563050.9
563181.5
563205.8
563275.4
563284.9
563329.2
563361.6
563411.8
563415.4
563442.3
563480
563514.7
563549
563561.1
563622.8
563638.8
563707.8
563799.1
563820
563906.9
563937.3
563960.9
563986.8
563994.8
564183.3
564261.1
564455.4
564542
568124
568163.9
568279.5
568300.1
568314.6
568319.5
568342.9
568393.6
568474.9
568501.3
568516.8
568644.1
568700.4
568730.2
568862.8
568880.1
568983.3
569015.2
569078.9
569080
569165.5
569172
569258.2
569330.4
569375.7
569419.6
569421.6
569449.6
569510
569590.7
569606.4
569643.9
569755.2
569766.8
569970.5
570002.3
570341.4
570357.7
570385.3
570563.7
570625.8
570634.3
570652
570653.4
570672.4
570689.7
570720.9
570806.1
570833
570846.5
570869.6
570873.6
570909.8
570910.9
571043.8
571044.4
571086.7
571177.9
574402.1
576048.2
576147.4
576294.2
576324.5
576396
576486.5
577147.7
578193
578290.8
578316.1
578336.4
578548
578585.5
578729.8
578742.4
578754.1
578856.9
578862
578993.7
579045.8
579074.7
579106.6
579145.7
579203
579292.4
579322.1
579370.6
579397.5
579406
579498.3
579555.2
580647
582619.8
582864.7
585242.3
585438.2
585477.9
585495.4
585552.9
585571.2
585706.4
585832.3
585948.6
586052.6
586075.4
586248.9
586254.9
586280.2
586366.1
586381
588313.7
588388.1
594909.4
594966.4
596123.1
596294.6
596354.5
596382.5
596733.5
596740.5
596750.6
596845.5
597186.2
597559.9
597936.3
