4286.1
4330.6
4475.6
4497.1
4526.7
4595.1
4632.6
4656.6
4710.8
4713.7
4735.4
4757.2
4774.8
4777.5
4804.5
4894.6
4916.8
4935.6
5007.1
10822.4
11208.3
11338.4
11421.9
11477.2
11544.9
11640.7
11658.7
11814
11836.3
14863.7
15009.4
15967.5
16132.5
16148.2
16269.9
16738.5
16923.2
21664.7
21735.6
21809
21847.4
22079.3
22219.8
22517.6
22751.1
22815.3
22948.4
22972
22974.2
23024.1
23249.3
23419.3
38229.2
38319
38397.7
38440.5
38471.8
38558.8
38591
38761.8
38907.8
38954.8
39010.9
39059.5
43350.7
43485.8
43605.9
43619.6
43651.1
43709.1
43742.3
43804.2
43834.4
43936.3
44037.1
44040.6
44046.4
44084.8
44109.9
44137.6
44231.4
44321.4
44334.9
44335.4
44350.8
44371.5
44417.6
44455.2
44455.6
44490.7
44509.8
44613.4
44625.8
44980.9
45052.5
45265.2
50962.8
51352.9
51418
51518.2
51730.2
51910.5
52008.2
52129.5
52265.4
52316.4
52331.3
52364.3
52395.3
52415.8
52535.1
52543.1
52600.8
52647.7
52675.6
52721.1
52722.3
52826.1
52909.9
52956.7
52968.8
52969.3
52999.5
53086.6
53094.2
53135.2
53250.2
53290.5
53332.6
53483.8
53509.4
53654.5
53670.4
53760.7
53901.4
53930.5
53942
53956.6
53989.7
54115.3
54232
54234.3
54270.9
54301.1
54350.1
54395.2
54398.3
54570.4
54618.5
54626.1
54657.7
54778.8
54823.3
54934.6
54937
55217.4
63106.2
63310.8
63395.9
63453.6
63482.2
63742.2
63779.2
63931.8
63946.5
64053.8
64074.2
64144.1
64161.4
64250.8
64296.1
64299.7
64363.7
64393.6
64442.6
64564.6
64648.3
64686.4
64691
64693.4
64703.5
64836.2
64942.1
65019.8
65024.7
65060.1
65109
65119.6
65194.9
65208.7
65213.6
65228.5
65369
65539.8
66015.1
66074.6
66569.4
66700.7
67294.1
67565
67838.1
68344.7
68546.2
68745.7
68799.5
68940.7
68952.8
68992.9
69070.9
69152.6
74357.8
74473.9
74477.6
74629.7
74637.1
74684.4
74723
74861.4
74914.2
75039.3
75048.9
75059.6
75108.5
75196.5
75205
75234
75245.7
75361.1
75375.6
75387.5
75614.9
75668.2
75722
75739.2
75747.8
75779.8
75781.3
75897.5
75950.4
76236.8
82167.2
82974.2
83312.9
92696.8
99923.3
101846.6
111051.7
111153.3
111264
111300.1
111368.8
111399.8
111405.1
111419
111432
111455.1
111463.8
111472.4
111505.4
111583.6
111600.4
111630.9
111652.2
111659.4
111726.8
111794.4
111873.9
111944.5
111979.8
111997.6
112054.5
112439.5
112475.8
112588.8
118864.3
118995.2
119075.6
119193.8
119229.3
119251.9
119343.5
119377.9
119436.8
119497.5
119503.2
119513.8
119523
119567
119707.6
119729
119758.7
119803.6
119890
119904
119915.8
119980.4
120015.3
120017.7
120054.1
120166.1
120268.6
120355.3
120463.9
124262.1
124984.4
125225.4
125245.3
125387.6
125433.4
125448.7
125521.2
125620.2
125651.3
125686.8
125737.3
125789.3
125807.2
125853.1
125957.3
125992.9
126097.5
126099.3
126100.8
126102
126274.7
126284.1
126299.4
126323.7
126491.5
126512.1
126732.7
126754.6
127407.2
127440.8
127476.4
127511.7
127606.7
127622.4
127714.8
127736
127750.4
132226
132262.4
132412.3
133596.3
133624
133766
133882.8
134219.8
134280.3
134609.8
134897.3
134913
135254.8
135480.7
135702.1
135721.9
135997
137024.2
137032.5
137041.5
137402.5
137529.5
137560.5
137594.3
137770.8
137862.7
137906.3
137919.5
137975.2
138196
138615.1
138921.6
139273.7
139779.4
139942.4
140279.4
140398.4
140527.5
154566.8
157406.4
160879.7
161040.7
161107.5
161211
161262.2
161283.4
161357
161377.9
161385.6
161483.2
161512.4
161514.4
161655.1
161704
161707
161730
161795.3
162213.1
169446.9
169949.5
169970.8
170249.5
170462.5
172218.5
172286.6
172349
172353.3
172379.2
172424.7
172441.6
172488.1
172575.2
172713.6
172787.6
172839.1
172911.8
172999
172999.1
173120.8
173152.4
173210
173229.2
173255.9
179471.9
179514.8
179543.1
179596.7
179626.1
179641.7
179808.3
179907.2
179927.6
179953.9
179995.9
180006.1
180090.2
180112.3
180174
180215.9
180239.9
180350.5
180465.1
180574.3
180600.9
180660.4
180710.1
180754.6
180771.1
180774.2
180863.5
180992.5
190102.9
192729.5
192992.9
193049
193058.1
193091.1
193415.9
193551.7
193607.8
193693.8
193776.6
194168
194332.8
194486.7
194838.3
194890.3
194924.2
194969.4
195018.1
195041.9
195080.1
195094.5
195102.9
195149.1
195153.5
195170.5
195185.2
195222.8
195241.2
195306.5
195446.2
195504.1
195534.8
196010.8
197112.7
205656.3
205962.4
206006.4
207418.7
207623.6
207756.5
208045.3
208106.1
208166.1
208241.5
208250
208330.7
208432.4
208639
208693.9
208733.2
208751.5
208831.5
209019.3
209193.3
209222.4
209230
209274.7
209293.5
209334.4
209346.8
209486.8
209640.1
220265
220822.8
220921.1
221052.6
221256.1
221274.5
221378.1
221383.3
221394.7
221413
221483.8
221533.8
221566
221595
221621.3
221658.2
221663.1
221690.8
221705.9
221864.5
221867.2
221900.3
221930.4
221964.6
221980.5
221997.1
222018.3
222047.1
226619.4
227361.4
229313.7
231467.2
231986.6
232044.8
232068.2
232122.1
232174.7
232175
232242.8
232300.2
232330.6
232337.6
232387.9
232441.3
232545.5
232632.1
232796.6
232828.2
232872.1
232905.8
232949.2
232968.5
232968.9
233195.2
233281.2
233331.3
233388.8
233471.7
233532.1
233558.3
233580.9
233646.2
233647.4
233659.8
233672.2
233804.5
233913
233984.6
234001.1
234047.3
237050.2
237063.8
237408.2
237548.5
237632.2
241130.6
241259.4
242653
243393.6
243521.2
243799.2
243831.4
243848.1
243857.8
243982.8
243994
244077
244119.1
244152.9
244170.2
244185.2
244193.4
244278
244302.2
244330.8
244427.3
244443.6
244462.5
244866.7
244979.7
245113.8
245144.9
245175.8
245274
245310.7
245540.1
245560.6
245614.6
245647.9
245712.5
245745.8
245810.3
245837.3
245852.5
245876.7
245880.4
245929.2
245974.5
246003.9
246006.6
246009.7
246015.2
246065.8
246090.1
246140.2
246160.5
246167.8
246211.5
246249.2
246278.1
246286.1
246297.4
246332.1
246442.2
246489.1
246538
246545.5
246630.7
246636.4
246741.5
246749.4
246936.5
247036.9
247164.2
248112.5
248192.6
248359.5
248429.9
248715.9
248995.5
249241.3
249256
249281.8
249386.2
249430.7
249554.7
249570.8
249612.8
249665.1
249667
249717.5
249831.3
249988.9
250160.6
263693.5
263870.9
263898
263953.5
264000.3
264019.8
264051.4
264078.1
264085.4
264087.9
264108.3
264212.5
264217.4
264232.4
264379.4
264380.7
264405.6
264416.1
264451.1
264487
264500.3
264506
264569.4
264664.3
264831.1
264973.9
265489
266311.9
266551.5
269329.6
272958.3
273044
273053
273122.1
273135.1
273156.6
273160.9
273257.7
273383.4
273530.1
273530.7
273532.8
273555.8
273557.3
273582.5
273735.4
273764.7
273864.9
273900
273990.2
274028.5
280130.5
280606.6
280674.2
280826.5
280876.7
281022.9
281086.4
281111.8
281211.4
281215.4
281264.1
281272
281274.1
281284.5
281527
281579.7
281720.8
298933.8
301851.2
302731.2
303141
303371.4
303433.8
303531.1
303666.8
303757.1
303788
303925
308789.2
308940.5
309068.3
309413.4
309487.3
310226.5
310289.3
310415.7
310699.1
313545.7
313667.9
313681.5
313683.3
313823.6
314091.7
314147.8
314148.1
314309.4
314340.9
314391
314427.4
314436.5
314495.2
314504.8
314512.9
314528.6
314556.7
314582.4
314598.4
314621.4
314640.2
314679.8
314744.4
314745.1
314751.1
314771.6
314781
314788
314840
314892
314920.7
314974.7
315001.3
315056.7
315074.1
315266.1
315324.3
315341.4
315356
315363.3
315384.4
315407.8
315458.5
315482.3
315628.5
315716.7
316048
316600
316784.1
316831.3
316916.5
316930.9
317438.9
318822.5
319443.6
326310.4
326752.7
326903.6
327293.9
327770.4
328005.1
328121.2
328325.9
328402.9
328461
328512.6
328629.2
329190.3
329307
329312.2
329527.3
329534.9
329573.6
329610.2
329680.1
329687.2
329728.8
329739.1
329823.8
329874.2
330022.4
330235.6
330242.8
330302.3
330322.4
330332.5
330336.5
330619.4
330904
330921.7
331049.1
331142.3
331448.7
331854.3
332353.4
338354.7
338805.7
338920
339025.1
339106.3
339119
339287
339421.7
339518
339548.3
339549.5
339643.6
339685.7
339803.5
339860.7
340021
340085.7
340165.5
340218.2
340220.7
340226
340235.3
340272.9
340286.3
340379.9
340423.7
340448.6
340539.1
340546.7
340551
340653.8
340663.5
340830.5
340863.5
340869.1
340878.5
340900.5
340966.1
341006.9
341008.1
341176.3
341202.7
341271.3
341300.3
341350
341558
341566.3
341847.6
341919.3
342029.6
342108.7
342308.4
342911.4
363942
373995.6
374154.6
374170.3
374279.7
374285
374289.8
374310.4
374380.4
374441.4
374464.6
374464.9
374522.8
374546.3
374586.3
374589.7
374589.8
374595.3
374598.9
374692
374724.1
374749.2
374806.9
375007.1
375018.6
375026.8
375062.4
375066.4
375164.5
375204.5
375297.8
375408.3
375477.7
375478.7
375567.3
375577.1
377346.9
379065.1
387336.5
394675.3
394681.8
396681.1
396697.6
396763.3
396818.9
396893.6
396962.6
396963.7
397025.5
397168.6
397222.8
397263
397272.4
397315.9
397329.7
397364
397446.6
397517.3
397571.2
397747.8
397757.4
397767.5
397787
397901.6
397950
398054.2
398081.1
398102.3
398212.3
398359.9
398381.2
398537.3
398711.6
398919.5
398948.1
402477.7
402985.5
403896.1
413454
413620.3
414239.2
414781.5
414799.2
414802.6
414806
415172.8
418190.6
418371.5
418558.6
418654.5
418922.5
418943.3
419084.2
419328.3
419408.6
419753
419924.7
420798.2
427107.2
430067.3
430108.6
430120
430325.4
430362
430405
430476.9
430490.5
430525.5
430528.9
430529.5
430558.7
430606.1
430751.6
430862.5
431197.9
431326.7
431364.1
431371.2
431555
432784.8
433062.7
433158
433397.2
433472.2
433585.1
433627.2
433692.3
434104.3
434273.6
435372.7
436385.2
436597.6
437086.4
437322.6
437422.3
437577.1
438139.2
438715.3
438727.7
438808.5
438856.2
439044.4
439046.9
439566.9
440089.4
440168.6
440191.7
440365.4
440520.6
440591.6
440616.3
440669.2
440712.6
440742.8
440745.5
440756.6
440808.6
440885.4
440959.1
440965.3
441099.9
441100
441208
441450.5
441466.4
441494.9
441534.5
441572.4
441585.4
441666.2
441680.2
441720.4
441726.3
441797.5
441847.4
441861.2
441919.4
441969.1
441975.8
442001.4
442020.1
442178.8
442489.7
442526.2
442718.5
442766.5
442838.1
442881.4
442899
442934.9
443030.9
443031.8
443079.4
443095.8
443132
443263.2
443284.6
443318.7
443381.5
443492.8
443541.7
443592.5
443599.8
443665.8
443917.7
443937.3
444033.8
444036.9
444055.5
444167.3
444191.3
444201.4
444401.2
444454.8
444715.8
444782.2
444818
445805.5
450101.5
450149.9
450301.8
450360.5
450456
450518.6
450604.2
450667.2
450735.5
458507.3
458511
458764.9
458902.5
459339.6
459352.5
459570.1
459588.5
459614
459634.9
459638.2
459686.8
459695.4
459719
459740.8
459826.7
459909.9
465816.1
467107.3
467505.6
467518
467541
467727.9
467775.2
467845
467866.4
468184.8
468409.3
468410.1
468477
468495
468579.6
468607
468657.2
468751.6
468775.8
468818.1
469008.9
469178.6
469296.9
469332.6
469379
469435.3
469450.4
469574.6
469752.9
469761.2
469787.7
469887.2
469892.6
470177.1
470230.2
470398.4
470465.7
470519.3
470526.2
470648.4
470812.9
470846.1
470928.3
471041.9
471045.6
471366.5
471418.7
471491.5
471581
471623
471632.9
472244.2
474539.9
474547.5
474611.3
475571.1
475828.5
476219.7
476450.6
478288.2
479438.6
479608.5
479780.8
480210.5
480315.5
480424.7
480678.9
481927.3
482116.8
482409.7
482526.8
482547.7
482550.2
482571
482698.9
482702
482714.7
482810.3
482813.5
482832
482999.1
483035.1
483118.9
483537.2
483614.9
483731.9
483757.4
483796
483840.4
483885.9
483937.2
484001.9
484027.5
484057.6
484063.2
484068.5
484138.8
484213.1
484357.1
484392.6
484403
484633
484772.1
484866.5
484956.8
485463.4
485505.4
486675.4
491350.6
493618.2
506071.6
508179.5
508194
508984
509334.2
509827.5
510103.8
510306.8
510314.3
510835.6
511228
511385.2
511513.1
512039.2
519021.7
519483.8
519494.2
519501.8
519664.2
522252.9
523073.2
524046.9
524074.5
524181.2
524335.8
525400.2
525549.6
525750.2
525774.2
525786
525847.9
525934.2
526022.3
526028.7
526227.3
526321.3
526373.6
526409.1
526443.5
526451.7
526454.1
526460.5
526478.8
526556.3
526605
526618.6
526623.9
526654.7
526907
526934.6
526997.7
527000
527032.8
527049.4
527053.1
527117.3
527172.5
527177.4
527183.2
527193.3
527207.4
527244.2
527255.2
527267.6
527296.7
527359.6
527393.5
527421.2
527529.6
527590.8
527626.2
527654.8
527732.1
527774.9
527829.7
527843.2
527966.5
528347.9
528369.7
528902.2
528923.7
529276.6
529473.4
533018.6
533131.1
533210.1
533232.9
533390.5
533411.8
533492.1
533531.7
533607.7
533705
533719.8
533782.7
533888
533900.7
533927.8
533972.7
534031.1
534063.1
534148.5
534151.4
534153.8
534160
534286.2
534298.1
534334.2
534334.3
534361.6
534425.2
534439.2
534490
534495.7
534522.6
534740.6
534768.4
534884.6
534933.3
535145.9
537211.3
546666
547323.9
553370.3
555266.7
555481.6
555533.5
555633.9
555830.7
555901
556312.9
556412.5
556541.4
556614.6
556622.4
556810.5
556820.3
557129.6
557167.7
557405
557559.2
557595.3
557614.5
557832.8
557860.7
557898.1
557968.1
558758.4
567285.3
573414.1
574363.9
574419.2
575603.2
575610.4
579977.7
580167.2
587167.5
587307.9
587395.3
587425.1
587460.7
587616
587771.7
588024.5
588059.2
588270
588744.1
589025.4
591764.4
591988.3
592714.6
593022.4
593027.5
593077.1
593291.2
593358.1
594610.7
594716.6
594772.5
594801.3
594808.7
595102.3
