3.9
74.5
116.2
125.1
157.6
180.8
198.8
253.9
254.6
281.7
389.7
507.8
581.7
595.9
596.3
702.6
786.5
860.5
878.3
934.3
964.7
992.1
1019.7
1083.9
1093.7
1150.3
2549.5
2615.7
2640.5
2710.8
2722.2
2739.4
4251.1
4272
12094.9
12514.5
20503.1
22788.7
22800.6
22994.4
23992.2
24799.3
25363.1
25530.6
25549.4
25634.6
25694
25863.7
25881.3
25991.1
26034.2
26057
26176.6
26346.1
26414.7
26633.4
26715
27179.4
27223.2
27285.2
27496.9
27735.8
27791.6
31569.5
31613.2
31622
31636
31639
31885.6
32008.2
32135.3
32233.8
32301.5
32393.6
32541.5
32568.1
32595
32791
32826
32827.6
32849.8
32903
32955.6
32964.7
32994.5
33139.1
33151.4
33251
33331.3
33379.9
33415
33532.4
33541.3
33631.6
33661.2
33665.1
33668.4
33709.8
33718.1
33789.9
33804.1
33807.9
33855.8
33880
33882.7
33920
33974.3
34043.8
34078.2
34088.5
36471.3
38112.7
38122.1
38144.4
38144.6
38258.8
38275.6
38293.7
41607.9
41653.9
41706.8
41747.9
41753.7
41758.6
41782.5
41872
42021.2
42042.7
44137.5
44150.4
44322.2
44329.8
44339.2
44363.9
44395.9
44414
44447.5
44461.9
44464.9
44471
44479
44616.3
44790.9
44798.3
44798.4
44840.1
44897.4
44983.7
44997.8
45093.4
46011.2
46161.8
46205.6
46219.6
46243.8
46262.7
46265.3
46290.9
46320.9
46396
46463.4
46475
46560.3
46607.2
46692.9
46711.7
46723.7
46754.7
46778.1
46893.9
46930.3
47080
47146.2
47206.6
47259.4
47286.3
47319.5
47341.8
47479.9
47558.1
51224.8
51288.2
51335.9
51365.2
51367.2
51544.4
51643
51735.7
51873.7
52037.7
52175.4
52208
54154.1
54499.7
57204
57208.2
57330.7
57343.8
57354.3
57422.6
57521.3
57802.5
57913.1
58606.1
58619.6
58738.6
59045.3
61266.4
63263.6
63324.7
63468.6
63591.3
63595.9
63614.1
63678.7
63679
63700.1
63786.8
63798.4
63987
76388.2
76434.2
76498
76677.1
78279.7
79421
82771.1
85501.8
85598.1
85622.4
85742.6
85778
85831.5
85897.7
86022.5
86077.1
86177.2
86186
86204.8
86204.9
86251.3
86404.8
86520.6
86623.8
86660.7
86670.1
86810.4
86812.7
86956.9
87026.2
87056.5
87208.1
87220.1
87293.8
87328.3
87331.9
87335.8
87382.7
87405.3
87478.8
87555.6
87599.9
87613
87653.7
87659
87684.2
88833.2
89170.1
91408.7
91636.1
92565.8
99517.2
104810.8
105131.4
105155.5
105226.1
105362.2
105468.9
108009
108317.8
108379.1
108695.7
108954.7
109124.2
109253.4
109418.5
109574.2
109676.8
110386.9
110814.5
110842.1
110876.9
111075.6
118227.3
118260.8
118295.7
118440.4
118513.8
119242
146891.3
162626.4
170468.4
170587.9
170749.5
170786.1
170917.5
170986
171006.5
171119.3
171143.5
171149.8
171357.7
171404
171471.5
171597.1
171654.4
171667
171709.2
171715
171761.4
171962.4
172031.4
172036.1
172073.7
172084.9
172116.9
174657.5
174724.4
174846.9
179303.7
179419
179421.8
179485
179515
179538.3
179549
179558.9
179579.2
179580
179620
179670
179688.2
179703.6
179752.2
179805
179837.1
179879.5
179889
179897.6
179924.1
179932.6
179946.3
179975.3
179983
179994.9
180003.8
180010.8
180035.3
180069.1
180126.1
180199
180199.9
180200.3
180214.5
180243.1
180337.4
180338.8
180515.2
180542.7
180744
180858.4
180893.7
181061.6
181162.2
181752.1
182338.8
186008
187213.6
187267.1
187587.7
187957.1
191050.9
191133.8
194909.5
195005.9
199496.9
200674.1
200759.8
200804.8
202733.9
202977.3
203586.6
204180.8
204338.9
204655.5
205298.5
205334.7
210403.2
210423.9
210595.4
210605.1
210689
210721.5
210767.9
210846
210881.4
211047.6
211184.3
211281.2
211371
211375.7
211578.2
223017.7
223479
223769.8
223908.4
224147.9
225137.8
226205.8
226443.7
226476.4
226532.1
226746.2
226811.8
226823.1
226880.8
227003.4
227009.5
227095.3
227436.8
227479.7
227504.6
227546.7
227664.2
227666.5
227729.3
227752.8
227787.1
227914.9
227985.4
228004.7
228008.1
228009.2
228026.5
228095.8
228106.1
228268.1
228335.8
228384.8
228399.3
228469.9
228562.4
228658.8
228678.5
228709.3
228770.9
228902.5
229092.3
233603.2
233633
242346.8
242585.4
242733.8
243110.8
244292
244300.4
244326.4
244400.1
244402
244458.6
244468.7
244487.5
244517.7
244529.9
244540.1
244807.7
244868.6
244965.2
245040
245062
245078.5
245088.8
245092.8
245098.7
245155.3
245168.2
245203.8
245338.6
245429.8
245450.9
245466.4
245530.1
245539.9
246405.4
246485.4
246552.7
249669.9
250096.4
252865.4
252882.2
252929.4
253000.6
253037.6
253037.9
253054.8
253104.7
253178.6
253203.4
253279.7
253294.7
253332.8
253409.3
253418.4
253434.9
253456.5
253520.9
253549.1
253551.6
253576.7
253616.4
253652.4
253684.6
253693.2
253754.6
253826
253852.2
253930.1
254018.1
254087.8
254124.2
254148.4
254188.9
254207.3
254235.3
254235.7
254253
254275.4
254323.5
254344.3
254388.7
254407.8
254424.9
254455
254514.6
254610.4
254641.5
254675.9
254762.1
254803.4
254903.7
254912.2
254962.1
254972.9
254987.3
255012.6
255046.1
255068.4
255155.1
255181.3
255219.1
255238.9
255250.6
255267.4
255275.9
255307.2
255327.4
255334.7
255348.3
255370.7
255434.5
255507.4
255541.7
255893.6
260014.4
260170
260251.1
260669.7
260671.9
260747.1
260864.4
261227.8
261313.3
261478.5
261677.6
262930.4
263208.6
263289.7
271502.5
274399.8
274851.7
274873.3
274911.3
275214.6
275225.1
275243.7
275245.5
275247
275314.5
275444.4
275465.9
275498.7
275533.3
275706.7
275714.7
275728.7
276001.6
276258
276382.8
276598.5
276889.9
277034
277036.6
277058.6
277118.8
277131
277201.4
277231.2
277265.5
277284
277314.3
277385.6
277406.8
277497.2
277641.3
277677.5
277772.7
277863.5
277918
277937
277951.1
277951.4
278139.7
280570.2
280698
280736.2
280743.1
280792.7
280849.7
280941.7
280978.2
281038.1
281054.3
281177.9
281196.2
281254.2
281316.8
281330.3
281382.6
281399.4
281405.5
281421
281470.7
281509
281526.4
281631.5
281657.8
281667.1
281695.4
281751.7
282646
282772.2
282792.1
282926.1
283500.6
285222.3
285372.4
285389.9
285391.1
285664.4
285830.6
286103
286142.3
286163.6
286186
286213.7
286252.4
286385.6
296028.4
296057.3
296234
296494
296523.4
296583.6
296589.3
296609.5
296639.3
296669.9
296785
296791.4
296802.2
296836.4
296919.7
296957
296967
297047
297089.2
297176.5
297408.8
297479.4
297542.5
297562.9
297678.9
299023
299033.6
299038.8
299082.2
299136.5
299159
299202.4
299214.8
299350.4
299415.5
299524.3
299580
299655
299671.8
299820.6
299885.7
299995
300209.1
303365.1
303388.7
303421.2
303437.1
303446.5
303499.1
303508.4
303573.2
310947.6
311134.9
311141.8
311163.8
311244.3
325401.9
325565.2
325672.6
325751.2
325752.8
325766.8
325811.6
325824.5
325872.5
325898.8
325912.9
326032.4
326099.1
326408.1
329912.4
329994.9
330012.4
330145.8
330241.7
330374.3
332461.7
332553.3
332586.9
332618.8
332745.7
332785
333008.8
333041.3
333106.6
333114.6
333133.6
333137.6
333152.6
333586.2
333601.4
333702
333836.2
334342.4
334629.8
336561.7
336816.2
336827.7
336893.6
336991
337022
337055.9
337075
337082.7
337151.1
337223.6
337234.4
337292.4
337307.7
337482.6
337502.4
337528.4
337564.1
337608.3
337659.8
337664
337689.4
337725.1
337833.8
347139.5
348821.7
348865.6
348954.9
348976.9
349041.8
349257.1
351209.9
351226.1
351395.1
351395.2
351462
351490.9
351587.7
351600.9
351792.1
351823.9
351860.1
351983.6
352195.3
352219.7
352262.9
352312.4
352404.3
352514
352533.4
352598.2
352630.1
352631.9
352633.1
352664.5
352665.6
352742.2
355885.9
355938
356011
356112.5
356116.8
356253.4
356313.3
356360.2
356378.3
356483.6
356544.3
356610.3
356710.2
356723.5
356761.1
356848.7
356863.6
356891.1
356894.5
356924.5
356951.5
357089.4
357125.1
357264.6
357342.5
357417.8
357562.7
357648.1
357656.1
357727.4
357867.5
357896
357934.6
357998.7
358218.6
358288.4
358507.4
358541.4
358619.7
358691.1
358763.1
358803.6
358826.9
358834.6
358838.2
358850.6
358964.4
358981.9
359224.6
359298.7
359299.2
359318.1
359511.9
359522.2
359604
359772.8
360014.3
360119.3
360158.2
360232.7
360338.4
360461
360734.9
360811.1
360832.3
360882.2
360888.6
361013.3
361179.1
361216.1
361225.4
361234.4
361252.7
361264.3
361274.6
361330.7
361338.6
361399.6
361465.5
361484.4
361527.8
361561.5
361615.5
361683.9
361803.2
361822
361844.1
361923.7
361977.6
362233.1
362240.5
362258.6
362354.9
362438.8
362624.3
362664.1
362771.1
362797.3
362812
362830.6
362837
362908.5
362924.8
362995
363194.5
363216.6
363233
363300.7
363339.6
363358.6
363380.4
363500.9
363527.6
363593.7
363609.3
363619.3
363729.3
363733.1
363753.1
363776.1
363781.1
363879.1
363892.8
363913.4
363915.9
363926.2
363959.9
363964.1
364007.7
364026.3
364028.2
364062.3
364065.1
364094.4
364097
364128.1
364239.9
364259.1
364264.9
364278.3
364383.1
364392.2
364488.6
364500.9
364563.6
364617.2
364629.1
364653.2
364728.5
364773.5
364844.4
364863.1
364930.1
364966.6
365000.3
365046.8
374201.1
374221.5
374322.5
374346.8
374354.8
374410.8
374419.8
374602.9
374642.6
374709.5
374911.9
375033.7
421971.2
422314.4
422370.9
422538.2
423132.5
423192.3
423217.2
423221.7
423351.1
423488.3
423497.2
423523.1
423662.7
423696.7
423828
423913.2
441602.5
442212.8
442453.9
442560.4
443018.9
443174.7
443244.9
443305.9
443720.4
444036.3
444509.2
446708.6
446749.3
446807.5
446974.5
446976.5
447005.8
447032.8
447101.6
447160.9
447259.5
447273.2
447284.1
447298.6
447350.8
447830.1
447944.4
456293.8
462600.1
462635.8
462735.6
462741.7
462808.9
462832.7
462872.9
462885.8
462940.7
463030.2
463045.5
463266.9
464061.6
464114.3
464185.2
464236
481958.7
482913.6
483428.5
484324.1
512791.5
513290.9
513338.3
513340
513374.1
513393.6
513558.2
513606
513651.8
513656.7
513729.3
513810.1
513813.7
513880.3
513891.8
513910.4
513991.8
514019.1
514109.8
514158.8
514160.7
514187.1
514258.5
514323.8
514408.6
514465.4
514467.4
514569.3
514633.8
514669.8
514685
514702.4
514731.7
514815.6
514822.5
514862.6
514885.7
514930.7
514952.6
514965.7
515008
515143.1
515167.4
515285
515289
515926.4
516077.2
516441.3
516578.9
519592.8
519616.9
522758
524606
524705.6
525140.5
525619.1
525706.2
525727.2
525765.8
525769.3
525837.9
525864.9
525892.2
525941.3
525968.8
526034.9
526049.6
526110.5
526166.3
526194.9
526284.2
526333.3
526402.4
526411.2
526420.7
526459.9
526475.6
526493.1
526501
526526.8
526572.3
526603.2
526614
526621.7
526637
526647.7
526663.4
526827
526854.8
526903.9
526976.5
530628.1
530833.8
531095
531120.3
531203.7
531245.9
531377
531675.5
539441.7
539443
539578.8
539648.5
539733.5
539757.3
539772.4
539804
539812.7
539896.7
539930.6
540052.2
543010.8
543100.6
543139.5
543471.2
543721
544354.9
548234.7
548290.1
548290.5
548309.9
548571.4
565024.1
566219.7
567467.9
567909.7
568007.1
568048.4
568089.2
568230.5
568352.9
568964
569015.5
569099.5
569157.1
569396
569428
569440
569690
569772.5
570023.5
570037.9
570515.7
570535.7
571640.9
571823.6
571862
571923.2
571930.2
571969.6
574611
574723
576024.2
576130
576326.6
576440.1
576444.2
576510
576559.2
576587
576810.6
576815.5
576840.3
577199
577307.4
577324.2
577353.5
577450
577466
577471.7
577487.8
577526.7
577589.4
580927.4
581114.8
586046.7
586149.4
586210.5
588716.1
590706.7
592045.4
592780.1
592818.1
593322.1
593384.1
593562.2
594598.2
596383.7
596430.9
596510.5
