1936.4
1967.9
2147.7
2660.2
2686
2744.2
2813
2856.5
2977.8
3039.9
3247.7
3346.4
3652.9
3866
3866.3
3888.9
3904.7
4652.9
4692.2
4760.2
7495
7535.7
7556.4
7652.3
8159.2
8178.2
9353.2
10074.9
10090.9
10096.5
10130.2
10168.5
10170.4
10377.9
10408.6
10431.4
10476.5
10478.5
10498.4
10507
10520.5
10664.2
10824.2
12061.7
12104.9
12276.1
12394.3
12478.6
12548.1
12553.3
14872.9
14877.1
15040.7
15535.8
15541.7
21128.1
21169.9
21174.9
21226.2
21311.3
22768
24169.9
24241
24260.4
24265.1
24392.3
24545.2
24823.7
24847.4
25054.7
25238.6
28286.2
28652.2
28943
29010.4
29022.6
29246.4
29266.1
29359.5
29411
29642.2
29676.5
29886.5
30258.9
30554.4
30928.1
35032.4
35170.3
35261.6
35286.8
35346.8
35358.7
35360.8
35368.9
35388
35449.3
35683.1
35740.9
35872.5
36317
36356
36394.9
36460.8
36501.2
36516.2
36574.1
36574.6
37069.8
37079.1
37085.4
37257.2
37274.9
37362.1
37451.9
37469
37507.7
37524
37524.7
37568.1
37631.3
37697.9
37700.6
37755.2
37779.7
37878
37881.2
37881.8
37924.9
37947.1
38006.9
38039.9
38098.6
39411.7
39483.2
39524.8
39646.7
39858.5
39871.1
42140
42378.6
42416.5
42418.1
42439.6
42495.9
42502.8
42534.1
42557.6
42562.4
42676.5
43689.9
43695.2
44049.7
44055.9
44096.7
44105.1
44174.7
44219
44223.7
44388.3
44817.5
50678.9
50749.2
50750.2
50799.8
50809.3
50811.1
50847.8
50873.2
50905.5
51317.4
53391.2
56436.5
56482.9
56534.3
56747.1
56774.3
56842.7
58080.2
58091.7
58120.2
58170
58181.6
58277.2
58280.2
58317.6
58458.5
58496.7
58591.6
58779.4
58786.8
58800.4
58876.3
59116.1
59145.1
59156.7
59204.8
59278.2
59304.1
59368.3
59374.4
59945.6
60033
60038.5
60187.5
60234
60241.2
60244.7
60267.8
63550.9
63565.8
63728.9
63749
63769.6
63787.4
63801.3
63807.3
64061.8
64270.6
64601.8
64733.5
69250
69489.5
70108.7
70151.7
70161.3
70206
70235.7
70248.2
70330.3
70365.7
70371
70386.3
70389
70415.8
70477.2
70496.1
70555.8
71952
72655.8
72892.3
72959
73083.3
73149.2
73316
73527
73750.6
73786
73786.4
73800.7
73917.1
75131.3
75299.3
75378.3
75382
75395.1
75399.5
75438.8
75492.2
75505.2
75544.9
75608.7
75646.7
75840.4
76611.4
76654.1
76759.4
76787.4
76797.1
76804.5
76846.8
76919.5
76951.3
76954
77020.4
77025.4
77028.3
77045.9
77051.8
77079.7
77245.3
77262.7
77357
77434.4
77781.2
81160.7
81164.8
81514
81572.7
81756.5
81868.6
81907.9
85224.9
85585.2
85679.8
85693.7
85864.5
85888.8
85891.8
85906.6
86107.6
86111.4
86117.6
86119.9
86183.7
86419.2
86540.2
87443.8
87657.2
89815.1
90316.5
90356.1
90444.1
91029.9
94157
95842.5
96636.2
96973.7
97658
97895.7
99109
99126.5
100299.4
100480.8
101363.6
103349.4
103371.1
103400.8
103649.9
103816.1
103849.6
105641.9
105738.7
105824.7
106018.3
106061.5
106932
106951.4
107044.6
107097.1
109926.3
110565.6
111347.9
111425.2
111543.2
111625.9
111632.3
111670.1
111843.8
117838.1
117996.8
118994.5
119205
119503.3
119529
121280.4
121528.2
122242.2
123766.6
123826.1
125576.8
127990.3
128213.6
128224.9
128300.7
128413.5
128466
128485.2
128496.6
128508.5
128521.8
128553.1
128557.4
128564
128566.8
128681.5
128800.1
128874.3
128909.3
129924.7
130023.6
130033
130097
130173
130174.6
130262
130293.5
130371.2
130411.6
130422.7
130428.3
130568.9
133843
140101.5
140862
140920.8
140953.9
141018.9
141033
141043.6
141105
141105.8
141155.8
141173.3
141209.3
141396.6
141481.4
141526.4
141588.9
141613.5
141644
141657
141729.9
141732.6
141767.5
141839.2
141856.7
141977.9
141982.3
142118.1
142180.1
142280
142307.5
142453.1
142662.8
142727.8
142730.2
142756.3
142836.1
142959
143094.5
143125.1
143284.1
143298.9
143638.1
143677.4
143733.1
143748.8
143783.7
143819.8
143863.7
143984.4
144091.6
144187.1
144215.4
144343.8
144353
144412.8
144428.2
144431.8
144460.2
144527.8
144545.1
144643.4
144669.5
144691.3
144746.4
144826.4
144848.9
144860.3
144865.4
144926.8
144964.2
145051.3
145060.5
145108
145118.4
145331.1
145430.6
145617.3
145694.7
145805.3
145839.9
145854.4
146123.7
146580.3
146595.1
146886.4
147520.2
147590.2
147629.7
148195.5
148432
148765.2
148783.2
149216.5
149567.5
149716.1
149719.5
149746.9
149788.9
149860.6
149876.7
150236.3
150505.7
150541.1
150798.7
150916.8
150954.1
150968.4
151812.5
151948.7
152553.8
152566.6
152718.3
153001.8
153629.3
153945.9
153975
154138.6
154384.3
154489
154786.9
154892.9
155365.4
155425
156421.2
156644.3
157805.4
157916.7
158771
159095.8
159200.2
159419.7
159497.1
160007.2
160301.6
160456.9
160736.9
161377.7
162414.5
164693.5
164760.2
164945.3
165201.8
165242.3
165304.7
165331.9
165335.2
165464.5
165483.6
165700.9
165789.8
165791.3
165821.2
166148.8
168725
168911.3
169049.3
169137.5
169261.9
169276
169328.6
169338.7
169370.4
169390.2
169412.8
169495.1
171870
172334.7
175409.2
175759
175892.9
176127.4
176131.7
176133.8
176229.6
176304.2
176307.3
176351.3
176409
176456.5
176518.4
176531.6
176607.2
176611.2
176656.1
176663.2
176873.7
176914.8
177337.9
177446
178516.2
178870.1
179410.8
179817.5
179912.5
179916.3
179948.3
179965.9
180022.3
180121.2
180189.7
180213.7
180224.1
180349.8
180353.9
180554.2
180729.5
184001.9
184066.5
184119.3
184149.5
184180.3
184185.3
184227.6
184237.2
184237.5
184245.8
184312.4
184335.1
184378.8
184420.1
184443.2
184556.5
184594.2
184638.8
184701.4
184766.6
184780.8
187150
188018.4
189188.5
190913.5
191081.3
191091.8
191371.4
191405.1
191498.3
191534.9
192082.2
192108.8
192161.6
192248.6
192315.7
192359.9
192372.2
192533.2
192669.6
193674.1
193741.5
195065.5
196060.8
197014.4
197095.1
197185.4
197398.1
197409.1
197438.2
197486.3
197712.3
197787.5
197901.3
198035
198245.8
198249.2
198291.5
198796
198843.8
198909.4
198958.1
198973.9
199004.6
199075.3
199102.3
199105
199112.1
199254.3
199268.8
205636.2
211282.8
212642.7
212788.1
212825.1
212878.6
212890.3
212983
213044.1
213061.1
213064.1
213067.8
213075
213131.6
213232.1
219279.2
219292.3
219347.4
219408.7
219410.3
219425.2
219467.4
219508.2
219597.5
219606.7
222318.7
222331.1
222412.1
222432.1
222440.9
222527
222529.2
223919
224164.5
224172.9
224241.4
224259.1
224260.3
224485.6
224852.7
229813
229894.8
230092.5
231012.4
231077.8
231128.1
231222.2
231329.7
231349.4
231402.2
231454.4
231476.8
231508.7
232411.4
233144.4
233226.7
233370
233459.2
233470.7
233497.1
233609.9
233628.4
233689.1
234872.3
235934.7
236021.6
238864.6
238957.4
238985
239070.9
239083
239181.6
239206.1
239258.3
239366.5
239385.4
239392.9
239473.2
239498.5
239510.6
239516.9
239523.1
239537.5
239538.2
239553.9
239608.9
239630.8
239680.8
239742.8
239773.9
239779
239924.9
241064.9
241958.6
242074.9
242179.5
244055.6
244094.5
244121.6
244304.7
244353.2
244541.4
244560.4
244691.7
244708.5
244739.8
245122.8
245219
245220.3
245302
245384.2
245431.5
245458
245520.5
245685.5
245706.6
245840.6
245893
245939.2
245975.7
245987.1
245996.7
246030.6
246062.5
246088.6
246110.8
246155
246183
246244
246324.2
246397.2
246415.2
246464.7
246522.9
246553.1
246684.7
247477.6
247717.3
250560.4
250687.8
250741.2
250779.5
250823.6
250981.8
251164.6
251173.1
251270.7
251368.3
251376.5
251378.1
251391
251485.1
251513.5
251568.7
251598.9
251606.1
251699.7
251840.7
251841.5
251884.7
251935
251935.3
252005.5
252024.8
252037.9
252051.4
252092.1
252129.4
252269.6
256620.6
257781.6
258681.7
258704.7
258952
258956.5
259194.1
259430.7
260073.8
260209.7
260242.1
260252.5
260313.8
260318.7
260361.3
260414.4
260495.9
261115.9
261210
261307.5
261339.5
261376.6
261432.1
261452.4
261614
261663.2
261842.7
262057.5
262104
262652.6
262793.7
263009.7
263061.2
263118.8
263864.5
263993.4
264039.2
264169.1
267899.2
267907.5
268568
268601.3
268702.6
268921.8
270420.4
270451.6
270589.6
270642.7
270655.2
270724.1
270827.5
270856.8
270927
270944.2
270973.1
271055.4
271082.1
271093.3
271119.4
271132.7
271340.7
271391.5
271393.1
271499.4
271527.8
271547.1
271629.5
271638.8
271710
271735.8
271742
271763.3
271770.1
271822.8
271980.1
272106.8
272313.2
272649.3
278210.8
278268.7
278294.2
278306.1
278308.8
278361.6
278637.1
279405.9
280797.1
281058.8
281269.1
281461.5
287706.1
287802.7
287957.2
288168.5
288254.9
288288.3
292394.4
293914.5
294634.9
294874.2
294984.9
295026.5
295055
296828.4
296845.6
296898.8
297051.2
297130.5
297147.4
297252.8
297332.5
298061.1
298121.2
298356.2
298600.8
298630.5
298708.9
298741.9
298794.7
300075.6
300130.9
300199.9
300288.9
300290.3
300366.4
300641.3
300680.1
300684.9
300722.1
300759.2
300777.2
300784
300788.5
300805
300829.7
300870.9
300893.6
300921
300961.4
300991.9
300998.4
301029.1
301032.9
301071.9
301183.6
301284.3
301350.3
301368.8
301479.8
301512.3
301543.7
301619.7
301628.4
301660
301764.7
301923.7
303458.5
303574.5
306637.1
306921.3
306933
306982.1
307283.4
307423.9
307958.9
308078.3
308096.7
308135.1
308250.9
308315.6
308354.4
308450.8
308525.7
308527.8
311264.1
312298
312621.2
312641.6
312727.3
313909.1
314038.1
314180.8
314206.9
314634.1
314679.9
314750
314786.7
315287.2
315543.2
319134.4
329671.1
329715.6
329844.1
329861.1
334106.2
336293.1
336496
338039
338100
338147.7
338188.2
338203.3
338205.5
338281.4
338321.3
338325.4
338609
339974.2
340114.4
340218.6
340326.1
340403.9
340590.3
340659.5
340743.3
340769.6
340776.6
340814.4
340924.1
340939.2
340964.3
340967.6
340977.1
341055.5
341066.5
341116.5
341130.4
341219.8
341308.1
347107.1
347245.6
347431
347498.9
347532.2
347638.5
347652.4
347696.2
347799
349464.9
349692
349701.7
349716.1
349716.6
349720.2
350181.8
350200.8
350386.7
350430.6
350553.6
350618.5
350628.4
350699
350800.7
354156.5
354191.9
354203.3
354218.3
354260.7
354308.5
354338.8
354346.8
354368.5
354412.6
354440.8
354594.5
355689.9
355993.3
356089.8
356258.4
356334
356350.3
356367.9
356650.4
356683.8
356697.9
356736
356765.7
356937.3
357108.1
357167.5
357169.7
357179.8
357200.8
357228.5
357247.7
357292.5
357437.5
357635.5
357723
357729.9
357772.7
357805.5
357823.3
357868.8
357891.5
358023.2
358128
358290.5
358359.4
358580
358591
358685.1
358690.9
358730.8
358794.6
358796.2
358829.6
358870.5
358900.9
359010
359072.2
359164.7
359224.9
359259.4
359275.7
359326.1
359359.3
359375.1
359476.2
359502
359505.6
359600.2
359634.6
359650.2
359686.3
359749.2
359823.5
359896.8
359900.3
359933.7
360155.3
360338.8
360491.6
360520
360523.7
360561.2
360565.7
360623.7
360703.9
360834
360923.6
360976.8
360977.2
361041.2
361107.5
361278.5
361317.1
361366.4
361432.5
361492.3
361576
361860.6
361868.9
361988.2
361994.5
362484.5
362569.8
362952
362984.7
362993.7
363226.8
363381.5
363601.5
363649.2
363712.6
363888.5
363990.2
364026.3
364106.6
364170.6
364448.8
364605.7
364775.8
369076.9
369436.4
369853.4
369875
370072.6
370107.8
370110.4
370140.8
370393.4
370570.3
370570.8
370590.4
371022.9
371191.8
371258.9
371289
371702.7
371717.2
371815.7
371954.5
372492
372544
372628.8
373171.7
373595.6
374297.1
374354
374570
374571.8
374591.8
374659.6
374660.5
375068.2
375186.2
375311.8
376243
376291.3
376508.5
376520.4
376815.1
376933.4
376988.3
376997.1
377025.1
377063.3
377128.2
377148.2
377226.1
377271.6
377391.6
377407.5
377455.6
377558.4
377595.1
377683.4
377846.8
377942.6
378099
378163.3
378272.4
378314.3
378362.1
378401.8
378452.4
378567.1
378979.6
379183.5
379271.5
379274.2
379462.2
379796.6
380080.9
380182.8
380192.8
380213.7
380276.5
380489.4
380614.8
380728.5
380730.4
380767
380843.8
381026.4
381095.6
381248.9
381457.3
381464.7
381502.1
381585.6
381633.2
381667.6
381704.4
381807.8
381845.4
381845.7
381985.4
381996.5
382238.4
382255.6
382258.4
382328.2
382379.4
382425.9
382482.6
382493.1
382622.6
382737.5
382748.1
382805.5
382907.4
382930.1
382961.1
383041
383050.1
383054.6
383076.4
383130.7
383193.5
383203.6
383351.5
383646.2
383654.2
383722.9
383753.3
383773.9
383855.6
383894.8
383946
384031.8
384062.7
384108.9
384134.6
384139
384307.8
384310.3
384318.7
384323.4
384369.3
384375.6
384452.4
384474.4
384566.3
384568.7
384631.8
384638.9
384644
384648.8
384666.8
384690.6
384709.6
384752.2
384781
384822.8
385084.9
385174
385202.7
385244
385306.1
385395.4
385464.6
385466
385496.6
385546.3
385696.3
385851.4
385867.2
385872.1
385883.2
385899.4
385983.2
385988.4
386034.1
386043.8
386091.7
386144.8
386148.4
386179.5
386214.7
386241
386314.5
386323.7
386339.8
386346.1
386452.8
386487.7
386520.3
386575.2
386630.5
386631.1
386638.5
386691.6
386747.8
386775.9
386820.9
386841.6
386842.6
386847.3
386860.7
386954.7
387006.3
387020.7
387078.6
387107.1
387108.1
387149.3
387280.3
387328.2
387435.3
387601.4
387630.4
387733
387770.3
387779.5
387787.8
387789.4
387804.8
387877.7
387887.2
387928.8
387931.2
388006.9
388022.9
388097.3
388127.7
388164.5
388173.5
388251.1
388358
388376.4
388507.6
388618.4
388687.2
388720.5
388721.5
388759.6
388812.8
388825.5
388873.7
388876.1
388889.2
388893
388952.4
388960.1
388968.9
389085.5
389091.9
389098.9
389099
389111
389233.9
389285.5
389381.7
389458.6
389720
390434.1
391988.2
392234.3
392253.1
392423.1
392506.4
392601.5
392653.7
392929.4
392967.2
392981
393094.7
393110.2
393126.2
393144.1
393196
393216.5
393255.5
393299.8
393321.5
393500.2
393525.5
393703.1
394233.4
394512.8
395366
395373.8
395448.3
395715.2
395918.3
396018.6
396100.7
397760.2
399858.8
399941.5
400027.8
400037.3
400095.3
400136.5
400151.7
400170.8
400207.5
400288
400341.7
400407.1
400437.4
400471.7
400493.4
400501.3
400552.6
400639.4
400729.5
400785.2
400805.6
400854.2
400910.5
401167
401408.7
401427.2
401449.7
401455.3
401490.7
401571.6
401601.8
401834.4
401871
401956
401987.9
402010.9
402088
402152.5
402210.3
402221.5
403450.1
404699.8
404706.9
404736.6
404826.3
404856.4
404904.7
404926.1
404933.5
404965.3
405110.1
405118.3
405246.9
405289.5
405312.1
405431.2
405458.4
405474.6
405724.5
406013.5
406114.5
406143.8
406268.4
406279.1
406341.8
406681.7
406744.2
406771
406776.6
406798.8
406859.7
406878.6
406923.6
406934.4
407099.1
407131.4
407159.2
407164.5
407188.3
407302.2
407378.6
407379.4
407557.5
407646.1
407817.4
407903.3
408007.7
408018.9
408043.7
408073
408222.2
408249.2
408343.9
408363.4
408363.7
408374.7
408415.2
408475
408492.2
408519
408681.3
408739.4
408767.3
408767.8
408783.7
408791.8
408839.8
408945.6
408979.5
409037.5
409082.2
409198.5
409205.1
409238.5
409316.9
409349.1
409363.1
409367.5
409399.1
409459.4
409485
409497
409501.3
409534.7
409641.9
409707.2
409710.4
409734.1
409745.8
409782.7
409794.6
409814.9
409900
410001.9
410106.5
410186.6
410193.9
410194.7
410234.3
410291.7
410294.9
410345.5
410366.4
410512.6
410526.8
410544.1
410635.1
410742.8
410775.2
410787.9
410817
410827.9
410869.6
410878.3
410904.6
410943.6
410951.2
411016.7
411034.2
411107.2
411128.3
411271.3
411402.1
411403.2
411407.2
411441.3
411567
411799.4
412014.8
412103.8
413210.2
415885.1
415923.6
416177.1
416390.3
416514.8
416686.1
416794.7
416798.7
417027.6
417038.1
417247
417285.7
417631.8
417971.3
417976.7
418115.5
420920.1
421031.9
422453.1
422685.7
422743
424453.8
424582.6
425474.5
425544.2
426818.8
426934.9
426963.5
427016
427059.3
427109.2
427110.2
427169.5
427247.8
427324.2
427338.6
427361.4
427427.2
427579.2
427594.4
427599.7
427638.2
428468.9
428501.5
428532.8
428533.8
428536.1
428548.6
428557.2
428627.3
428653.7
428664.9
428687.1
428831.7
428882.4
428941.3
428987.4
429503.3
429696.4
439416.2
441505.2
441540
441540.7
441580.4
441595
441612.2
441671
442044.9
442072.8
442145.8
442787.5
445657.1
445695.4
451034.8
454704.6
456518.5
456996
457261
460152.1
464596.5
464692.4
464736.7
464767
464796.7
464818.4
464843
464851.5
464858.8
464858.9
464866.7
464876.9
464926.1
465157.4
465202.1
465236.3
465253.1
465269.2
465386.1
465407.7
465477.2
465571.3
470173.4
472798.9
472874.5
472990.3
473086.1
473483.7
473588
473729.8
473864
474440.3
474569.7
474618.5
474652.2
474744.2
474745
474980.1
475004.5
475269.1
475585
476464.9
476818.9
476853.9
476951.2
477285.4
477290
477307.6
477314.4
478001.2
478041.5
478389.6
478654.1
483189.9
483354.4
483602.9
483879.1
483931
484094.9
484286.4
484509.6
486398.5
486432.4
486448.6
486480.6
486651.9
486665.5
486715
486762.8
486905.5
487149.4
487150.7
487161.7
487224.1
487301.4
487417.7
487447.3
487498.4
487525.5
487602.1
487730.3
487879.1
487958
488159.8
488167.1
488285.5
488347.4
488413.3
488445.3
488464.4
488473.4
488475.8
488496
488597
488647.8
488666.3
488857
488864.2
488989.3
489194
489256.9
489268.5
489281.5
489309.4
489325.2
489350.8
489445.2
489567.2
489610.4
489643.1
489730.2
489754.4
489772.9
489776
489915.2
490033.1
490042.1
490102
490184.3
490258.8
490275
490302.1
490404.9
490507.3
490507.9
490565.4
490757.7
490962.6
491126.2
491212.7
491265.9
491290.3
491748.8
491754.7
491838.4
491844
491945.3
492042
492279.7
492753.3
493107.2
493132.5
493201.6
493233.4
493319.1
493460.6
493487.3
493768.2
493920.4
494021.3
494109.6
494272.2
494450.9
494534.7
494543.5
494709.9
494723.9
494882.3
494896.5
494898.5
495037.7
495051.9
495134
495192.6
495405.7
495420.5
495474.1
495549.7
495550.5
495594.4
495684.4
495732.2
495751.8
495766.1
495817.5
495911.1
496019.4
496195.7
496340.8
496541
496551.6
496646.3
497106.1
497150
497218.3
497281.8
497298
497317.6
497489.2
497492.7
497806.8
497816
497902.1
498104.9
498277.6
498308.9
498355.4
498437.5
498482
498488.7
498544
498545.5
498566.5
498767.3
498839.5
498881
498923.6
499010.8
499209.2
499220.7
499326.8
499357.1
499505.5
499621
499689.2
499820.7
499951.7
500056
500293.9
500421.4
500582.9
500635.1
500642.6
500696.2
500714.3
501000.7
501025.7
501040.4
501170.4
501175.8
501201.6
501355.4
501382.2
501487.7
501499.6
501511.3
501566.1
501638.9
501643.2
501733.3
501746.1
501758.5
501817.6
501841.8
501923.2
502034.8
502127.8
502276.6
502431
502481.5
502641.3
502671.2
502721.5
502779.4
503031.1
503179.9
503193.3
503424.5
503529.2
503544.3
503767.3
503776.9
503804.6
503993.3
504031.4
504043.2
504052.5
504311.6
504326.6
504470.3
504585.1
504601.7
504661.5
504677
504744.3
504782.3
504952.7
504979.4
505694.4
506257.2
506378.7
506472.4
506560.9
506630.3
506631.9
506659.1
506662.1
506669.9
506679.5
506743.4
506787.6
506849.2
506903
507071.2
507232.2
507254.2
507299.2
507433.4
507622.3
507763.8
507898.5
507912.2
512668.4
512980.5
513121.3
513164.6
517247
517387.4
517476.3
517521.1
517549.6
517555.8
517623.4
517762.9
517777.9
517925.1
525673.1
525901.5
526212.4
526281.4
526328.8
526358.1
526410.8
526524.4
526540.4
526581
526663.1
526683.4
526916.6
526946.8
527000.7
527055
527164.1
527439.5
530092.8
530163.7
530217.3
530289.9
530392.3
530450.9
531175.9
534441.5
534928.1
534974.2
535045.5
535052.1
535195.3
535334.7
535557.8
535561.8
535658.8
535794.8
535824.6
535868.6
536232.6
536300.9
536309
536393.7
536420.9
536425.6
536482.2
536590.9
540118.5
540886.2
540904.7
541083.8
541088.9
541223.8
541244.4
541260.8
541284.3
541504.8
541679.8
542485.6
547183.1
547510.8
547573.9
547589
547598
547668.6
547720.9
547723.9
547727.8
547737.2
547763.6
547834.7
547848
547871.2
548023.7
548037.3
548044.4
550743
558950.5
559036.5
559398.2
564544.1
564659.2
564685.4
564760.5
564944.8
565126.7
565163.8
566904.3
567000.7
575695.6
575774.9
575802.6
577061.8
578199
580113.9
580168.7
580178.6
580217.7
580269.7
580319.7
580560.4
580676.1
582487.3
582766.5
582769.7
582905.2
582925.5
583014.9
583073.4
583131
583211.1
583214.7
583220.6
583226
583226.4
583229.9
583264.7
583316.1
583340.6
583406.1
583417.4
583450.7
583450.8
583494.3
583524.8
583591.8
583661.7
583711.8
583738.5
583833
584029.4
584059.6
584111.3
584150.7
584212.7
584272.4
584301.1
584303.6
584307.5
584372.5
584426.6
584455.7
584498.2
584510
584513.8
584576.6
584632
584636.3
584689
584706.7
584854.2
585004.9
585011.3
585043.4
585205.6
585351.4
586776.3
586836.3
586843.4
586915.3
586986
587012.6
587101.5
587147.9
587196.2
589502.1
589662.6
589690.4
591074
591267.5
596295.3
596335.9
597970.8
598216.7
