256
960.4
1000.8
4518.2
4573
4689.2
4697.2
4699
4767.3
4796.2
4886.8
4911.4
4968.8
4991
5073.4
5125.6
5126.4
15948.3
15950
16138.1
16305.2
16319.3
16373.7
16431.7
16479
16521.7
16557.4
16562.6
16565.7
16567.5
16571.4
16617.4
16622
16672.5
16698.6
16784.8
16853.3
16907.7
16946.6
16948.7
17005.6
17201.7
23197.3
23226.2
23359.4
23735.8
23989.2
24311.8
24487.6
24529.7
24548.5
24564.2
24828.1
25122.3
25434.8
26369.8
26419.9
26464.1
28453.6
28480.7
28649.2
28874.9
28968.8
28975.2
29079.6
29137.8
29255.2
29282.2
29308.8
29367
29377.5
29386.1
29423.2
29466
29502.7
29512.4
29553.3
29567.3
29568.5
29615.5
29646.2
29783.9
29887.7
29985.4
30049.6
30071.2
30074.9
30153.4
30324.8
30397.2
30428.7
30466.7
30501
30561.2
30599.9
30630.6
30863.4
30880.6
30921.2
30959.9
30992.5
30998.8
31016.1
31080
31085.5
31104.9
31582.7
32076.9
32931.7
33181.4
33813.6
34197.9
38677.9
38986.6
39016.2
39016.4
39427
39427.7
39509.5
39552.7
39645.4
44640.1
44785.1
45330.6
45367.6
45512.5
45530.3
45632.9
46053.7
46478.3
46606.1
46858.1
47333.8
50480.3
50762.6
50850.7
50996.6
59920.2
60038.5
60212.1
60479.1
60716.6
60798.5
60899
60955.4
60992.9
61026.6
61282.4
61327.2
61411.1
61444.8
61686.4
62026.6
62075.4
62081
62082
62239.8
62246.6
62313.4
62367.2
62465.1
62524.5
62524.6
62561.6
62597.4
62709.6
62730
62803.6
62839.5
62944.1
63098.4
63175.4
66397.6
66752.9
73645.5
73761.5
74029.6
74068.7
74074.6
74142.1
74158.4
74307.6
74340.7
74575.3
74683.3
74683.9
74700.9
74746.8
74799.6
74877.6
74890.4
74990.9
74997.3
75075.3
75115.6
75235.5
75290
75500.1
75666
75870.6
91007.9
91051.4
91251.5
91252.3
91513.8
91600.1
91632.1
91646.7
91856.1
91868.5
91890.4
91929.1
92112.7
92258.9
92596.8
92606.3
92696.1
92941
92985.2
93057.6
93204.4
93208.1
93389
93417.4
93456.3
93502
93618.4
93621.2
93624.3
93686.1
93698.3
93714.2
93764.8
93774.9
93815
93821.3
93893.9
93899
93960.6
93986
93997.3
93999.4
94018.9
94026.3
94028.1
94108.3
94120.8
94156.3
94159.6
94162.6
94239.4
94245.5
94263.9
94384.5
94384.9
94433.6
94479.7
94562.8
94605.9
94717.1
94778.4
94831.8
94884.9
95026.3
95050.2
95056.8
95066
95114.7
95134.1
95156.3
95169.8
95270.5
95271.4
95292.2
95356.7
95381.7
95508.3
95563.7
95595.1
95652
95832.8
95849.2
95877.3
95901.3
95969.2
95980.3
96034.4
96049.1
96088.9
96113.7
96167.7
96180.4
96195.6
96216.9
96235.7
96239.3
96306.7
96317.2
96347.3
96396.5
96456.4
96494
96555.7
96622.4
96636.7
96637.6
96671.6
96680.8
96707.9
96782.7
96788.5
96799.4
96842.5
96857.6
96882.4
96901.2
96906
96906.8
96976
97034.9
97082.5
97100.6
97112
97122.2
97179.7
97183
97209.9
97437
97655.7
97677.5
97709.4
97773.7
97782.1
97821
97917.4
98007.7
98055.5
98271.7
98365.8
98489.1
98517.1
98547.9
98577.3
98620.2
98636.2
98685.1
98768.7
98827.5
98893.6
98966.2
99051.3
99107.5
99149.7
99160.7
99189.2
99214.8
99235.4
99244.1
99297.3
99515.5
99596.6
99642.8
99660.8
99753.4
99766.2
99832.5
99840
99870.7
99894.9
99897.1
99921.7
99998.1
100008.4
100056.2
100118.7
100177.1
100283
100352.9
100356.8
100465
100472.7
100620.2
100677.6
100788.8
100944.3
101025.4
101042.2
101074.2
101090.8
101267.3
101267.7
101318.8
101335.6
101383.3
101384.9
101408.2
101444.7
101445.5
101455.6
101565.3
101571.5
101682.3
101738.6
101762.2
101778.8
101781.4
101792.4
101823.9
101844.9
101904.2
101924.5
102035.1
102060.9
102124.8
102131.3
102133.8
102203.8
102243.3
102284.8
102301.6
102357.6
102466.6
102498.5
102550.2
102556.7
102723.5
102809.2
102900.7
103037.7
103047.2
103102.5
103182.4
103215.9
103231.5
103238.4
103260.2
103268
103307.1
103390.7
103459.4
103501.9
103524.8
103545.5
103593.6
103602.6
103681.9
103741.3
103756.4
103794.4
103796.9
103903.9
103915.5
103945.1
103958.2
104042
104165.7
104214.4
104356.4
104357.5
104490.5
104537.2
104665.3
104673.1
104736.1
104862.5
104952.4
104997.5
105108.3
105390.1
105413.8
105467
105527.1
105551.1
105615
105677.4
105697.7
105710.4
105731.4
105735.7
105757.4
105823.1
105835.6
105882.9
105979.5
106004
111271.2
111355
111423.2
111694.3
111707.4
111830.3
111834.8
111858.9
111906.7
111993.4
112032.2
112107.6
112110.4
112195.8
112249.7
112568.2
112652
112703.1
112907.9
112911.6
113039.2
113070.4
162082.9
162311.5
162324.4
162326.2
162412
166631.5
172470.2
172594.1
172731.5
172760.3
172880.8
172972.1
172999.2
172999.8
173087.1
173224.7
173319.5
175128.8
175229.8
175542.3
175631.1
176050.7
176186.9
176241.7
176275.4
176370.8
177049.3
177258.1
177606.3
177651
177690.9
177708.3
177818.1
177852.2
177925.4
177935.1
177967.4
178034.1
178038.6
178040.3
178115.9
178161.8
178192
178212.2
178252.5
178263.7
178282.2
178288
178317.7
178329
178357.2
178463.7
178474.3
178479.7
178529.7
178630.6
178682.5
178740.3
178760.1
178770
178812.9
178835.6
178836.3
178850.6
178851.8
178861.1
178920.5
178927
178976.3
179051.5
179058.7
179103
179114.2
179122.7
179127.1
179174.1
181142.8
181194.6
181252.2
181335.7
181425.2
181462.7
181523.7
181929.8
182085.9
182118.7
182138.8
182290.4
182618.7
182728.1
182858.6
182869
182958.4
182971.6
183023.2
183030.9
183063.5
183105.2
183162.6
183168.6
183227.1
183349.2
183462.5
194837.1
194869.5
213310.9
213561.1
213733.1
213806.1
213904.7
214177.4
220173.2
221050.2
221164.9
221195.2
221204.1
221379.2
221397.5
221712.3
221888.3
222066.3
224268.9
224319.3
224525.4
224574.7
224718.9
225041.8
250277.4
250340.6
250736.2
250752.8
250754
250814.7
250832.5
250836.7
250923.5
250980.9
251035.4
251103.5
251333.1
251380
251407.3
251427.2
251437.5
251493.2
251618.3
251641.9
251780
251995.2
252170.7
252185.4
252194.9
252216
252341.8
252378.6
252385.5
252435.2
252451.1
252456
252480.2
252489.3
252499.2
252518
252532.7
252605.2
252698
252719.5
252898.3
253020.2
253062.6
253803.3
253935.2
253953
254278.7
254325.8
254772.4
264133.5
264211.9
264267.7
264339.2
264369.6
264389.3
264416.9
264525
264648.9
264674.1
264726.2
264758.8
264815.5
264860.4
264872.3
264976.3
265000.2
265064.1
265085.1
265179.2
265217.6
265218.8
265277.6
265282
265296.9
265313.3
265319.8
265343.2
265409
265449.1
265463.9
265475.2
265563.4
265565.7
265612
265831.6
265863.7
265927.3
266000.1
266004.1
266023.8
266062.6
266091.3
266123.8
266206.1
266208.9
266218.9
266241.8
266271.5
266276.1
266299.6
266306.2
266347.5
266477.3
266525.4
266543.2
266566.6
266672.2
266774.9
266780.3
266888
266935.7
267223
267313.9
267449
267617.2
267852.7
267878
267894.6
268013
268158.1
279035.8
279186.4
279342
279381.9
279465.5
279659
279689.2
279745.2
279793.2
279859.3
279864.1
279874.9
279898.5
280026
280046.7
280048.8
280256.2
280272.4
280359.8
280446.1
280453.2
281983
282108.2
282113.3
282119.9
282130.5
282223.3
282246.7
282259
282272.8
282307.9
282727
283088.3
285739.4
286563.7
300143.8
300164.1
300770.9
300850.4
300922.2
300925.1
301034.7
301093
301096.7
301189.6
301233.7
301238.1
301265.8
301289.1
301305.6
301310.6
301344.8
301518.3
301558
301558.2
301703.9
301705.8
301748.4
301770.4
301919.2
301919.8
301936.9
302002.2
302008.4
302063.2
302207.4
302217.2
302246.2
302302.2
302393.8
302396.8
302475.8
302532.6
302610.2
302771.9
302780.6
302784.4
302800
302817.6
302917.5
302941.2
303093.4
312962.9
313225.8
313231.2
313350.3
313352.8
313381.2
313464.7
313500.8
313507.2
313513.1
313598.1
313602.6
313640.8
313714.7
313816.9
313841.4
313851.1
313874.7
313877
314039.7
314095.6
314168.9
314243.9
314269.6
314351.2
314426.5
314458.2
314549.1
314614.7
314618.4
314649.4
314704.6
314705.1
314920.9
314926.9
314934.5
314978.8
315225.6
315310
315352.7
315362.6
315363.8
315447.1
315454.1
315521.1
315556.5
315766.7
315796.5
315835.8
315920.8
315927.3
315934.3
315951
315982.4
316006.7
316024.1
316055.5
316074.9
316083.9
316120.1
316154.8
316160.7
316174
316214.7
316268.2
316343.1
316355.6
316451.3
316553.6
316609.2
316728.3
316786
316787.5
316799
316832.4
316949
317027
317031.7
317090.3
317099.5
317107.6
317132.3
317231.1
317246.3
317333.6
317478
317585.8
317631
317659.8
317683.2
317738.8
317989.5
317991.6
318039.6
318111.6
318129.1
318221.3
318317.7
318473
318495.4
318499
318591
318648.8
318680.5
318887.1
318970.1
318996.4
319006.5
319024.9
319057.1
319080
319119.2
319284.5
319383.5
319444.1
319503.5
319509.3
319543.6
319551.3
319554
319566.6
319577.8
319596.5
319685.9
319731.5
319987.5
320032.7
330529.8
331103
331170.9
339719.6
339863.5
339912.4
339954.1
340105.5
340353
340514.4
340543.3
340670.4
340677.1
340699.1
340764.2
340892.7
340994.1
341072
341098.4
341109.6
341201.9
341202.3
341391.3
341494.3
341551.3
341556.4
341620.4
341710.4
341744.8
341747.6
341761.9
341780
341826.9
341913.6
341948.8
341953.4
342027.8
342099.6
342204.8
342253.1
342297.6
342489.8
349354.4
349756.9
349818.3
350101.9
350239.3
350274.8
350429.7
350532.1
350614.8
350619.8
350795.9
350819.5
350922.5
350960.9
351276.7
351330
351344.7
351392.7
352479.3
372899.4
372966.5
373231.1
373304.5
373304.7
373324.2
373374.8
373390.6
373505.4
373547.1
373629.3
373629.4
373822.6
373827.2
374077.9
374528.2
422624.6
422716.3
422889.2
423054.3
442106.8
442163.9
442394.4
443476.6
449729.3
449930
449989.3
450030
450140.9
450149
450155.3
450194.8
450443.9
450493.8
450753.7
450774.6
450890.2
451067.9
458858.6
458942.7
458996.3
459006.9
459168.8
459202.4
459206
459235.3
459256
459268.1
459348.3
459391.1
459458.5
459494.4
459533
459578.8
464615.7
465008.6
465044.2
465121
465211.4
465270.1
465391.4
465444.6
465541.6
465543.8
465597.3
465694
465698.2
465775.9
465888.7
466004.2
466016.5
466091.3
466104.3
466105.2
466125.7
466337.9
466545.4
466553.6
466843.2
467091.6
467265.6
512502.1
512668.4
517205.4
517291.7
517295.4
517442.3
517504.2
517586
517686.1
517700.5
517757.8
517786.7
517892.9
517951.9
517970.4
517975.7
518084.9
518108.9
518142.2
518352.8
518383.6
518393.3
518413.4
518422.4
518431.4
518454.7
518517.5
518548
518564.8
518592.5
518657.5
518666.3
518800.8
518850.9
518951.7
519078.4
519251.9
519288.3
519346.3
519395.5
519543.4
519598.4
519620
519672.1
519832.2
519838.5
519853.3
519920.1
519952.1
519960.9
520072
520175.5
520177.9
520179.2
520223.8
520276.6
520343.5
520360.3
520412.2
520444.1
520674.2
520680
521153.3
521382.1
521394.6
521471.9
521499.2
521503.7
521533.9
521617.9
521642.4
521726.5
521851.3
521868.3
521928.6
521955.7
521956.8
521985.4
522018.1
522030.6
522087.7
522125.4
522215.1
522223.6
522495.4
522756.6
522835.3
522876.1
523075.9
523288.4
523469.3
523796.1
523918.7
523988.8
524170.1
524490.6
524530.8
524799.6
524972.8
525021
525051.6
525078.4
525584.6
529620.7
533506.4
533607.7
533623.8
533709.1
533733.5
533785.3
533871.7
533907.3
533909.8
534013.1
534048.4
534129.8
534156.8
534173
534284.6
534433.4
534445.6
534809.4
540496.1
540496.7
540830.6
541136.3
541220.1
541232.4
541339.4
541341.6
541345.3
541352.1
541353.1
541454.7
541640.1
541701.1
541746.6
541771.5
541883.8
541917.9
541942
542039.4
542114.7
542150.7
542158.9
542166
542300.6
542329.6
542403.5
542433.7
542495.1
542510
542517
542551.2
542573.7
542637.7
542641.6
542662.6
542731.6
542744.8
542755.4
542824.5
542951.1
543098.8
543227.9
543426.2
543429
543455.4
543590
543784.4
544218.4
544285.3
544541.8
544807.3
544895.6
544958.4
545268.3
545604.2
545652.3
545866.8
545899.1
546248.2
546294.1
546442.6
546551.1
546702.9
546816.8
546846.1
546900.2
546918
546919.4
546951.5
546966.3
547012.1
547019.2
547043.1
547049.2
547130.9
547156.6
547162
547280.2
547363.5
547573.8
547615.9
547640.5
547647.7
547703.3
547788.7
547937.7
548066.4
552043.9
552115.1
552280.5
552341.2
552345.1
552439.5
552767.8
552867.6
552880.6
553000.7
553028.2
553134.7
553242.8
553305.2
553317.4
553387.3
553489.3
553595.8
553597.9
553648.4
553657
553659.9
553660.1
553681.4
553937.2
553976.4
554019.2
554024.4
554303.4
554327.1
554362.3
554384.5
554388.8
554390.7
554439
554449.6
554557.2
554735.9
554750.1
554768.4
554892.2
555011.8
555142.4
555152.9
555208.7
555383.7
555404.3
555545.2
555614.3
555677.2
555706.5
555716.7
555757.6
555799.7
555823.3
555830.9
555984
556015.2
556034.6
556127.9
556143
556178.8
556222.7
556344.1
556369.5
556428.7
556465
556496.7
556524.3
556543.6
556603.6
556607.1
556625.2
556650
556696.7
556711.2
556745
556751
556794.7
556820.2
556830.4
556852.4
556893.2
556920.3
556932.3
556933.5
556936.4
556965.7
556968.9
556982.9
556994.2
557044
557112.7
557133
557152.2
557159.6
557192.3
557210
557224.3
557237.2
557251.5
557269
557318.2
557324.1
557351
557387.7
557454.7
557465.7
557466.2
557499.7
557558
557627.3
557647.7
557689.7
557718
557757.4
557786.6
557802.5
557853.1
557915.3
557968.8
558004.1
558048.5
558213.7
558269.1
558386
558397.3
570301.3
571183
571304.5
571516.5
571580.9
571990
572074.8
572164.7
572177
572230.6
572296.7
572377.8
572475.3
572496.9
572557.4
572636.9
572641.5
572666.1
572741.3
572761.6
572781.4
572781.5
572805
572821.5
572971.4
573036
573108.9
573214.5
573262.9
573314.1
573436.3
573491.8
573520.5
573638.9
573709.4
573726.2
573772.3
573804.3
573899.1
574025.6
574113.3
574201
574307.5
574331.6
574545.9
574624.7
574689.3
574695.7
574701.8
574792.1
575044.5
575156.8
575201.4
575265.6
575322.1
575339.2
575500.4
575505.6
575519.3
575528.9
575539.4
575769.2
575828.6
576059.7
580101.8
591259.5
591419.4
591458.5
591672.8
591732.3
592129
592222.3
592341.4
593297.8
593533.3
593713.4
593796.6
593988.4
594044.2
594147.8
594197.8
594203.9
594285.1
594295.9
594299.1
594395.7
594517.6
595052.2
