1908.2
1916.2
1922.2
1984.1
2049.2
2053.2
2055.9
4523.8
4607.5
4738.6
5711.4
10744.1
10818.2
10898.1
11107
12440
12495.4
12662.1
12679.3
12704.6
12938.3
18595
18750.1
18778.8
18831.9
18917.3
18927.6
18959.5
19035.7
19152.4
19254.8
19264.4
19342.8
19347.3
19546.8
19585.7
19608.4
19618.2
19634.1
19652.3
19712.6
19759.7
19765.2
19776.4
19791.2
19814.1
19851
19913.6
21429
21479.6
21532.7
21697.9
21702.4
21705.1
21763.7
21821.8
21844.6
21908.7
21948.8
21956
21971.3
22191.2
22221.3
22264.5
22347.9
22378.1
22409.7
22428.6
22572
30054.7
34998.8
35385.4
35402.6
35410.7
35541.2
35591.9
38504.4
38678.4
39008.7
43086.2
43170.2
43189.1
43228
43274.7
43297.4
43307.7
43341.8
43350.1
43351.6
43379.2
43409.2
43432.3
43432.5
43466.3
43623.6
43645.9
43693.5
43797
45343
45381.3
45439.6
45591.8
45597.7
45720.6
45816.2
49884.7
52649.9
53291.3
53610.4
54714.6
54870
54873.9
54885.6
54893.4
54921.9
54954.7
54961.5
55071.8
55103.7
55113.6
55199
55221.6
55345.5
58070.5
58182.1
58955.1
58959.6
59036.9
59108.3
59314.6
59376.1
62755.8
62764.8
62778.1
62952.6
62957.3
62966.4
62988.6
64361.5
64460.9
64492.3
64585.6
64604.7
64680.6
64744.9
64892
66567.2
68966.9
69108.1
71527.1
71563.2
71716.4
71790.2
72565
75126.5
75576.5
75601
75732
75765.6
78811.9
84073.9
89766.2
89826.9
89878.6
90014.9
90091.4
90157.3
90192.6
90204.2
90238.6
90270.7
90275.1
90310.2
90318.4
90330.3
90338.5
90345.3
90346.3
90379.4
90388.1
90401.3
90407.7
90425
90453.8
90485.6
90620.1
90851.2
91670.5
91683.9
91750.6
92082.1
92259.5
92291.7
92296.7
92303.3
92407
92425.1
92431.3
92667.7
92709.5
92812.8
93000.7
93006.1
93058.8
93068.9
93320.2
94043.6
94088.2
94205.3
94277.4
94288
94294.5
94313
94315.2
94453.5
96813
97337.9
97474.7
98053.5
98283.2
98648.6
99295.3
99671.7
99844.8
100071.4
100130.7
100234
100779.4
100853
100973
100996.2
101042.8
101318.6
101803
101839.6
102088.9
102152.7
102255.5
102808.2
103073.9
103134.1
103314.8
103420.9
105258.8
106593.5
106636.8
106720.3
106782.8
106822.3
106937.2
106941.6
106964.5
107021.7
107023.3
107097.9
107107
107222
107303.6
107347.5
107375.6
111156.3
111205.4
111267.6
111292.6
111311.9
111361.1
111475.1
111774.1
113480.4
113530.2
113683.8
113685.2
115634.5
118583.1
118963.9
118999.1
119165.2
119232.1
119300.2
119601.1
119737.3
119747.8
119782.6
119783.9
119845.7
120255.8
120427.3
120482.8
120488.4
120524.8
120614.1
120624.8
120634.3
120648.3
120670.6
120697
120700.5
120749.7
120763.9
120779.8
120915
120928.4
120992.6
122197
122219
124649.2
124652.4
124801
124890.5
124892.1
124893.5
124903.9
124974.6
125106.4
125367.7
125393.6
125526.9
125657.8
126693.1
127407.8
127461.1
127475.8
127501.3
127522.3
127529.3
127627
127634.8
127886.6
131556.6
131601
131621.5
131778.8
131802.1
131911.3
131922.4
132106.2
132331.4
132349.3
132431.7
132438.8
132518.6
132567.3
132572.4
132614.3
132713.8
132714.4
132740.1
132917.5
133037.8
133082
133176.4
133196.1
133287.3
133303.7
133306.7
133315.2
133394.1
133421.9
133736.9
133800.5
133810.8
133827.1
133872.3
134682.9
134705.9
134787.8
134838.6
134866.9
134880
134905
134926.3
134949.3
135022.7
135340
135344.2
135366.5
135407.5
135418
135507.6
135536.6
135567.1
135621.8
135726.1
135783.1
135905.7
135913.1
135931.4
135977
136057.4
136064.9
136120.4
136195.6
136209.3
136262
136328
136512.4
136654.9
136686.5
136736.1
136819.8
136903
136908.3
136993.1
137238.2
137525.6
137528.4
137645.5
137664.3
137732.2
137894.9
138025.6
138256
138315.3
138547.7
138612.5
138766.5
138968.8
139034.6
139089.2
139089.8
139140.9
139170.2
139292.6
139419.9
139773
139795.6
141756.6
142012.2
161038.9
163023.4
163230.9
164300.7
164314.4
164409.4
164476.6
164512.6
164539.5
164559.8
164635.5
164657
164682.9
164692.9
164804.8
164807
164842.7
164882.8
164905.2
164933.2
164938
164982.8
165031
165133.8
165230.4
165245.9
165272.2
165322.3
165383.7
165528.2
165569.4
165656
165726.7
166311
166899.4
167032.3
167058.4
167096.9
167219.9
167486.8
167615.9
167646.7
170029.4
170439.2
172182.2
172304.5
172342.3
172346.3
172451.7
172534.3
172712.9
172863.3
173027.2
173843.7
173860
174009.1
174257.8
174272.4
177897.3
178053.9
178111.4
178161.1
178205.8
179088.5
179127.5
179216.5
181094
181242.2
181465.6
181484.7
181520.8
181831.9
182382.6
182473.4
182529.4
182548.9
182558.3
182715.4
182726.2
182786.4
184001.5
184079.4
184120.1
184138.9
184161.3
184168.5
184242.7
184299
184302.7
184504.1
184625.3
184651.4
184698.7
184746.4
188488.2
188613.3
189247.5
190716
190764.3
190951.1
191645.3
191659
191836
191857
191943.2
191981.1
192102.6
192143.1
192187.3
192351.2
192519.6
192541.4
192547.5
192618.3
195322.4
195329.3
195425.4
195533.2
195626.4
195749.2
195802.6
196023.4
205735.2
205848.1
206063.3
206134.1
206207.3
206383
206466
206601.2
207674.1
207904.2
208104.6
208162.1
208175.3
208255.6
208284.7
208333.1
208374.6
208432.8
208450.9
208514.5
208665.8
208810.9
208817.6
208859.2
208899.2
209022.8
209090.7
209093.6
209127.2
209143.6
209173.7
209278.7
209391.7
212742.3
213357.4
213385
213586.7
214501.2
214536.5
214671.7
214810.3
214897.6
215214.1
215339.7
215449.4
215468.3
215857.6
216586.3
216780.4
217175.7
217289.3
217709.1
217781
217844.7
217920.9
218172
218205.8
218268.4
219025.5
219390.5
221518.8
221590.6
221607.9
221674
221674.6
221742.5
221797.2
221887.3
221941.7
221958.9
225061.1
225146.5
225253.3
225260.6
225329.2
225569.2
227455.3
229404.5
229443.1
229529.4
230662
230873.4
230974.3
230980.7
231086.1
231112.3
231165
231208.5
231221.8
231275.2
231313.5
232958.3
233189.4
233922.1
234079.2
234089.4
234107.7
234169.5
234253.3
234318.5
234376.9
234428.2
234554.2
234595.8
234601.9
234783.9
234795.1
234799.4
234829.3
234916.8
235330
235517
235589.5
235637.6
235839.3
235843.8
236908.8
236942.6
236967.6
237066.8
237126.4
237212.5
237250.1
237321.1
237441.6
237447.8
237735.7
237741.9
237757.7
237902.5
237911
237916.7
237922.8
238069
238127.2
238437.3
238469.4
238571.3
238607.5
243817
246705.6
246708.3
246839
246915
246961.8
246979.8
247007.7
247061
247065.2
247093.3
247112.8
247133.4
247134.6
247807
247877.2
247900.5
248029.3
248152.8
249336.7
252273.7
252322.9
256326.6
256448
256753.6
256933.3
257366.9
257476.6
257683
257833.5
258031
258115.8
258335
258388
258721
258793.2
258800.5
258893.9
258916.4
258936.1
259028.9
259100.6
259103.3
259106.9
259122.1
259129.7
259136.3
259181.6
259183.9
259232.2
259359.7
259371.5
259408.5
259418.5
263697.8
263824.5
263880.8
263908.5
263983.8
263990.2
264037.4
264219.6
264275.9
264392.9
264394.4
268450.6
270021.3
270089.5
270121.5
270161.7
270253
270422
270423.6
270432.3
270577.9
270644.4
270872.4
270885.9
271048
271050.6
271361.6
271722
273691.4
278342.6
278389.6
278414.6
278486
278525.1
278573.6
278573.8
278604
278744.4
279662
279704.1
279768.3
279903.8
279983.6
280041.4
280065.5
280162.8
280168.1
280188.4
280274.1
280366.6
280394.3
281751
281935.4
281965.3
282101.1
282108.6
282110.6
282128
282132.7
282177.1
282196.1
282237.1
282254.9
282270.5
282346.9
282372.6
282374.1
282375.4
286847.8
286989.5
287051.4
287182.7
287308.3
287330.5
287498.7
287594.3
287775.9
287819.1
287843.3
288193.9
288896
288971.7
290122
290678.3
290831.1
291742.4
291847.9
291866.8
291876.7
292365.6
292466
293278
294113.8
294171.6
294186.4
294269.5
294375.6
294429.2
294566.9
294702.1
294730.4
295150.4
295256.1
302940
303064.5
303757.7
303833.9
303863.9
303942.8
304024.1
304155.9
304165.2
304227.6
304250
304280
304344.7
304392.5
304422.5
304432.2
304449.4
304563.5
304685
304685.3
304703
304878.3
305277.2
305277.9
305432.2
305460.9
305850.9
305855.9
305865
306182
306238.8
306355.9
308882.8
310234.6
311971.9
312182.1
312201.2
312370.1
312415.6
314037.3
314298.4
314313.5
315448.6
315580
320346.9
320501.1
320529.2
320586
320843.6
321022.3
321323.3
321570
321729.1
321732.1
321734.8
321796
322090.9
322127.1
322159.7
322677
322726.2
322737
324027.3
326807.2
326810.2
326864.3
326942.5
326969.3
326974.2
327048.7
327080.8
327171.7
327264.4
327306.2
327327.8
327369.1
327377.6
327460
327471.1
327489.4
327545.4
327553.8
327587.4
327640.2
327664.5
327689.5
327719.7
327725
327755.8
327766
327845.2
327847
327893
327941.6
328108.3
328270.7
328291
328352.5
328352.7
328390.7
328424.1
328560.9
328596.9
328605.7
328608.7
328767.9
328878.8
329129.7
329185.9
329190.6
329239.3
329256.7
329298.4
329343
329348.5
329388.2
335338.4
336379.2
339144.4
339496.8
339646.8
339763.5
339859
339880.3
339893.7
339950.9
339973.4
339979.6
339980.6
339997.3
340003.2
340077.3
340117.7
340286.6
340360.6
340387.1
340587.2
340643.2
340746
341027
341049.8
341326.8
341374.6
341536.6
343487.4
346170.1
347367.6
347474
347480.4
347692.9
347701.3
347811
347865.9
347929.8
348100.9
348102.8
348400.8
348418.4
348718.7
353563.8
353574.1
353633.2
354076.1
354148.4
354182.7
354316.7
354323
354328.2
354393.4
354568.6
367751.9
368173.1
368213.1
368568.5
368779.1
369312.1
369341.6
369369.6
369454.5
369626.4
369646.6
369815.2
369904.2
369979.9
370023.2
370127.5
370174
370491
370735.7
370796
370814.6
370955.8
370978
370986.8
370994.9
371027
371046.4
371104.7
371145.7
371168.3
371238.5
371260.4
371292.1
371298.2
371432.4
371450.5
371478.9
371596.6
371604.7
371625.5
371632.3
371647.7
371671.8
371701.3
371707.9
371709.5
371860.9
371968.2
372044.3
372159.1
372243.8
372288.5
372382.4
372384.8
372391.3
372444.4
372446.3
372516
372536.9
372640.9
373760.3
373775.6
373847.6
375270.9
375382.6
375471.1
375490.3
375512.2
375617.4
375670.9
375690.1
375788.6
375790.7
375850.3
375857.3
375881.2
375919
376022
377506.9
377643.6
379137.6
379357.3
379463.6
379595.1
379631.2
380572.1
385332.8
391702.1
396036.5
396649.7
396883.5
396939.8
396958.4
397124.1
397134.9
397241.3
397347.7
397417.5
397486.4
397594.2
397826.7
398011.1
398081.9
398090.4
398107.4
398115.1
398399.7
398410
398439.4
398440
398503
398572.3
398573.5
398651.8
398735.3
398896.6
398906
398907.1
398952.5
399086.7
399155.6
399191.2
399213.1
399284.4
399317.6
399423.9
403481
403527.6
403619.9
403954.7
405512.5
406789.4
413253.1
413354.5
413367.7
413491.2
413541.9
413606
413705.9
413792.6
413810.5
413947.6
413997.1
414016.7
414074.5
414118.4
414184.1
414220.4
414290
414361
414364
414430.2
414488.5
414609.4
414621.4
414736.8
414762.8
414812.5
414849.4
414849.8
414882.5
414907.9
414926.5
414954.7
415062.9
415152.3
415176.3
415187.6
415211.5
415281
415288.8
415313.1
415338.2
415354.1
415354.3
415416.9
415457.6
415569.2
416019.9
416041
418143
418146.5
418207.2
418218.3
418310.8
418454.5
418735.7
418763.2
418819.4
419098.9
419154.8
421127.3
421145.4
421213.3
423562.9
424082.6
424169.9
424332.7
424401.1
424429.2
424490.1
424494.8
424554
424555.4
424591.9
424598.3
424676.1
424747.4
424756.6
424765
424847.2
424904.5
425495.6
427902.6
428005.4
428025.7
428055.6
428075.3
428119.1
428121.7
428157.9
428226
428232.7
428244.4
428310.8
428321.1
428326.9
428412
428421.4
428459
428493
428506.6
428511.2
428512.6
428615.1
428658.4
428683.2
428787.6
428858.8
429129.6
429198.2
429229.6
429323.1
429341.1
429364.4
429388.3
429391.7
429448.1
429455.6
429456.6
429458.6
430696.9
430748.1
430835.5
430866.4
430913.5
430949.1
430951.3
430965.9
430974.6
431006.6
431066.2
431113.2
431136.4
431282.7
431318.3
431358.8
431424.2
431504.9
431534.1
431561.5
431619.6
431641.6
431667.1
431705.2
431759.5
431808.7
432169.3
432314.7
432336.1
432417.5
432484.5
432595.7
432709.7
432809.8
432810.9
432820.8
432834.6
432901.3
433070.9
433078.7
433169.3
433191.2
433238
433254
433291.8
433323.1
433358.3
433417
433426.1
433475.4
433600.2
433623
433757.4
433777.2
433786.1
433790.2
433854.6
433939.8
433981
434001.5
434024.1
434074.4
434092
434111
434279.8
434295.8
434334.7
434393.2
434406.6
434529
434542.8
434552.7
434557.9
434581.3
434671.2
434780.1
434783.4
434790.9
434796.7
434858.6
434913.2
434914.3
434946.2
434981.4
434997.2
435082.4
435156.2
435157.2
435212.9
435218.5
435264.9
435342.3
435511.5
435559.1
435596.8
435600.4
435674.2
435683.5
435700.4
435713.5
435794.5
435825.9
435863
435873.7
436048.1
436058
436172
436204.5
436211.4
436217.2
436230.1
436282.5
436288.1
436288.7
436315.3
436581
436641.3
436753.2
436844.1
436852.7
436855.4
436875.6
436898.4
436953.1
437136.9
437144
437176.7
437407.6
437441.1
437629.3
437696
437817.6
437833.4
437900.2
437934.7
438028.4
438030.8
438056.9
438080.6
438118.1
438186.2
438197.6
438202.9
438298.1
438309.1
438312.8
438340.9
438438.2
438465.4
438485.3
438513.6
438515.4
438530.3
438646.6
438757.8
438761.5
438821.4
439171.1
439295
439331.3
439513.1
439614.6
439633
439665.8
439696.5
439722.8
439752.9
439869.1
439907.5
440126.8
440137.2
440153.1
440206.6
440249.1
440253.6
440366.4
440370
440385.8
440392.4
440538.1
440574.2
440770.9
440808.3
440845.5
441032.1
441086.8
441116.4
441137
441170.1
441292.6
441314.6
441418.6
441422.1
445276.1
445447.8
445523.6
445693.3
445695.1
450635.1
453207.3
453234.1
453389.8
453442.2
453447
453480
453595.5
456357.6
456665.6
456691.7
456779.2
456808.4
456856.5
456931.3
457012.3
457156.2
457510.3
459100.2
461778
463857.9
468946.3
469018.6
470041.7
470268.5
470339.5
470372.1
470418.2
470440.1
470557.6
470685.3
470752.6
470822.3
470829.1
470853.4
470869
470954
470982.2
471008.8
471131.5
471188.1
471203.6
471219.5
471254.8
471283.3
471326.9
471371.1
471376.3
471431.7
471442.6
471451.4
471452.7
471471.9
471491.6
471492.8
471509
471642.5
471649.9
471653
471653.6
471716.2
471742.1
471844.1
471918.7
471926.1
472044.2
472101.2
472119.5
472132.6
472236.2
472247.1
472255.9
472304.4
472335.3
472469.4
472500.7
472724.3
473790.1
473941.2
473976.2
474297.4
474653.6
475618.1
478896.8
482835.7
482882.4
483251.7
483347.9
483385.9
483569.8
484317.9
484584.4
484620.8
484647.7
484708.4
484731.9
484745.6
484746.6
484828.6
484866
484888.5
484920.1
484939.2
484956.1
485019.5
485056.8
485131
485158.5
485164.7
485193.6
485260.7
485409.7
485604.6
486073.6
486880.3
487786.9
487946.3
488229.9
491109.8
491719.8
491868.2
492844.7
492988.4
493709.5
497799.2
500156.8
500294.4
500435.3
501639.2
502134.6
502900.2
505512.1
505652.1
508253.6
508501.5
508507.7
510961.7
512012.2
512333.6
515486.3
516573.6
516635.3
516950.1
518293.3
518310.4
518535.6
518817.1
518831.2
519228.2
519416.9
519727.1
519851.9
520046.3
520100.4
520191.6
520236.9
520266.3
520447.4
520456.5
520475.1
520508.5
520540.3
520590.8
520596.7
520673.8
520700.6
520709.2
520726.2
520767.6
520806.7
520817.2
520817.9
520850.4
520861.9
520886.1
520971.6
521011.5
521022.2
521040.4
521041.9
521076.6
521138.5
521297.9
521350.2
521392.6
521490.8
521517.2
521558.1
521679.6
521708.2
521731.3
521744
521821.8
521883.5
521897.4
521944.8
521993
521994.1
522017.2
522040.2
522047.9
522054
522066.6
522084
522100.1
522119
522137.2
522181.4
522191.1
522229.1
522341.5
522405
522457.4
522496.7
522550.6
522563.4
522612.5
522661.1
522851.4
522912.5
522940.2
522989.8
523000
523009.7
523049.7
523140.9
523175
523177.5
523223.7
523228.9
523307.1
523322
523331.8
523385.2
523390.3
523509.3
523670.7
523860.4
523900
523909.9
523927.8
523973.8
524070.1
524307.7
524472.3
524528
524568
524906.9
524974
525081.3
529901.6
530271.4
532371.8
533166.4
533794.3
534182.7
534284.3
534452.7
534576.8
534761.1
534774.2
534777.1
534827.3
538453.2
538693.8
541863.4
542100.1
542713
543163
543299.1
543536.7
543639.8
544080.8
544367
544637.9
544706.9
544751.1
544824
545045
545084.8
545110.2
545453.5
545631.1
545631.2
545636.6
545692.3
546111
546139.9
546152.3
546177.2
546189
546244.9
546247.6
546343.4
546367.6
546420.9
546437.3
546567.4
546575.3
546656.3
546736.2
546751.4
546754.7
546775.3
546891.7
546959.6
547153.2
547605.8
548841.6
549472.9
549475.9
549653
551025.8
551165.5
551260.1
551376.9
551380.1
551396.2
551504
551554.4
551627.3
551754.3
551791.7
551815.4
551843.9
551973.3
551976.9
556708.4
559421.9
559516.5
559545.9
559625.1
559928.6
559959.8
560003.6
560030.1
560040.1
560116.9
560269.1
560313.2
560348.4
560354.8
560382.2
560390.9
560403.4
560415.8
560560.6
560597.6
560641.6
560653.5
560720.7
560741.6
560752.6
560804.4
560810.3
560816
560836.9
560838
560858.5
560937.2
560959.7
561107.7
561384.6
561399.3
563355.5
564462
564561.3
564575.6
566997.7
567213.2
567275.2
567292.2
567342.7
567423.1
567613
568933.3
572309.4
572337.6
572354.6
572464.6
572546.1
572648.9
572691.5
572773.6
572879.4
572931.2
572963.7
573036
573105.9
573129.4
573275.1
573286
573367.6
573371.9
573436
573530
573534.8
573541.8
573552.6
573612.4
573843.2
573855.2
573857.6
573976.8
574021
574097.7
574115.8
574179.6
574378.4
574564
574694.9
574717.5
574784.8
574849.6
574984.8
575003.3
575084.4
575094
575283.9
575315.5
575351.1
577828.4
577912.7
577947.2
577990.8
578012.6
578052.4
578084.8
578169
578169.1
578281.7
578312.2
582518.9
582615.8
582708.9
582717
582743.6
582802.5
582863.1
583233.5
583287.6
583336.4
583353.5
583412.8
583413.7
583533.7
583587.6
583691
583966.9
584096.9
584347.5
584391.3
584513.9
584793.7
584794.4
584801.1
584852.8
584876.4
584880.6
584946.5
585014.8
585031.5
585052.6
585073.7
585104.2
585150.8
585226.1
585264.8
585355.1
585362.8
585364.1
585386.5
585387.3
585389.2
585394.1
585479.2
585494
585512.6
585524
585598
585696.1
585769.1
585929.2
586134.9
586490.7
587362.5
587763.4
587869.8
588034.4
588155.7
590422
590580.6
590599.9
590704.4
590824.4
591895.4
592021.2
592038.3
592121.8
592140.8
592174.2
592726.2
592764.5
592920
593597.7
593603.6
593686.7
593711.5
593760.4
593787.9
593808.8
593907.5
593954.4
593978.5
594015.5
594033.1
594102.4
594124.8
594413.2
595485
595636
595663.3
595716.4
595742.1
595824.1
595867.4
595903
595907.4
596020.4
596049.6
596054.3
596086.7
596164.9
596223.1
598673.5
