108.4
2280.6
2414.8
2472
2511.4
2522.2
2528.8
8120
8146.6
8166.7
8177.1
8211.7
8235.7
8404.2
8503.4
8518.8
9013.3
9096.4
9183.5
9245.8
9630.5
10122.5
10333.1
10352
10421.6
10475.3
11171.5
11249.9
11651.1
14096.4
14619.5
14769.9
15712.4
16146.1
16355.7
16538.3
17635.7
17920.6
18720.2
18730.2
18737.2
18771.5
18822.7
18835.2
18950.6
18992.8
19431.4
19644.5
19690.4
19727.4
19814.7
19877.4
19905.8
22486.4
22584.8
22655.9
22666.2
22745.8
22812.1
22884.1
23659
23698.1
24086.6
24232.2
24492.3
24736.2
24789
24826.3
24844.6
25011.9
25012.9
25066
25233.5
25282.3
25505.2
25517.5
25646
25651.1
25655.6
25697.6
25769.3
25918.2
26024.6
26048.8
26221.7
26315.2
26315.3
26315.7
26539.1
26649.3
26715.5
26774
26805.3
26844
26854.8
26896.3
26908.1
26932
26980.6
26986
27020.2
27060
27116.7
27145.1
27195.4
27199.2
27224.8
27229.9
27263.8
27304.7
27340.9
27345.8
27371
27372.6
27400.6
27519.9
27578.8
27599.5
27608.6
27738.2
27739.3
27819.2
27857.5
27862.3
27867.9
27951.3
28022.4
28096.1
28144.8
28237.3
28297.9
28333.5
28394.1
28698.1
28895.9
28911.3
31527.6
31808.2
33584.8
35785.1
35888.2
36057.8
36122.7
38972.3
38982.3
39011
39044
39987
40794.2
41324.8
41382.9
41514.5
41531.2
41601.8
41712.3
41743.8
42460.2
43698.5
43759.9
43775
43944.6
44055.4
44081.2
44089.7
44150.8
44339.6
44393.6
45723.1
45770.6
45776.3
45824.8
45841.6
45867
45949.4
45999.1
46137.6
46203.3
52215.1
52220.6
52302.9
52378.1
52476.4
52910.5
52936.7
53034.7
53128.5
53133.9
53225.4
53238.3
53251.6
53300.1
53373.7
53596.1
53874
53909.9
53945.2
54262
54269.8
54319.6
54396
54447.9
54468
54471.9
54539.1
56481.1
56586.4
57372.7
57424.6
57514.6
57619.4
57737.1
57739.5
57755.4
57799.3
57804.9
58727.4
60003.1
61216.2
61338.8
63680.2
63728.1
63761.2
63766.4
63883.9
63931.9
63980.2
64011.3
64036.2
64037.7
64070.3
64112.1
64112.6
64124.1
64227.5
64261.4
64290.3
64354.1
64597.6
64620.8
64650.9
64666.8
64683.3
64765.6
65083
65137.5
65159.1
65209.9
67395.9
67993.3
69230.1
69438
69485.3
71145.3
71485.3
78056.9
78067.3
78109.1
78114.7
78158.5
78244.3
78257.4
78307
78329
78662.7
78894.4
79116.8
79122.4
84489.7
84531.1
84606.6
84844.2
84982.4
84989.1
84991.8
85053
85092
85158.3
85686.1
87876.4
88080.2
88429.8
88471.4
88510
88529.2
88561.6
88620.7
88633.6
88783.3
89218.6
89255.9
89455
91618.5
91644.3
91680.2
91763.5
91805.8
91823.4
91847
91867.2
91899.6
92012.8
92016
92055.9
92068.1
92088.6
92104.8
92108.9
92115.6
92133.4
92143.2
92206
92208.2
92272.6
94296.3
103297.9
104702.1
105359.1
107635.7
107649.2
107665.7
107715.8
107815.1
107854.6
107882.7
108046.2
108051.5
108088.5
108163.8
108173.7
108531.8
108998.8
109045.6
109256.8
109741.9
109773.5
109787.2
109819.3
109844.1
109875.2
109963.3
110090.9
110093.8
110189.9
110284.5
110336
110352.7
110369.5
110409.6
110427.4
110485.3
110493.9
110501.5
110557.4
113132.5
113321.4
113610.2
113879.5
114903.3
115126.6
118227.9
119770.9
119998.8
121826.8
122076.1
123510.7
124231.4
125412.8
125719.7
125784.6
125879.6
125914.2
125947.4
126099.5
126209
126316.5
126324.4
126331.4
128302.8
128377.6
128470.3
128596.1
128606.8
128675.1
129638.3
129881.1
129886.9
130190.7
130241.8
130305.7
130349.5
130361.3
130411.7
130414.6
130503.1
130510.7
130605.7
130629.2
130633.3
130647.1
130666.2
130683.3
130747.7
130752.2
130855.1
141007.2
141185.1
141226.2
141257.5
141261.2
141277.3
141315.7
141350.9
141423.1
141444.1
141462.7
141552.9
141700
141855.7
142045.9
142954.9
143659.9
143773.9
143976.4
144075.8
144119.8
144186.6
144277.8
144383.8
144402.2
144422.4
144449.8
144600
144813.5
150067.9
150683.6
150827.2
151958.8
153399.7
159157.7
159252.7
159613.2
161324.6
161547.3
161585.6
162376.5
162403.9
162446.1
162453.4
162494
162563.1
171118.4
172754
172925.3
172943
173004
173073.5
173262
173368
173375.3
174235.4
174496.5
174684.9
174689.5
174689.9
174708.5
174822.5
174865.9
174866.2
174883.1
174932.8
174979.2
176027.3
176255.1
179698.2
179825.3
180296.2
185281.6
185307.5
185321.5
185369.9
185423.8
185424.2
185440.6
185444
185482.9
185570.7
185574.4
185591.9
185593.9
185598.4
185607
185627.4
185635.2
185694
185714.5
185852.2
185868.7
185870.4
185933.5
186012.1
186027.5
186098.2
186132.1
186192.4
186219.3
186250.3
186270.5
186297.2
186368.4
186402.4
186419.2
186579.6
186591.8
186820.3
190942
191022.2
191076.8
191078.9
191088.6
191136.1
191139.8
191206.2
191287.4
192194.1
192295.4
193388.4
193553.4
193672
193780
194989
195101.1
195160.9
195245.3
195306.1
197123.2
197156.4
197439.9
197764.1
197819
197839.9
197975.4
198162.5
198189.1
198333
198367.2
198439.3
198646.3
199177.5
209146.7
210838.8
210862.3
210895.7
210910.2
210944.9
211062.6
211100.9
211148.6
211214.8
211225.3
211245.8
211255.8
211289
211542.6
214398.8
214476.3
214494.2
214580.7
214693.5
214893.2
215040.3
215472.6
216335.7
216901
217034.7
217115.1
217367.4
219963.5
219986.2
220084.6
220121
220330.7
220637.9
220722.8
220804.9
220884.8
220936.6
220939.5
220967
220967.1
220985.7
221009.8
221018
221074.5
221086.9
221095.5
223041.4
223100.5
223341.2
223346.9
223398.9
223545.3
223556
223632.6
223645.5
223727.2
223740.7
223742.7
223784.1
223784.8
223795.2
223802.7
223822.8
223891.2
224016
226642.4
231967.9
232061.1
232271.4
232369.2
232404.8
232462.2
232492.9
232537.7
232570
232625.1
232645.9
232809
232938.9
232963.4
232991
232995.3
233030.8
233048.9
233059.8
233088.2
233105.4
233116.1
233117.5
233167.1
233201.7
233205.6
233239.3
233292.5
233335.1
233409
233423
233434.2
233466.1
233478.3
233487.3
233492.2
233529.8
233533.4
233546.8
233612.7
233643
233715.3
233725.2
233752.3
233791.8
233889.7
233890.6
233929.2
239130.8
239183
239212.4
239287.7
239352.9
239415.3
239527
239589.3
239589.8
239608.6
239882.7
240012
243688.1
243737.6
243933
243935.9
243974.8
244062.9
244072.3
244082.9
244090.1
244099.6
244112.2
244146.3
244217.6
244293.4
245020.4
245116.7
245284
245338.2
245485.2
245675.1
245684.8
245732.9
245953.7
245970.3
246055.4
246055.5
246078.8
246158.4
246160.1
246205.9
246222
246246.9
246528.2
246544.5
246713.9
249602.2
252517.6
252895.7
254881.1
259571.3
259592.7
259702.8
259717.2
259728.7
259945.4
269319.3
269358.6
269398
269427.2
269441.9
271415.1
271636.5
273222.3
273258.8
273333.7
273364
273524.1
273644.4
273670.4
273733.1
273811.2
273881
273943.6
274023.4
274054.4
275543.3
275615.7
275693
275720.4
275779.4
275975.1
276132.5
276153
276180.3
276215.8
276249.8
276328.8
276364.7
276424.1
276446
276544.6
276563
276567.3
276600.2
276607
276626.4
276670.5
276705
276759.6
276794.7
276819
276828.5
276843.5
276958
277043.6
277110.6
277337.3
277650
277650.7
277703.8
277746.2
277817.5
277907.9
277927.8
277983.8
278011.3
278108.8
278130.2
278153.2
278157.4
278214.2
280162.8
282024.7
282434.2
282468.6
282470.2
288349.5
289167
289667.7
289712.6
289761.3
289764.6
290076.4
290166.5
290191
290591.4
290816.1
291045.1
291059.7
291066.5
291075.8
291257.3
291264.6
291387.1
291728.1
291772.5
291875.6
291964.4
291992.3
292619.8
293154.6
293348.8
293378.6
293461.9
293467
293548.8
293576.5
293756.2
293886.6
293896.4
293944.8
294081.3
294105.5
295388
295392.5
295410.5
295580
295671.7
295698.2
295831.9
296998.3
299257.2
299447.4
299463.4
299510.5
299520
299527.6
299547
299612.5
299638.6
299687.2
299687.6
299701.2
299711.9
299714.4
299732.6
299765.8
299808.5
299817.6
299837.3
299849.9
300010.5
300041.9
300088.6
300103
300592.3
303459.5
303543.8
303733.6
306834.7
307033.6
307053.3
307249.4
307285.7
307525.9
307594.5
307620.2
307628
307762.9
307864.4
307878
307969.3
308034.4
308058.2
308063.6
308088.5
308130.7
308132.8
308260.8
308282.2
308304.4
308417.3
308428.9
308487.4
308541
311291.4
311396.9
311466.6
320341.2
320493.4
320576.2
320683.1
320792
320900.1
321023.8
321121.7
321198.9
321437.4
321673.6
321745.1
321798.6
321817.3
321857.2
321889.2
321913.1
321938
321983.1
322024.3
322038.9
322085.7
322137.9
322198.5
322235.6
322243.8
322322.9
322336.8
322337.5
322389
322427.7
322516.6
322595.4
322693.7
325573.2
325629.5
325675.5
325708.4
328528.5
328823.8
329619.8
329636.7
329662
329720.2
329736.1
329797.1
329915.2
329919.1
329941.8
329960.1
330053.7
330062.5
333132.5
333151.5
333354.7
333537.6
333876.1
333952.9
333956.3
334044.3
334257
334660.4
334778
334828.4
334861.7
334891.9
335013.9
335166.6
335225.2
335268.9
335888.7
336057
337141.2
337159.8
337236.9
337293.6
337301.6
337304.3
337678.1
338385.4
339183.9
339391.3
339446.9
339571.5
339678.6
339694.3
339701.8
339821.7
340087.9
340138.4
342409.7
342457.4
342524.3
345178.8
345564.7
346792.6
346912.5
347000.6
347010.8
347022.1
347100.5
347285.7
347310.7
347314.8
347559.4
349025.2
349080.7
349174.9
349206.1
349253.1
349282.1
349301.6
349329.7
349357.8
349359.7
349413.3
349459.2
349462
349483.9
350228.2
354964.3
355038.2
355054.9
355077.8
355131.3
355173.7
355230.3
355241
355463.5
355543.9
355778.8
355937.3
356074.6
358248.5
358344.1
361609.9
366302.2
366358.6
366584.7
366724
366835.8
367293.1
367454.1
367821.5
367878
367905.1
374343
374432.5
374436.4
374440.6
374470.9
374495.4
374528.8
374554.5
374618.2
374659.9
374723.1
374730.1
374783.8
374832.7
374870.3
374909
375074.1
375098.5
375106.2
375163.6
375206.3
375241.3
375365.8
375513.5
376369.1
377006.8
377619.9
378101
378258.7
378595
380107.7
380126.9
380499.7
381359.1
381539.9
383511.9
385452.9
385486.1
385555
385849
385965.2
386043
386121.3
386134.5
386159
386169.5
386371.3
386388.7
386696
386728
386759.5
386907.7
387040.2
387256.8
387480.9
387545.7
387617.8
387671.5
387701.5
387738.5
387741.8
387804.8
387814
388088.9
388214.4
388328.7
388361
388461.8
388660.4
388736.5
388878.6
388954.6
389058
389082.3
389261.2
389457.3
389461.8
389511.8
389532.2
389725.3
391087.7
391252.8
392158.8
392524.4
393156.3
393235.3
394022.4
397019.8
397041.1
397119.9
397284.6
397295.9
397363.9
397405.5
397518.9
397532.1
397623.3
397652.4
397838.6
397988.1
402083.9
404883.9
404970.7
404995.5
405130
405137.1
405161.7
405171.9
405336.6
405482.8
405682.5
405852
405882.8
405926.1
405930.7
405959.5
406025.3
406093
406216.2
406223.1
406360.1
406427.7
406434.2
406452.2
406486.8
406559.7
406680.3
406766.7
406936.2
407493.6
407716.8
407741
407762.1
407936.1
408003.4
408084.8
408173.6
408434.8
408481.9
408606.2
408705.1
408750.4
408845.5
408889.7
408922.4
409088.1
409304.1
409383.4
409418.2
409492.2
409567.1
409579.8
409591.4
409730.1
409824.9
409861.1
409878.5
409953.7
410047.3
410098.9
410188.3
410473.2
410494.9
410498.7
410581.2
410758.8
410765.3
411105.1
411272.9
411376.5
411383.7
411383.9
411405.8
411420.4
411457.4
411522.2
411523.7
411656.3
411701.8
411733.6
411836.1
411866.1
411893.7
411898.6
411946
412090.9
412139.2
412153.4
416104.6
416443.7
416712.4
417236.1
417919.7
418984.6
418986
421597.9
421728.4
421743.7
421838.6
421943.1
422000.4
422054.8
422107
422223.3
422240.1
422265.1
422340.1
422380.5
422416.7
422425.1
422430.8
422502.5
422599.2
422606.3
422608.2
422641.5
422718.9
422785.6
422820.8
423295.8
423427.6
423896
430255.1
430384.8
430412.5
430451.3
438367.4
440484.1
440684.3
440739
441435
441449.3
441477.5
441487
441516.1
441632.6
441781.2
441871.3
441885.3
442522.5
442704.8
442901.8
442950.2
443222.4
443557.1
446754.8
446981.3
446982
448012.2
448197
448259.4
448783.6
449797.6
450096
450164.7
450419.4
451426.4
451451.5
451566.2
452253.8
453033.5
453155.3
453203.6
453212.8
453243
453289.7
453386.1
453424.2
453734.9
456132.4
456152.9
456156
456185.4
456237.4
456239.8
456359.8
456493.3
456601.9
458080.3
458317.8
458405.4
458527.2
458569.3
458608.3
458686.7
458723.1
458801.4
458812.5
458841.6
458860.3
458868.5
458926.9
458941.1
459032.6
459206.2
459299.3
459453.4
459669
460854.9
460889.2
461498
461700.4
461769.1
461840.6
461861.7
461882.5
461927.9
461929.8
462025.8
462087
462090
462184.1
462327.6
462362.6
462370.6
462394.6
462445.5
463032.6
463354.1
464265.1
464449
464641.5
468533.6
468731
469843.9
469939.4
469963.5
470155.6
473255
473436.9
473723.5
480062
482595.6
482848.4
482906.6
482925.4
483097.5
483108.1
483129.1
483194.2
483246
483314.8
483335.5
483394.7
483482
483584.8
483590
483632.4
483656.1
483673.4
483702.3
484050.1
484227
484255.5
484370.9
484400.5
484783.2
485975
486690.8
486812.8
487999.5
488002.1
488636.1
489208.1
489381.1
489710.6
489880.1
490312.8
490639.9
490731.6
491822.4
491913.1
492751.6
494272.5
494457.2
494647.1
494875.4
494940.4
495109.2
495845.6
495865.4
496299.3
496877.1
496985.6
497325.9
497638.3
498282.5
498678.6
498800.1
499389.8
499685.8
500002.4
500121.7
500174.8
500521.4
500561.6
501054.1
501269.9
502250.2
502542.6
502558.8
503206.2
503542.9
503624.6
503668.2
503698.5
504140.5
504141.2
504150.6
504398.1
504490.9
504692.3
506337.8
506539.3
506695.8
507287.7
507706.5
507958.5
512363.8
512462.1
512645.1
512712.2
512893.6
512950
513000.3
513101.9
513202.9
513207.7
513243.4
513290.5
513375.5
513476.3
513504.4
513552.7
513562.1
513583
513654.5
513745.5
513748.4
513988.9
514355.9
514386
520855.3
521814.9
524044.9
526232.8
526337.4
526745.2
526785.2
526982.5
527053.9
527054.5
527063.9
527073.5
527096
527134.5
527244.6
527270.1
527301.1
527385.7
527479.2
527495.6
527574
530443.8
530445.2
530578.3
530626.9
530737.9
530741.7
530797.2
530813.6
530881.7
530893
530915.5
530927.1
531017.5
531062.1
531122.6
531123.8
531156.2
531184.8
531216.1
531222.5
531261.3
531272.9
531282
531298.4
531318.1
531584
531590.5
531619.8
531627.3
531647.9
531655.3
531686.2
531733.7
531805.7
531915.2
531925
532999.9
533094
533110.2
533115.2
533192.9
533257.4
533280.1
533398.8
533411.3
533454.4
533530.6
533975
534031
534839.7
537940.7
538157.2
538342.2
538628.8
538909.6
539633.8
539926.8
539950.8
539968.9
540028.6
540063.6
540088.4
540090.8
540162.2
540201
540391.1
540440.4
540525.5
540668.8
540796.2
540827.8
541086.1
542437.5
543033.5
543056.5
543130.9
543251.6
543391.9
543395.2
543429.8
543442.9
543458
543489
543542.5
543627.1
543661
543708.4
543751.2
543757.8
543800.3
543886
543889.7
543941.9
543942.7
543956.9
543999.6
544024
544063.2
544081.6
544110.1
544182.7
544220.6
544383.7
544420.2
544422.6
544441.8
544579.1
544611.6
544633.8
544650.2
544655.5
544745.3
544781.1
544786.4
544793.4
544829.9
544839.4
544858.4
544882.2
544988.2
545080.9
545146.1
545175
545217.8
545282.2
545305.2
545369.1
545378.8
545485.5
545495.6
545510
545514
545622.7
545712.4
545720.8
545793.7
545865.2
545921.7
545965.5
545979.3
546052.3
546073.9
546128.8
546137.3
547858.7
547885.8
547950.6
548014
548121.1
548154.7
548200.2
548282.8
548285.6
548296.5
548355.5
548360.8
548390.6
549861.3
549905.1
549939.6
550128.5
550200.3
550225.9
551060.8
551088.8
551569.1
551609.8
551611
551612.2
551612.8
551616.6
551625.2
551735.8
551791.3
551798.7
559063.5
559677
560092.7
560094
560174.2
560175.3
560221.7
560242.7
560352.9
560512.9
560525.5
560657.9
560677.6
560697.9
560719.5
560777.3
560778.9
560885.6
560887.3
560970.9
561020.9
561056.2
561120.5
561133.2
561135.6
561216
561286.5
561302.4
562324.8
562355.6
562478.8
562548.1
562768.5
562863.3
563187.6
563222.2
563606.1
564010
564036.1
564137
564172.5
564221.1
564260.6
564348.3
564426.2
564428.8
564444.4
564461.1
564705.8
567807.6
567808.5
567821.5
567916.4
568018.8
568021.7
568072
568095.5
568112
568740.1
568868.6
569017.2
569105.8
569149.5
569220
569292.7
569318.2
569374.1
569489.7
569762.5
569783.4
569825.3
569909.2
569912.2
569991.8
569996.6
570103.2
570155.2
570255.8
570293.4
570311.7
570312.9
570388.7
570553.5
570617.8
571852.1
571884
571892.1
571932.8
571939.4
571988.9
571998.5
572050.5
572091.3
572149.1
572261.9
572305.4
572376.6
572455
572469.1
572561.3
572652.1
572681.5
572761.9
572773.6
572899.2
573217.5
573275.2
573512
573625.2
573675.2
573681.8
573740.9
574024.7
576086.4
576270.4
577600.9
578405.3
578492.1
578648.9
579811.8
581100.7
581312.2
581456.2
581492.7
581750.7
581795.9
581844.1
582171.9
582249.6
582336.4
582426.5
586344
587449.6
587569.6
587694.4
587765.4
588027
589609.7
591063.2
591067.6
594059.6
594165.4
594250.3
596347.6
596366
596430.6
596696.2
596743.8
598471.4
