1348.5
1724.8
1814.6
1822.2
1871.3
1909.9
2002.2
8346
9185.8
10118.4
10866.1
12321.3
12564.2
12853.5
21293.1
21293.6
21593.9
22097.7
22264.2
24487.6
28658.3
29858.5
34291.1
34568
34768.4
34910.3
35232.9
38497.7
42570.5
42602.8
42701.6
42889.1
42920.4
43294.8
43318.4
43338.6
43434.8
43457.4
44448.8
44680.6
44839.8
45060.9
45131.3
45139.1
45157.7
45201.6
45209
45282.5
45311.6
45509.1
48313.1
48718.9
48955.5
49034
49656.3
50180.2
50185.5
50279.4
50305.1
50336.5
50429.3
50438.9
50548.1
51808.5
51894.8
54749
54893.1
54901.4
55044
55111
55138.1
55141.1
55231.2
55240.4
55315.2
55355.5
56078.6
58521.9
59076.3
59136.6
59161.2
59569.9
59576.5
59730.6
60436.2
60517.5
60576
63159.2
63168.8
63195.2
63262.3
63278
63346.5
63371.1
63405.3
69018.5
69175.3
69336.4
72180.5
72257
72407.1
72473.1
72565.4
73037.7
73223.2
73477.8
73487.7
73494.3
73529.8
73553.4
73578.4
73621.7
73756.8
73840.5
73901.4
79600.5
79642.9
79909.9
80020.5
80050.9
80115.9
80543
81922.3
82023.3
82042
82059.3
82067.3
82073.6
82189.3
82211.6
82264.7
82265.4
82383.8
82386.7
82458.6
82495.8
82559.2
82606
82614.4
82626.1
82657
82684.4
82700.9
82790
82808.6
83129.8
83332.2
83417.9
83418
83449.1
83884.1
90566.3
90685.7
90720.7
90739.1
90775.4
90788.6
90945.3
90970.7
91002.7
92472.4
92538.9
92568.6
92598.7
92599.4
92599.7
92730.6
92740.6
92818.3
92840.7
92876.8
93108.4
100278.4
101171.8
102105.6
105972.1
106203.7
106253.9
106604.5
107069.8
120086.5
120157.1
120409.1
120646.7
120816.6
120816.7
120832.1
120902.5
121537.7
121692.6
122295
123390.7
123460.8
123523.7
123713.2
123758.2
124185.2
124307.5
124530.3
124582.5
124994.2
125090.3
127009.7
127399.1
127537.2
127570.8
127699
127857.1
128396.5
130739.5
131358.7
131446.4
131491
131542
131561.8
131604.6
131701.5
131722.4
131742.4
131878.8
131881.3
131921.9
131997.4
132080.4
132113.1
132131.3
132282.6
132344
132389.4
132473.4
132640.8
132724.1
132741.7
132768
132784.1
132828.9
132866.4
132886.5
132908.2
133083.6
133129.7
133145.6
133187.7
133208.2
133362.1
133364.1
133443.1
133585.3
133698.2
133861.3
134667
134731.8
134953.2
134973
134982.9
135347.4
135596.2
135613.8
136055.7
136419.6
136447.5
136684.2
136744.6
136843.6
136863.4
136999.6
137149.9
137319.6
137389.9
137694.7
137937
138038.9
138789.4
138842.6
138950.5
139024.2
139025.2
139065.3
139226
139393
139401.2
139445.5
139473.4
139489
139612
139711.6
139808.2
140205.5
140608
140832.7
141732.8
141949.6
142233
142391
142441.6
142492.2
142522.2
142673.8
142894
143044.4
143087.5
143253.3
143360.9
143402.9
143518.2
154259.8
154552.8
155571.7
163056.7
163081.3
163113.5
163655.2
164444.5
164756.2
164891.1
164915.2
165035.7
165068.1
165147.1
165214.1
165243
165351.3
165369.2
165383.6
165462.1
165608.5
165645.9
165651.5
165824.9
165826.7
165832.5
165869.1
165883.7
166439.2
166582.6
166934.3
166944.9
166986.2
167012.6
167133.1
167134.3
167201.4
169394.4
169433.2
169513.4
169514.8
169598.6
169646.4
169672.1
169681
169778.8
169783.7
169818.6
169824.6
169835
169881.4
169887.7
169973
169974.7
170005.7
170016.6
170117.3
170164.3
170221.8
170427.8
170453.1
170514.6
170640.3
170667
171512.1
174142.5
177021.7
177294.4
177762.7
179226.6
179300.5
179301.6
179432.9
179473.6
179477.6
179502.4
179731.6
179739.5
180728.7
180826.5
180828.6
181028.3
181163.9
181233.7
181407.7
181465.1
181465.6
181750
181921.2
181978.6
181985.4
182118.9
182120.7
182148.3
182159.3
182290.7
182331.6
182406.7
182479
183326.6
183591
183614.4
183655.8
183702.7
183722.4
183822.9
183905
188522.5
189123.7
191497.6
191650.6
191882.5
192566.3
192577.7
192883.4
195626
195681
195708.6
195732.1
195778.5
195828.3
195893.3
195924.3
196077.6
196467.5
196590.1
196849.6
196975.8
198750
198804.3
205595
205626.1
205666.2
205737.8
205991
206054.8
206143.5
206152.7
206202.1
206226.8
206231.5
206265.7
206277
206295
206343.4
206349.4
206359.4
206410.5
206519.9
206545.8
206682.5
206703
206821.3
206931.5
207202.6
207317.9
207432.7
207460.8
207755.2
207762.1
207881.4
208153.3
208209.3
208362.6
208505
208783.4
208839.8
209294.2
212228.1
212545.2
212828.2
212914
212926.1
212933.8
212980.9
212986.2
213076.6
213126.4
213138.6
213166.9
213331.7
213348.3
213360.2
213360.6
213471.2
213479.3
213840.1
219047.4
219176.8
219315.5
219320
219511
219567.6
219588.6
222179.1
222230.7
222307.5
224155.5
224183.5
224782.1
224805.1
224873
224906.3
226191.9
226357.5
226383.5
226450.4
228465
228615.4
228866.6
229237.7
229579.4
229593.3
229684.8
231082.7
231280.8
231330.2
234106.7
234112.9
234183.2
234337.6
234359.6
234428.7
234428.9
234454.6
234669.7
234670.6
234708.9
234721.4
234770.6
234858.8
234875.3
234878.5
234953.8
235023.8
235041.1
235058.5
235088.7
235350.4
235500.1
235528.8
235568.6
235620
235626.8
235684
235688.7
235806.5
235842.9
236332
236387.2
236393.1
236433
236466.3
236479.1
236479.4
236493.8
236525.1
236576.9
236592.1
236601.2
236788.6
236802.5
236828.4
236845.6
236854.2
236900
236989.5
237020.7
237022.9
237117.7
237168.2
237211.3
237266.8
237310.1
237351.7
237377
237415.5
237477.6
237549
237562.5
237622.5
237633.6
237705.5
237753.2
237775.2
237803.2
237814.3
237883.8
237888.9
237940.1
238086.2
238087.3
238095.6
238187.8
238315.9
238548.3
238582.5
238671.5
238682.1
238865.2
238940.7
238949.7
239020.3
239036.4
239047.7
239285.1
241374.4
244533.9
244705.7
246837.8
246902.3
246945.9
247007.1
247024.8
247038.7
247162.6
247285.7
247297.7
247298.6
247301.7
247312
247572.5
247739.4
247805
247826.6
247832.9
247843.8
247871.7
247969.5
248096.7
248100.2
248119.1
248125.8
248136.9
248208.1
248250
248287.7
248332.6
252347
256076.2
256607.6
256763.2
257193.5
257324.9
257348.9
257365.6
257366.8
257488.9
257560.8
257597.6
257621.6
257682.1
257896.4
258517.1
258576.1
258609.9
258867.3
268114
268153.9
268279
268352.7
268353.2
268396.7
268454.6
268461.6
268463.5
268514.8
268556.7
270253.1
270827.7
271398.1
272051.1
272070.1
272216.2
272310.1
272516.8
278382
278405.7
278432.1
278567.4
278568.5
278603.4
278607.5
278657.7
278659.6
278666.6
278770.5
278865.5
278904.2
279673.9
279802.6
279983.7
280420.1
280498.8
280600.1
280737.1
281682.2
281700.2
281733
281794.9
281820.1
281828.2
281973.4
283399.9
284310
286611.6
286733.3
286771.5
286893
286898.5
287026.5
287260.8
287326.4
295713.3
297826.1
298032.5
298035.4
298065.4
298154.7
298173.6
298185.4
298222.7
298245.8
298263.2
298308.7
298412.8
298554.3
298634.1
298644.6
298655.6
298845.4
298849.7
300335.5
300567.3
300667.6
302779.6
303025.4
303051.6
303191.3
303806
303854.2
303973.8
303995.8
304086.8
304127.3
304283.1
304383.2
304419.3
304430.2
304437.8
304440.6
304451.3
304497.8
304604
304860.1
304874.9
304883.8
304907.2
304962.4
304968.2
305029
305168.3
305324.6
305425.4
305443.2
305454.4
305457.1
305482.9
305520
305646.7
305703.8
305748
305894.8
305908.8
305978
306093.1
306116.1
306124.2
306144.4
306150.2
306163.7
306168.7
306270.3
306272.6
306349.8
306408.7
306417.6
306420.1
306488.9
306779.9
312291.7
312348.4
312460.2
312477.5
312495.3
312832.9
313099.7
320249
326776.7
326892.8
326927.4
326930.7
327009.5
327151.6
327195.4
327225.2
327273.6
327304.4
327421.2
327629.1
327672.1
327946.3
327951.4
327976.7
328173.1
328282.6
328391.1
328404.8
328581.2
328659.1
328688.9
328751.8
328759.2
328867.8
328889.9
329108
329117.4
329151.8
329205.3
329219
335318.9
335697.8
338650.5
338742.9
338826.4
339041.3
339148
339150.9
339156.9
339200.5
339265
339403.3
344150.9
347408.4
347482
347779.7
347780.9
347996.8
348106.3
348121.5
348128.7
348160.2
348186.7
348272.1
348331.5
348346.3
348432.2
348562.8
348569.1
348585.2
350048.5
350087.8
350798.3
350982.3
353394.6
353414.3
353470.6
353520.1
354032.8
365158.6
365437.8
365791.3
366541.2
366590.2
372498.6
372647
372661.3
372771.4
372844.5
372860.7
372894.4
372975.2
373061.6
373920.1
374047.5
375556.8
375591.4
375671.8
375681.5
375684.8
375714.9
375743.4
375815.9
375851.3
375853.8
375855.5
375914.1
376152.5
376175.4
376223.3
376438.5
376567.5
376642.3
376758.2
376866.4
376881
376894
377151.4
377296.6
377356.8
377362.1
377404.2
377414.5
377419.7
377439.5
377493.2
377560.1
377589.8
377634.8
377667.4
378192.3
378369.7
378386.7
378408.6
378463.6
378501.4
378525.1
378599
378632.9
378636
378659.6
378908.5
378972.4
378994.9
379020.1
379088.1
379213.4
379224.8
379285.9
379391.9
379396.4
379502.3
379502.5
379637.9
379788.9
380053.2
380069.6
380193.4
380226.1
380341.3
380417.5
380438.1
380504
380621.8
380710.1
380725.1
380751.4
380751.7
380845.9
380853.7
380867.1
380932
380959.6
381008.4
381099.2
381105.7
381120.9
381143
381159.6
381185.2
381318.4
381319.2
381332.4
381377.9
381447.6
381473.8
381618.7
381847.6
381962
382055.2
382523
382614.3
382633.6
382821.4
383231.7
383703
384010.5
384945
385147.5
385567.9
385640
385884.8
385975.6
386475.2
386511.6
390194.5
390697
391182.8
391222.3
391247.1
391824.7
391948.9
392710.2
392996.1
393048.2
393115.5
393130.5
393292.1
393356.5
393492.5
393546.1
393572.7
393770
393876.1
394057.7
394214
394732.1
394824.3
394895.1
395171.7
395175.4
395771.5
395925.7
396914.2
396930.6
398429.8
398443.7
398473
398509.1
398552.6
398562.9
398752.7
398829.5
398836.6
398974.1
399060.2
399063.2
399139.7
399222.1
399225.5
399332.1
399403.6
399432.8
399477.3
399482.9
399751.9
399864
399927.5
399932.7
399963.3
400504
400580.1
400648.2
400891.1
400898.4
400999.5
401011.2
401108.9
401115.5
401286
401386.8
401653.2
401657.6
401937.5
402017.8
402085.5
402236.8
402299.9
402367.1
402470.1
402646.7
402701.2
402732.1
402931.6
402998.4
403291.6
403303.6
403321.8
403345
403417.1
403458.4
403686.5
403883.2
404002.4
404346.8
404360.5
404559.8
404681.6
405058.4
405285.4
405551.1
405673.7
407911
410291.1
410490.6
410646.1
412339.2
413044.8
413174.8
413206.5
413234.6
413446.2
413523.1
413528
413536.1
413537.8
413638.1
413705.5
413904.1
413931.1
413956
413973
413983.5
414185.9
414223.8
414238.6
414256.2
414463.5
414549.8
414575
414648.1
414674.8
414818.9
414827.7
414854
414898.9
414986.9
415092.2
415121.5
415154.5
415205.3
415270.9
415287.6
415328
415328.8
415365.2
415395.2
415404.8
415481.9
415573.5
415691.3
415750.4
415765.2
415766.7
415853.4
415960.7
415989.6
416034
416095
416117.3
416272.4
416294.5
416316.8
416345
416606.9
416779.5
416946
417184.1
417226.7
417285.9
417433.1
417436.5
417454
417551.8
417612.1
417630.1
417665
417802
417855.9
417944.5
418016
418086.7
418127.7
418138.4
418165.2
418171.9
418173.7
418201.9
418213.4
418221.1
418230.5
418259.8
418425.1
418429.4
418431.5
418463.4
418487.4
418631.8
418672.7
418845.8
420975
421070.3
421085.9
421208.7
421279.9
421319.9
422918.9
424694.4
428334.7
428375.1
428403.3
428437.6
428463
428483.3
428521
428559
428636.7
428707.5
428802.4
429029.2
429065.1
429087.1
429171.8
429234.3
429269.4
429299.7
429302.1
429379
429418.1
429448.1
429486.9
429564.8
429572.2
429652
431200.3
431291.9
431382.9
431430.1
431433.8
431476.7
431517.1
431536.2
431632.8
431639
431738.8
431810.4
431878
431962.1
431998.9
431999.2
432012.4
432088.4
432109.6
432184.7
432281.2
432345.8
432375.5
432455.7
432480.2
432481.5
432504.6
432509.4
432569.8
432611.2
432617.3
432622.2
432704.7
432815.8
432882.8
433021.3
433141.5
433165.8
433173.7
433209.1
433209.4
433215.6
433380.1
433603
433614.9
433664.8
433679.8
433712.4
433712.6
433718.4
433721.9
433755.4
433854.3
433896.2
433901.4
433964.5
433993
434036
434101.6
434110
434132
434178.8
434247.3
434285.9
434339.2
434501.8
434618.2
434639.4
434639.7
434657.4
434724.4
434746.5
434753.8
434801.6
434814.2
434828.6
434992
435062
435089.9
435111.1
435154.5
435165.6
435189.5
435417.4
435424.7
435440.4
435457.6
435497.9
435501.9
435544.2
435550.8
435627.1
435632.3
435747.3
435802.2
435811.1
435891.2
435953.7
435998.5
436016.4
436017.6
436060.3
436063.5
436073.7
436079.7
436122.5
436162.8
436218.1
436236.4
436246.5
436308.2
436343.3
436347.2
436401.2
436452.6
436558.5
436632.4
436757.5
436795.3
436849.4
436881.4
436894.5
437075.5
437158.3
437171.5
437178.6
437186.4
437215.6
437223.3
437460.9
437577.9
437681.8
437856.9
438012.5
438148.1
438199.6
438278.6
438593.4
438612.3
438909.3
439069.5
439184.7
439271.4
439404.9
439462.5
439467.4
439819.3
439989.4
440043.9
440320.6
440766.8
443580.5
445621.1
450933.2
450996
451043.5
451132.4
451145.3
451223.6
451519
456732
456773.1
456876.6
456911.4
456917
456948.2
456982.2
457060.1
457129.1
457163
457180.1
457212
457275.2
457317.9
460013
460057.4
460108.4
460130.1
460683.1
460716.9
460780.9
464358.4
464606.9
465793.5
465998.2
471085.2
471161.2
471232
471276.1
471277.5
471303
471635.6
471705.2
471718.4
471766.7
471872.8
471970
472164.8
472178.9
472233
472260.5
472279.6
472350.3
472406
472428.6
472447
472525.6
472571.5
472579.5
472580.3
472751.7
472811.1
472944.2
473166.6
473170.4
473348.7
473398.6
473625.1
473777.9
473817.4
473834.9
473944
474393.1
474553.8
474566.3
475243.4
475370.7
475728.6
475751.7
475917.8
476161
476169.8
476280
476316.6
477086.6
477162.8
477558.2
477725.3
477901.4
477967.5
477976.9
478143.7
478314.7
478563.9
478607.6
478629.7
478648.1
478867.3
478914
483246.3
484599
484971.3
485012.2
485143.1
485167.5
485174.6
485252.5
485282.6
485296.4
485343.3
485347.4
485365.5
485449.4
485472.5
485495.6
485620.3
485662.5
485693.1
485724
485753.9
485756.6
485846.3
485956.7
485962.8
485975
486046.3
486074.2
486097.9
486304.6
486340.8
486348.7
486483.8
486642.6
486691.6
486775.9
486814.2
486847.3
486861.7
487013.7
487045.8
487103
487132.4
487212
487337.5
487389.8
487583.9
487684.9
487774.1
487869.9
487965.1
487977.9
488098.1
488159.4
488410.1
488546.9
488603.6
488642.5
488778.4
488854.9
488963.6
489072
489421.4
489829.1
489849.2
490063
490155.3
490469.6
490472.5
490521
490586.2
490603.4
490736.4
490861
490882.5
490900.1
490988.6
491057.1
491140.2
491331.8
491382.4
491398.2
491416.4
491554.3
491799.8
491828.8
491854.5
491997.7
492117.5
492274.2
492508.3
492825.9
492960.2
493099.8
493174.4
493318.2
493451.2
493599.4
493802.7
493873.5
493908.2
494162.3
494320
494375.6
494493.7
494577.3
494593.1
494684.1
494770.1
494796
494913.3
494957.8
494989.2
495033.8
495130.8
495487.4
495593.9
495767.5
495804.3
495907.6
495998.1
496151.9
496163.8
496234.9
496244.5
496528.9
496715
496727.3
496765.8
496782.7
496910.4
496919.4
497261.2
497422.9
497793.5
497933.1
498057.2
498218.9
498427.2
498591.6
498686.8
498816.2
498836.1
498883
499020.6
499110
499119.7
499127.9
499196.5
499386.7
499466.4
499553.2
499652.6
499658
500190.2
500199.3
500624.5
500692
501026
501047.6
501117.3
501144.5
501470
501528.2
501543.1
501767.9
501915.3
501940
502209.7
502314.6
502321.6
502579.2
502594.9
502647.8
502678.2
503109.3
503165.7
503187.8
503344.6
503581
503742.5
503757.6
504057.9
504100.8
504579.9
504728.3
504764.5
504822.3
505058.4
505366.9
505427.3
505431.1
505443.2
505486.6
505526.7
505808.2
505934.7
505960
506052.2
506099.2
506186.2
506248.9
506267.5
506672.6
506678.8
506796.7
506928.5
507095.1
507169.3
507174.8
507286.3
507692.6
507788.7
507860.3
507931.9
507979.8
508159
508315.1
508363.7
508592
508623.5
508751.3
513431.2
516002.8
517058
519231
519259.5
519539.4
519659
520006.6
520120.2
520132.7
520532.3
520578
520582.4
520799.4
520805.6
520991.7
521124.1
521411.3
521479.5
521736.7
521800.7
521874.3
521973.8
522010.9
522061.4
522196
522305.5
522424.9
522489.4
522491.8
522493.8
522660.6
522689.6
522756.8
522821.3
522822.4
522830.5
522939.7
522956
522967.8
523000.4
523049.3
523130
523357.1
523379.5
523406.1
523547.1
523625.4
523644.4
523657.5
523809.5
523960.9
523991.1
524014.7
524114.8
524289.4
524308.9
524392.6
524433.5
524449
524489.4
524545.8
524590.1
524610.8
524637.7
524694.9
524718.8
524756.2
524860.4
524913.9
524942.7
525080.6
525219.8
525379.3
525490.5
525620.8
525654.8
525666.1
525733.1
526447.2
530059.2
530128.8
530362.1
534728.7
534749
534833.5
535068
535276.7
535295.9
535808.9
536092.4
536297
536977
537083.3
537502.9
541484.7
547166.7
548649
552087.1
558565.2
559043.1
559173
559238.8
559245
559250.3
559292.1
559428.6
559501.4
559639
559698.9
559711.5
559714.1
559743.4
559745.7
559748.5
559776.5
559824.6
559986.1
567072.8
567107.6
567156.8
567172.7
568366.8
568380.2
569535.5
569923.9
570731.2
570732.4
570796.6
570806.9
570824.5
570978.1
571066.9
571141.9
572587.6
573986.9
574373.7
574383.6
574455.7
574496.7
574528.2
574596.5
574613.1
574751.8
574762.4
574884
574979.4
574984
575062.9
575331.4
576048.6
577866
577890.4
577894.6
577901.2
578085
580336.3
580367.3
580415.5
580428.1
580600
580607
580660.8
587014.8
587015.9
587102.8
587349.1
587905.3
588047.4
588565.2
588677.2
588901.4
588979.1
589195.6
589271.2
589309
589319.1
589416.7
589434.1
589500.2
589515.3
590568.4
590618.4
590734.7
590766.9
591811.2
591836.3
591937.8
592026.2
592051
592121.3
592128.5
592130.6
592134.3
592227.4
592280.6
592395.4
592496.2
592580.2
592591.3
592593.1
592641.3
592663.6
592685.8
592733
592764.2
592782.1
592842
592882.4
592968.1
593027.7
593030.5
593043.3
593066.4
593094.8
593133.5
593171.2
593208.3
593261
593434.4
593455.3
593487.5
593541.8
593570
594383.3
594438.7
594488.8
594518.6
594614.1
595693.7
595724.4
595736.6
595793.7
595812.5
595889.7
595902
595932.6
595952.3
596042.5
596060.1
596084.3
596108.8
596111
596112.6
596142.4
596176.4
597396.5
597769
598716.8
