5394.7
5483.1
5484.1
5505.3
5896.9
6578.9
6643.1
6690.4
6710.8
6732.8
6788.7
7926.3
7977.3
8147.5
8276.5
8285.9
8303.8
8310.9
8315.6
8330.6
8368.6
8395.3
8396.9
8433.7
8451
8453.3
8781.2
8834.9
8870.1
8993.1
9123.8
9149.1
9164.9
9430.3
9446.2
9486.6
9543.2
9571.6
9650.4
9659.4
9696.3
9719.8
9730.6
9797.7
9935.2
9950.6
9959.6
9982.1
9982.4
10020.7
10042.3
10049.6
10193.3
10201.3
10424.3
10453.6
10467.5
10477.6
10556.6
10609.9
10685.5
10738.9
10767.2
10807.9
10876.8
10908.2
17341.6
17757.1
17786
17798.2
17984
18409.1
18556
18603.1
18635
18881.1
18920.9
18994.8
19053
19055.1
19057.8
19096.8
19109.2
19125
19177.3
19178.7
19199
19199.2
19235.6
19263.6
19277.3
19398.1
19415
19474.8
19514.8
19562.4
19651.6
19701.2
19781.8
19792.3
19835.4
19868.4
19892.5
19893
19911.5
19958.1
20133.7
20203.9
21016.2
21061.2
21137.3
21143.5
21154.5
21216.2
21420.9
23381.2
23642.9
23785.5
23901.3
23925.1
24020.3
24045.7
24064.6
24085.8
24202.5
24293.8
24354.1
24463.1
24507.3
24603.2
24646.1
24738.4
24785.8
24796.5
24837.3
24851.7
24885.1
24941
24947.9
24957.6
24964.3
24988.5
25026.6
25059.5
25064.8
25070.1
25092.9
25105
25213.6
25216
25263.7
25300.6
25308.6
25339.9
25356.6
25359
25421.6
25445.2
25567.6
25579.7
25831
25924.6
25999.1
26000.4
26008.5
26013
26013.4
26111.2
26132.5
26148.3
26194.8
26208.9
26215.6
26250.4
26258.6
26473.5
26675.3
26682.3
26693.9
26717.3
26814.5
26909.6
27036.8
27118.1
27183.6
27213.3
27233
27277.5
27323.2
27333.6
27346.5
27405
27443.9
27469
27529.9
27537.8
27587.2
27619.6
27673.3
27715.1
27736.4
27776.7
27924.2
27992.8
28036.1
28169.5
28317.4
28329.6
28432.3
28438.3
28502.5
28521.4
28563
29169.1
29323.7
29391
29517.1
29864.5
42122.5
42212.6
42279.5
42362.7
42476
42504.8
42511.2
42516.5
42537.2
42541.4
42607.4
42609.5
42649.6
42763.4
42873.1
42887.2
42929.9
42946.4
42951.4
42982.8
43093.7
43326.8
43756.3
50567.3
50622.9
50704.6
55068.4
55147.6
55153.3
55215.6
55326.9
55541.8
55673.7
55728
55749.1
55804.3
55932.1
55955.5
56065.7
56111
56152.2
56262.7
56320.3
56372.9
56378.1
56398.8
56403.7
56494.2
56499.5
56506.2
56545.9
56558.7
56573.2
56706.8
59948.2
60030.7
60070.9
60127.6
60137
60164
60169.7
61643.7
62148.2
69085
69118
69197.1
69216.8
69286.9
69350.1
69510.5
69669
70921.5
71048.5
71096.1
71146.1
71209.8
71303.5
71343
71421.9
71590.7
71591.9
71620.7
71628.8
71644.8
71731.2
71780.1
71780.4
71793.2
71798.1
71989.1
72215.1
72257.2
72321.9
72379
72432.6
72593.9
72766.1
73194.9
73381.4
73440.1
73473.9
73541.5
73617.9
84233.3
90744.4
90927.5
90948.3
100504.4
102384.8
102431.7
103223
103967.1
105970.2
106083.6
106167.4
106179.3
106234.1
106285.1
106641.6
106734.1
113090.5
113298.6
113314.3
113407.7
113486
113606.4
113620.3
113880.3
114162.3
114562
115005.5
115652.3
115742.1
115858.1
117112.1
117622
118185.1
118466.5
119609.5
120342.4
120401.2
120997.5
121004.7
121057.8
121072.7
121108.6
121132.1
121243.9
121312.1
121343.4
121446.5
121486.8
121538.9
121556.3
121557.7
121649.6
121719
121906.6
121944.8
121969.5
121992
122007.5
122019
122028.1
122213.6
122257.5
122258.6
122320.6
122355.2
122495.6
122560.6
122686.7
122709
122840.3
123016.1
123094.7
123114.3
123201.6
123465
123465.2
123545.9
123677.2
123680.5
123717
123727.3
123797.8
123810.3
123973.6
124265.9
124303.5
124308.6
124351.3
124363
124388.9
124519.3
124659
124698.4
125425.8
126909.9
127410.9
127414.9
127537.6
127548.5
127555.8
127626.2
127702.5
127862.8
127990.6
128044.9
128132.5
128242.4
128262.6
128379.5
128515.5
128589.4
128607.6
128832.3
129885.9
130064.1
130359.6
130439.8
130515.4
130539.9
130621.9
130665.2
130707.1
130735.7
130748.3
130799.3
130852.1
130916.1
131144.3
131193.3
131317.7
131587
131805.1
131982.4
132211.6
132221.3
132286.9
132295.4
132550.2
132593.8
132600.6
132619.9
132733.6
132773.7
132797.3
132938.3
133014.4
133258.9
133421.2
133468.2
133496
133531.1
133569.9
133689
133786.8
133925.1
133995.2
134004.4
134047.4
134146.7
134185.6
134250.5
134261.8
134328.9
134511.9
134550
134579
134759.7
135339.6
135344.3
135685.4
135714.8
136411.9
136561.5
136881.3
137237.8
137694.1
137719.6
139322
139932.9
139990.1
140247.5
140345.2
140463.5
140472.5
140872.7
140941
140943.2
141043.3
141048.8
141051.5
141138.5
141221.1
141288.1
141293.2
141405
141455.3
141549
141594.1
141623.3
141732.8
141750.8
141759.4
141761.1
141830.3
141853.3
141903.2
141924.2
141934.3
141947.4
141988.3
142089.7
142090.8
142095
142143
142196.7
142273.5
142289.6
142292.7
142299.3
142378.5
142403.5
142427.1
142577.1
142581.8
142610
142623.5
142733.7
142841.5
142858.1
142872.6
142921
142928.4
142992.1
143040.1
143126.3
143153.5
143182.4
143322
143356.9
143392.2
143478.6
143494
143548.7
143571.2
143653.7
143678.1
143679.6
143735.5
143781.1
143791.9
143846.4
143850.3
144005.3
144102
144164.4
144185.8
144288
144296.6
144440.7
144454.2
144464.9
144491.1
144540.8
144627.1
144677.5
144728.4
144784
144798.6
144857.3
144896.9
145359.5
145382.7
145434.4
145468.3
145519.6
145548.5
145622.9
145800
145820.1
145978
146096.2
146183.3
146184.7
146207.6
146313.1
146397.2
146418.6
146469.4
146511.4
146554.5
146573.4
146616.7
146754.5
147133.4
147270.6
147371.9
147376.7
147387.8
147575.1
147678.8
147968
147975.9
148080.4
148146.5
148173.6
148279.8
148799.8
148855.6
148892.6
148997.5
149244.7
149382.4
149415.8
149628.7
149630.3
149797.7
149813.9
149828.8
149891.6
150057.3
150129.7
150244.3
150307.3
150333
150458.4
150470.4
150511.2
150774
150795.6
150970.6
151082.9
151097.7
151099.1
151139.4
151410.4
151532.5
152021.3
152059.9
152101.9
152738.2
152745.1
152752.6
152919.8
152936.9
152949.8
152979.5
152987.8
153168.5
153547.1
153603.1
153824.5
154013.3
154086.4
154119.5
154311.4
154510.3
154527.3
154529
155224.6
155583.1
155687.7
155717.2
155880.1
156076.9
156144.2
156190.3
156340
156354.5
156504.7
156614.3
156614.4
156737.8
156982.3
157163.1
157343.8
157364.3
157443.6
157489.3
157497.8
157911.7
158003.2
158053.9
158177
158424.7
158428.2
158448.5
158468.3
158501.1
158759.5
158885.9
158958
159305.2
159502
159503.4
159639.7
159703.8
159750.9
159903.2
160101
160521.2
160619.4
160762.4
160915.5
161251.4
162151.2
162276.8
162301.1
162366.4
162489
162541.2
162602.2
162612.6
163331.2
174602.8
174739.4
174807.3
174832.9
174848.8
175004.5
175795
175942.4
176016.3
176081.4
176170.2
176231.7
176246.1
176453
176611.3
176920.4
177386.4
177415.8
177429.1
183489.5
183499
183554.5
187439.3
187772.5
188292.3
194344.7
195600
195846.4
195958.1
196041.9
196127.1
196128.7
196275.1
196303.6
196340.7
196366.3
196370.9
196407.8
196408.3
196498.9
196520.2
196533
196647.4
196691.3
196691.9
196695.4
196773.8
196832.4
196930.2
196981.2
196983.3
197055.8
197078.3
197079.5
197204.2
197218
197271.5
197341.2
197391.1
197397.4
197399.3
197411.1
197427.1
197428.3
197462.8
197537.4
197561.5
197566.6
197720.3
197803.7
197833
197841.9
197861.9
197892.8
197912.6
198052.6
198088.5
198176.9
198198.2
198268.3
198335.3
198534.2
198539.3
198635.6
198666.2
198740.2
198764.5
198809.7
198819.7
198859
198874.3
199003
199003.6
199016.6
199054.4
199148.9
199173.5
199187.8
199287.1
199350.3
199374.7
199383.9
199418.6
200172.3
201182.4
201423.7
202013
202103.7
202373.6
202874.6
202893.2
203527.7
205492.8
205534.4
205550.6
205590.5
205632.3
205698.3
205743.3
205911.8
206189.6
206329.2
206364.5
206472.4
206500.3
206558
206572.9
206674
206722.5
206823.3
207087
207133.8
207134.4
207139.5
207143.2
207305.6
207794.9
208269.8
208413.7
208589.9
209720.7
209963.9
210245.5
212183.8
212312
212567.8
212584.5
212697
212717.8
212745.1
212771.8
212774.9
212885.3
213428.1
213436.6
214217.4
214255.8
214312.9
214367.9
214390.3
214438.7
214562.4
214650.1
214670.8
214686.6
214745.7
214896.3
214942.6
215101.1
215434.4
215477.9
215616.6
216272.5
216737.1
217123.1
217128
217180.4
217246.2
217269.9
217309.7
217613.3
217705.5
217723.5
217837.2
217868.5
217965.9
218099.1
218132.2
218135.2
218218
218243.5
218644.5
218740.1
218867.9
218873.3
219099
219138.6
219241.3
219303.6
219380
222788.7
222872.7
223061
223130.9
223226.7
223266.6
223279.8
223372.8
223479
223502.4
223517.3
223534.5
223580.1
223592.1
223689.2
223741.9
223799.5
223908.5
224059
224102
224132.4
224149.3
224242
224345.8
224383.1
224885.9
225004.1
225006.4
225011.7
225193
234623
234681
234713.7
234776.7
234810.2
234862.5
234971.8
235110.3
235168.6
235267.6
235373.1
235548.3
235582.8
235701.9
235745.5
235804.1
235835.9
235860.2
235920.1
235991.6
236027
236296.7
236375.6
236497.1
236569.1
236575.6
236746.3
236835.8
237481.1
237572.3
237580
237763
238410.8
238457.5
238640.2
238682.6
238741.5
238786.1
238826.5
238861.8
238922.7
239057.3
239098.4
239107.3
239120.8
239125.3
239164.3
239183.2
239341.8
239345.1
239357.5
239435.1
239657.8
239680.1
239760.6
239764.9
239822.2
239860.2
239951.2
240105.2
240160.7
240176.4
240224.4
240341.3
240675.2
240878.9
241118.1
241367
241384.7
241439.5
246997.9
247083
247237.4
247316.5
247355.9
247395.7
247488.9
247516.6
247529
247542.6
247570.9
247572.1
247574.3
247621.2
247636.8
247648.7
247708.3
247823.2
248121.7
248171.4
248338
248637.1
250693.6
250814.7
251263.1
251303
251417.4
251422.6
251665.8
251789.6
251807.3
251848.8
251871.1
251928.9
252147.2
257251.4
257983.3
267248.9
268107.1
268172.4
268295.2
268333.2
274156.4
277440.9
287246.3
299122
299238.4
299241.6
299305.8
299344.7
299417.6
299440.3
299452.2
299564.4
299576.3
299577.1
299617.2
299706.4
299857.8
299864
299875
299884
299938.7
299942.5
299952.8
299983.7
300019.1
300056
300086.5
300122.8
300130.9
300232.8
300379.9
300386.2
300405.8
300479.3
300482.8
300589.3
300785.7
300816.2
301426.9
301433.8
301671.3
303850.4
303955.2
303968.3
304133
304289.4
304418.4
304595.1
304668.3
304682.2
304872.5
304967.3
305018.2
305180.9
305433
305592.4
305766.8
305898.2
305923.6
305933.7
305950.8
305977.1
306035.2
306341.2
306356.9
306442.9
306475.8
306490.2
306604.3
306724.3
306738.5
306751.2
306757.4
306759.1
306788
306791.7
306879.5
306900
306903.8
306951.9
306987.9
306996.4
307002.7
307017.4
307075.5
307091.5
307123.4
307247.5
307287.5
307361.4
307391.9
307398.8
307418.9
307504.9
307546.7
307591.6
307602.6
307620.9
307745.1
307838.7
307886.8
307904
308114.9
308116.9
308313.7
308398
308415.6
308455.4
308518.3
308635.1
308786.5
308891
308961.6
309075.5
309088.8
312033.9
312094.7
312247.2
312296.6
312431.2
312503.4
312503.7
312612.3
312644.6
312801.1
320137.4
320150.5
320159.6
320235.7
320357.3
320469.3
320565.3
320607.2
320663.8
320681.8
320718.3
321108.7
321226.5
321272.3
321339.9
321415.9
321527.5
321723.1
321759.8
321801.6
321862.3
321891
322045.3
322074.4
322473.4
322704.3
322752.8
322765
322861.9
322903.9
323331
323512.1
323590
323822.2
323842.9
323906.8
323930
324103.8
324161.7
324168
324264.1
324270.3
324349.2
324448.5
324713
325082.5
326835
327202.8
327815.8
327926.5
327964.2
328029.6
328052.4
328923
328980.3
329003.5
329108.1
336691.5
336787.3
337101.6
337168.7
337189.8
337236
337268.1
337333.8
337440.3
337478.5
337482.9
337704.4
337743.3
337785.4
337801.4
344276.2
346010.7
346087.2
346443.7
348935.5
348951.4
349015
349032.9
349262.5
349349.4
349445
349463.6
349537.7
349679.9
349688.4
349787.7
349815.9
349849.3
349938.8
350084.2
350204.9
350363
350486.7
371862.3
372700.6
372838.5
372867.2
375887.4
375913.2
375930.4
375940.9
375951.8
376127.9
376135.8
376171.2
376208.4
376249.6
376270.8
376288.1
376312.1
376318.7
376340.2
376357.4
376484.3
376556.6
376577.3
376629.6
376654.7
376877.2
376939.9
376994.9
377081.5
377093.5
377120.6
377266.5
377341.5
377378.4
377441.6
377443.6
377493.7
377515.6
377527.2
377553.9
377565.2
377575
377590.1
377613.9
377781.2
377792.9
377808
377816.6
377852.1
378019
378022.5
378080.8
378101.8
378148.2
378165.1
378235.1
378254.3
378292.4
378337.6
378390.9
378609.3
378633.6
378675.2
378685.6
378730.5
378815.5
378873.2
378894.6
378994.4
379086.9
379155.6
379235.8
379290.1
379305
379305.8
379422.8
379496.4
379498.5
379622.7
379632.3
379635.6
379688.2
379698.2
379730.9
379739.8
379755.6
379776.8
379848.7
379867.1
379927.7
379944.7
379966.9
379977.8
380123.6
380187.8
380198.3
380225
380251
380264.4
380421.7
380452.8
380491.8
380573
380624.9
380683.2
380745.1
380773.8
380798.8
380816.5
380956.8
381102.1
381121.9
381158.3
381181.3
381187.1
381210.1
381364.4
381399.8
381413.2
381449.4
381479.1
381559.3
381574.5
381585
381610.7
381618.3
381750.8
381815.1
381845.7
381896.5
381915.5
381928.3
381987.1
382081.9
382199.7
382262.8
382284.2
382363.8
382374.8
382392.2
382419.8
382469.7
382471.8
382492.4
382498.6
382554.8
382690.1
382695.4
382717.1
382723.2
382750.9
382811.8
382836
382844.3
382845.1
382865.8
382899.7
382901.7
382905.2
382948.6
382965.5
382996.5
383009.5
383025.5
383066.5
383179.4
383225.1
383257.1
383299.6
383309.9
383400.8
383564.9
383587.2
383649.2
383668.8
383678.4
383700.7
383777.2
383783.1
383813.9
383966.1
383967.9
384044
384044.2
384149.9
384186.8
384211.1
384311.1
384313.4
384352.6
384354
384434
384496.3
384566.4
384596.9
384649
384857.3
384880.1
384894.8
384947.6
385140.5
385156.9
385196.4
385257.6
385279.8
385354.1
385358.1
385371.1
385390.8
385452.3
385483
385550.6
385578.4
385584.7
385665.2
385753.8
385759.5
385767.9
385774.2
385777.3
385851.9
385867.8
385974.4
385992
386031.4
386044.8
386071.6
386078.8
386119.8
386141.2
386142.2
386185.9
386231.3
386257.3
386263.9
386267.1
386317.6
386333.1
386343.6
386344.5
386406.1
386414.7
386473.5
386503
386515.9
386547.2
386576.5
386604.6
386606.1
386647.8
386648.3
386741.6
386794.5
386925.4
386974.9
387031.3
387078.7
387116.8
387125.8
387189.3
387219.6
387229.2
387345.2
387398.7
387435.7
387467.5
387521.9
387682.3
387693.9
387698.7
387746
387755.7
387794.9
387869.7
387924.1
387943.9
388011.6
388170.8
388215.7
388259.4
388320.1
388328.5
388347.1
388388.2
388440.1
388458.8
388627.7
388659.8
388731.1
388748.2
388803.5
388842.3
388967.5
388980.9
388983.5
388999.3
389018.3
389078.2
389088.8
389110.3
389130.6
389189.6
389204.5
389232.1
389269.1
389307.8
389330.7
389366.4
389389.8
389453.5
389539.6
389625.3
389681.5
389701
389773.3
389831.1
389897.8
389926.4
390092.8
390210.2
390219.7
390243.8
390281.2
390283.9
390303.5
390350.7
390453.8
390503.8
390642
390646.4
390851.7
390888.8
390889.7
390936
391165.1
391332.5
391346.7
391384.8
391395.6
391398.9
391401.6
391551.4
391617.9
391650.9
391696.8
391781.9
391881.8
391900
392046.2
392092.5
392163.2
392173
392210.6
392215
392220.8
392304.2
392495.2
392562.1
392660.7
392661
392700.5
392709.2
392860
392874.3
392907
392971.2
393039.5
393051.3
393055.4
393119.6
393223
393298.5
393316.7
393338.2
393433.4
393474.9
393488.4
393635.2
393676.4
393680.8
393683.5
393767.6
393800.4
393877.8
393905.1
393966.3
394050.6
394060.3
394081.7
394096.6
394149.9
394194.8
394337.3
394341.6
394350.3
394391
394466.9
394594.5
394597.1
394640.9
394641
394694.2
394753.9
394905
394991.2
395085
395095.5
395192.7
395222.8
395288
395300.8
395316.3
395384.7
395463.8
395501.7
395582.3
395604.9
395702.1
395890.2
396009.9
396053.6
396138
396146.2
396161.8
396206.8
396311.8
396377.8
396626
396783.4
398464.7
398887
399126.9
399360.6
399425.5
399440.4
399442.8
399541.2
399547.4
399609.2
399634.2
399745.9
399765.2
399771.1
399982.9
399990.6
400039.1
400077.6
400092.7
400115.3
400178.4
400209.8
400300.1
400348.5
400440
400462.9
400507.7
400537.9
400566.7
400628
400651.7
400664.5
400743.8
400835.3
400982.6
401052.1
401110
401126.7
401266.8
401282.8
401309.9
401346.7
401441.9
401442.8
401456
401486.9
401528.7
401590.5
401609.1
401650.4
401652.7
401725.7
401795.3
401930.6
402073.7
402287.7
402296.7
402308.4
402330
402341.9
402417.3
402507.1
402683.7
402693.4
402782.9
402850.1
402855
403002.9
403009.1
403369.1
403376.4
403631.8
403740.5
403775.2
403863.1
404058.4
404260.1
404341.5
404471
404545
404612.1
404647.4
404661
404731.5
404761.6
404763.8
404798
404827.4
404828.2
404847.6
404854
404885
404905.6
404981.4
405018.8
405043.6
405083.9
405222.1
405239.5
405258.1
405331.4
405375.5
405466.5
405556.3
405565.6
405597.2
405637
405643
405668.3
405831.8
406126.2
406136.7
406258.6
406273.2
406340.6
406371.3
406400.9
406401
406420.5
406509.3
406558.6
406610.3
406616
406677.6
406698.4
406725.1
406753.7
406794.4
406813.7
406848.7
406929.3
406938
406964.4
407060.3
407077.4
407294.3
407304.5
407429.3
407472
407482.8
407610.2
407617.5
407628.1
407700.9
407707.4
407708.2
407790.3
407850.6
407879
407879.1
407913.9
407938.1
408283.5
408292.1
408350.5
408394.7
408419
408427.3
408428.6
408477.8
408482.3
408564
408598.5
408615.9
408657.4
408661.7
408752.4
408807.8
408824.4
408850.5
408947.1
408952.6
408976.7
408994.1
409029.6
409041.7
409043.3
409077.8
409126.7
409341.6
409346.3
409381.2
409385
409386.3
409397.2
409561.8
409607.4
409633.6
409737.6
409874.1
409879.2
410060.1
410116.7
410133.1
410193.4
410272.3
410331.5
410364
410384.3
410392.6
410536.6
410544.7
410555.4
410669.9
410737.1
410780.9
410787.8
410897.4
410948.8
411072.2
411081.1
411122.6
411262.9
411294.7
411298.7
411354.3
411370.3
411377.4
411387.9
411476
411533
411563.7
411613.8
411696
411801.5
411806.9
411989.1
412067
412081.4
412119.5
412288.4
412427.4
412499
412523.7
412578.3
412597.7
412694.4
412756.7
412808.8
412809.5
412958.7
413200.6
413212.1
413342.4
413343.8
413535.1
413927.6
414105.8
414439.7
414452.6
414725.6
414777.9
414845.8
414887.9
414937.6
415023.8
415034.9
415035.4
415046.5
415123.2
415327.7
415458.3
415535.2
415604.4
415660.7
415664.9
415668.1
415711.3
415796.5
415808.2
415850.4
415871.1
415910.9
415926.6
415939.9
415993.7
416072.5
416074
416091.9
416217.8
416542.7
416625.2
416657.6
416702.4
416822.6
416824.6
416876
416907.9
416938.9
416980.9
417060.2
417061.6
417096.6
417100.6
417112
417152.8
417172.3
417243.2
417250.7
417277
417293.7
417301.5
417432.7
417445.1
417499.7
417537.1
417540
417597.1
417623
417791.7
417871.8
417880.2
417948.1
418026.1
418050.9
418087.6
418424.1
418572.1
418693.2
418701.7
418824.7
419732.3
419854.6
419856.8
419884.5
419962.3
421295.4
421645.7
421657.8
421685.5
421746.6
421923.7
421951.1
421959.2
422051.4
422314.1
422417.3
422437.4
422541.7
422545.6
422560.8
422566.2
422737.5
422778.8
422788.3
422793.7
422798.1
422828.9
422901.6
423022.2
423095.5
423187.2
423215.5
423225.2
423258.9
423265.8
423333.2
423366
423425.4
423621.1
423711.8
423718.1
423896.9
424133
425038.1
425144.7
425227.5
431203.1
431443
431858.2
431911.9
432101.2
432213.5
432264
432407.3
432453.1
432543.9
432567.5
432612.9
432640.5
432706
432794.4
432940
433138
433197.1
433263
433689.2
433766.3
434048.4
434108.7
434147.5
434302.3
434307.6
434313.9
435470.1
435544
435804.7
436142.9
436190.5
436250.3
436666.5
437080.9
437197.7
437229
437241.1
437321.3
437336.4
437526.8
437586.1
437665.9
437896.4
437997.1
438019.7
438058.2
438460.5
438750.2
438791.6
438863
439000.7
439005.1
439575.7
439917.8
440209.7
440549.9
446430.4
451126.4
451150.8
451162.1
451227.2
451244.1
451250.4
451259.4
451271.9
451273.4
451310.2
451345.4
451379.4
451394.8
451442
451481.1
451704.4
451828.2
451868.4
452197
452304.3
453311.9
453369.3
453376.5
453391.4
453438.4
453636.6
453898
453961.1
454000
454125.2
454156.4
454336.7
455707.2
463981.7
464163.8
464167.6
464195.4
464230.3
464267.4
464293
464422.8
464589.9
464611.1
464796.7
464850
464927.6
465064.6
470906.2
471203.2
471214.6
471522.7
471860.1
471933.9
472075
472133.1
472242.4
472267.6
472604.3
472623.3
472628.1
472691
472735
472742.5
472769.4
472801.6
472821.4
472994.7
473026.2
473078.2
473162.7
473162.8
473201.2
473215.7
473232
473288.6
473296.1
473306
473312.7
473315.3
473384
473396.3
473399.7
473411.7
473415.6
473419.1
473473.8
473486
473525.2
473557.5
473592.9
473671.5
473682.5
473692.2
473815.4
473841
473966
474098.4
474122.8
474126.6
474142.1
474148.9
474180.6
474197.4
474220.4
474232.1
474388.3
474398.7
474403.4
474589.6
474626
474637.8
474697
474707.9
474724.9
474807.6
474864.9
474910.3
475010.9
475041.3
475061.8
475095.2
475181.4
475225.7
475229.1
475237.1
475274.3
475349.6
475406
475450
475496
475627
475797.8
475938.5
475957.1
475958.8
476014
476030.3
476035.9
476079.7
476193.7
476222.3
476296.5
476302.7
476615.2
476641.8
476841.8
476853.1
476861.7
476977.2
477035.4
477079.2
477118.1
477217.4
477248.3
477491.7
477585.3
477809.9
477871.3
477909.4
477961.6
477982.4
477985.2
478007.7
478076.1
478131.4
478337.2
478369.9
478435.6
478511.5
478546.2
478634.6
478730.9
478747.7
478765.6
478903.6
478933.3
478954.3
478959.8
480234.3
480482.3
480573.6
481961.5
482007.3
484978.8
485017.2
485064.8
485250.1
485254
485314.7
485334.7
485514.1
485547.4
485735.5
485747.6
485836.1
485874
485879.6
485931.3
486026.4
486032.2
486038
486139.1
486204.8
486221.4
486295.2
486381.4
486415.6
486436
486448.9
486454.8
486503.7
486527.8
486541.3
486561.6
486583.7
486640.2
486682.8
486702.5
486731.8
486769.8
486799.4
486844.6
486851.8
486933.5
486988.1
487036.5
487061.2
487102
487111.3
487159.5
487260.7
487335.8
487357.8
487365.1
487468.1
487472.6
487538.2
487539.9
487607
487611.8
487625.2
487644.3
487746.7
487776.3
487794.5
487828.5
487860.3
487864.8
487968.2
488009.1
488025.8
488096.8
488219.4
488231.7
488315.5
488318.2
488331
488368.4
488410.9
488488.1
488507.3
488517.6
488520
488531.6
488544.7
488554.6
488575.3
488650.2
488681.4
488713.8
488744.5
488772.2
488784.8
488825.7
488898.3
488920.5
488941.4
488942
488956.6
488961.7
488976.3
489029.7
489059.5
489094.5
489099.8
489152.5
489194
489266.5
489301.7
489332
489341.7
489350.7
489362.7
489387.4
489440.8
489450.7
489477.2
489533.2
489564.9
489603
489639.1
489735.8
489744.9
489788.1
489804
489810.5
489822.2
489869.4
489880.6
489944.1
490034.7
490092.7
490105.8
490192
490199.2
490219.4
490321.5
490328.2
490470.5
490475.4
490494.8
490609.8
490673.8
490686.5
490698.1
490716.4
490757.1
490758.9
490768.8
490781.4
490873.3
490897
490901.7
490970.5
491110
491163.6
491362.5
491397.2
491440.2
491491.4
491512.4
491528.8
491529
491605.8
491631.2
491662.9
491760.6
491764.7
491839.9
491865.8
491914.6
491951.3
492004
492024.2
492150.5
492175.5
492214
492252.5
492256.4
492300.5
492307.8
492318.6
492319.4
492396
492467.5
492521
492575
492594.8
492645.1
492650.2
492753.1
492859.6
492880.2
492881
492886.9
492888.4
492969.4
492972.5
493005.3
493013.9
493053.8
493087.2
493140.4
493198.3
493225.5
493265
493302.4
493337.6
493421.9
493434.5
493457.8
493464.1
493690.5
493704.9
493711
493723.8
493738.1
493739.3
493739.8
493867.5
493901.4
493960.3
494006.4
494084.8
494129.2
494151.8
494195.2
494290.1
494326.3
494409.6
494416.5
494418.9
494446.5
494453.5
494459.2
494475.8
494529.3
494576.8
494651.2
494727.6
494815.6
494823.2
494825
494841.1
494854.6
494874.9
494903.6
494960.4
494961.4
494994.5
495034.6
495042.7
495155.5
495304.7
495331.2
495441.3
495467.5
495472.6
495508.3
495521.7
495537.6
495560.6
495669
495717.1
495763.8
495772.3
495879.7
495953.8
496000.2
496010.6
496040.2
496081.1
496101.5
496162.9
496284.9
496392.4
496563.7
496585.9
496596.5
496603.9
496702.7
496839.6
496874
496885.9
496972.8
496980.1
496990.7
497009.2
497016
497186.9
497226
497251.5
497283.3
497425.6
497458
497485
497545
497562.3
497585.1
497588.2
497613.7
497724.2
497725.6
497808.2
497848.6
497886
497926.7
497976
497998.3
498054.8
498181.5
498272.1
498292.7
498303.2
498329.5
498360
498393.4
498405.2
498500.7
498534.2
498580.6
498597.1
498683.1
498691.7
498705.9
498706.3
498754
498756.9
498764.2
498916.1
498923.8
498939.8
498961
499025.6
499046.7
499052.6
499227.1
499237
499247.6
499257.7
499273.5
499295.1
499411.5
499462.9
499547.9
499598.6
499612
499612.2
499636
499668
499697
499708.1
499768.4
499826.4
499925.3
499948.7
499998.5
500016
500018.5
500045.1
500051.4
500056.7
500075
500078.4
500102.5
500103.8
500130.7
500145
500159
500174.7
500203.4
500229.1
500412.2
500513.3
500585.9
500586.8
500596.2
500633.3
500711.6
500786.7
500796.1
500797.4
500883.4
500913.8
500950.1
500961.1
500982.6
501022.4
501049.3
501101.3
501113.6
501193.3
501301.9
501336.7
501351.7
501358.4
501380.3
501386.4
501415.2
501491.8
501521.2
501571.8
501584.9
501612.8
501645.5
501662.9
501710.5
501724.2
501729.4
501750.9
501760.1
501824.5
501842.1
501851.6
501867.8
501960.9
502006.3
502021.8
502074.3
502129.4
502244.3
502297.5
502301.1
502322.2
502336.6
502338.4
502380.1
502450
502512.6
502526.2
502557.4
502578.4
502666.6
502709.7
502710.4
502737.9
502809.7
502860.7
502882
502906.5
503081.8
503118.7
503139.7
503154.5
503213.8
503263.5
503390.6
503485.7
503496.2
503500
503611.2
503623.2
503642.4
503671.9
503686.9
503701.6
503726.2
503768.5
503795.1
503814.4
503878.6
503886.9
503935.1
503964.2
503981.7
504010.6
504027.9
504043
504097.8
504179.4
504180.6
504191.6
504266.4
504284.4
504361.8
504434.8
504502.7
504505.9
504560.9
504583.3
504630.2
504663.8
504674.5
504722.9
504755.1
504768.8
504861.2
504979.9
505029.2
505109.7
505165.8
505166.1
505176.7
505180.4
505348.1
505426.3
505478.3
505479.7
505644.4
505695.4
505731.2
505745.8
505805.1
505836.5
505847.9
506080.4
506164.5
506212.8
506279.9
506321.2
506369.5
506443.5
506446.8
506476.5
506489.2
506492.5
506495
506516.9
506522.1
506561.6
506578.2
506606.6
506617.5
506632
506638.6
506674.8
506685.8
506721
506777.9
506791.7
506817.8
506901.6
506975.4
507037
507044.3
507081.7
507090.1
507134.3
507172.6
507244.8
507465.2
507594.7
507721.1
507814.4
507839.2
507878.1
507905.9
507961.4
507978.9
508112.7
508174.7
508195.4
508218.6
508383.5
508728.4
508793.4
509138.2
510105.6
510449.6
512570
512575.4
512696.3
512740.2
512751.9
512782.5
512821.7
512834.1
512883.9
512962.6
513107.9
513118.9
513133.5
513233.9
513255.8
513311.7
513324.3
513325.9
513361.3
513377.6
513403.6
513424.3
513453.4
513470.3
513487
513755.4
513834.1
513868.3
513979.8
513980.3
514000
514027.4
514029.6
514094.6
514137.9
514168.5
514301.5
514369
514394.9
514413.9
514419.3
514420
514462.9
514510.1
514524.5
514590.7
514640.1
514756.9
514950.6
514987.2
515059.3
515168.8
515221.2
516319.2
516427.6
516684.5
516822.9
516849.3
516890.5
516903.7
517034.9
517058.6
517085.1
517196.4
517411.8
517607
517726.3
518528.6
539216.9
539448.4
539573.1
539649.3
539693.7
539710.9
539814.5
539846.3
539861.8
539913.7
540004.8
540057.9
540073.3
540125.8
540176.7
540193.9
540202.2
540234.6
540344.4
540434.2
540456.8
540572.6
540804.2
540993.9
541429
542293
547658.8
547730.7
547856.4
547864.8
547866.2
547920
547928.7
547992.7
548045.7
548103.9
548113.7
548149.7
548185
548210.9
548265.3
548439.2
548840.2
550406.4
550922.9
551021.2
551110.4
551414.6
551447.4
551588.3
551675.7
551708
551727.6
551750.7
551753.3
551803.3
551900.1
551953.8
551962.8
552088.6
552532
554279.9
558944
559039.2
559183.6
559188.1
559258
559296.5
559305.8
559347.7
559361.6
559362.2
559366.4
559395.3
559417.2
559446.5
559501.3
559502.4
559605.7
559673
559691.9
559702.1
559704.8
559712.6
559716.7
559793.8
559849.4
559863.8
559878.4
559878.8
559971.8
560040
560105.3
560197.1
560216.3
560293.9
560351.2
560360.9
560377.3
560440.3
560498.1
560515.6
560595.5
560685.8
560687.7
560703.5
560872.9
560914.8
560926.4
560939
560960.2
560976.3
561002.8
561029.4
561045.2
561125.8
561149.7
561170.8
561176.4
561200.9
561312.7
561362
561378.8
561458.9
561524.6
561605.6
565215.9
567823
567863.5
567896
567907.4
568050.1
568097.4
568123.2
568139.4
568165.4
568216.3
568227.3
568232.7
568304.9
568337.2
568364.5
568371.8
568436.8
568479.8
568522.4
568658.1
568672.7
568834.1
568844.1
568953
569113.2
569115.8
569208.6
569262.2
569276.9
569348.5
569372.8
569393.7
569422.9
569425.9
569470
569486.3
569507.6
569520.9
569523
569560.2
569686.2
569742.8
569749.4
569751.9
569754.7
569781.1
569790.8
569847.5
569848.1
569933.6
569951.4
569973.2
569975.3
570022.8
570090.1
570109.2
570146.6
570280.4
570286.6
570377.6
570441.2
570464.5
570474.3
570480
570505.1
570517.4
570568.2
570602.4
570666.3
570713.4
570723.9
570746.4
570749.5
570807.2
570834.6
570848.9
570868.9
571005.2
571110.9
571245
571337.3
573269.4
575697.7
575744.2
575747.4
575776.2
575915.4
575950
575955.9
576038.2
576084.4
576140.7
576192.3
576217.6
576237.5
576260.6
576331.2
576358.8
576389.2
576393.6
576706.1
576752.7
576791.1
576856.5
577189.3
577218.9
577337.5
584026.3
585503.2
585578.3
585837.6
585959.8
586042.9
586089.2
586108.1
586122.4
586226.7
586245.3
586420.2
586425.4
586483
590833.9
591090.7
591116.4
597121.2
597693.3
597959.3
598124.4
598195.4
598200.3
598231.1
598466.7
598534.8
598622.3
598774.7
598812.4
598943.6
599348.6
