1908.4
2310.8
7259.8
7268.4
7271.2
7439.5
10857.8
10938
10940.9
10942
10955.6
10978.8
11017.1
11049.3
11151.7
11174.2
11178.2
11206.8
11264.1
11307.5
11503.8
11616.4
11643.2
11655
11663.7
11700.1
11772.3
11885.7
12002.4
12967.4
19003.6
19033.4
19035.9
19090.5
19137.8
19193.2
19217.3
19320
19630.6
19664.8
19910.2
19941.1
19965.6
19999
20002.8
20062.2
21190.6
21462.7
21477.3
21483.1
21577.3
21749
21800.5
21845.6
21845.7
21846.6
21986.7
22103.3
22119.9
22150.5
22282.6
22445.9
22447.5
22775
22776.7
22843.1
22929.7
22939.8
24888.8
25992.3
26225.9
26636.6
27088.2
27443.8
27509.9
35705
42347.8
43236.9
43519.6
43527.4
43529.5
43849.1
43874.9
43891.5
43949.2
52227.5
52238.4
52296
52318.1
52388.3
52404.8
52459.1
52549.9
52601.3
52612.7
52663.6
52686.2
52761.2
52813.2
52851.3
52908.5
52911.6
52930.5
52939.1
52997.8
53027.3
53032.6
53052.2
53148.7
53160
53175.7
53196.6
53328.1
53450.9
53461.2
53541.2
53629.2
53646
53692.1
53712.8
53782
53827.5
53903
53976.6
54069.9
54118.4
54135.9
54206.1
54212.6
54301.7
54332
54344.2
54447.2
54479.6
54482.3
54558.4
54603
54628.4
54736.9
54738.2
54763.1
54829.6
54833.7
63916.2
64137.5
64168.8
64395.1
64419.6
64458.3
64505.4
64583.4
64636.6
64754.3
64842.4
64874.1
64903.6
64936.9
64946.9
64970
65000.1
65050.5
65152.9
65162
65264.7
65267.8
65541.3
68417.4
68496.9
68661.6
68749.1
69042.4
69238.2
70818.7
70929.7
70965.5
71185.4
71361.7
71373.2
71435.6
71495.2
71505.5
71666.1
71804.9
71808.3
71811.8
71812
71829.5
71864.8
71974.6
71985.3
72107.5
72128.3
72131.8
72133.8
72151
72200.5
72210.7
72455.3
72480.7
72560.3
72566.4
72580.6
72600.2
72619.5
72623.6
72632.3
72666.3
72831.7
73259.4
73363.6
73736.5
78845.3
78861.1
78957
79071.3
79212.6
79343.2
80036.1
80113.4
80388.6
80529.7
80590.9
80623.2
80690.9
80805.4
80854.9
80993.9
81029.7
81052.3
81211.8
81379.6
81387.6
81425.7
81471.9
81573.1
81579.4
81595.4
81604.4
81700.7
81802.2
81936.7
81999.7
82043.9
82075.1
82623.7
83405.5
83461.2
83466
83624.4
83654.3
83680.9
83683.2
83746.8
83802.4
83859.5
83994.8
84018.4
84046
84144
84195.6
84399
88605.2
89658.5
89673.5
89818.8
89949.1
89978.9
90144.3
90163.2
106320
106335
106677.4
107006.4
115546.1
116044.5
116081.1
116336
116723.9
117032.9
117227
117337
117634.5
117640.1
117734.3
117816
118574.6
118668.1
118735.9
118784
118831.4
118876.9
118896.6
118926
119182.4
119243.7
119248.2
119292.1
119496.6
119505.9
119510.6
119529.6
119550.8
119675.6
119686.1
119703.4
119717.9
119773.2
119834.3
119934.3
120291.4
120350.1
120737
121002.2
121030.8
121382.9
124761.7
124962.5
125115.2
125132.1
125184
125255.3
125430.7
125455.5
125459.1
125512.3
125575.1
125880
125891.6
125984.2
126047.3
126074.6
126111.3
126118
126139.5
126219.3
126219.4
126316.3
126369.4
126505.8
126509
126516.9
127011.1
127012.6
127100
127107.1
127153.3
127262.7
127316.7
127394.8
127490.1
127517
127563.8
127568.9
127682.1
132175.9
132259.7
132554.5
132572.8
132788.4
132832.4
133060.4
133202.3
133309
133557.1
133757.5
134085.7
134131.6
134195.8
134393.2
134441.5
134570.2
134588
134641.2
134647.4
134724.3
134836.1
134916.9
134958.5
134998.9
134999.6
135020.2
135072.4
135123.9
135229.8
135391.8
135405
135437
135441.5
135454.5
135485.5
135505.4
135537.5
135565.3
135665.2
135695.9
135705.7
135752.8
135861.2
135866.7
135880.6
135930
135931.9
135962.8
135975.4
136108.9
136172.3
136227.4
136340.2
136349.9
136407.1
136413.8
136442.9
136610.1
136654
136696.1
136726.3
136764.6
136800.3
136817.4
136818.3
136911.8
136929.1
137012
137038.2
137078.5
137093.9
137192.2
137198.6
137381.2
137388
137435.6
137452.5
137458.8
137535
137539.1
137585.4
137707.6
137750.2
137763.3
137794.2
137843.2
137996.4
138065.6
138122.8
138152.5
138188.4
138243
138283.6
138320.2
138357.5
138378.9
138420.6
138471.6
138486.5
138702.4
138846.5
138865
138963.7
138993.5
139036.2
139065.7
139108.2
139125.2
139211.4
139493
139516.7
139522.2
139978.3
139993.8
140514.5
140643
140650.1
142715.3
143285.3
151187.6
154365.2
154446.9
154926.7
155275.6
156292.2
156559
157453.9
157497
158756.6
160012.2
160987.8
161066.4
161111
161116.6
161165.6
161169.9
161207.7
161224.8
161279.7
161316.3
161361.6
161451.2
161602.2
169040.2
185276.1
186985.9
187098.4
187286.1
187333.7
187407.6
192937.4
192995.2
193230.8
193236.5
193406.8
193437.7
193642.1
193643.4
193651.7
193723.9
193780.4
193856.5
195076.8
195106.6
195137.1
195244.5
195252.7
195318.5
195352
195382.8
195566.1
195615.3
195639.5
199991.3
201522.2
202134
205690
205926.8
205952.2
205996.6
206037.4
206182.1
206249.1
206303.9
206533.7
206535.2
206780.2
206804.8
206937
207148.7
207240.7
207370.3
207437.5
207550
207609.2
207659
207804
207817.6
207869.1
207922.7
207956.9
207970.9
207998.3
208084
208099.8
208103.3
208182.7
208190.7
208287.9
208477.3
208478.2
208517.9
208696.6
208714.9
208718.3
208769.5
209065.9
209186.3
209209.6
209211.2
209216.6
209231.7
209234.5
209234.6
209269.2
209324.7
209354.6
209357.1
209381.9
209430.3
209545.2
209585
209675.6
209767.5
209813.5
209816.9
209904.1
211932.7
212078.5
212111.7
212313.1
212340.4
212405.6
212408.6
212435.3
212470.8
212472.2
212527.4
212536.4
212576.1
212599.8
212712
212935.6
213384.2
217209
217997.8
218023.5
218218.9
218288.2
218302.7
218397
218400
218420.7
218467.4
218468.3
218493.4
218524.8
218527.6
218553.5
218567.7
218628.3
218778.3
218880.6
218925.5
218932.6
218974.3
218981
218999.6
219006.5
219035.3
219045
219061.6
219078.1
219078.8
219088.3
219109.3
219109.8
219126.5
219135.8
219144.9
219175.3
219324.9
219562.5
222408.4
222497.9
222513.3
222732.8
222868.9
224578.5
225274.9
225360.1
225422.3
225644.1
225652.5
225723.2
225913.2
231679.2
231737.2
231744.8
231792.5
231887.1
231903.4
231989.7
232094.9
232246
232418.3
232538.4
232601.9
232632.6
232696.3
232736.7
232849.6
232892.4
232895.3
232932
232964.9
232973.5
232983.3
232990.8
233031.2
233046.4
233086.7
233156.2
233204.7
233284.2
233320
233426.2
233449.8
233513.3
233531.5
233548.5
233604.6
233860.1
233870.3
233913.5
233985.5
233991.7
234055.9
234103.8
234542.7
234725.1
234783.9
236111.8
236196.3
236536.4
237359.1
237642.6
238237.6
238480.8
242733.2
243405.8
243602.1
243680.8
243684.9
243703
243763.6
243869.1
243899.7
243947.6
243979.5
243981.7
243983.6
244040.8
244041.2
244253.4
244791.6
245043.2
245175.6
245241.8
245540.2
245957.4
246205.8
246272.7
246328
246769
246806.5
246919.8
246942.4
246950.8
247190.2
247719.9
247739.5
247912.1
248192
248243.9
248255.3
248344.7
248683.6
248822.7
248835.5
248846.9
248866.6
248987.3
249008.7
249014.4
249041.1
249168.2
249169
249300.6
249381.4
249463.3
249572.1
249576.2
249624.6
249857.8
258995.9
259458
259577.3
268640.4
272842.3
273003.1
273033.3
273037.1
273047.6
273062.6
273118.6
273128.6
273323.5
273408.2
273433.8
273466.7
273540.1
273593.9
273595.4
273599.7
273636.6
273644.6
273645.1
273699.4
273706.8
273712.1
273718.7
273727
273734.7
273763.4
273765.6
273790.9
273796.7
273835.6
273845.8
273874.9
273890.8
273919.5
273995.7
273996.5
274059.6
274094.5
274106.9
274127.6
274656.3
288075.7
288174
288852.2
289782
290770.4
290901.8
291711.2
292078.2
292147.1
292514.4
292565.2
293026.6
293144.1
293654.9
294922.2
294991
295577.9
295620.2
298670
298793.8
298846
298955.8
298998.4
299006.5
299131.5
299175.9
299233.4
299234.8
300430.2
303615.3
303666
303694.2
303717.7
303735.9
303800.5
303830.4
303860.9
303972.6
304088.5
304371.1
304478.3
304495.1
304576.9
304640.5
304803.8
304857.6
305043.1
305050.6
305162.9
305260.6
305903.5
305916.4
305978.3
305982
306060.6
308953.2
308964.6
309107.1
309338.6
309488.7
309505.3
309537.4
309651.4
310100.4
310149.3
310172.1
310216.7
310245.2
310248.5
310358.5
310391
310395.8
310482.4
310876.8
311590.4
311600.5
311688.7
311697
311768.1
311872.1
312005.2
312061
312094.6
312143
312151.7
312171.7
312251.5
312325
312337.4
312453.1
321511.1
321710.7
322065.8
322884.4
322982.6
323097.2
323260.7
323470.3
323505.9
323575.1
323616.7
323659.9
323674.8
323728.9
323770
323914.6
323947.4
323951.8
323987.1
324022.6
324103.2
324126
324134.4
324185
324250.1
324269.6
324337.3
324393.2
324446
324547.4
324656
324664.2
324681.8
324684
324699.5
324720.8
324737.1
324890.8
324966.7
324980.8
326614
326623.2
326630.2
326691.3
326731
326773.4
326908.8
326947.6
326954.7
326982.2
327002.6
327036.9
327117.1
327122.5
327126
327285.2
327427.4
327492.2
327536.2
327551.9
327600.7
327624
327719.8
327733.5
327789.7
327807.6
327818
327880.9
327948.6
327997.2
328101.1
328158.5
328267.4
328536.1
328757.7
328800.9
328850.3
328949.9
328980.6
329010.3
329155.9
329168.3
329223.7
329241.5
329244.1
329251.2
329285.5
329290.8
329318.3
329386.5
329465.1
329494
329514.6
329624.7
329684.6
329686.8
329709.1
329967
332291.5
334297.5
334568.4
336759.4
336923.9
336966.3
336973.6
337000.1
337296.4
337485.8
337514.2
337551.8
337599.9
337663.8
337770.1
337773.8
337850.1
337894.4
337902.6
337920.9
337989.7
343809.9
343927.4
344043.5
344367.9
344435.7
345559.9
345705.9
345732.2
345932.5
345933.7
346105.2
346265.3
346380.5
346503.9
348779.7
365452.4
366236.4
366326.3
366783.6
370094.6
370245.6
370380.8
370565.7
371311.7
371372.1
371716.7
372135.3
372249.6
372258.9
372278.3
374200.5
374842.2
374966.7
374992
374992.1
375056
375211
375323.4
375395.6
375518.3
375683.5
375762.4
375932.4
376149.8
377075.9
379940
380641.6
385698.6
387463.6
392074.1
392271.7
394165.3
394493.4
395012.9
395250.5
395619.7
395694.9
396358.6
396559.8
396566.4
396569.3
396573.5
396601.4
396676.3
396747.8
396778.9
396793.9
396822.2
396826.2
396985.2
396996.1
397002.7
397059.6
397084.3
397134.8
397164.8
397272.2
397274.4
397297.3
397334.4
397360.2
397369.6
397388.9
397399.3
397412.7
397429
397469.2
397550.6
397645.2
397654.4
397661.2
397709.1
397742.2
397750.4
397822
397921.4
397960.5
398250.2
398365.3
398404.7
398565.4
398656.8
398812.5
398831
399132.9
402907.1
403139.3
403158.3
403438.4
403491
403562.4
403578.9
403723
403726.1
403909.1
403936.7
404077.2
404090.3
404356.4
404401.3
404548.6
407741.1
413388.7
414020.6
414184.1
414667.9
415064.1
415064.5
415119.9
415131.5
415143.7
415337.4
415984
418181.6
418371.3
418839.7
418977.7
419002
419065.6
419171.5
419251.6
419258.7
419260.6
419305.4
419421.5
419470.3
419549
419676.7
420173.6
420220.9
420634.2
423235.7
423369
423511.9
423538.6
423613.7
423694
423884.5
423933.6
423956
423981.4
423983.8
424176.2
424179.7
424201.5
424326.4
424382.8
424399.6
424542.9
424590.9
424678.9
424695.6
424722
424758.4
424768.1
424833.9
424938.3
424948.2
425018.8
425025.3
425082.3
425159.4
425167.3
425184.2
425194.6
425237.6
425282.5
425303.4
425328.1
425385
425562.8
427089.5
427516.7
430150.5
430351.7
430358.2
430386.4
430405.9
430553.7
430588.8
430599.4
430617
430656.2
430682.2
430750.1
430765.7
430777.4
430887.4
430967.3
431069.7
431279.6
431385.4
431543.8
431625.5
432951.2
433009.3
433202
433208.2
433266.5
433386.8
433651.9
433764
433927.5
434020.8
434317.5
434428.3
434565.8
434591.2
435166.1
435308.5
435334.4
435405.6
435546.2
435598.5
435726.1
435851.8
436311.3
436413.8
436429.3
436481.4
436662.4
436673.2
436694.2
436985.5
437060.8
437244.4
437244.5
437374.1
437378.4
437641.1
437753.7
437760.8
437875.6
438071.3
438305.5
438377.8
438504.4
438576.4
438584
438588
438654.8
438666.1
438667.3
438808.8
439039.2
439134.4
439147.2
439159.6
439236.5
439360.6
439563.3
439652.2
439752.6
439775.6
439821.5
439969.6
440069.4
440315.9
440563.3
440602.4
440707.3
440736.5
440843.6
440893.7
440906.9
440944.4
440972.9
440985.8
441042.8
441110.8
441163.4
441384.3
441394.3
441397.9
441545.5
441606.4
441617.9
441764.8
442621.4
442719.4
443090.8
443237.6
443448.4
443565.9
444128.1
444559.8
444731.3
444858
444905.5
453285.2
453359.5
453497.7
453520.9
453705.6
453737.6
453753.2
453761.9
453783.4
453791.4
453869.2
454178.9
454770.2
454934.4
455387.6
455452.1
455610.8
455668.7
460286.6
461310.8
461399.2
461562.2
461936.1
463882.4
463898.9
463918.2
464081.7
464085.7
464157.4
464247.6
464399.7
467867.9
467952.3
467989.3
468108.5
468129.9
468178.6
468319.3
468343.3
468466.1
468533.7
468594.1
468618
468629.1
468704.2
468722.1
468772.2
468785.5
468839.1
468904.9
468933.1
469041.5
469059.5
469148.6
469156
469180.1
469264.6
469305.3
469322.3
469333.9
469367
469662.3
469705.8
469734.9
469821.7
469845.9
469876.4
469896.5
469911.7
469933.7
470040.5
470068.9
470096.9
470110.1
470128.9
470138
470224.1
470233
470297.5
470342
470350.1
470375.6
470397.7
470419.9
470434.9
470447.9
470519.8
470577.3
470743.1
470816.1
470950
470977.5
471093
471145.6
471223.1
471225.1
471284.3
471297.5
471487.4
471583.3
471607.9
471789.3
471866.7
472008.4
472168.4
472333.8
472711.5
475636
475735.9
475751.4
476009.9
477103.7
477123.3
477141.9
477499.4
477611.6
477677.4
478057.8
478221.8
478698.3
478853.8
479184.3
479191.9
479202.9
479349.8
479373.3
479420.8
479444.8
479582
479610.8
479648.9
479669.8
479682.8
479689.2
479703.7
479868.2
479901.3
480004.9
480006.4
480169.1
480181.4
480181.7
480194.6
480198.8
480291.2
480294.5
480321
480328.4
480386.6
480448
480494.1
480535.2
480551.6
480587.4
480866.4
480970
481123.8
481474.5
481701.7
481922.2
482038.2
482093.7
482165.8
482174
482351
482393.8
482439.6
482524.6
482549.4
482550.2
482608.3
482621
482747.1
482756.5
482827.7
482896.4
482910.1
482914
482925.1
482959.8
482963.7
482987.1
483096.5
483153.4
483154.6
483161.5
483236
483329.6
483408.9
483459.1
483526
483794.4
483867.5
483903.3
483953.5
483996.5
484011.6
484153
484225.5
484227.8
484332
484352.5
484376.9
484441.3
484453.3
484488.3
484499.3
484596.9
484670.5
484674.3
484711.2
484726.9
484785.7
484792
484957.9
485220.3
485426.5
485428.1
487570.9
488003.3
489036.2
491268.1
492145.5
492171.3
492755.6
492771.4
492909
493458.9
493579.6
494897.4
495109.1
496557.6
497851.9
497910.1
499571.8
500566.8
500782
504096.8
504955.1
505777
505935.3
505969.6
506349.6
506503.5
508128.8
508946.2
509062.5
509451.4
509991.7
510005.1
510043.6
510045.6
510209.4
510328.2
510489.9
510496
510540.2
510641.7
510700.5
510838.7
510982.3
510986.6
511312
511550.4
512840.9
513618.9
513752
513901.2
513987.7
514103.9
514130.2
514266.7
514320.8
514323.3
514447.8
514455.4
514754.4
514827.5
514883.4
514901.7
515002.1
515025.2
515041.2
515065.9
515102.3
515138.3
515147.2
515180.1
515181.4
515183.2
515194.1
515319.3
515334.2
515341.1
515345.9
515355.7
515366.6
515374.9
515410.6
515423.3
515464.9
515492.5
515518.6
515520.4
515595.9
515624.1
515659.9
515721.7
515760.4
515792.8
515793.6
515934.4
515967.2
515968.3
516003.6
516029.2
516071.2
516137.4
516151.1
516248.5
516249.1
516262.2
516275.1
516412.7
516494.6
516516
526393.5
526516.7
527114.6
527117.7
527402.2
527478.7
527493.8
527495.3
527565.3
527638.1
527655.3
527750.8
527856.6
527870.3
527944.5
527995.8
528005.7
528091.7
528323.8
528382
528463.7
528464.4
528537.7
528819.1
528966.8
535267.9
535341.9
535471.5
535703
535894.4
536033.2
536366.4
536444.2
536458.1
536498.5
536542.9
536619.1
536729.8
536736.7
536740.2
536834.5
536861.1
536876.3
537162.7
537534.7
537670.8
537685.9
537781.5
537893.5
537921.1
537980.1
538056.5
538865.3
538907.4
539132.8
539198.6
539236.2
539242.9
539261.2
539302.6
539339.5
539351
539368.6
539392.2
539456.1
539476.8
539503
539520.1
539622.8
539654.1
539672.8
539753
540066.7
550504
550577.9
550579.5
550833
550858
550891.7
550947.6
550989.9
551024.8
551034.2
551136.6
551302.5
551378.1
551478
551803.5
551883.6
558702.9
559433.6
559446.3
559592.9
559810.6
559824.3
559829.7
559846.6
559855.8
559856.3
559906.7
560207.5
560268.7
560284.1
560381.8
560621.4
561050.2
561065.1
561111.4
561295.8
561298.8
561300
561307
561330.2
561353.8
561419.2
561481.6
561514.6
565579.2
565585.2
566355.8
566441.6
566901
567966.3
569092.8
569229.6
569482.7
570579
570639.4
570695.5
570799.1
576264.5
576274.9
576420.2
576459.7
576652
576662
576700.1
576788.9
576829.3
576881.9
576959.8
577070.8
577109.8
577134.8
582819.5
584360.1
585018.1
585434.7
585477.7
585557.4
585652.3
585719.6
585786.3
585860.2
585882.8
585970.2
586315.8
586341.6
586420.1
586479.7
586491.5
586532
586552.1
586580.2
586608.6
586612.5
586853.4
588945.9
597109.1
597112.2
597115.7
597153.2
597391
597427.1
597607
597646.4
597674.9
597795.5
597801.6
597921.8
597945.7
597960.5
597975.8
598011.1
598017.6
598051.9
598053.6
598057.7
598191.7
598213.6
598233.2
598345.2
598384.6
598404.3
598404.5
598414.5
598422.8
598575.6
598580.6
598725.9
598751.6
598810.9
598846.6
598956.2
599029
599207.3
599325.7
599445.6
599717.8
599907.5
599941.9
