4701.2
4814.1
13029.2
13061.9
13113.1
13164.4
13321.6
13460.2
13517.7
13594.8
13687
13712.2
13726.2
13799.2
13807.2
13807.9
13819.2
13837.3
13888.8
13891
13905.3
13969.8
14130.2
14141.3
14227.3
14311.9
14368.1
14679.4
14682.8
14710
14771.2
14787.2
14817.3
14843.4
15006.9
15025.3
15151.5
15183.7
15236.4
15263.6
15308.6
15356.2
15419
15436.3
15506.8
15595.1
15688.4
15820.8
15892.5
15916.6
15981.8
16075.3
16083
16109.6
16283.6
16326.6
16357.9
16374.8
16692.7
38597.5
38941.2
38950.9
39013
39079.1
39257.4
39354.9
39566.9
39599.6
39618
39654
39668.4
39815.9
39889.3
39905.5
40073
40343.7
40532.2
40741.1
40756.1
72719.3
73316.4
73638.8
73649.8
73894.6
74434.6
74464.5
74591.5
79714.1
81499.8
111258.4
111634.1
112214.9
112440.9
163225.1
163489.8
163744.4
163783.4
164144.6
164266.6
167326.3
167502.9
168178.8
168179.1
168231.8
168232.7
168252
168290.8
168361.7
168489.7
168513.1
168611.6
168711.3
168738.6
168740
168807.4
168831.7
168919.4
168963.2
169289.8
172539.8
172544.6
172599
173100.4
173154.5
173262.5
173306.7
173323.2
173345
173347.9
173442.8
173533.9
173534.4
173668.6
173743
173778.3
173787
187818.9
187886.4
188013.6
188126.4
188154.6
188262.8
188695
188968.7
189421.4
189561
189604.1
189662.4
189672.8
189702.6
189828.8
189847.4
189856.4
189884.5
189890.4
189900.8
189946.7
189999.2
190090.3
190232.3
190351.7
190394.4
190395.4
190625.3
190996.3
191786.5
192036.6
213694.1
214172.4
219682.2
219761.5
219909.8
219911.4
219933.8
219954.8
219984.8
220025.4
220076.2
220084.9
220090.6
220102.8
220190.7
220207
220220.9
220231.4
220232.8
220324.7
220328.8
220363.4
220425.9
220442.5
220481.6
220503.5
220509.1
220547.9
220556.6
220627.4
220689.5
220701.2
220770.4
220843.2
220884.7
220895.9
221112.6
221171.2
221254.3
221528.8
221659.7
221706.8
221945.7
222128
222415.6
222436.6
222486.5
222513.6
223057.5
226387.5
229366.2
229471.6
229547.3
229752.5
229762.6
229817.8
229911
229972.7
229991.1
229992.1
230074.1
230077.9
230079.9
230086.8
230092.6
230167.8
230181.4
230190.7
230218.8
230303.4
230319.4
230352.6
230412.5
230489.9
230650.8
230791.8
263891.2
266553.7
266877.8
267527.8
268679.6
268772.3
268841.7
268965.5
269012.5
269041.5
269103.8
269184.5
269203.3
269273.7
269299.4
269324.7
269325.1
269489.7
269565.1
269571.3
269699.3
269813.2
269936.3
297827.1
297947.9
298122.9
298363.5
298685.1
298849.2
298871.3
299108.8
315338.1
316790.4
318364.8
318828.5
318968.1
319088.4
319213.5
319274.3
319508.1
319541.2
334545.7
335707.2
335823.7
335974.2
336074
336120.8
336164.1
336188.2
336238.1
336265.9
336321.4
336339.1
336475.6
336547.9
336756.9
336766.7
338075.3
338144.2
338356.1
338357.6
338458.3
338527.6
338556.7
338696.4
338918.1
338996.8
339245
339647.5
339709.4
339740
339999.5
340291.6
340368.5
340703.7
340920.9
341608.3
341740.5
341857.6
341873.8
341900.3
341926.3
342120.4
342172.3
342263.7
342281.2
342282.3
342283.4
342310.4
342311.6
342323.7
342347.8
342443
342532.3
342556.6
342625.4
342653.7
342662.2
342678.5
342731.6
342843.1
342856.7
342930.9
342941.1
342943.8
342960.2
342961.7
342970.7
343014.6
343019.4
343019.8
343336.3
343346
343515.6
344099.7
344385.7
344495.7
344731
344929.5
348265.7
348362.5
425789.8
425797.8
426144.4
426395.3
426446.5
426651.1
426670
427028.6
427136.5
427351.7
427670.2
427810.3
427831.3
427840.4
448679.2
448984.7
448992.8
448998.9
449147.9
449200.4
449235.7
449338.5
449403.3
449486.3
449493.6
449577.3
449588.7
449592
449668
449686
449724
449749.5
449774.9
449846.8
449969
449982.2
450359.7
450416
450473.2
450490
450546.3
450562.4
450720.1
455731.1
457015.1
457050.1
457624.1
457644
457697.2
457753.6
457798.3
457841.7
457890.7
457961
458036.2
458082.2
458209.2
458265.3
458380.7
458626.4
458705.1
458724.9
458737.7
458752.3
458783.8
458827.6
458888
458904.2
458909.4
458913.2
458915.4
458929.2
458943.3
458987.5
459073.5
459079.8
459141.1
459230.4
459267.1
459480.2
459505.3
459884.1
460012.7
460073.4
460234.3
463981.9
532429.7
532590.3
532609.6
532617.9
532670.2
532682.7
532749.5
532760.9
532913.5
532977.1
533005.8
533052.7
533063.4
533126
533136.8
533195.9
533230
533232.8
533269.3
533314.5
533334.5
533351.1
533356.8
533417.6
533455.9
533494.2
533519.7
533657.1
533660
533996.5
534032
534632.4
534815.1
534879.3
534962.7
534994.4
535014.7
535058.4
535519.6
549177.7
549401
549687.8
554699.5
555171.5
555730.3
556189.2
556946.7
557374.9
558029.5
558622.4
563335.2
563380.1
563944.5
576590.9
576722.4
578101.1
579312.4
579446.7
579494.7
579726.5
579814.2
579893
579912.1
579921.2
580127.5
580161.1
580225.6
580276.1
580351.2
580382.2
580454.8
580626
586792.6
587260.8
587281.1
587471.4
587479.5
587495.1
587511.7
587531.7
587665.7
587712.9
587827.5
587832.3
587860.7
587882.4
588564
589624.9
589910.8
589947.3
589965.4
590116.9
590150.6
590530.4
