2053
5135.1
5270.4
5387.5
7918.6
8283
10738.9
10806.5
11336.1
11943.5
12136.8
12387.1
17081.5
18910.6
19056.2
19233.9
19250.1
19396.1
19516.4
19728
19733.6
19739.2
19819.3
19882.9
20095.8
20999.1
21202.9
21227.9
21305.3
21448.5
21592.1
24164.9
24608.4
24848.2
24925.6
25315.2
25357.2
25565.1
25570.9
25708.6
25854.7
26015.5
26146.9
26147.4
26422.8
26527.5
26639.2
26864.4
26985.3
27129.7
27183
27283
27289.6
27331.1
27390.1
27482.1
27506.2
27572.7
27576.1
27692.5
27777.8
27835.9
27966.2
28059.6
28066.9
28142.6
28303.2
39228.1
39552.3
39647.2
39907.7
41728.9
41865
42062.9
42103.7
42127.4
42138.3
42242.8
42247.9
42268
42281.8
42311.1
42437.6
52749.1
55003.3
56048.2
56831.1
56833.6
56929.3
56936.1
56979.2
56980.4
57377.6
58103.7
58717.9
58874.9
69066.3
69086.2
69113
69146.3
69178.5
69603.3
69650.1
71548.4
71940.2
72285.6
72352.4
72619.8
72765.5
72860.8
72876.7
72897.9
72913.5
72928
73052.9
73234.1
73376.6
73415.8
73645.7
73659
73703.2
73821.7
73986.6
80535.9
80561.4
81159.6
81240
106106.2
106479
106484.4
106486.2
106672.9
106702.9
113145.6
113315.5
118451.9
118505.6
118632.5
118767.5
118775.8
120296.2
126749.7
126832.3
126911.1
127217.3
127405.6
127763.6
127777.8
127797.3
127950.7
128007.3
128067.5
128199.3
128367.8
128858.1
130334.2
133578.1
133700.6
133815.6
134001.4
134210.9
134337.2
134393.1
134456.6
134460.6
134762.6
135640.8
136138.4
136375.5
137823.4
138153.4
139326.6
139534.1
139630.6
139680.3
139755
139790.5
139918.3
139932.6
140114.8
140169.8
140199.2
140209.4
140245.1
140259.6
140551
140639.1
140647.2
140701.9
140711.3
140724.9
140747.4
140825.5
140976.1
141082.5
141761.2
141798.9
141932.8
141954.4
141990
142253.9
142359.7
142789.6
143078.2
143275.7
143307.5
143407.2
143474.3
143555.6
144096.8
144375.8
144441.9
144484.4
144882.4
144883.1
144931.4
145019.9
145190.6
145253.6
145433.7
145481.9
145540.3
145575.6
145692.5
145724.3
145779.4
145850.6
145925.6
146092.2
146147.6
146206
146312.3
146379.4
146427.1
146523.3
146554.7
146578.4
146630.4
146655.3
146747.4
146758.8
146779.5
146791.3
146860.4
146888.2
146889
146924.6
146936.7
146953.6
146959.3
146985.6
147026.1
147054.2
147148.4
147203.8
147246.6
147283.7
147323.3
147454
147459.3
147460.6
147567
147615.4
147658.4
147665
147702.9
147722
147730.6
147802.6
147803.9
147864.5
147895.2
147924.2
148023.6
148069.6
148082.3
148159.4
148314.3
148337.2
148343.5
148434.3
148450.5
148482.1
148491.3
148498.9
148623.7
148653.8
148684.2
148713.1
148735.9
148782.8
148794.7
148887.7
148909.2
149084.7
149150.8
149188.1
149244.2
149348.9
149457.6
149477.8
149633.9
149766.1
149779.8
149787.3
149825.6
149846.3
149902.1
149926.6
149937
149975.1
150012.3
150017.6
150154.8
150323.9
150429.3
150505.2
150564.2
150616.9
150637
150762.1
150769.2
150812.6
150879
150894
150954.4
151054.7
151104.3
151134.7
151134.9
151145.1
151175.8
151186.1
151194.4
151284.6
151383.4
151392
151405.3
151492.1
151553
151561.6
151566.2
151637.2
151717.5
151731.5
151765.2
151788.9
151879
151909.2
151976.7
151982.3
152055.9
152091.1
152149.7
152158.2
152159.6
152315.2
152360.6
152378
152380.2
152449.8
152451
152501.7
152533.3
152581.4
152597.4
152609.1
152632.7
152646.5
152711.2
152756.2
152756.8
152772.2
152789.6
152793
152977.2
153021.4
153046.2
153159.6
153172
153289.6
153366.7
153433.6
153605
153623.8
153707.4
153889.9
153897.5
153929.3
154056.3
154090.2
154126.1
154205.2
154256.2
154432.9
154633.5
154643.6
154658
154738.8
154747
154758.4
154762.8
154768.1
154957.1
154990.3
155103
155149.2
155189.5
155205.4
155313.8
155324.2
155337.4
155351.6
155360.6
155537.2
155594.3
155640.7
155797
155813.4
155921.4
155956.8
156045.9
156140
156237.2
156249.7
156282.6
156291.3
156402.5
156508.1
156525.8
156536.4
156538.6
156599.7
156622.1
156774.4
156778.6
156793.4
156798.5
156811.8
156851
156923.6
156974.1
156995.3
157041.4
157069.2
157082.5
157223
157243.7
157376.9
157434.5
157466.3
157507.3
157512.6
157595.7
157631.1
157666.9
157688.5
157714.1
157771
157775.8
157790.6
157826.1
158074.9
158106.2
158118.4
158181.5
158353.8
158390.8
158394
158396.8
158430.5
158446.5
158478.1
158495.4
158498.5
158556.7
158611.3
158628.2
158700.6
158746.4
158769
158849
158851.4
158853.1
158880.6
158899.6
159066.1
159071.3
159347.9
159873.2
159891.6
159908.1
159915.2
159927.3
159992
160039.3
160251.1
160268.8
160289.7
160332.5
160583.1
160583.4
160679.8
160787.8
160984.5
160997.7
161091.9
162618.3
162691.8
162784.4
187296.4
187471.7
187621.7
195624
198869.7
198897.2
198993.5
199032.5
199044.6
199205.7
199318.1
199361.2
199432.7
199446.9
199451.8
199465.5
199503.3
199521.7
199617.7
199649.4
199666.5
199668
199674.8
199807.6
199858.2
199943.6
199945.9
199982
200041.8
200098
200122.4
200130.7
200143.7
200175
200283.5
200361.9
200378.3
200429.4
200452.7
200497.5
200531.4
200570.7
200605.9
200651.8
200669
200693.2
200747.3
200785.6
200801.9
200827.1
200867.2
200897.5
201013.9
201020.8
201024.5
201084.2
201110.7
201115.7
201174.4
201181.8
201210.3
201263.4
201272.3
201283.7
201358
201445.7
201466.5
201704.9
201752.9
201809.4
201835.8
201850.9
201853.1
201869.8
201926.3
201929.4
201942.7
201945.3
202100.4
202126.8
202129.4
202140.7
202156.4
202211.2
202245.2
202357.3
202439.3
202499.1
202582.6
202663.8
202686.5
202703.1
202776.2
202837.2
203005.1
203081.3
203125.1
203161.4
203197.8
203206.1
203214.8
203273
203311.7
203359.2
203374.9
203399.9
203444
203475.3
203488.9
203493.4
203506.5
203568.7
203604.4
203630.1
203659.3
203661.8
203680.8
203703.7
203797.4
203806.8
203868.5
203874.3
203899.1
203940.4
203973.3
204009
204044.7
204087.5
204225.7
204342.5
204356
204376.4
204384.5
204471.7
204499.5
204556.1
204557
204597.2
204632.5
204701.9
204731.7
204840.6
204955
204976.2
204981.9
204990.3
204994.7
205085.4
205266.8
205273.8
205300.6
205386.8
205460.2
205557.8
205645.8
205801.5
205827.3
205991.3
206061.3
206082.9
206111.7
206230.1
206975.1
207135.7
207167.3
207218.6
207257.1
207611.5
208575.2
209761
209828.2
209830.3
209912.5
209959.4
210076.7
210080.3
210120.5
210130.7
210255.8
210280.8
210366.9
210392.7
210409
212513.8
212644.4
212650.7
212813
212978.1
212995.9
213021.4
213048.6
213057.6
213126.7
213347.3
213611.8
213677.1
213739.9
213847.5
219046.7
219318.8
219399.1
219409.6
219533.2
219537.2
219566.7
219631.3
219640.7
222720.5
222745.9
222809.6
222941.8
222949.6
223327.4
223370.9
223535.3
223564.2
223580.9
223800.5
223846.1
223852.7
224018.2
224922.6
225150.5
225733.9
231545.3
231624.3
231688.2
235950.7
236228.6
238483.6
238615.2
239241.9
239397.9
239759
239912.9
239942.6
240335.1
240336.5
240414
240470.9
240495
240583.3
240670.7
240699.3
240714.8
240755.6
240766.6
240800.5
241011.9
241045.1
241109.2
241135.3
241150.3
241191.2
241224.1
241246.2
241312.5
241321.2
241508.1
241513.1
241653.1
241676.2
241715.8
241762.9
241975.4
242037.5
242374.7
242658.6
242763.5
242774.3
242899.7
242907.6
242972.8
243066.5
243086.5
243124.4
243154.7
243156.9
243200.7
243232.9
243403.7
243490.6
248008.1
248265.3
248442.7
248631.6
248708
248783.7
248831.2
248902.7
249008.8
249125.9
249151.3
249281.7
258744.8
265553.8
267343.8
267435.7
267581.8
267655.9
267772
267813.6
267857.2
267871.6
267906.1
268111.8
268123.1
268186.5
268190.3
268209.3
268212.2
268272.3
268320.9
268329.6
268406.4
268467.1
268477.2
268482.5
268514.9
268621.6
268824.5
271617.7
274146
274146.1
274392
274635.5
274677.1
274809.4
274825.9
274844.7
274913.7
274916.5
274923.8
274931.8
274988.7
275085.5
275102.1
275149.1
275170
275249.5
276962.8
277449.7
277677.5
294876.9
294931.2
299019.5
299023.3
299081.7
299092.9
299120.9
299164.6
299251.6
299300.4
299351
299397.8
299407.4
299451.6
299555.7
299809.3
300006.5
300062.6
300088.1
300154.7
300217.4
304046.8
304776.1
304814.6
304906.7
305174.9
305259.2
305375.1
305415.9
306076.8
308629
308648.8
308765.1
308781.7
308809.7
308898.6
308956.2
309041.7
309053.9
309118.2
309194.1
309344.4
309894.4
310158.3
310270.4
310834.3
310877.6
310941.4
311930.5
312157.4
312552.2
312553.7
312635
312644.3
312677.1
312702.2
312727.9
312771
312776.6
312778.8
312823.9
313150.6
316152.2
317012.8
317267.6
317398.4
318163.5
318243.3
318459.3
318706.8
319233.7
319238.5
319256.3
319638.9
320045.5
320452.1
320458.5
320538.2
322859.1
323822.5
325899.4
326144.2
326149.8
326218.1
326255.4
326288.7
326297.2
326377.2
326396.7
326400.9
326404.3
326457.2
326478.9
326862
327625.8
327913.7
328323.4
328595.9
328874.6
328915.3
329056.3
332367.4
332408.6
332518.2
333235.9
336562.2
336824
336869.5
336872.7
336919.4
336939.4
336979
337021
337068.9
337120.9
337122.4
337134.3
337162.3
337202.7
337246.1
337275.7
337383.2
337462.4
337499.2
337515
337519.9
337606.2
337633.7
337741.1
337768.1
337796.3
337807.3
337846.5
337859.7
337896.6
342615.8
344528.6
346181.9
349044
349061.2
349216.7
349384.2
349401
349714.6
349845.1
372401.8
376044
377058.4
377169.4
377208
377338.8
377797
378283.2
378346
378639.3
378786.8
379143.5
379940.1
380181.5
380206.2
380657.2
381222
381340
381424
381483.1
381646.1
381653
381912.1
381912.8
382174.1
382190.6
382245.4
382426.5
382691.3
382762.3
382796
382868.6
383149.4
383210.9
383214.4
383234.7
383313.8
383746.1
383772.6
383983.3
384074.6
384173.1
384222.7
384640.6
384692.1
384696.6
385132.5
385161.4
385239.6
385264.7
385396
385667.3
385958.3
386006.4
386886.8
387014.6
387214.8
387264
387582.5
387850.6
388082.6
388246.1
388281.9
388806
388877.4
388897.9
388952.2
389005.8
389120.9
389149
389297.7
392321.4
392873.5
393039.2
393043.4
393362.7
393534
393575
393688.2
393765.1
393870.3
394024
394114.7
394161.3
394168.5
394175.1
394202
394517.7
394522.6
394546.9
394837.4
394956.2
394996.6
395096.4
395113.8
395310.9
395436.1
395815.6
395838.6
395866.7
395874
396079.7
396102.6
396149.5
396172.4
396195.5
396277
396283.6
396321.4
396490.5
396503.5
396571.9
400097
400413.5
400683.7
400737.1
400879
401317.4
401447.8
401769.6
401858.3
401911.9
401991.7
402000.4
402141.5
402208.1
402259.4
402484.3
402568.2
402777.2
402820.1
402899.6
403021.1
403075.3
403120.7
403200.4
403345.1
403349.4
403478.4
403571.1
403942
404185.5
404259.5
404403.1
404429.8
404438.2
404661.5
404804.3
404916.6
405622.1
405924.1
405941.3
406547.9
407425.6
407559.9
407841.8
408260.9
408302.9
408427.2
408443.7
408672.4
408909.1
409206.7
409291.6
409323
409484.1
409547.8
409621.6
409621.8
409658.5
409998.8
410363.6
410425.1
410669.7
410791.6
410907.3
415399.1
415636.3
416915
417461.9
419648
419764.8
419846.7
419846.9
419850.5
419888.7
419903.9
419983.1
420008.5
420104.5
420130
420135.5
420189.2
420204.8
420226.3
420364.7
420413.7
420432.9
420455.9
420493.2
420539.2
420622.7
421812.5
422111.6
422662.5
422743
423155.1
423162.2
423173.2
423202.3
423213.7
423214
423243.7
423248.6
423266.7
423273.3
423341.9
423349.7
423432.3
423481.1
423497.8
423681.3
423852.5
423883.3
423899.1
423939.8
423982.5
424012.5
424020.5
424731.4
424870.3
425026.2
425066.2
425089.9
425094.9
425100.1
425137
425230.5
425484.5
426673
426708.4
431335.5
432404.1
433040.2
434546.5
436107.1
437310.2
437610.4
438297.6
439040
439398.6
439829.1
446028.3
446046.2
446066.2
446095.3
446130.9
446156.4
446166.7
446202.9
446207.5
446250.9
446313.7
446317.3
446444.1
446452.5
446464.9
446486.2
446583.1
446657
446772.7
446825.2
446836.4
450657.7
450902.2
450999.4
451018.1
451023.6
451082.7
451103.6
451108.7
451126.5
451135.8
451138.8
451155.8
451336
451495.3
463877.3
463991.3
464063.9
464103.3
464111.9
464141
464142.5
464145.8
464180
464242.6
464288
464335.5
464345.2
464400.7
464537.9
464633.3
468667.1
469488.1
469624.1
471777.3
474666.5
474722.8
474757.8
474770
474818.1
474844.1
474855.8
474918.4
475022.6
475026.8
475093.9
475100.7
475280
475335
475342.9
475454.4
475500.3
475571.8
475583.6
475681
475742.9
475772.4
475780.5
475950
475966.9
475978.3
476025.7
476061.6
476114.8
476123.2
476227.3
476332.3
476551.9
476586.9
476625.6
476966.4
477015
477017.2
477082.4
477109.2
477287.6
477301.2
477352.4
477354.4
477471.5
477480.5
477505.4
477524.3
477531.1
477575.4
477584.3
477731.5
477877.1
477952.2
478128.3
478242.1
478360.1
478377.1
478485.7
478624.7
478865.9
478918.6
478918.9
478960.7
479053.2
479199.5
479353.3
479457.3
479839.8
479923.1
480114.2
480168.4
480447.9
480675.6
480697.9
480725.1
480796.2
480941.6
480971.7
481182.8
481204
481239.4
481297.8
481407.6
481475.5
481517.4
481573.1
481749.8
481892.4
482003.2
482071.6
482154.3
482254.9
482462
485613
486413.3
487111.5
487551.2
487552.6
487649.8
487674.4
487777.5
487965.6
488225.3
488389.9
489187.3
489534.4
489747.8
489761.7
490132.7
490719.6
490864.9
491125
491328.1
491329.4
491341.4
491440.9
491882.4
492314
492357.6
492416.1
492894.4
492995.5
493047.8
493140.2
493277.9
493533
493617.7
494047.2
494530.4
494681.2
494901.8
495860.5
497188
497434.4
497989.7
498039.3
498835.2
499083.2
499320.5
499867.1
501380.3
501538.3
501896.8
502137
502920.3
503034.9
503058.4
503244.9
503307.8
503343.7
503422.3
504002.6
504263.5
504346.5
504935.7
505005.1
505237.4
505299.4
505299.6
505351.9
505395.7
505468.1
505468.7
505536.8
505763
505828.8
505972.4
506137
506199.5
506399.9
506644.6
506674.6
506708.4
506764.8
506781.9
506980.2
508155.3
508177.7
508196.5
508291.2
508388.6
508424.1
508530
508799.1
508808.5
508832.6
508860.4
508964.6
509077.2
509119.7
509436.3
509539.3
509589
509790.5
509852.1
509981.2
509986.1
510015
510305.6
510575.2
510659.2
510700.9
510808.8
510935.4
511051.7
511320.5
511374.9
512648.7
512817
512844.1
513063.8
513100.3
513180
513489.7
513594.5
513720
513809.9
513927
514001
514147.1
514186.2
514197.8
514235.8
514241.9
514267.3
514290.4
514359.5
514368.8
514372.6
514374.3
514389
514403.6
514415.4
514458.5
514461.1
514461.3
514507.3
514562.4
514600.2
514615.6
514684.9
514697.4
514743
514848.5
514856.3
514901.1
514943.2
515029.8
515031.5
515042.2
515068.9
515085.8
515091.9
515148.7
515222.9
515319.1
515379.7
515400.6
515465
515479.4
515677.4
515733.6
515817.4
515930.7
515946.3
516085.6
516157.8
516258.3
516333.2
516451.2
516498.4
516577.8
516684.7
516732.4
516767.2
517019.5
528515.8
528567.1
535864.4
535884
536311.5
536657.2
536665.3
539333.2
539349.9
539356.8
539366.8
539478.4
539506.5
539570.8
539662.2
539692.9
539773.9
539812.1
539930.8
540077.1
540084.6
540895.1
547807.8
547881.3
547974.4
548029.9
548084.7
548174.7
548220.4
550616.5
551695.6
551741.7
551837.1
551938.1
552009.1
552015.9
552039.8
553980.7
558511
558534
558535.5
558649.2
558678
558686.4
558690.8
558705.5
558715.1
558992.6
558993.5
559138.8
559277.2
559386
559571.9
559704.7
559727.7
559772.7
559841.1
559903.6
559992.5
560022.5
560369.7
561121.5
561300
561328.5
561330.9
565006.1
565163.2
565174.4
566151.8
566412.2
566435.1
566558.5
566654.5
567655.8
567967.6
568096.4
568104.3
568134.7
568137.5
568179.1
568283.5
568400.4
568540.8
568626.7
568683.3
568744
568750.8
568827.7
568906.8
568993
569140.5
569193.1
569195.8
569196.2
569304.4
569450.2
569471.1
569778
569802.7
569908.8
569922.2
570023.5
570105.3
570172.3
570179.8
570250.1
570362
570383.1
570410.5
570488.4
570488.6
570492.2
570531.8
575993
576130.5
576213.4
576267.7
576290.4
576380.3
576412.4
576541
576838.6
576929.6
576962.3
577012.4
577033.2
577139.2
577240.8
577361.3
577452.8
577466.9
577788.1
585745.6
585892.7
585911.1
586094.4
586119.6
586277
586337.4
586416
586596.4
590780.1
597453.7
598107
598436.7
598758.8
598916.2
598977.4
