1748
1852.4
1981.2
1986.3
2080.2
2111.1
2768.7
3015.7
3036.2
3074.8
3141.2
3210
3214.5
3243.1
3253.4
3453.2
3459.6
3553.7
3615.8
3656.7
3721.3
3739.5
3771.2
3774.1
3829.1
11423.8
11625.6
13069.1
14044.7
14068.3
14140.8
14181.6
14456.4
14484.1
14491.2
14508
14566.6
14631.8
14632.2
14741.3
14787.8
14941.6
15036.7
15187.2
15226.8
15584
15676.3
15683.8
15688.9
15695
15732
15737.1
15748.8
15840
15876.3
16003.6
16059.7
16276.5
16284.5
16412.2
16453
22758
22765.3
22776.5
22801.5
22914.7
22928.8
22952
23269.5
23272.6
34496.1
34600.3
34696.6
34886
34920.1
34940.8
35027.1
35048.7
35144.8
35180.2
35204.7
35242.3
35271.2
35348.9
35386.3
35497.7
36367.2
36521.3
36590.1
36611.9
36636.8
36732.2
36734.5
36743.5
36762.2
36813.7
36845.2
36925.3
36965.1
37216.6
37242.5
37330.2
37343.4
37399.9
37401.9
37565.7
37661.3
37675.9
37768.9
37814.9
37818.8
37842.9
37848.8
37976.8
37998.4
38612.7
38809.1
38823.7
38837.3
39104.1
39125.3
39158
39657
39847.2
40084.6
44415.2
44760.2
48983.3
49718.3
49838.5
49896.4
49954.7
50037.8
50059.7
50074
50180.7
50217
50289.1
51133.3
51328.8
51477.1
51479.1
51655.6
52077.2
52123.4
52291.1
52426.9
52937.4
53832.5
54302.9
54433.1
54590.3
54644.6
59814.8
63852.5
63971.7
64638.4
65044.3
65128
65161.2
65188.2
65193.2
65379.3
65591.3
65681.5
65691.3
65741.4
65763.4
65795
65804.8
65907.5
65944
66012.6
66028.4
66031.2
66170.2
66235.2
66522.4
66553.3
66966.5
67000.4
67068.6
67159
67282.7
67316.1
67331.1
67372.3
67408.3
67530.3
67538.8
67588.7
67653.9
67700.6
67718.2
67728.9
67803.7
67805
67829.8
67923.4
68142.4
68191.6
68265.6
68274.3
68367.6
68397.8
68555.6
74001.5
74036.4
74041.2
74128.9
74245
74523.8
76385.1
76707.4
76921.3
77048.1
77052.9
77184.6
77300.4
77319.2
77336.4
77360.7
77416.6
77502.1
77516.8
77620.9
77657.9
86220.6
90130.4
90151.9
90163.8
90227.3
90520.8
90564.1
90839
93303.8
97363.5
97425
97657.8
99703
103173.8
106634.5
106640.2
106653.2
106814.5
106907.1
106914.5
106926.4
106929.9
106945
106946.8
106953.5
107017.4
107075.2
107108.1
107222.8
107234.2
126071.6
126469.8
136427.8
161240.7
161431.8
161469.6
161491
161519.8
161576.7
161588
161601.4
161623.5
161657.5
161658.4
161661.3
161675.4
161699.5
161700.2
161811.4
161832.2
162231.9
166040.1
166657
166825.8
166879
169087.2
169591
171860.1
171934.1
172592.4
172623.2
172696.2
173014.2
173105.2
173146
173176.4
173199.3
173201.4
173202.9
173270.6
173285.6
173299.5
173354.3
173376.8
173388.7
173412.1
173592.8
173614.7
175497.1
178945.1
179527.2
179594
179827.6
180037.5
180387.7
180722
180943.3
181229
183961.7
183988
184035.6
184189.9
184217.6
184258.6
184290.9
184450
184472.8
184623.5
184653.6
184660.8
184679.3
184885.8
184972.2
184987.6
185068.2
189866.8
189922.2
189930.3
189959.4
189963.7
190324.4
190412.1
192789.4
192850.6
193086.4
193569.9
193578.1
193694.5
193838.3
193840.8
193853.9
193886.9
193933.8
193950.8
193998
194034.8
194043.7
194163.7
194200.4
194270.5
194317.9
194325
194459.4
194550.3
194872.7
194892.6
194930.3
194952
194965.7
194986.7
195064.8
195130.1
195169.8
195183.3
195472.1
219906
220012
220168.8
220255.1
220283.4
220283.9
220362.4
220486.8
220538
220546
220567.1
220625.4
220673
220755.5
220808.6
220815.7
220822.8
220871
220905.1
220906.5
220954.2
221069.2
221112.6
221118.9
221132.8
221152.1
221160.2
221194.2
221204.5
221414.6
221423.7
221847.9
221920.1
222128.5
225079.5
225312.6
225526
229862.5
229864.3
229957.1
230126.4
230163.8
230214
230220.2
230222.8
231745.7
232214.7
232290.2
232531.9
232533.7
232562
232563.3
232868.4
232869.7
232879.5
232898.9
232914.3
232924.6
233686.9
233816.7
233883.2
243790.8
244078.7
244238.8
244496.8
244821.6
244872.2
245041.6
245098.4
245319.4
245471.6
245834.3
246076.3
246233.3
249242
249685.6
249745.4
249775.2
249823.4
249835.2
249866.3
249926.6
249953.8
249971.6
250003.9
250049.4
250158.8
250182.5
250247.1
256155.2
256526.6
256598.8
256605.3
256707.7
256716.5
256719.3
256726.4
256784.5
256811.6
256828.7
256857.5
256938.2
256983.8
257004.9
257058.3
257068.7
257162.4
257182.5
257204.1
257275.8
257293.4
257374.6
257542.5
257599.3
257638
257709
257799
257809.5
257809.7
257855.4
257905.8
257968.6
257982.4
258077.2
258136.3
258532
258569.9
258973.2
258996.3
259006.5
259071.3
259136.8
259160.7
259208
259231.9
259238.8
260333
260375
260420.5
260488.8
260535.5
260582.5
261093.8
261148.6
261189.1
261352.9
261367.3
261459.3
261467.5
261591.7
261638.4
261660.9
261712.9
261714
261892.4
261955.9
262037.8
262075.7
262125.7
262142.6
262228.1
262454.4
262528.5
262543.6
262601.6
262608.8
262687.3
262694.5
262823.8
262923.5
262935
262935.1
263108
264265
268961.8
269061.9
269081.9
269144.2
269164.6
269171
269208.4
269267.4
269348
269363.6
269397.4
269447
269471
269676.8
269837.6
272326.2
272367.2
272509.7
272560.8
272836.5
273206.4
273332.4
279235.4
283733.8
283813.6
286756.9
286797.7
286939
286945.2
286983.1
287157.2
287240.9
287296
287303
287360.9
287422.1
287535.5
287539.7
287601.2
287626.7
287715.1
287924.3
287930.1
287977
288730.7
289487.9
292583.6
293043.9
293257.9
294333.2
294462.6
294626.7
294946.9
295159.1
303266.9
309357.8
309707.8
309803.5
314304.3
314683.3
317094.6
329638.9
330110.3
330156.2
330219.9
330323.1
330367.5
330507.9
330621.1
330655.7
330661.6
330662.6
330669.5
330809.6
330841.1
330847.6
330875.2
330899.9
330911.9
330947.4
331012.8
331075.7
331111.5
331168.2
331200.1
331217.9
331303.1
331306.3
331355.3
331373.9
331376.7
331502.9
331661.5
331677.9
331686.3
331782.1
331827.8
331871
332053.8
336075.4
336247.3
338453.1
339168.5
339493.6
339715.8
339771.4
341417.2
341530.5
341683.3
341848.3
342092.3
342188.7
342289.9
342390.7
342417.1
342454.8
342473.7
342655.6
342764.2
342862
342876.4
342900.7
342997.5
348251.8
353223.5
353309.2
353517.5
353649.2
353653.5
353656.2
353682.2
353691.4
353756.5
353792.2
353919.5
353929.1
353956.8
354005.8
354054
354218.2
354309.1
354383.7
354440
354499.8
354714.7
356154.8
356437
356604.4
356680
357970.7
358265.2
358306.9
358325.2
359703.3
359839.8
359840.8
359947.6
360037.8
360228.7
360250.7
360402.5
360852.7
361013
361202.4
361486.6
361671.3
361967.4
362662.9
363823.9
364488.2
368752.7
369777.8
370302
370397.9
370715
370742.2
370751.5
370910.9
370923.5
371099.6
371128.9
371243.5
371263.9
371792.5
371795
371838.2
371896.5
371909.9
372414.7
372482
372543.2
373799.2
374305.9
374417.8
374792.2
374947.7
375419.5
397765.3
419113.4
419562.3
420878.2
420933.4
421652.4
424529.3
426173.9
427239.6
427381.8
427431.4
430002.8
430055.2
430083.1
430088.2
430099.9
430135.3
430161.3
430191.7
430339.5
441736.2
441748.5
441792.3
441807
441840.3
442110.8
442208.3
442251.7
442292.6
442360.4
442463.9
442472.1
442480.6
442584.3
442586
442644.7
442656.7
442713.5
442727.1
442753.1
442811.9
442992.1
443078.8
443083.9
443118.4
443203.8
443215.2
443235.3
443321.3
443366.2
443366.4
443381.3
443388.3
443478.5
443506.6
443530.1
443539.5
443563.9
443624.9
443655.4
443666.5
443674.7
443705
443737.1
443742.6
443794.2
443851.2
443865.2
443934.3
443989.9
444030
444156.1
444167
444190.8
444193.4
444219.2
444234.6
444251.9
444315.4
444508.1
444615.8
444639.6
444655.9
444671.9
444702.7
444753.1
444780.8
444974.7
445014.6
445160.1
449690.4
449704.6
449722.5
449734.1
449773.1
449853.7
449918.4
449992.1
450007.5
450100.2
450367.5
450376.1
457787
457841.6
457927.4
458103.1
458250.2
458312.9
458364.1
458378
458397.9
458425.5
458477.2
458615.3
458628.9
458647
458660.8
458694.3
458706.8
458776.3
458801.5
458833.8
458869.3
458897.6
458965.4
459006.4
459013.8
459026.9
459115.5
459125.8
459134.1
459238.6
459651.8
459685.7
459775.1
459779.9
459823
459954.4
464008.3
464373.4
466278.4
466498.3
466884.9
467261.5
467287
467338.2
467506.5
467576.7
467616.8
467631.1
467648.7
467652.3
467673.7
467727.2
467800.6
467848.9
468075
468077.9
468154.9
468302.5
468570.1
469359.9
470224.5
484059.4
509468.2
510602.2
510609.1
511681.3
511751.1
511766.7
511772.9
511969.4
512051.3
516603.8
516824.9
525921.6
526215.4
526544.1
526752.3
526853.2
526863.9
526883.7
526925.2
526986.7
527237.2
527294.9
527313.6
527365.6
527385.5
527517
527576.9
527617.2
527637.5
527721.9
527723.3
527724.7
527862.3
529001
529165.4
529225.7
529245
529497.3
529652.3
529794.9
529799.4
529825.8
530261.9
532532.6
532555.5
532826.2
532884.3
532938.3
532980.5
533016
533031.7
533040.9
533055.2
533116.5
533136
533136.1
533136.6
533138.9
533221.7
533224.4
533266.1
533329.3
533344.3
533393.9
533398.6
533480.2
533493
533608.6
533929.5
533969.9
534004
534192.9
534847.3
558544.5
559039.5
565906.8
570775.8
570915
570930.4
575108.3
579982.6
579988.9
580126.3
580249.7
582533.3
582714.2
582744.8
582759.8
582821.5
582924.3
582989.6
582993.3
582994.2
583144.2
583226.9
583231.7
583291.1
583320.7
583353
583423.8
583449.6
583487.4
583535.7
583560.1
583586.6
583630.2
583744.9
583786
583847.2
583861.8
583901.2
583907.4
583915.8
583920.8
583950.1
583980.8
583989.1
583997.6
584073.3
584186.5
584278.7
584326.3
584367.3
584369.6
584450.9
584510.9
584566.6
584711
584713.3
585003.5
585055.7
585138.5
585200.3
585286.9
585590.9
585663.4
585684.1
585994.6
587257.6
587623.7
587632
587714.3
587729.5
587752.1
587755.5
587808.5
587951.8
590038.4
593311
594633.7
594720.5
594818.6
594822.7
594829.4
594871
595020.8
595047.4
595068.3
595164.1
595216.7
595255.3
595410
595428.2
595824.8
