31.9
95.2
103.9
113.5
163.3
181.3
264.3
380.2
503
672.8
729.5
788.6
863.2
987.1
1042.3
1077.7
1283.8
5625.9
5688.2
5689.3
5701.4
5746.7
5854.6
5916.2
5925.1
5951.1
6001
6016.6
6019.9
6094.2
6098.1
6106.3
6201.4
6201.9
6237.8
6535.2
6676.8
6701.5
11911.5
11991.1
11997.7
18109.7
18192.1
18199.8
18506.7
18526.3
18653.1
20820.1
21436.2
23560.4
24573.4
24628.8
25040.3
25271.1
25385.8
25658.1
25850.3
25924.8
25933.1
26020.7
26089.7
26217.7
26306.6
26438.8
26488.8
26626.7
26913.2
26922.6
27100.5
27145.7
27181
27200.3
27224.7
27273.2
27274.2
27304.5
27315.6
27362.8
27460.9
27516.1
27523
27584.5
27814.6
27865.8
27867.3
27948.8
28133.6
28190.3
28416
28838.1
31235.6
31303.3
31342.2
31459.8
31468
31514
31530.7
31563.9
31648.1
31716
31806.1
31903.8
31975.2
31986.5
32006.9
32019.1
32076.9
32116.4
32176.4
32629.6
32718.2
32879.8
32908.4
32923.1
32952.2
32984.3
33090.7
33111.1
33128.7
33129.5
33153.3
33382.5
33497
33576.8
33581.4
33596
33660.8
33769.4
33813.6
33838
33873.4
33880.8
33899.9
34098.4
38302.3
38405.8
38482.4
38542.4
38645.3
38682.6
38758.5
42018.7
42056.4
42240.1
42263.2
44344.3
44382.1
44406
44590.1
44630.8
44639.8
44641.8
44735.2
44754
44787.8
44835.5
44840.1
44870.3
44903.2
44914
44918.5
44953.8
45001.6
45019.1
45024.3
45106
46130.7
46420
46461.6
46626.5
46979.9
47224.8
47342.7
47347.5
47357.5
47372.5
47381.7
47385.5
47416.7
47491
47517.8
47566.5
47641.6
47838.2
47943.2
51312.3
51335.9
51472.3
51494.7
51576.6
51645.2
51664.8
52601.4
56998.8
60913.1
61009.1
61225.7
61257.3
61348.5
63125.1
63391.2
63449
63450.8
63453.6
63482.6
63547.5
63566.1
63575.6
63583.1
63653
68833.6
82091.2
82113.8
82287.3
82864.7
83213.6
86566.6
91603.3
92520.4
92855.3
93016.6
100048.5
104647.3
104829.1
104881.8
105289.8
105290.2
105363
111089.6
111277.3
113481.5
113718.6
113734.5
113837.3
113855.5
114009.1
114083.8
114117.8
114308
114344.3
114398.1
114424.8
114488.6
114495.2
114575.6
114725.2
114775.6
114828.9
114842
114884.4
114888.7
114970.3
114979.4
115148.4
115183
115221.5
115243
115274.9
115284.1
115357.7
115431.6
115445.7
115541.4
115569.6
118359.9
118362.6
118405.7
118408.2
118420
118469.1
118485.1
118501.9
118573.2
118577.4
126334.1
126976.7
127137.1
127344.9
133803.6
134307.8
139420.1
140173.3
140290.6
140785.7
140824.6
141884
144585.4
145260.3
145336.5
145450.7
145548.3
145628.5
145753
145835.6
146277.9
146649.1
146720.8
146788.9
146870.4
146884.5
146964.4
147099.2
147563.2
147754.9
147805.4
147843.9
147949.4
148231.7
148365.3
148427.4
148589
149087.8
149145.3
149318.7
149540.4
150113.4
150386.6
150396.5
150523
150625.2
150748.5
150925
150929.2
150948.9
151025.1
151106.8
151379.7
151394.9
151571.9
151598.9
151699.8
151860.7
151959
151963.1
151969.5
152304.1
152556.1
152852.3
152908.6
152980.8
152991.6
153272.4
153396.1
153399.3
153427.2
153537.8
153680.2
153701.8
153718.6
153754.8
153792.2
153843.7
154073.9
154136
154231
154436.1
154518.8
154584.1
154742.3
154745.4
154755
154898.5
154955.9
154999.8
155019.8
155028.9
155275
155313.7
155371.6
155419.5
155420.8
155469.1
155550.5
155600
155600.8
155640.4
155746.5
155819.6
155831.8
155985.3
156024.9
156054.8
156151.5
156408
156424.9
156439.4
156886.3
157000.5
157045.8
157176.8
157203.1
157243.1
157272.4
157380.4
157509.8
157537.4
157683.8
157770.2
157771.7
157809.9
157879.4
158022.2
158065.4
158116.8
158271.1
158325.7
158427.4
158595.8
158617.6
158650.6
158698.6
158730
158753.4
159834.6
160106.8
160294
160744.6
161681.4
162139.4
162352.5
162390.9
162554.2
162569.3
162607.3
162637.1
162641.5
162714.9
169811.1
169896.2
169898.3
169910
169998.9
170009.4
170044.7
170066
170088.6
170104.6
170183.1
170208.1
170237.2
170286
170315.3
170369
170528.4
170572.9
174424.5
174579.8
174738.2
174755.5
174764.8
174790.3
179339.6
179457.2
179472.6
179501
179501.6
179528.8
179554.9
179668.2
179675.4
179695.5
179696.2
179826
179877
179946.7
179951.4
180001.7
180070.2
180117.4
180127.5
180160.7
180186.1
180214.2
180276
180377.5
180480.2
180592.7
180599.1
180633.8
180681
180697.7
180716.5
180774.3
180788.1
180796.2
180826
181127.2
181606.9
181744.1
181754.6
182071.5
182098.8
199154.3
199395.4
199452.4
199493.4
199497.1
199646.1
199798.8
199814.3
199864.6
199956.9
200016.5
200061.2
200126.8
200181.9
200220.2
200405.4
200426.4
200441.6
200455.9
200477.6
200544.7
200581.9
200649.6
200664.5
200741.6
200764.7
200770.8
200879.9
200889.9
200900.6
200904.6
200940.5
200959.7
200968.1
201008.9
201108
201180.2
201238.1
201312.8
201349.4
201360.2
201370.5
201380.5
201406.6
201441.1
201464.5
201493.5
201537.6
201589
201654
201655.2
201661.9
201664.7
201716.5
201774.8
201808.1
201819.6
201831.1
201834.2
201841.2
201870.8
201882
201895
201986.4
201994.5
202007.7
202113.8
202179.1
202241.5
202278
202306.6
202323.6
202374.2
202434.2
202435.5
202478.7
202549.6
202552.2
202594.8
202647.3
202663.1
202693.9
202698
202705.8
202738.7
202758.5
202904.4
202927.5
203008.8
203037.7
203075.7
203084.9
203086.5
203111.9
203117.2
203142.9
203164.7
203173.1
203189.1
203251.4
203446.9
203457.1
203479.2
203487.5
203492.8
203534.5
203561.2
203583.1
203599.3
203636.8
203667.8
203731.5
203758.9
203782
203797
203907.4
203910.5
204010.6
204139.8
204152.5
204206.5
204239
204335.7
204365.6
204366.6
204382.5
204576.7
204670.1
204701.1
204721.4
204754.8
204929.3
204959
205003.4
205020.4
205090.1
205092.5
205104.1
205157.4
205220.5
205235.5
205301.3
205305.1
205347.4
205351.5
205397
205462.5
205492.4
205899.4
207185.6
209950.9
209971
210060.3
210235.2
210250.4
210258.7
210332.2
210595.2
214476.2
214490.8
214583.4
214726.1
215033
215045.2
215117.4
215421
215517.4
215601.8
215746.4
215750.4
215864.1
215881.4
215882.9
215913
215952.8
216087
216117
216407.6
216441.2
216462.9
216533.8
216541.8
216639.9
216652.9
216682.6
216779.6
216861.5
216956.6
217037.2
217056.7
221319.5
221782.8
222052
222071.8
222161.9
222165
222826
222983.6
223099.5
223272.5
223283.6
223340.3
223344.4
223353.8
223369.7
223395.6
223471.8
223551.5
223570.9
223611.3
223667
223740.5
223755.7
226566.2
227131.1
227308.7
227552.3
227931.5
227989.6
229254.2
229291.3
229298.3
229337.4
229464.7
229469.1
229489.4
229712
232699.8
240319
240484.4
240543.5
240664.9
240710.6
240791.8
240874.7
240916.4
240941.7
240971.2
240972.4
241117.8
241152
241211.6
241224
241295
241304.5
241359.9
241506
241523.1
241565.1
241619
241625.7
241896.8
242377.3
242445.1
242469.7
242487.4
242600.7
242662
242692.3
242700.9
242720
242725.5
242748.2
242822.8
242840.1
242931.2
242939.7
242946.3
242950.6
243107
243121.7
243127.4
243130.7
243147.3
243167.7
243179.3
243190.1
243325.5
243334.3
243430.9
244227.9
244229.4
244229.7
244241.9
244381.9
244486
244487.7
244502.3
244604.9
244643.2
244821.2
244834
245052.4
245299.8
245343.9
245373.6
245489.4
245709.5
245927.4
246117.7
246292
248344.9
248789.4
252905.3
252972.8
253053.7
253064.1
253097.8
253102.6
253208.8
253360.2
253391
253942
254004
254142.4
254171
254376
254664
254694.3
254737.5
254852.8
254901.6
255079.9
255085.1
255300.4
255336.9
255402.7
255518.3
255615.4
263602.6
263775
274302.3
274739.9
274802.5
274938.3
274962.5
275095.1
275104.6
275425.6
277253.5
277299.9
277311.7
277395.8
277485.2
277511.2
277560.6
278943.7
279963.6
280528.2
280572.5
280660.1
280671.5
280686.9
280701.2
280719.5
280732.4
280767.4
280785.7
280791
280815.1
280815.6
280821.7
280861.5
280879.4
280918.4
280925.2
280951.3
281029.3
281059.2
281138.9
281157.5
281189.6
281197.5
281574.7
281633.4
281645.7
281764
282486.1
282637.4
282749.7
282752.7
282752.9
282894.2
282955.3
283160.3
285410.5
285431.3
285474.7
285566.6
285571.5
285995.6
286004.4
286021.4
286031.5
286086.3
286087.2
286270.2
286309.2
286338.4
296256
299322.1
299417.5
299561.6
299665.1
299711.1
299716.9
299733.4
299789.1
299857.7
300038.2
300126.6
300304.2
303054.2
308712.1
308993.3
309395.8
309942.5
309950.5
310826.8
311050.7
320624.7
320924.4
320939
320944.4
321015.7
321181.7
321246.4
321367.9
321716.3
322049.3
322362.2
322396.9
322489.8
322643.1
326057.5
326071.8
326149.4
326195.3
326246.2
326314.6
330398.8
332505.1
332625.4
332695
332755.9
332999.4
336699.5
336736.3
336852
337121
337184.5
337196.8
338721.4
338786.3
338942.9
338947.3
338955.5
339009.6
339103
339117.5
339164.5
339248.5
339469.7
348767.1
348787.4
348861.6
348960.6
349102
349103.2
349108.7
349138.2
349204.1
349239.5
349268.7
349295.8
351142.3
351353.7
351422.6
351532.6
351646
351662.3
351672.2
351741.4
351839
352087.9
352157.9
352273.9
352325.4
352594.8
352723.3
362330.3
365397
365421.6
374083.8
374137.1
374146.7
374249.3
374263.5
374265.6
374330.1
374352.6
374385.3
374517
376936.5
387877.6
394346.8
394807.2
395042.2
402888.4
403553.6
404636.7
404678.1
409436.9
419883
420079.9
420136.6
420214.4
420236.3
420271.9
420311.1
420339.8
420404.4
420437
420490.5
420556.2
420624.9
420666.9
420680.8
420711
420779.4
421489.7
421549.8
421716.6
421735.8
421843.1
421913
421917.3
422058.1
422401.6
422530.9
422680.9
425332.6
427775
441774.3
441798.5
442187.8
442530.1
443460.3
443526.6
445957.7
446018.3
446054.8
446065.4
446241.4
446247.6
446407
446471.6
446487.9
446513.6
446517.7
446560.4
446599
446647.9
446814.6
446941.6
452439.7
452577.5
452577.9
452669
452686.3
452692.3
452797.4
452858.8
452880.7
452914.6
452928.7
452968.1
452987.6
452996.5
453046.9
459959.8
460121
466129.8
468737
474932.9
475014.9
475981.5
476319.1
476518.6
476539.4
477968.1
478018.3
480771.9
481144.2
481273
481357.8
481452.8
481485.5
481546.3
481634.3
481816.2
481842.4
481850.6
481869.9
481883.6
481986.6
481999.1
482263.1
482279.8
491132.8
508718.2
508776.4
509432
509568.8
509611.2
509670.4
509705.2
509748.6
509943.2
509973.6
510071.4
510577.6
510586.5
511084.2
512384.4
512964.9
513276.3
513310.9
513319.6
513446.3
513608.9
513641.9
514064.9
514143.3
514471.4
519592.5
519735
524554.2
524569
524586.2
524607.4
524742.1
524877.6
525181.1
525276.7
525285.5
525370.7
525393.5
525404
525518.7
525530.2
525544.2
525544.4
525585.1
525710.7
525740.3
525753.1
525801.7
525812.3
525849.8
525864.3
525881
525889.1
525907.8
525943.5
525989.4
526162
526251.5
526289.9
526321
526414.2
526514.2
526584.5
528467.6
528468.4
528632.9
528734.8
535093.8
539884.8
540113.1
540139.4
540142.3
540240.4
540730.2
540811.4
540882.6
542938.7
542950.2
543134.5
543339.4
543422.5
544280.2
546713.7
548320.5
548320.9
548354.3
548370.5
548393.4
548405.1
548409.6
548440.9
548485.7
548508.9
548544.9
548565.8
548723.3
548780.1
560895.2
564900.5
565021
565044.2
565044.8
565247.4
566302.7
566312.4
566515.5
566541.8
566642.3
566642.9
566675.4
566750.2
567524.7
567636.7
567686.1
567771.7
567836.6
567845.1
567855.5
567948
567964.7
567987.9
567999.1
568002.5
568008.8
569036.6
570197.8
570202.9
571656.8
571726.7
574377.2
576171.3
576292.1
576865.3
577493
577527.3
577854.4
580417.3
580600.7
580664
580922.2
586057.7
587318.4
587349.8
588133.6
588277
588319.9
588365.9
588409.9
588578
588700.5
588817.1
588917.4
589003.1
589182.9
589545.6
590821.7
590953.9
591729.9
591834.3
591838.3
591908.4
592286.2
592477.5
592843.8
592932.9
592992.4
593037.7
593071.3
593146.3
593312.5
593469.6
594542.3
594552.1
594565.5
594662.4
