1178.3
1239.7
1279.5
1307.5
1307.8
1438.4
1512.4
1604.9
1701
2247.9
4092
4176.2
4254
4266.4
10956.1
11115
11147.7
11155
11218
11225.4
11242.3
11254.5
11265.6
11279.7
11328.1
11365.4
11378.6
11450.6
11476.8
11515.2
11610.1
11613.2
11625.4
11676.3
12476.1
13735.7
13929.2
13939.3
14107
14220.6
14230.2
14267.6
14268.7
14303.2
14321.9
14453.6
14657.8
14675.4
14722
15416.4
15617.2
15640.3
15663.8
15745.4
15758.6
15773.9
15808.2
15835.6
15854.2
15854.7
15895
18883.9
18989
19046.3
19167.4
19170.6
19224.9
19279.2
19308.9
19398.5
19503.2
19536.3
19672.6
19894.7
19895.1
19944.3
19945.4
19950.6
19964.9
22697.2
22724.3
23629.3
23745.3
23965.9
25587.6
25787.4
25966.8
27066.8
27893.6
34133.2
34284.8
34311.8
34328.9
34402.9
34414.3
34458.6
34508.5
34508.8
34620.2
34671.2
38278.6
38288.8
38371
38538.1
40129.9
40147.3
40167.7
40186
40201.2
40328.6
41239.7
41327.7
41348.5
41411.8
41451.7
41465.2
41512.9
41683.8
41797
41805.9
43886
43889.4
43981.5
45141.2
45341.2
45394.8
45404.2
45429
45530.7
45583.6
45714.2
47674
47728.8
47803.1
48142.7
48161.5
48201.1
48251.4
48313.5
48370.1
48462.9
48475.3
48601.5
48656.3
48736.1
48762.4
48791.1
48951.5
48959.7
49030.7
49099.4
49099.6
49126.2
49302.9
49368.2
49387.3
49534.3
50103.7
50204.9
50452.5
51756.9
52340.5
52348.3
52362.8
52415
52420.2
52431.9
52438.4
52449.1
52451.4
52487.2
52612
52615.7
52639.6
52678.1
52722.4
52723.1
52940.6
52978.5
52993.5
53032.7
53159.4
53173.8
53212.1
53288.3
53301.2
53314.3
53361.4
53392.3
53401.2
53410.1
53432.3
53461.4
53592.3
53654.3
53671.1
53679.6
53750.5
53799.9
53824.2
53955.9
53984.7
54012.7
54132.8
54154.9
54179.6
54262.2
54292.6
54425.2
54462.6
54497.8
54542.6
54605.8
54673
54707.6
57449.9
57470.6
57595.5
57629.5
57637.7
57638.4
57649
57730.6
57789.8
57832.4
57876.9
57886.4
57913.8
57931.7
57935.8
57976.7
58114.4
58408.9
59810.3
60649.3
60735
62943.4
63005.5
63042.6
63110
63135.2
63161.9
63261.4
63287.6
63924.9
64074.5
64117.5
64174.9
64652.4
64801.7
64924.9
64946.8
65156
68486.1
68594.4
68758.9
68785.7
71666.4
72221
72329.1
72430.6
72444
72473.8
72636.1
73543.7
76074.7
76075.5
76078.1
76092.4
76094.1
76195.9
76472.1
78202.8
78333.2
78376.4
78660
79073.4
79159.7
79294.1
79312.9
79384.3
79393
79547.8
79722.3
79786.7
79799.4
80022
80028.4
80185.9
80415.8
80511.4
80912.9
81299.9
81395.1
82052.2
83943.6
84095.1
84108.8
84110.1
84165.6
84181.4
84387.2
86889
89595.3
89607
89733.4
90783
92387.1
92418.2
92423.2
92487.8
92540.7
92558.4
92686.8
92724.8
92726.4
92744.5
92930.8
92987.1
93053.7
95830.8
97058.9
102419.8
102692.9
111103.1
111125.6
111148.7
111167.2
111194.7
111243
118995.2
119007.8
119076.9
119181.8
119438.5
119479
119673.9
119798.3
120145.8
120186.1
125064.4
125224.3
125334.3
125353.8
125507.4
125602.1
125631.2
125748.3
125788.9
125830.9
125856.8
125880.7
125934.8
125959
126102.6
126125.4
126270.8
126319.3
126349
126360.1
126399.1
126399.8
126422.1
126448.9
126483.8
127621.3
127666.2
134843.4
134926.6
135125.3
135319.1
135556.8
135910.1
136106.1
136151.6
136236.9
136277.9
136331.8
137203.8
137298.6
139191.9
139311.1
139771.9
161231.2
161273.1
161290.9
161294.4
161295.3
161305.8
161355.3
161463.1
161507.5
161546.2
161575
162458.9
166216.3
172083.2
172097.4
172123.2
172158.8
172187.9
172232.9
172303.7
172326.4
173131.3
173284.6
173403.8
173427.8
173516.3
174368.8
174518.4
174634.1
174916.1
174932
174986.5
175005.1
175036.3
175156
175279.6
175438.6
175478.8
175654.1
179121.5
179134.5
179192.7
179300.6
179349.5
181032.8
181343.3
181346.7
181570.4
181585.3
181666.8
181713.8
181724.4
182226
182363.9
182403.4
182469.4
182488.6
182504.3
182524.5
182578.7
182600.4
183554.8
183610
183637.2
183656.6
183744.2
185794.6
186421.9
186801.6
187013.5
189679.3
190044.5
191056.9
191118.4
191217.6
191290.3
193312.3
193606.6
193612.2
193644
194427.4
194606.8
195190.5
195213.2
195217
195262.6
195283.5
195322.8
195334.6
207775.7
208103.7
208304.7
208331.8
208347.5
208414.8
208476.3
208515.9
208646
208748.5
209509.2
210625.2
210863.5
210961.6
210983.4
210986.3
211048.6
211054.5
211231.7
211262
211321.8
211450.6
212579.3
212632.1
212694.9
212829.2
212923.5
218708.1
219084.7
219110
219157.2
219159.1
219178.1
219236.3
219932.8
220035.4
220276.6
220287.4
220313.9
220343.3
220405.4
220429.2
220460.4
220564.2
220574.1
220610.3
220641.3
220644.1
220669.3
220693.4
220791.8
220919.8
220974.2
223285.9
223825.7
225724.7
225737.7
225746
225844.5
225970.7
225974.3
226003.9
227207.9
227245.9
227288.7
227359.6
227410.9
227414.1
227427.3
227444.4
227465
227474.8
228282.4
230020.5
230061.4
230101.8
230219
232047.4
232066.4
232187.9
232212.5
232220.5
232230.7
232261.2
232296.9
232533.8
232665.2
232785.6
232842.4
232856.3
232905.5
232940
232945.9
233006.9
233175.5
233239.3
233303
233387.6
233485.5
233677.5
233688.9
233970.6
233983.7
233994.3
234065.2
243600.5
243621.5
243703.6
243711.9
243730.9
243735.4
243801
243813.6
243887.7
243894.9
243999.4
246007.6
246012.4
248449.3
249326.6
249359.6
249517.2
255740.4
255867.9
255989.6
256028.2
256043.1
256044.3
256076.1
256158.1
256235.7
256259.4
256416.8
256770.2
259548.6
259610.4
259688.8
263313
263343.3
263409.1
263431.1
263431.3
263517
263565.2
263656.9
263724.3
268389.9
269046
269150.8
269167.5
269192.8
269211.7
269228.1
269444
269454.4
269501.2
269525.9
272994.3
273040.9
273065.3
273203.9
273214
273249.3
273325.5
273360.8
273404.7
273411.6
273485.3
273489.6
273524.2
273591.1
273602
273605.8
273639.4
273639.8
273652.3
273676.9
273689.1
273724.8
273742
273745.9
273870.1
273901.4
273908.5
273934.9
273969.6
273975.7
274011.8
274019.6
274049.2
275409.9
275759.5
275769.2
275838.1
275847.9
275959
275961.8
276019.2
276021
276144.2
276216.2
276293.3
276321.9
276392.5
276409.5
276452.8
276482.2
276511.9
276530.1
276538.4
276547.2
276565.4
276576.3
276615.5
276637.5
276728.1
276730.4
276751.6
276754.9
276809.4
276812.6
276822.4
277011.8
277046.7
277074.2
277373
277775.3
277901
277955.1
277956.3
278137.4
279070.2
279101.3
279792.4
279910.6
279925.8
279959.8
279972.7
279974.3
280061.1
280079.9
280082.6
280087.9
280175.1
280180.4
280201.9
280230.7
280258.7
280285.2
280290.8
280335.2
280396.1
280430.5
280489
280532.1
281912.9
281962.6
282046.5
282196.4
282246
282356
282383.1
283022
283036.5
283055.2
283103
283217.4
283239.2
283359.6
283400.6
283469.4
283544.9
283604.1
283630
283646
283662.6
283687.5
283718.6
283742.5
283782.8
283858.5
283883.2
283892.3
283966.1
283994.9
284040.3
284141.3
284144.5
284182.5
284222.7
284233.3
284238.6
284327.5
284371.2
284442.9
284568.4
284593.5
284631.7
284982
285259.5
286548.7
286635.4
286872.8
287976.6
288941.8
289031.2
289140.9
289356
290122.5
290343.1
290348.5
290488.6
291072.9
291286.1
291294.8
292202.7
292254.3
292834.7
292857
293181.2
293447.3
293455.8
293481.6
293594.7
294099.8
294647.8
294806.4
295335.8
295482
295566.4
297131.7
299391
299580.3
299925.1
300013.4
303475.8
303570.7
303692.4
303719.1
309695.3
309763.3
310208.8
310313.4
310495.2
311256.2
311286.4
311430.6
311469.7
312010.9
312124.9
312164.1
312269.7
312284.3
312309.8
312317.9
312323.9
312341.7
312351.1
312376.9
312531
325716.3
329326.7
329364.4
329514.8
329532.5
329545.7
329569
329630.6
330146.4
333954.2
334060.8
334572.8
334941.5
335047.6
335083.2
335769.9
338270.2
342467.5
342555.2
342707.1
342916.9
345096.5
345288.1
346049.7
347003
348889.8
349121.2
349145.5
349213.9
349401.9
349460.5
352927
352977.6
353028.5
353242.1
353242.9
353252.9
353260.6
353269.9
353295.3
353312
353346.3
353397
353423.3
365953.5
366109
366460.7
366470
366662.9
366873.9
367008.4
367351.3
367407.1
367718.7
367829.4
368003.3
368761.5
370843
372135.9
372339.1
373728.8
374674.7
374753.8
396450.4
396543.6
396962.1
397102.9
397432.3
418959
418990.1
419068
419175.5
419408.4
419497
421506.4
421543.5
421602.7
421603.8
421652.9
421657.5
421671.6
421791.9
421818.2
421826.1
421857.5
421903.8
421914.5
422033.4
422040.9
422217.5
422252.9
422337.2
422385.9
430391.4
430394
430435.4
430500.2
430660.6
435736.1
435954.7
440646.9
440824
441412.2
441754.1
442921.6
447279.9
448252.4
449165.2
449341
449445
449623.4
455924.6
456121.3
456228.5
456242.2
456259.5
456548.7
457855.3
457952.6
458011.3
458136.1
458183.1
458208.4
458358.9
458412.7
458444.9
458489.8
458511.2
458536
458648.1
458698.6
458734.2
458811.9
458814.2
460941.2
461049.9
461467
461495.8
461783.6
461977.3
463674.3
463692.4
463722.7
463723.9
463749.9
463774.3
463787.3
463940
465946.9
466805.6
468165.6
468629.4
468684.5
468874.3
468917.6
468918.4
468967.9
469016
469023.3
469028.1
469149.7
469188
469210.5
469222.4
469249.2
469481
469520.5
469564.3
469630.4
469655.5
469723.2
469725.9
469906.6
469962.6
469966.4
469996.8
470009.7
470230
470565.3
470631.2
479439.6
479789.3
480261.6
480456.2
480606.9
482549.4
482577.7
482595.2
482611.5
482692.6
482702
482703.9
482882.1
482954.2
483928.5
483945.6
484176.3
484419.3
484773.5
509669.5
509800.9
509971.9
512251.1
512403.8
512468.9
512527.5
512542.6
512605.4
512647.5
515453.6
516128.7
516161.8
519012.2
520065
520270.5
520307
520314.2
520459.6
520497.3
520501.8
520573.6
520596.1
520614.7
520627.3
520633.9
520666.1
520682
520689.6
520726.1
520731.4
520784.8
520785.4
520799.7
520808.6
520821.5
520887.8
520926.8
520935.5
520947.2
520982.1
521057.9
521065.6
521134.2
521149.3
521151.5
521214
521227.7
521235.4
521264.6
521271.7
521348.8
521349.2
521383.3
521400.4
521412.4
521424
521468.3
521588.8
521605.4
521613.6
521656.9
521695.6
521761.3
521805.5
521807.5
521831.6
521853.1
521907.5
521938.1
521941
522078.7
522083.9
522095.6
522113.2
522135.2
522155.1
522234.6
522263
522308.1
522416.4
522431.1
522438.5
522535.9
522556.6
522556.9
522579.1
522615.6
522621.3
522714.6
522716
522757.5
522777.8
522815.5
522843.9
522850.5
522852.9
522953.1
522956.8
523035.5
523050.8
523060.1
523071.1
523083.6
523097.4
523123.8
523127.9
523131
523140.6
523144.1
523256.3
523299.6
523326.6
523373.8
523436.8
523447.2
523448.3
523492
523502.5
523510.7
523522.9
523529.5
523633.8
523703.6
523745.1
523761.4
523779.3
523890.7
523903.1
523909.4
523928.6
523999.4
524005.2
524010
524018.7
524022.5
524029.8
524034.3
524041.4
524069.4
524131.5
524153.2
524192.9
524207.1
524233.9
524247.8
524266.3
524274.1
524306.7
524375.8
524395.2
524423.8
524465.5
524494.2
524510
524524.6
524551
524582.9
524635.1
524665
524823.6
524869.7
525001.7
525195.6
526920.9
527117.3
527225.3
527331.7
527360.9
527392.2
527399.4
527448.6
527550.1
527553.7
527642.8
527830.1
528036.3
528289.3
530531.5
530670.3
530675.6
530684.5
530753.7
530814.5
530831.4
530848.8
530866.9
530891.9
530987.3
531080.9
531098.4
531110.4
531159.2
531177.8
531246.1
531255.5
531376.5
531447.2
531503.2
531631.3
531830.2
531857.5
532443.7
532699.4
532870.8
532875.3
532925.4
532955.7
533205.3
536043.5
537614.2
537655.3
537761.3
537787
537788.8
537816
537854
537965.6
538021.7
538063.8
538069.2
538105.3
538138.7
538157.6
538379.2
538384.8
538394.7
538412.9
538425.2
538435.3
538440.7
538468.8
538476.9
538493.6
538508.7
538509.6
538563.9
538566.9
538597.9
538774.5
538880.3
538885.4
538898.7
539005.2
539036.9
539105.6
539136.9
540290.3
540322
540683.8
540852.4
540862.7
545559.3
546393.5
546452.9
546539.3
546567.5
546583.6
546966.8
548284.9
549980.5
550046.5
550241.2
550817.6
550933.3
559412.2
559501.3
559504.5
559521.5
559568.9
559627.6
559671.5
559674.6
559718.5
559733.3
559746.7
559775.6
559787
559804.4
559822
559828.5
559854
559871.9
559897
559956.9
559977.3
560031.2
560088.4
560090.2
560984
561007.3
561176.4
561203.9
561214.7
561221.7
561224.4
561240.1
561257.8
561267.1
561267.3
562311.4
562340.1
562378.7
562538.8
562769.8
563098.7
563490.1
564063.3
564371.3
564592.6
564743.1
567643.3
567687.3
567690.2
567696.4
567745.3
570397.7
571353.3
572631
572889.9
573096
573171.2
573191.6
573217.4
573218.7
573301.3
573308.8
573314
573449
573457.6
574223.7
574418.9
574444.8
574652.3
574713.9
574832.5
574883.2
574888
575140.5
575151.2
575278.3
575288.1
575382.3
578333.1
578429
579813
579865.1
580073.3
589684.1
589870.8
590766.8
590892.8
590904.6
590926.2
590968.2
591030.8
591565.5
591821.7
591946.9
591978.1
592046.1
592134.8
592227.8
592322.1
592339.6
592371.8
592398.6
592457.7
592629.5
592646.9
592693.6
592696.4
592748.6
593188.4
593369.1
593461.3
593549.9
593566.8
593592
593613.2
593739.1
593781.2
593807.9
593885.5
593914.6
593922.7
593955.2
594094.8
594131.1
594142
594189.6
594210.7
594338.4
594346.5
596121.6
596419.7
596430.1
597913.3
598147.8
598183.8
598424.5
598461.9
598572.3
598667.1
598701.8
598722.2
