1788.7
1888.4
5279.8
5511.1
5636.8
6835.3
7018.8
7274.3
8197.7
8226.2
8296.8
8317.9
8397.1
8408.5
8422
8426.5
8538.4
8584.4
8631.3
8668.2
8672.3
8676.5
8687.8
8742.4
8785.2
8841.6
8917.9
8929.5
8938.5
9010
9028.6
9080
9120.7
9133.3
9146.4
9170.3
9179.6
9222.3
9312.7
9316.8
9472.7
9477.9
9492.6
9548.5
9558.4
9607.2
9612.6
9775.6
9855.8
9917.3
9949.1
9990.6
9994.3
10056.5
10161.5
10166.5
10248
10267.9
10282.5
10397
10438.1
10524.7
10652.7
10682.4
10690.3
10701.7
10760.5
17404.9
17763.8
18162
18175.8
18443.1
18555.8
18751.1
18778
18882
18967.6
18978.3
18986.5
18988
19059.3
19078.3
19099.2
19107.5
19129.1
19183.3
19192
19205.1
19216.4
19236.5
19246.4
19248.9
19298.4
19314.4
19324.3
19332.8
19342.2
19416.3
19416.5
19443.5
19500
19598.7
19608.7
19618.5
19743.7
19776.6
19780.3
19805.8
19837.9
19885.3
19933.2
19948.1
19968.2
19976.6
19992.5
19994.3
21121.4
21236.4
21287.8
21482.7
22181.3
22314.1
23977.6
24047.2
24218.2
24234.7
24244.8
24447.8
24464.1
24494.4
24496.2
24524
24536.8
24581.2
24677.7
24697.9
24742.5
24829.9
24891.9
24927.8
24982
25016
25034.1
25051.3
25061.2
25082.1
25113.2
25122.8
25275.7
25325.7
25519.1
25554
25695.7
25768.4
25808.6
25947.9
25992.9
26033
26065
26093.2
26194.2
26239.8
26251.2
26272.1
26279.7
26362.8
26363.7
26449
26490.7
26506.2
26507
26543.2
26566.7
26654.7
26674.3
26707.3
26749.4
26863.8
26868.6
26872
26968.8
26982.2
27070.8
27124.8
27135
27152.2
27202.5
27218.8
27266.7
27348.9
27468.3
27489.1
27570.6
27663
27746.7
27803.7
27824.4
27855.8
27883.9
27973.3
27980.7
28008.1
28133.8
28180.7
28294.5
28394
28530.7
28547.6
28584
28681.3
28714.2
28806.8
28866.1
28920.2
28941.1
29018
29117.8
29135.3
29162.7
29197.7
29270.6
29411.9
29614.1
29624.9
30230.1
30264.2
30307.8
31087.5
35022.2
42328.5
42477.8
42514.5
42603
42618.8
42631.2
42660.3
42661.9
42673.5
42675.4
42731
42748
42773.9
42882.8
42904.7
42919.7
43015
43060
43164.1
43252.2
43307.1
49488.8
50040.3
50404.2
50547.9
50675.7
50741.4
50795
50806
50808.6
50941
54992.1
55122.1
55243
55245.1
55257.6
55367.9
55375.1
55391.1
55393.3
55511.5
55581.6
55600.1
55628.5
55633.4
55643.9
55652.9
55672.9
55746.5
55781.6
55794
55813.7
55818.4
55860.1
55867.7
55948.8
55977.9
56026.8
56177.8
56222.9
56230.9
56267.4
56404.3
56476.3
59979.3
59995.9
60029.4
60225.3
60228.5
60343.8
60370.1
60430.8
60564.3
60651
60654.2
61480.3
61878.3
62048.5
62082.9
62133.2
62140.7
62171.1
66097.3
68903.5
69026.7
69094.2
69239.4
69311
71118.5
71275.9
71390.8
71457.1
71680.1
71826.5
71842.2
71898
71931.4
72013.3
72133.3
72290.8
72299.7
72366.2
72410.9
72433.2
72599.8
72684.9
72762.1
72829.2
72838.3
72838.8
73552.3
73721.7
90672.2
90834.8
90881.4
90897
90925.3
91031.8
91044.7
91193.1
91233.5
93724.6
93787.9
94773.6
94881.7
95190.4
96585.7
96626.3
96709.5
96920.5
97621
98664.2
98777.6
99196.2
99877.8
100963.2
101176.3
101379.9
101513.2
101953.3
102208.3
103533.1
103698.6
103766.4
103834.5
103844.2
104044.4
105827.3
105863.6
105948.7
105970.2
105971.2
105979.4
106265.3
106499.5
106589.5
106819.8
113981.5
114145
114299
115370.6
115514.6
115621
115625.6
117489.4
118813.1
120467.5
120584.2
120718.1
120720.5
120903.9
121199.1
121238
121246.3
121247
121281.3
121281.5
121355.9
121382.7
121403.6
121412.7
121428.4
121526.3
121527.9
121612.1
121624.3
121668.8
121686.4
121699.2
121848.6
121907.3
121909.7
121947
121950.8
122006.3
122025.6
122048.8
122049.6
122071.3
122098
122176.9
122186.5
122215.3
122228.5
122242.4
122249.5
122331
122349.1
122417.1
122506
122586.9
122604.5
122630.7
122654.1
122755.3
122757.1
122934.4
123024.3
123059.3
123106.2
123133.2
123143.6
123288.2
123311
123394.4
123404.5
123414.8
123422.8
123461.9
123465.1
123527.8
123535.1
123588.8
123620.2
123673.2
123778.3
123800
123818.1
123856.6
123941.2
124001.5
124063.5
124065.8
124072
124144.2
124235.4
124269.3
124321.5
124328
124481.7
124502.8
124511.5
124603.1
124619
124701.2
124998
125098.2
126850.4
126889.8
126906.9
127525.1
127565.3
127837.5
127988.5
128017
128344.4
128518.4
128542.3
128677.4
130056.7
130275.1
130357.9
130626.1
130664
130671.4
130795.1
130797.2
130878.6
130925.5
131006.3
131028.7
131058
131090
131103.2
131130.3
131229.2
131267.4
131364.9
131365.4
131446.8
131485.7
131517.9
131607.9
131647
131885.5
131997.9
132135.9
132248.7
132383.6
132445.2
132574.3
132799
133024.7
133835.7
133929.8
133984.3
134687.7
134732.8
135143.6
135836.2
135845.1
136038.4
137019.8
137478.8
137748.5
137893.8
137999.7
139976.5
140363.5
140397
140422.3
140443.3
140798.8
140831.1
140887.5
140908.7
140937.9
141051.8
141052.9
141080.8
141225.1
141253.1
141289.6
141400.1
141403.9
141503.7
141557
141567.7
141604.5
141644.8
141767.2
141809.5
141918.9
141969.2
141975.6
141998.7
142100.8
142167.3
142183.8
142368.5
142550.4
142611.9
142692.4
142729.9
142757.2
142796.2
142831.2
142909.4
142911.7
142968.1
143011.4
143175.3
143281.3
143299.4
143300
143377.9
143521.1
143580.7
143613.2
143733.1
144331.6
144433.3
144452.1
144547.6
144777.4
144873.2
145223.8
145597.9
146049
146556.8
146616.8
146723.8
146879.8
147792.8
147949.8
148019.4
148246.3
148445.9
148549.1
148621.7
150185.6
150254
150422.8
150536.3
151334.4
151646.9
152902.8
156866.3
157900.9
158148
158450.9
159324.5
159608.8
159928.7
160015.7
160137.2
160241.7
160386.3
160788.6
160941.3
162119.4
162346.1
162936.2
166586.8
174540.3
174605.9
174824.5
175042.8
175161.8
175165.7
175857.6
175968
176030.9
176048.5
176058.2
176065.5
176087.8
176120.3
176152.5
176173.8
176175.9
176200.1
176233.6
176255.4
176263.8
176322.2
176329.8
176349.2
176353.1
176379.6
176390.8
176436.1
176557.3
176577.2
176583.9
176623.1
176705.4
176738.3
176853.1
176897.6
177069.3
177180.5
177196.8
177264.6
177268.4
177455.2
177487.6
177589.7
178689.4
183325.5
183533.3
183631.2
195674.8
195702.1
195773.6
195791.1
195844.5
195863
195968.5
196044.8
196066.1
196101.3
196127
196130.3
196158.5
196238.5
196239.6
196250.9
196262.3
196276.5
196301.5
196320.6
196326
196348.9
196400.4
196541.7
196700.7
196860.8
196883.6
196947.8
196969.4
196983.3
197076.4
197085.2
197098.4
197109.6
197118.1
197120.8
197149
197180
197241.5
197278
197367.6
197421
197428.4
197431.2
197501.4
197636.9
197647.3
197647.7
197732.3
197856.6
198066.9
198085.7
198091.2
198161.4
198163.2
198207.9
198234.4
198236
198274.7
198308.2
198411.6
198486
198523.9
198558.1
198657.7
198667.5
198690.3
198706.7
198708.9
198716.3
198717
198832.1
198916.2
199040.6
199245.1
201679
205280.6
205884.6
206904.3
207256.9
207503.3
207660.8
209974.2
210069.2
210088.4
212348.2
212356.2
212373.2
212427
212503.1
212735.4
212740
212776.9
213045
213074.4
213179.4
213243.4
213302.9
214038
214550.7
214596.7
215032.5
215134.3
215160.6
215275.8
215355
215519.2
215574.7
217025.8
217213.9
217259.1
217364.1
217808.5
217930.2
218078.8
218135.2
218244.2
218637.9
218663.7
218764
218784.4
218808
218873.7
218919.8
218991.3
219015.5
219080.3
219096.8
219114.3
219209.8
219220
222839.7
222942.9
223249.8
223817.5
223818.7
223889
223892.6
223947.1
223957.8
224001.9
224054.4
224104.2
224116.2
224137.8
224214.2
224293.1
224297.7
224455.6
224483.4
224490.2
224492.8
224503.1
224511.4
224548.7
224603.5
224663
224683.9
224816.7
224876
224949.8
224961.6
234074.8
234241
234336.5
234420.7
234647.5
234674.4
234692.4
234799.8
234883
235060
235075.7
235086.8
235221.5
235229.1
235261.2
235302.4
235361.1
235463.3
235507.5
235558.4
235567.2
235696.6
235710.5
235764
235850.5
235890.4
235900.3
235908.4
235915.8
235922.5
235964.1
235968.5
236061.5
236062.9
236362
236428.5
236444.4
236474.6
236495.4
236675.8
236753.5
236766.2
236835.4
236924.8
237066.1
237079.5
237211.7
237227
237278.5
237302.6
237316.3
237444.4
237753.4
237754.2
237950.6
238163.3
238181.6
238223.3
238266.1
238327.9
238328.4
238344.9
238367.1
238528.8
238744.7
238803.5
238815
238885.4
238948
238957.6
239012.4
239108.4
239119.7
239321.7
239469
239538.9
239630.7
239646.3
239716.1
240704.2
247056.1
247078.9
247248.1
247252.2
247252.9
247371.7
247384.3
247415.6
247467
247587.8
247604.8
247762.3
247885
248272.3
249293.1
250943.4
251298.1
251569.9
251583.5
251681.8
251687.2
251689.3
251788.9
251842.1
251847.8
251899.5
252003.5
252049.7
252063.6
252065.5
252142.4
252178.4
256354.5
256918.3
257625.4
257870.1
258049
258765.8
258938.8
267625.4
267691.1
267795.2
268279
268291.6
268563.1
276432.1
278934
279518
287138.1
299248.9
299364.9
299418.9
299424.4
299429.5
299480.8
299542.3
299544.7
299584.2
299611.7
299647.3
299770.7
299940.9
299949.7
299958.4
299981.3
300005.2
300018.7
300052.4
300070.2
300125.8
300207.4
300245.4
300263.8
300274.6
300333.6
300513.8
300562.6
300568
300636.7
300678.2
300679.2
300752.5
300763.9
300886.8
300967.7
301080.1
301091.6
301135.7
301246.1
301297.7
301464.4
301682.9
301803.5
302956.3
304291.1
304438.9
304554.6
304861.8
305063
305449.5
305528.4
305851.6
306005.4
306350.2
306438.2
306477.4
306488.3
306610.7
306614.1
306629.7
306683.5
306801
306808.3
306813
306813.2
306841.6
306907.2
306921.3
306989.6
307038.2
307053.5
307132.2
307190.7
307252.9
307267.4
307289
307289.6
307294.4
307298.7
307353
307390.7
307441.3
307493
307539.6
307570.9
307585.3
307620.8
307665.2
307702.4
307732.7
307881.5
308152.6
308200.9
308208.6
308262.6
308267.2
308303.5
308448.6
308459.9
308472.4
311742
311832.5
311960.5
312061.4
312065.4
312099.3
312105.2
312225.3
312249.5
312254
312324.6
312344.3
312354.2
312431.5
312540.7
312802.5
312944
313006.6
313179.9
317172.3
319898.8
320246.3
321070.1
321224.3
321274.5
321283.2
321338.7
321368.4
321454.5
321628.9
321755.9
321989.7
322006.8
322136.9
322198.5
322290.5
322301.6
322327.2
322490.4
322660.6
322757.4
322835.4
323069.3
323077.2
323207.9
323243.8
323253.2
323263.3
323300.2
323315.5
323499.3
323625.3
323660.2
323784.3
323980.2
324006.3
324043.6
324105.6
324173.9
324215.4
324452.5
324502.6
324592.2
324598.3
324627.6
324850.2
324869.8
327047.1
327539.1
327603.8
328572.4
328712.1
328975.3
331863.9
336894.3
336918.7
337305.3
337394.2
337688.1
343882.1
344043.2
344186.9
344227.8
344230.9
344904.7
345181.2
345336.3
345731.4
345829.6
345893.6
345967.5
346484
348723.5
349208.1
349328.6
349392.2
349689.1
349750.3
349765.6
349829.8
349864.7
349932.7
350083.1
350171.1
350243.8
350412.1
350434.7
350547
350591.5
350594.2
350835.7
353375.1
372051.2
372728.8
372876.4
373052.1
373057.6
373100.2
373227.5
373297.7
375641.6
375703.4
376045.8
376127.2
376164.1
376210.3
376225.4
376228.4
376277.4
376320.2
376363.2
376377.3
376538.2
376539.6
376653.5
376732.2
377062.9
377166.1
377175.7
377252.7
377262.5
377277.5
377330.2
377418
377561.1
377608.5
377612.5
377627.4
377681.7
377763.1
378101.4
378204.4
378228.7
378252.3
378302.8
378478.2
378507.3
378626.2
378660.4
378713.3
378718.7
378765.3
378786.3
378924.6
379009.7
379031.1
379101
379127.5
379477.1
379503.6
379542.8
379605.6
379699.8
379743.7
379887.3
379910.3
379912.8
379987
380030.6
380076.2
380121.8
380365.1
380410.3
380437.9
380476.2
380571.7
380611.2
380677.7
380691.9
380902.9
380946.9
381025.2
381085.5
381107.8
381111.2
381116.9
381202
381284.7
381295
381315.7
381355.3
381407.4
381407.5
381511.1
381654.3
381691.7
381908.1
382052.7
382155.3
382350.4
382464.8
382511
382521.4
382524.9
382552.8
382707.6
382882.9
383058.8
383187
383213.8
383399.4
383500.9
383531.4
383538.2
383942.8
383950.8
383955.8
384000.6
384019.9
384046.1
384107.9
384149.9
384153.6
384180.5
384243
384296.3
384312.6
384325
384410.5
384553
384724.5
384776.6
384815.5
385010.6
385012.8
385111.7
385333.2
385335.2
385335.6
385342.4
385349.9
385379
385433.3
385495.8
385562.8
385562.9
385673
385690.3
385851.2
385886.3
385922
386006.2
386256.6
386324.9
386340.1
386406.5
386417.7
386431
386453.6
386817.8
386864.4
386970.2
386986.5
387036.2
387067
387095.1
387107.8
387122.7
387243.2
387304.2
387490.1
387558.6
387584.5
387763.7
387772
387777.7
387816.4
387852.6
387913.8
388106.4
388424.6
388565.8
388623.9
388782.7
388940.1
389071.1
389080.9
389093.7
389226.4
389317.7
389403.3
389471.2
389481.3
389501.4
389511.6
389558.2
389594
389606.4
389610.6
389679.9
389696.2
389741.1
389768.9
389788.7
389826.3
389834.6
389880.1
389966.4
389974.7
390022.9
390050.5
390084
390107.1
390116.8
390135.7
390194.1
390333
390360.7
390376.4
390381.8
390468.5
390490.1
390498.9
390635.2
390654.6
390715.8
390729.5
390762.6
390794.2
390799.1
390868.6
390898.8
390931.4
390963.1
390975.9
390994.3
391046.3
391055.1
391134.3
391168.9
391198.5
391221.8
391255.5
391310.3
391352.8
391355.8
391374.4
391376.2
391380.3
391439.5
391442
391449
391689.2
391719.6
391748.6
391773
391785.7
391829.6
391864.8
391948.8
391973.7
392024.9
392072
392078.8
392079.5
392081.8
392095.1
392120.2
392169.7
392190.1
392335.9
392426.4
392460.4
392460.6
392528.5
392709
392757
392759.4
392767.9
392796.5
392839.7
392892.3
392934.5
392990.6
393002.2
393056.8
393326.4
393548.7
393581.8
393649.7
393811.4
393842.2
393911
394033.8
394114.9
394219.6
394236.2
394892.9
395023.6
395083.7
395134.5
395147.8
395322.2
395510.7
395821.5
395994.2
396032.7
396193.3
396239.4
396244.2
396349
396668.7
396772.1
397227.6
398429.8
398503.4
398609.5
398618.9
398865.7
399152.2
399171.7
399261.3
399391.1
399393.6
399467.8
399549.9
399571.6
399697.8
399704.3
399907.3
399970.9
400021.2
400032.2
400148.2
400157.1
400291.6
400376.3
400435.9
400478.1
400542.4
400575.3
400598.1
400601.8
400608.1
400671.7
400689
400725.5
400946.3
401066.3
401090.4
401222.7
401232.4
401234.7
401494.5
401628.6
401712.9
401903.3
401950.6
401966.2
401979.8
402110.2
402110.8
402378.4
402399.9
402427.4
402471
402795.3
403250.7
403784.2
404319.9
404599
404614.3
404662.7
404760.3
404835.1
404950.4
405034.7
405148.6
405160.8
405164.1
405176.3
405182.7
405190.6
405194.6
405246.7
405291.9
405340
405346.4
405448.2
405471.5
405477.2
405489
405501.5
405609.5
405635.4
405687.9
405719.7
405743.6
405788.8
405811.6
405869.7
405882.4
405885.3
405984
406055
406057.6
406058.9
406134.8
406172
406224.5
406333
406464.9
406612.4
406722.2
406830.3
406865.5
406927.5
406951.6
407032.3
407037.9
407111.2
407127.4
407250
407252.5
407269.5
407437.4
407477.4
407477.9
407478.2
407615.5
407620.4
407626.7
407627.5
407917.1
407946.3
408043.7
408110.8
408152.6
408161.6
408263.4
408326.8
408350.5
408351.1
408385.3
408531.1
408634.9
408671.8
408744.2
408807.6
408839.4
408877
408997.1
409210.6
409316.2
409404.4
409478.1
409604.7
409641.6
409722.9
409754.9
409776.2
409784.9
409850
410081.7
410207.2
410262.4
410349.4
410555.2
410627.4
410667.7
410753.2
410769.9
410886.7
410934.9
410942.3
410990
411119.5
411466.2
411543.5
411980.9
411989.6
411996.2
412031.9
412037.4
412110.6
412220
412233.9
412266.3
412414
412463.4
412540.5
412570.1
412604.5
412661
412711.1
412794.1
412909.8
413124.3
413142
413174.9
413285.6
413421.1
413611.3
413876.8
413925.4
413964.4
413977.2
414142.9
414150.7
414348
414457.2
414491.2
414520.7
414669.8
415015.2
415244.4
415264.3
415446.1
415460.5
415509.5
415516.6
415661.4
415673.7
415714.5
415759.3
415761.6
415931.9
416003.7
416107.5
416119.5
416134.2
416134.3
416228
416341.4
416348.8
416412
416423
416429.2
416493
416526.8
416548
416560.5
416583.3
416672.1
416687.4
416874.5
416889
416904.7
416952.4
417002.8
417074.1
417133.9
417171.6
417183.3
417187.4
417249.7
417255.1
417366.3
417384.9
417460.2
417497.7
417506.6
417559.5
417672
417687.9
417700.8
417716.1
417826.6
417844.5
417845.9
417854.5
417855.1
417910.7
418009.4
418038.4
418268.4
418308.1
418439.6
418443.6
418463.7
418523.1
418813.5
421422
421539.4
421704
421922.2
422037.5
422108.7
422151.8
422206.4
422295.2
422452.5
422645.6
422756.9
422773.1
422812.2
422816.5
422832.1
422953.9
423011.1
423014.1
423014.3
423026.9
423117.1
423188.4
423221.7
423263.3
423353.1
423400.2
423593.5
424040
424353.1
430935
431216.2
431226.4
431715.5
432131.1
432302.8
432378.5
432430.9
432468.8
432548.3
432799.6
432817.7
432889.3
433052.7
433082.2
433349.9
433567.7
433608.4
433884.9
434465.6
434494.7
434522.1
434543.1
434598.7
434775.7
434875.8
434957.2
435043.2
435243.3
435479.4
435783.6
435814.5
435871.4
436482.8
436579
436988.2
437031.6
437401.7
437466.2
437552.9
437566.4
437593
437610.6
437622.1
437815.4
437869
437935.2
438358.2
438877.5
439681.3
440012
440212.1
440247.9
440527.5
440671.8
451282.1
451330.7
451508.6
452224.4
452357.1
452439
452490.4
452729.8
453373.6
453379.6
453405
453431.4
453462.7
453470.6
453525.8
453567
453729
453811.1
453814.7
453917.7
454205.2
454299.7
464211.8
464259.7
464278.4
464327.6
464376.4
464380.2
464385.9
464408.3
464418.1
464445.8
464460
464616.4
464648.1
464656.9
464665.1
464730.1
464876.7
465007.2
465330.9
465352.3
465558
465859.8
466996.8
470180.3
470253.2
471209.6
471373.8
471384.5
472128.8
472222.6
472374.5
472440.2
472489.8
472506.4
472514.4
472586
472609.5
472644
472739.3
472747.6
472937.2
472978.9
473042.6
473044
473067.5
473089.3
473106.2
473142.9
473148
473185.2
473230.6
473240.8
473278.7
473299.8
473363
473415
473476
473492.7
473509.8
473527.7
473540
473612
473681.8
473701.6
473716.3
473813.4
473834.2
473895.6
473936.2
474006.7
474199.5
474287
474337.9
474366.3
474373.7
474519.4
475289.6
475310.3
475359.9
475427.1
475442.4
476328.2
476435.6
476747.9
477009
477365.9
477836.1
477943.4
477996.4
478040.6
478146.6
478157.5
478182.4
478309.2
478400.9
478463.2
478497.8
478595.4
478646.5
478659.3
481648.4
484967.5
485347.2
485457.1
485465.2
485499.3
485603.3
485610.3
485618.7
485622.4
485683.2
485735.5
485738.7
485764.2
485789.7
485986.1
486316.3
486461.4
486463.6
486545.8
486567.3
486575
486712.5
486725.5
486734
486768.4
486796.4
486804.6
486805.1
486809.4
486842.7
486937.3
486957.2
487030.8
487099.2
487133.3
487153.4
487167.5
487179.8
487182.4
487303.2
487307.3
487312
487322.2
487333.3
487393.3
487551.4
487601.1
487628
487637.8
487695.9
487715.9
487723.5
487731.1
487779.2
487807.8
487838.1
487860.2
487941.6
487948.5
487950.5
488078.1
488085.2
488179.9
488202.3
488348.6
488348.7
488357.9
488454.5
488479.8
488561
488650.1
488714.4
488721.2
488793.2
488833.7
488875.4
488881.9
488887.9
488905
488972.5
488979.3
488979.5
489010.7
489043.3
489053.7
489257.3
489337.5
489454.2
489530.7
489585.4
489603.4
489710.3
489751.9
489869.2
489960.9
489982
490041.2
490055.7
490141.7
490156
490247.4
490330.9
490344.9
490356.9
490435.7
490439.5
490555.4
490575.2
490658.4
490697.7
490709.9
490860.8
490985.8
491133.6
491229
491240.9
491241.4
491312.4
491329
491479.9
491522.6
491666.5
491753.8
491887.5
491937.9
491971.3
491983.8
492187.9
492252.7
492258.5
492262.8
492333.6
492339.9
492437
492440.7
492549.1
492559
492643.9
492650.5
492808.9
492857
493091.1
493183.8
493450
493462
493473.3
493674.2
493688.5
493701.4
493785.9
493833.9
493872
493913.8
493919.4
494045.1
494130.4
494156.7
494169.3
494290.1
494408.6
494520.3
494530.6
494544.4
494563.2
494596.6
494630.3
494669.2
494739.4
494754.3
494873.3
494917.3
494926.7
494936.4
495005.8
495012.7
495040.7
495071.9
495131.7
495137.6
495203.4
495265.1
495330.8
495425
495538.2
495708.3
495911.1
496023.1
496092.7
496139.6
496150.3
496218.5
496229.2
496234
496295.2
496300.3
496352
496353.3
496383.5
496473.5
496502.8
496607.2
496782.1
496823.4
496857.5
496911.3
497007.4
497086.4
497097.1
497250.8
497287.6
497303.3
497363.3
497381
497382.9
497421.5
497476.1
497511.3
497517.1
497525.3
497539.6
497553.6
497568.2
497666.8
497694.1
497765
497783.4
497850.5
497873.1
497894.6
497902.9
498052.6
498098.9
498118.3
498152
498283.6
498288.2
498496.4
498544.5
498549.6
498551
498689.8
498728.5
498728.9
498819.2
498828.6
498875.3
498895.5
499003.4
499019.6
499026.8
499042.9
499079.7
499145.9
499166.6
499241.4
499279.8
499432.5
499454.9
499460.7
499593.7
499647.6
499651.5
499666.6
499699
499791.5
499849.4
499857.7
499925.8
499942.1
500049.7
500195
500240.3
500254.1
500287.1
500382.3
500619.5
500640.4
500815.4
500922.7
500988.3
500989.8
501109.9
501151.3
501199.9
501213
501224.2
501254.8
501259.3
501315.9
501318.8
501332.5
501383.7
501455
501501.5
501522.4
501539
501582.5
501681.1
501685.5
501812.6
501925.6
502094.6
502158.1
502245.9
502283.3
502308.8
502462.8
502502
502513.7
502568.1
502644.1
502701.3
502714.4
503035.5
503036.8
503079
503116.7
503176.3
503179.1
503202.8
503260.5
503332.8
503349.5
503405.6
503414.9
503430.2
503555.4
503560
503585.5
503585.6
503605.3
503720.8
503773.2
503839
503850.8
503889.1
504115.3
504171.2
504202.4
504222
504383.6
504474.6
504476.4
504491.2
504522.5
504523.9
504563.1
504601.1
504604.2
504817.9
504838.6
504894.5
504955.6
504992.8
505017.2
505150
505178.7
505295.5
505411.8
505558
506210.3
506252.3
506273.5
506341.7
506575.4
506606.5
506668.6
506732.7
506844.9
506876.5
506894.3
506939.7
507101.2
507118.2
507165.2
507206.5
507309.3
507352.8
507357.7
507379.6
507424.1
507544.5
507548.4
507611.7
507652.4
507671.8
507700
507747.1
507850
507858.1
507948.1
508145.5
508347.4
508487.9
509837.1
512526.6
512584.1
512670.6
512691
512712.7
512725.1
512759.4
512955.5
512963.2
513030.5
513037.5
513076.3
513211.9
513286
513289.7
513566.7
513591.9
513790.6
513917.5
513953.6
514069
514094.9
514227.8
514313
514442.4
514444.7
514510.1
514605.4
514670.6
515029.1
515169.2
515514.3
516288.3
516344.9
516414.9
516587.7
516631
516668.2
516731.3
516843.6
516995.7
517056
517086.3
517104.2
517121.9
517136.9
517182.8
517188
517207.9
517265.6
517320.6
517345.8
517354
517370.6
517376.2
517382.3
517524
517628.4
517792.5
536711.3
539790.9
539891.6
539985.1
540045.8
540110.3
540149.2
540164.3
540179.1
540244.9
540293.8
540299.7
540321.3
540374.1
540419.2
540429.4
540438.7
540742.1
540819.9
540843.7
540843.9
540901.1
540920.6
540954.9
540986.5
541172.8
541317.2
541358
541441.3
543042.4
546516
547410.2
547436.1
547553.2
547711
547799.5
547809.8
547845.8
547847.6
547864.4
548077.7
548084.3
548087.8
548129.5
548173.1
548225.3
548230.7
548288.7
548309.4
548319.3
548325.9
550572.2
550635.3
550683.3
550824.7
550896.5
550908
550908.8
550946.5
551017.7
551048
551374.8
551437.9
551745.1
551758.7
551787.4
551818
556362.1
558740.6
559017.2
559095.3
559281.8
559342.2
559374.5
559412.1
559421.3
559515.6
559571.7
559593.6
559644.4
559713.8
559805.4
559822
559831.4
559894.4
559973.3
559997.2
560022.7
560025.9
560026.9
560036.1
560054.3
560126.9
560175.5
560242.9
560299.3
560469.1
560530.5
560659.7
560716.4
560885.6
560988.7
561040.2
561045.6
561078.6
561081
561220.4
561235.4
561245.6
561254.6
561272.2
561320.7
561330.1
561382.5
561391.9
561393.4
561431.6
561508
561527.9
561563.2
561572.3
561631.1
567968.7
567985.1
568022.4
568027.1
568081.6
568096.4
568144.1
568195.9
568197.4
568206
568210.2
568241.5
568269.1
568307.9
568322.2
568433.3
568435.8
568472.2
568487.6
568521
568529
568840.7
568844.4
568845.9
568918.3
569063.4
569068.1
569117
569119.4
569139.2
569174.4
569209.7
569253.7
569277.4
569307.8
569312
569327.8
569366
569370.3
569410.1
569462.8
569469.7
569543.8
569604.9
569613.6
569632.1
569685.8
569790.5
569847.2
569920.9
569970.6
569979.7
570159.2
570194.7
570225.9
570318.2
570376.4
570402.8
570417.7
570429.5
570510.8
570550.7
570566.4
570599
570640.9
570680.7
571033.2
571040
571216.6
571323.4
574877.9
575639.4
575793.2
575817.8
575866.7
575887.3
575887.6
575897.1
575906.4
575926.8
576033.1
576099.7
576105.9
576113.3
576160.1
576168.8
576202.1
576257.7
576284
576415.9
576687.5
576871.6
585811.5
586001.9
586015.7
591088.9
591216
596875.8
597162.6
597300.3
597357.3
597500.1
597576.9
597578.8
597735.9
597793.4
597818.2
597822.2
597876.2
597946.5
598070.2
598074.7
598129.4
598168.6
598242.4
598278.5
598341.9
598349
598360.9
598412.3
598435.5
598536.4
598794.6
598841.1
598868
598981.3
599040.9
599066.8
599205.6
599565.6
599828.7
599860.1
