17.1
68.6
907.1
928
1896.4
2023.3
2038.4
2226.4
2643
2945.6
2957.2
3756.3
3915.6
3969.9
4097.5
5316.2
5393
5606.4
7434.6
8115.1
8140.3
9691.4
9858.6
10357.9
10750.9
10937
13673.6
13945.9
14049.1
14373.8
14405.3
14488.5
14504
14529.5
14608.2
14624.1
14627.3
14732.3
14789.2
14890.5
15037.2
15098.4
15601.1
15658.7
15741.6
15760.3
15832
15848.9
15861.6
16100.9
16201.4
17296.3
17312.6
17335.8
17352.6
17368.1
17393
17427
17435.7
17575.6
17589.8
17682.6
17700.9
17758.6
17829.7
17857.7
17865.9
17868.1
17954.4
17955.2
17956.1
17989
18361.2
18526.3
18527
18691.1
18792.9
18848.7
20165.7
20278.8
20334.1
20459
20461.8
20472.1
21157
21237.1
21249.9
21291.6
21315.9
21344.1
21487.6
29750.3
29979.1
30094.7
30486
30541.6
30619
30640
30721.6
30796.1
30917.4
31141.8
31148.1
31162.3
31191.4
31237.8
31244.4
31265.4
31277.5
31301.7
31482.6
31508.6
31623
31629.1
31672.2
31770.5
31965.9
32902.1
33819.5
36483
37143.9
37454.8
37490.6
37983.9
37999.8
38059.3
38105.9
38957.6
40046.6
40085.2
42482.4
42501.5
42532.2
42590.1
42618.1
42626.6
42634.3
42639.3
42771.2
45856.5
45931.3
46054.9
47278.9
55413.3
56674.6
59277.9
59345
59451.6
59458.1
59465.2
59521.1
59542.4
59578.3
59665.9
60783.3
60842.3
60848.8
60995.7
61085.5
61095.9
61111.7
61117.2
61142.2
61205
61220.6
61246.3
61319.8
61840.1
62241.4
62341.2
62526.5
62534.6
62543.9
62553.8
62626.2
62664.5
65979.3
66001.3
66287.5
66364.7
66557.5
66647.3
66699.8
66778.3
66810.9
66832.7
66926.2
67766.4
67877.2
69071.8
69129.3
69154.3
69254
69280.3
69300
69437.1
69451.2
74385.8
76309.4
76403.7
76404.7
76496.3
76538.1
76556.5
76563.8
76592.4
76689.1
76765.3
76830.3
77098.3
77536.6
80065.1
85602.8
85926.1
86029
86177.6
86299.3
86445.4
86508.6
87033.7
87075.2
87574.9
89808.9
89936.7
90188.9
91302.5
91363.1
91390.2
91410.1
91464.8
91540.8
91550.5
91739.4
91814.4
91874.2
95333.8
102469.5
103658.5
103821.5
103826.3
103866.6
103896.6
104110.7
104196.9
104332.9
104601.2
104630.9
104712.9
104730
104807.2
104853.1
104877.1
105043.5
105293.1
105311.5
105351.2
105440.9
105450.4
105455.6
105470.1
105490.5
105501
105530.6
105535.1
105538
105786
105864.8
106173.4
107117.6
107124.4
107149
108125.2
109505.9
110901.7
111033.7
111059.4
113146.9
113258.9
113263.8
113305.8
113312.3
113440
113555.7
113560.7
116840.9
117908.9
119919.4
120799.3
121267.6
122215.5
124385
127032.8
127335.5
127745.2
127760.9
127792.5
128079.9
128136.9
128142.5
128145.9
128152.5
128170.4
128189
128200.9
128266.6
128320
128322
128333
128354
128412.7
128686.3
128693.6
130647.5
131588.5
133445.5
133483.7
133680.3
133775.3
133789.2
133888.9
133943.5
133951.6
134083
134200.8
134250.2
134428.8
134453.5
134581.6
135357
136544.9
137384.6
139477.6
139608.6
139964.1
140328.2
140377.2
140754.6
140761
140809
140837.7
140912.6
140924.6
140936.2
140960.9
140995.7
141056.5
141083.1
141125.5
141169.1
141172.5
141208
141833.7
141944.8
141966.9
141984.1
142074.9
142193.7
142343.9
142410
142421
142422.3
142466.8
142471.6
142612.7
142637
142664
142737
142865.8
142916.4
142923.4
143011.9
143069.4
143131.8
143142.7
143159.2
143177
143239.2
143328.7
143372.4
143400.4
143433.1
143441
143474.7
143550
143591.8
143616.7
143645.7
143748.7
144060
144063.5
144071.9
144375.8
144405.6
144409.4
144433.2
144469.9
144646.6
144785.6
144891.2
144956.7
144986.5
145140
145214.9
145287
145405.7
145410.5
145541
145615.1
145772.9
145823
145861.9
146101.9
146387.5
147028
147087.9
147144.5
147256.9
147322.3
147414.7
147441.1
147453.4
147699.9
147772.1
147874.6
148313.2
148409.7
148641.7
148652.4
148743.2
148772.8
149124.8
149349
149525.1
149578.2
149601.3
149626.6
149971.3
150056.8
150324.7
150388.3
150588.2
150855.3
150874.5
151020.4
151185.8
151198.3
151312.3
151454.7
151484
151524.3
151554.5
151791.6
152679.2
152893.5
152955.6
153348
153358.5
153584.6
153657.5
153695.8
153727.6
153739.7
153927.9
154002.6
154012.1
154074.5
154093.7
154231.9
154331.6
154909.6
155093.8
155509
155572.8
156070.7
156099.3
156123.4
156191.2
156252.7
156436.5
156498.6
156505.2
156506.5
157261.5
157322.9
157442.9
157539.6
157569.9
157670.7
157720.9
157810.1
157821.5
158037.9
158269.7
158374.1
158445.8
158460
158647.6
158869.8
159345.1
159361.4
160154.1
160590
160606.3
160656.5
160657.1
160672.1
160737.7
160802.8
165363.8
165464.7
165467.5
165555.2
165638.4
165812.1
165873.7
166045.1
166108.7
166126.7
166129.1
166209.8
166547.1
166654.2
166730
166761.2
166780.5
166878.4
166894.3
166897.6
166904.9
166927.7
167034.7
170870.7
171022.8
171534
171545.9
171553.2
171588.4
171625.4
171644.2
171684
171739.5
171780.2
171857.3
171858.1
171867.6
172030.7
172105.9
172129.1
173195.9
173249
173262
173336.3
177329.3
177567.3
182901.5
182938.7
182957.7
183020.5
183021.2
183052
183124.1
184790.1
188455.5
189750.2
192778.9
193146.4
194672.5
194800.6
195800.6
197643.1
197771.4
197946.7
198078.9
198702.7
198871.6
198962.7
199038.2
199090.9
199117.5
199222.6
199235.7
199281.7
199290.6
199319
199330.2
199337.7
199343.2
200561.5
202177.2
203904.2
205378.5
205604.8
205684.8
205716.1
205766
205843.4
205874.3
206453.8
206501
206509.8
206942.6
206995.7
207076.3
207088.3
207170.1
207446.5
211503.9
211692.6
211703.2
211731.1
211783.6
211822
211891
211901.7
211927.3
211980.4
212187
212288.1
213429.6
214179.8
214250.7
214277.9
214372.6
214401.3
214498.6
214510.6
214514.6
214548.8
214661.1
214680.6
214953.1
214988.7
215110
215147.5
215256
215682.3
216589.1
220109.1
220351.1
220473.3
220562.8
220768.4
220803.4
220815.2
220867.4
220870.4
220915.9
220925.2
220998.5
221006.3
221085.8
221102.5
221156.2
221194
225020.8
225082
225164.7
225329.7
225335.4
225386.6
225449.3
225455
225642.5
225645.7
226546.6
227014.3
227143.3
227321.5
229171
229974
230115.8
230204.2
231255.3
234362.8
234978.4
235525
235804
235821.2
235893.5
235969.5
235990.2
236037.5
236118.3
236137.4
236533.4
236739.6
237046.8
238093.4
238266.7
239033
239101.6
239209.7
239333.9
239393.8
239395.2
239447.4
239500.4
239700.8
239748
239768.4
239805.7
239835.2
239922.9
240067.5
240317.9
240583.6
240984
241339.6
247173.1
247423.4
247592.9
247702.8
247821.9
247853.7
248135.2
248221.9
248254.1
248391.7
252512.8
252519.4
252654.5
252675.1
252676.8
252705.4
252722.1
252797.1
252797.9
252827.7
252829.6
252839.3
254725.6
254970.8
257355.7
258743.6
258830.8
259116.3
259383.6
260146.8
260330.6
260332.9
260605.4
260759.4
260790.4
260824.4
261083.2
261190.7
261252.7
261267.2
261492.5
261538.3
261589
262046.6
262118.7
262363.9
262436
262988.1
263067.7
263082.3
263195.9
263324.7
267222.9
268988
269180
269251.6
269261.7
269262.8
269283.6
269313.7
269339.9
269373.1
269435.9
269440.5
269454.5
269630.8
271863.9
271918.9
272071.7
272226.1
272276.3
272282.9
272356.8
272397
278706.6
278880.7
278891.2
278901.8
278918.3
278957.6
282446.3
287428.3
287587.7
287594.8
287626.3
287845.2
287869.3
287913.9
287972.9
288080.7
288092.6
288142.2
288168.7
288843.5
290445.1
291476.4
293140.5
293340.5
293514
294674.4
294857.3
294870.6
295259.5
296623.7
296630.5
296723.6
296738.2
296750.2
297059.6
297152.1
297158
297380.3
297596.1
304560.7
304605.9
304639.7
304693.8
304706.6
304895.7
305101.9
305720.8
305736.8
305827.8
306137.2
306187.2
306504.2
306531.7
307729.4
308364.2
308521.5
308528.2
308538.2
308558
308572.4
308574.1
311441.4
311677.7
311746.4
320212.9
320256.5
320271.5
320301.4
320341.6
320463.5
320533
320630.2
320737.5
321832.3
322420.6
323200.2
324357.1
324919.5
325045.2
325430.3
326980
327878.2
328327
328985
331549.8
331926.1
331932.7
333682.5
333778.2
333779.3
333864.6
334023.6
334040.1
334109.6
334185.4
334298
334352.1
334511.7
334560
334574
338463.1
339562.6
341575.5
342223.9
342271.3
342292.1
342335.6
342409.6
342506.8
344898.6
346551.2
348481.9
348557.2
348563.7
348635.6
351442.7
351498.2
354081.9
356155.5
356392.6
356585.8
356954.2
357269.1
357969.9
358040.9
358120.3
358129.3
358284.7
358317.7
358342.7
358424.5
359068.9
359462.6
359576.8
359582.8
359698.7
359776.3
360147.6
360308.3
360362.7
360376
360457.5
360516.8
360535.2
360744.7
361046.8
361074.4
361090.8
361146.3
361234.1
361239.2
361262.5
361286.3
361581.4
361810.6
362054.7
362093.7
362408
362415
362504.4
362509.8
362564.9
362635.9
362653.2
362655.8
362713.4
362764.4
362872.5
363064.4
363182.3
363196
363203
363203.4
363372.5
363403.3
363451.8
363627.6
363653.4
363670.4
363754
363878.1
363953
363956.7
364003.4
364129.9
364181.5
364353.9
364473.2
364547.1
364557.7
364730.9
364780.6
364806.7
364842.5
364896.2
367537.1
370852.7
370875.7
370950.8
371663.2
371722.1
371817.1
371827.5
371876.9
372089.5
372303.1
372304.9
372314.8
372443.4
372445.3
372459.5
372552
372637.5
375784.4
375923.6
375997.5
376046.7
376104.7
376362.4
376385.3
376389.3
376409.9
376412.5
376508.9
376688
376717.3
376825.9
376880.6
377016.8
377087
377099
377143.5
377316.6
377321.7
377426.3
377520.6
377673.6
377696.2
377751.9
377849.9
377885.1
377987.6
377991.5
378043.2
378077.7
378102.9
378141.3
378159.5
378175.6
378198
378263.8
378386.4
378532.8
378665.1
378876.1
378896.4
378967.3
379046.7
379145.7
379221.4
379299.3
379311.9
379314.4
379346
379445.4
379528.2
379559.8
379639.2
379693.2
379706.4
379726.3
379961.8
380008.5
380036.6
380036.8
380049.9
380088.9
380166.9
380208.6
380295.3
380347
380470.8
380477
380506.1
380578.4
380642.8
380647
380767.1
380853.2
380881.8
380898.1
380910.1
380957.9
380978.3
381179.3
381393.5
381412.6
381441.9
381568.1
381570.5
381639.3
381668.1
381677.3
381709.7
381724.7
381725.6
381769.9
381814
381816.7
381886.1
381902.2
381921.7
381966.8
381985.4
381993.7
382003.5
382013.1
382169.6
382188.2
382231.3
382253.9
382312.8
382354.2
382438.6
382462.3
382496.2
382565.1
382575.9
382580.3
382588.4
382646.8
382652.3
382753.5
382761.9
382773.4
382827
382868.9
382937.2
382956
382983.9
382993.4
383075.9
383088.2
383140.7
383219.5
383230.7
383313.6
383316.7
383351.3
383352.8
383384.7
383426.8
383470.8
383551.6
383567.2
383570.3
383571.8
383589.4
383592.7
383638.6
383653.9
383725.1
383773.9
383814
383859.6
383941.5
383958.7
384049.7
384068.4
384134.4
384152.8
384181.4
384186.6
384205.7
384246.8
384376.5
384395.7
384398.5
384404.3
384413.4
384531.6
384551.7
384568.3
384642.8
384699
384705.7
384724
384749.9
384755.5
384877.7
384955.3
385084.8
385114
385135.8
385209.8
385233.9
385342
385345.1
385375.5
385484.5
385528.2
385592.2
385616.1
385654.2
385673.5
385698.9
385721.3
385779.2
385876.8
385962
386012.9
386162.2
386164.7
386300.9
386438.2
386482.4
386539.3
386575.5
386737.4
386891.5
386904.8
386971.1
387011.7
387082.3
387153
387226.3
387378.2
387461.1
387467.9
387774.7
387843.6
387873
387886.9
387891.3
388009.2
388039.4
388082
388223.8
388238.7
388410
388602.3
388614.6
388662.7
388725.6
388806.7
389076.7
389091.6
389150.3
389170.4
389190.1
389254.1
389277.9
389335.6
389440.8
391952.3
392158.3
392340.1
392365.6
392400.6
392427.9
392470.3
392527.6
392537.1
392585.2
392611.3
392623.6
392675.9
392735.7
392746.4
392750.6
392755.6
392782.8
392821.6
392827.3
392842.2
392884.6
392941.1
392961.3
392993.5
393148.7
393159
393191.1
393258
393301.2
393335
393404.2
393412.9
393441
393471.5
393480.1
393501.1
393503.7
393516.9
393519.1
393551.2
393562.1
393601.1
393728.6
393789.3
393874.3
393892.1
393903.8
393923.4
393969.3
393985.2
394050.2
394109.1
394110.6
394131.9
394197
394274.1
394276.8
394293.9
394369.9
394374.8
394420.1
394447.3
394458
394514.3
394544.1
394606.1
394616.1
394621.4
394688.1
394705.4
394825.9
394860.2
394872.8
394891.3
394938.3
394986.3
395018.1
395020.6
395040.8
395078.2
395100.2
395192.3
395357.1
395436.4
395531.6
395552.9
395612.7
395758.7
395800.8
395826
395859.7
395933.9
395977.1
395989.3
396104.6
396109.8
396176.3
396209.6
396244.2
396358.3
396439.3
396555.3
399381.8
399997.3
400041.5
400147.5
400168.1
400205.6
400323.5
400377.1
400470.3
400480.3
400497.2
400505.4
400526.6
400609.1
400686
400892.9
400910.6
400932
400956.9
401019.4
401032.7
401061.1
401077.8
401112.6
401195.1
401248.2
401423.6
401617.4
401622.4
401792.9
401837.8
401838.6
401897.1
401926.2
402020
402073.7
402074.7
402126.4
402185.6
402190.7
402211.6
402300.5
402335.6
402393.1
402422.6
402424.5
402428.5
402436
402447.8
402482.1
402489.9
402695.3
402794.8
403445.2
403543.1
403654.6
403807.3
404106.9
404138
404393.4
404582.4
404595.8
404622.6
404739.9
404747.6
404756.5
404756.9
404759.3
404802.3
404803.9
404882.5
404920.7
404980.7
405003
405006
405171.9
405190.6
405253.8
405427.8
405559.3
405736.4
405829.9
405855.2
406022.1
406241.5
406285.8
406321.4
406457.4
406603.6
406624.8
406727.8
406740.3
406805.3
406868.8
407049.1
407070.6
407141.4
407193.5
407248.3
407266.3
407364.4
407400.5
407468.2
407567.7
407568.1
407583.1
407601.7
407874.9
407882.2
408087.8
408189.9
408328.5
408498.7
408607.1
408679.6
408745.4
409114.9
409156.5
409169
409245.2
409261.2
409371.1
409398
409414
409534.6
409661.4
409682.4
410212.1
410797.2
410853.6
410895
410999.8
411028.7
411081.2
411133.8
411140.3
411437.3
414891.5
415257
415549.8
415635.2
416102.7
416127.9
416331.2
416762.5
416799.8
416805.9
416837.4
416840.2
416957.8
417040.7
417081.1
417135.9
417152.5
417344.7
417482.6
417512.6
417571.9
417577.4
417616.7
417916.6
420993.2
421017.5
421137.1
421139.3
421139.8
421196.3
421214.1
421239
421245.6
421245.8
421284.9
421420
423498.4
423606.7
423688.6
423689.5
423725.6
423802.4
423843.7
423884.1
423893.7
423944.3
424016
424045.3
424101
424147.5
424176.7
424181.9
424235
424337.5
424413.2
424537.2
424580
424710.7
424733.4
424752.1
424942.6
424943.9
424948.1
424956.7
425004.1
425033
425037.3
425048
428892.9
428967.4
429255.1
429584.7
429691.8
429754.8
429783.1
429784.8
431993.8
432240.2
432864.9
434382.7
434607.2
434932.2
435252.1
436116.5
436575.3
436956.3
437064.9
437413.3
437826.8
438530.1
439723
444446.3
445005.8
445056.1
445293.3
445510
446417.4
447117.4
448194.6
448199
448272.3
448276.9
448384.9
448589.5
449447.3
449522.8
449541.3
449622.2
450075.6
450691.2
451085.3
451153.1
451440
451641.9
451666.4
451673.9
451683.7
451728.6
451766
451771
451826.7
451853.6
451877.4
451963.3
452053.7
452059.5
452066.6
452124.9
452239.4
452266.5
454454.4
454566.8
454674.2
454687.2
454736.1
454748.2
454751.1
454763.3
454845
454850
454992.1
454996
455006.9
455017.2
455085.6
455097
455151.2
455181.9
455300.3
455506.6
455531.7
455654.3
455935.7
458045.6
458102.4
458168.8
458370.3
458424.1
458452.5
458502.3
458514.9
458558.4
458610.9
458674.4
458684.2
458727.9
458741.3
458748.4
458771
458850.6
458856.9
458867.4
458889.7
458894.5
458921.2
458922.7
458949.1
459147.8
459805.2
463850.7
463882.3
463991.9
464007
472420.3
472458.4
472664.4
472670.7
472694.5
472696.4
472850.7
472896.6
473618.5
473668.7
473859.2
474007
474041.7
474116.3
474194.7
474327.7
474528.2
474577.3
474591
474658.8
474667.3
474675.8
474742.2
474776.6
474793.3
474838.7
475001.8
475002.2
475051
475079.3
475110.9
475187.5
475233.6
475287.8
475337.5
475346.2
475368.1
475514.1
475537.1
475604.9
475617.3
475676.7
475765.8
475828.1
475859.6
475889.3
476047.4
476101.7
476193
476265.1
476272.6
476277.9
476283.8
476349.5
476355.5
476429.8
476465.3
476484.1
476522.9
476586.8
476726.8
476841.9
476972.8
477009.5
477144.8
477163.6
477205.5
477243.7
477449.2
477474.5
477736
477749.9
477818.1
477879.7
477896
477927.3
477953.5
477987.2
478082.6
478095.2
478190.6
478205
478236.4
478287.6
478356.1
478464.6
478478
478502.4
478515.1
478566.2
478585.5
478637
478652
478732.5
478733
479696.5
485993.6
486017.4
486477
486487.5
486550.6
486674.2
486691.5
486740.2
486746.6
486806.1
486850.2
487091.1
487173.8
487200.3
487206.6
487244
487298.5
487382.7
487398.8
487503.5
487521.5
487550.3
487583.9
487597.4
487598.5
487696.1
487854.6
487929.1
488001.3
488040.3
488082.7
488159.4
488174.7
488351.8
488379.1
488487.7
488554.7
488557.3
488592.4
488595
488633.3
488694.6
488719.5
488817.2
488881.2
488928
488954.4
489032.3
489135.5
489227.6
489493.8
489542.6
489620.8
489710.1
489866.5
489970.6
489971.7
490038.8
490110.3
490155.2
490246
490363.9
490472.4
490506.4
490515.2
490539.2
490588.8
490595.9
490649.5
490768.8
490917.3
490988.1
490999
491048.6
491054.4
491068.3
491090.2
491195.3
491211.7
491260
491266.6
491305.7
491394.1
491513.9
491564.3
491576.8
491668.2
491695.7
491697.8
491708.4
491773.5
491801.9
491853.4
491904
491910.7
491944.9
491975.8
492023.9
492024.2
492130.3
492136.8
492187.2
492214.1
492219.7
492307.1
492380.2
492435.4
492452.6
492466.8
492515.7
492566.8
492592.1
492639.8
492647.1
492718.4
492726.1
492937.6
493031.4
493090.6
493094.6
493110
493280.8
493284.6
493306.4
493385.3
493385.8
493443.2
493619.4
493691.6
493841.1
493848.5
493898.2
493937.7
493953.5
494023.5
494073.1
494185.2
494260.1
494278.9
494289.8
494328.4
494414.2
494538.8
494638.2
494682
494690.2
494701.6
494707.9
494853.1
494862.5
494864
495004.6
495039.1
495119.4
495124.4
495143.5
495266.2
495280.2
495315.9
495319.2
495326
495330.4
495334.6
495401.4
495472.5
495502.8
495544
495639.3
495718.1
495742.6
495812.7
495868.8
495885.4
495885.8
495951.6
495977.8
495987.4
496063.3
496141
496164.8
496172.2
496231.9
496276.2
496321.1
496391.6
496501.8
496667.2
496782.1
496836.4
496912.2
496913.2
496992.3
496994.8
497075.1
497130.5
497173.8
497303.7
497445.5
497607.4
497708.5
497767.2
497812.7
497929.7
497977.2
498140.9
498274.3
498277.3
498345.7
498547.9
498549.8
498557.8
498582.7
498590.4
498662.5
498672.7
498675.2
498704.7
498705.6
498830.5
498929.6
498948.9
499118.7
499139.8
499402.2
499408.3
499427.4
499435.6
499451.7
499509.3
499580.9
499600.3
499628.7
499706.5
499723.9
499779.2
499866.3
500033.7
500106
500132.7
500181.2
500206.8
500226
500230
500468.4
500483.7
500581.1
500661.6
500839.2
500848.2
500873.5
500881.6
501097.4
501240.5
501298.4
501303.1
501431.6
501472.6
501595.2
501598.1
501745.7
501784.3
501856.7
501910.7
501914
501921.8
501924.8
501931.2
501952.6
502106.6
502139.6
502278.8
502350.1
502450
502508.8
502547.4
502651
502696.9
502705.9
502757.6
502905.9
502987.3
503335.7
503361
503413.4
503463.3
503484.3
503496.9
503510.5
503548.2
503597
503727.6
503814
503952
503967.7
504105.3
504194.2
504218.3
504277.6
504333.4
504348.2
504371.7
504416.7
504443.4
504489.2
504746.1
504748.1
504900.8
504906.5
504919.7
504920.3
504992.3
505065.9
505096.7
505182.5
505282.1
505293.8
505381.4
505588.2
505608.6
505669.4
505723.3
505791.4
505856.7
505920.4
505971.2
506064.8
506095.9
506150.4
506175.7
506370.1
506386.9
506388.6
506456.6
506558
506593.6
506627
506680.2
506723.4
506761.7
506870.3
506888.4
506940.2
506968.1
506983.4
506989.9
507026.5
507446.1
507451.1
507617.2
507657.6
507716.7
507750.1
507752.2
507756.7
507769.5
507820
507882.9
507959.5
508021.7
508033.1
508063
508207.7
508313.2
508738
512021.9
512037.3
512068.3
512125.2
512130.7
512187.8
512226.1
515369.2
515589.2
515861.8
516157.2
516395.6
516587.4
516729.1
518120.2
518293.9
518348.1
518367.7
518386.2
518493.5
529191.3
529232.6
529275.6
529303.6
529355.2
529581.9
529603.3
529712
529731
529770.6
529801.7
529920
529938.1
529938.6
531472.7
531834
532594.9
532739.3
532840.3
533006.7
533054.8
533056
533060.5
533263.5
533285.3
533289.6
533310.8
533341.7
534734.8
538904.9
541535.5
541541.9
541565.4
541712
541835.2
542076.4
542250.6
542340.5
542399.6
542493.7
542506.2
542527.8
542614.2
542752.2
542785.9
542791.2
542809.2
542824.9
542865.6
542990.8
543010.8
543049.8
543169.3
543177.3
544314.7
544404.6
544530.7
545129.1
545233.5
545637.1
545868
548566.9
550337.1
550570.7
552358.6
552706
561945.4
562072.4
567078.7
567082
567108.7
567201.6
567261.2
567319.2
567322.2
567390
567438.5
567627.7
571444.3
571528.6
571566.3
571722.3
571752.6
571771.2
571777.9
571809.5
571893.6
572085.9
572169.8
572214.9
572416.5
572506.3
573397.3
573430.9
573560.4
573730.9
573959.9
579852.7
580027.9
580085.6
585311.2
585438.2
585462.5
585496.5
585538.2
585544
585559.9
585594.6
585599.7
585961
585992
586061.7
586245.5
586300.5
586499.7
586630.1
587683.8
587775.8
589580.5
589664.5
590799.8
591013.5
594210.6
595447.7
595494.1
595500.7
595508.7
595558.3
595631.9
595716.9
595754.3
595794.1
595890
595991.5
596624.5
596749.6
596828.4
596879.9
596883.4
596919
597011
597117.4
597232
599114.8
599310.1
599350.6
599616
599710.2
599728.2
599753.6
599787.3
