12788.6
12887.6
13114.2
13157.4
13198.4
13361.2
13459.1
13463.8
13496.9
13537.9
13548.2
13592.3
13653.9
13699.7
13728.8
13736.7
14168.5
14226.5
14266
14527.8
14687.9
15203.4
15272.7
15341.4
15434.8
15439.8
15456.9
15503
15542.7
15655.8
15745.5
24745.9
25114.6
25918.2
25921.6
26005.1
26155
26250.2
26566.2
26834.4
26848
26866.4
27071.4
27631.7
27829.5
27853.9
28408.2
79653.3
80351.1
80721.8
80739.5
80983.1
80991.5
81017.1
81041.2
81056.6
81074.8
81210.4
81234.3
81445.7
81883.2
81956.2
82102.3
82259.9
106494.1
162457.8
162525.7
162547.4
162588.9
162921.2
162930.5
163050.6
163103.3
163123.9
163223.2
163302.7
163449.3
163590
163630.9
163838.3
163857.6
163931.9
163937.7
164011.3
164166.6
164173.8
166957.2
167333.1
167468.4
167478
167646.5
167771.7
167947.5
168186.3
168235.2
168345.7
168393.8
168405.2
168412.3
168434.3
168439.1
168441
168447.7
168471.8
168482.2
168585.5
168595.8
168612.1
168632.3
168639.2
168765
168770.3
168800.2
168816.4
168830.7
168892.6
168925.2
168930.1
168945.9
169023.6
169117.4
169481.7
169577.1
169709.1
173567.4
173574.5
173729
173822.7
173835.1
174025.3
174029.9
174293.9
174318.3
174340.2
174381.9
174452.7
174546.5
174553.3
174563
174572.9
174674.9
174775.8
174875.7
187169.2
187212.1
187311.2
187359
187410.8
187447.3
187486.8
187615.5
187615.9
187679.6
187745.1
187756.4
187759.1
187773.5
187779.5
187782.6
187799.4
188030.5
188052.5
188101.7
188111.4
188130.1
188161.5
188172.8
188244
188285
188309.6
188328
188387.3
188482.5
188490.6
188842.6
189074.2
189802.8
220012.5
220490.2
220571.5
220601.8
222240.8
222338
222347.3
222583.3
222590.1
222709.7
222712.6
222720.2
222786.1
222837.7
222921.7
222935.8
223027.8
223055.6
223229.4
223284.4
223380.8
223387.8
223414.4
223454.3
223523.7
223636.1
225473.7
225570.4
226711.8
229776
229822.3
230032
230493.4
270545.4
271374.1
278468.4
295624.4
298105.5
298594.6
298789.5
298791.1
299032.2
299079.9
299131.4
299133.9
299180.5
299185.7
299194.3
299210.3
299264.1
299319.7
300043.4
300147.1
335393.6
335658.3
335685.6
335760.7
335940.2
336037.9
336092
336107.5
336242.1
336381.4
336534.8
336572.2
336606.4
336650.6
336686.3
336701.3
336719.4
336828.6
336868.3
336960.8
336982.7
337014.1
337043.4
337075.7
337133.1
337143.4
337333.6
337362.3
337364.6
337654.4
337673.3
337765.8
337963.3
337975.4
337996.5
338065.1
338104
338104.5
338149.3
338151.6
338152.5
338159.8
338269.3
338396.6
338589.2
338626.6
346928.6
348069.4
348291.3
348316.4
348775.6
348946.9
349024.1
349052.6
349076.2
349103.3
421605.5
422021.5
422301.4
423223.3
423254
423371.8
423787.3
423828.4
425007.3
425199
425319.4
425332.8
425392.6
425401.1
425408.3
425505.5
425506.8
425516.3
425586
425639.2
425685.4
425694.2
425720.7
425733.7
425742.7
425750.7
425777.7
425870.8
425876.4
425951.8
425981.8
426014.1
426048.8
426066.9
426135.3
426172.2
426212.4
426433.9
426504.7
426524.7
426526.2
426529
426554.3
426567.8
426572.6
426791.4
426824.1
426887.5
426960.5
426971.1
426980.2
427007.6
427029.6
427042.4
427099.5
427152.3
427275.2
427400.6
427460.3
427512.4
427612.7
427636.6
427754.1
427809
427919
427962.6
428012.2
428361.2
429301.7
449355.2
456746.7
457778.1
457781.9
458467.1
459060.6
459844.9
459875
459933.1
460018.8
460854.3
464119.2
464127.9
512998.6
513263.3
513639.1
513776.4
513963
514301
514529.4
514564.1
514712.6
514809.3
515204.8
515418
515736.8
515811.1
515855.8
516164.7
516342.2
516391.2
516458.5
530220.9
532387.9
534872.3
534964
535120.4
535129.7
535160.4
535183
535198.1
535255.8
535368.5
535738.1
535860.1
536093.7
536197.8
536269.6
536350.3
536431.4
536472.4
536669.8
536783.4
536813.3
536817.5
539277.3
539321.8
539337.4
539387.5
539541.3
539658.7
540291.8
548450.3
548731.3
548885.5
549146.3
549208.2
567764.9
567939.1
569304.1
570118.3
576261.9
576565.7
576610.9
576680.4
576700.3
576752.1
576810.9
576826.2
576844.1
576878.8
576914.5
576968.9
576997.6
577025.2
577164
577183.1
577207
577218.3
577374.3
577437.1
577454.7
577493
577500.1
577502.3
577532.9
577574.9
577625.2
577671.1
577813.4
577904.2
578030.3
579835.5
579889.4
579997.9
580049.3
580231.9
580257.9
584600.7
585723.4
586299.5
586396.5
586623
586773.2
586808.2
586980.9
586988.6
587042.7
587071.8
587084.4
587329.8
587458.3
587653.5
587968.5
589409.4
589716.7
589721.1
589799.3
589835.5
589839.4
590094
590243.1
590393.2
590473.2
590677.1
590734.5
595486.2
595726.8
596069.7
596116.2
