1135.2
1199.7
1239.8
1270.1
1363.1
2682.1
2686.1
2733.4
2808.7
2861
2942.9
2983.8
3367.2
3738.4
3788.8
3957.5
4016.7
9976.5
10871.6
11029.7
11439.9
12493.9
12599.3
15791.6
15952.1
16058.5
16122.3
16171.4
16173.1
16195.3
16260.6
16289.8
16294.2
16321.7
16321.9
16378.1
16445.7
16473.2
16476
16482.6
16496.8
16516.6
16606.9
16621.8
16638.5
16702.3
16708
16862.8
21305.1
21310.3
21338.3
21344.3
21543.7
21556.9
21731.8
22092.3
22226.1
22265.2
22296.1
23040.1
23202.8
23226.5
23324
23364.5
23408.1
34128.7
34185.4
34208
34213.7
34227.2
34305.2
34313.9
34536.2
34556
34602.4
34693.4
36345.4
36534.9
36696.8
37503.1
38051.4
38065.4
38070.2
38124.5
38156.4
38167.5
38220.7
38324.2
38894.1
38899
38906.2
38955.8
38981.3
38998.7
39088.2
39173.7
39246.1
40744
41166.3
41242.4
41302.9
41325.8
41334.2
41352.6
43167.4
43263.3
47554
47597.3
47620.7
47652.4
47725.9
47744.3
48009.1
48032.2
48034.8
48043.3
48106.9
48127.9
48161.9
48196.9
48212.7
48336.5
48373.1
48396.1
48430.2
48453.4
48558.8
48571.8
48598.2
48635.8
48791.4
49122.3
49222.5
49273.2
49310.5
49346.5
49646.7
50142.7
51113.5
51188.9
51195.2
51242.5
51512.7
51526.5
51621.4
51646.4
51663.1
51709.8
51739.6
51767.9
51886.8
52045
57507.3
57849.8
57962.7
60600.9
60758.5
67126
67385.5
67464.7
68871.4
68948.4
68956.9
68963
68983.1
69068.3
69072.2
69084.9
69127.7
69130.2
69166.4
73991.8
74062.5
74084.1
74105.3
74223.1
74277
74314.8
74325.4
74348.5
74396.5
74481.3
74485.2
74517.3
74667.2
75089
75092.2
76227
76338.8
76517.8
76538.9
76562.1
76777.2
77018.5
81051
81075.1
85583
85752.4
85780.6
85797
85803.2
85926.9
85999.1
86064
86066.8
86075.1
86190.1
86193.6
86266.1
86326.8
86348.4
86369.9
86408.6
86465.7
86618.9
86626.6
86627.5
86807.4
86874.7
86884.1
86926.3
86956.6
86967.8
86984.7
87155.6
87325.9
87472
87475.8
87615.1
87672.9
87847.9
87869
88462.1
88674.2
89058.4
91278.2
93311.7
93396.2
93497.5
93572.9
93833.6
95884.3
95901.2
96341.6
96645.3
97304.6
97380
97400.5
97423.3
97790.9
98757.1
99152.1
99705
99760.8
99794.3
99845.1
100045.9
100120.8
100124.7
100295.9
100358.6
100467.4
100492.7
100496
100565.6
100666.7
100764.4
100861
100875.6
101044.1
101088.3
101350
101942.9
108400.9
108412.7
108587.3
108704.1
108741.4
109189.3
109271.6
109296
109342.2
109509
109571.4
110733.3
110747.9
110901.3
110979.2
111000.6
111059.9
118556.1
118668.6
119072.6
119920.4
120424.7
120699.6
124856.5
124883.8
124937.3
125385.7
125678.5
126749
126854.5
126935.8
126940
126982.2
127002.8
127039.9
127102.2
127155.4
127331.5
127421.9
127441.7
127539
127541.4
127550.4
127560.7
127579.3
127600.4
127644
127766.9
127821.3
127835.3
127835.9
127867.3
127914.8
127919.2
127947.2
127970.1
127992.1
131832.3
132005.6
132181.9
132258.4
132775.1
133226.2
133244.2
133317.9
133354.8
133556.1
133664.9
133759.9
133867.9
133875.3
133954.8
133962.8
133976.3
133991.8
134000.7
134020.4
134035.9
134111.4
134117.7
134162.5
134193.5
134234.2
134249.3
134299.8
134303.4
134319.5
134329.2
134339.8
134341.8
134367.8
134375.7
134610.5
134687.6
134760.5
134793.8
134904.9
134909.9
135435.6
135472.5
135472.8
135763.2
136133
136153.2
136380.8
136435.7
136532.7
136650.8
136858.4
136912.5
136941.7
137193.6
137246.9
137500.2
137549.3
137609.6
137625.3
137836.8
137852
138043.6
138283.7
138488.3
138719.9
138747.9
138750.3
138778.5
138809.6
138892.7
139008.6
139050.2
139052.4
139377.7
139445
139548.7
139602
139638.6
139658.6
139676.1
139729.1
139832.7
139885
139904
139910.7
139940.5
139995.7
140013.9
140078.2
140148.2
140180.8
140318.9
140334.5
140348.8
140358.4
140382.2
140437.2
140446
140513.7
140556.8
140600.7
140727.5
140781.4
140784.6
142012.3
142097.9
142142.3
142244.2
142341.1
142379.3
142615.4
142667.7
143232
143243.8
143388.2
145317.5
145518.6
145589.6
145961.7
147134.9
150523.5
150848.8
151148.2
151267.1
151517.1
152048.7
152050.6
152789.8
153073.3
153113.7
154665.2
155407.2
155783.1
155797.4
155803.2
156797
157323.1
157617.8
157643.5
157676.1
157783.1
158171.6
158266.6
158674.3
159952.7
160828.5
160981.3
162042.1
162050.4
162092.3
164257.5
165038.9
167556.1
167675.5
169080.5
170662.8
170712.7
170825.3
170874.6
170894.7
171051.9
171149.8
171205.6
171303.4
171306.8
171440.1
171469.1
171485.2
171547.6
171644.6
171646.7
171713.4
171729.4
171912.7
172684.6
172793.5
172890.9
172983
172985
172993.6
173032.7
173143.2
175271.8
175499.7
177984.1
179212.6
179272.6
180739.8
181916.9
183499.4
186155.2
187424.6
187512.4
188327.2
189213.8
189235.9
190662.5
190751.1
190826.5
190989.8
191105.2
191158.8
191234
191406.2
191415.5
191446.6
191446.7
191610
191718.9
191727.8
191743.4
191842
192025.5
192251.9
192443.8
193898.3
194388.3
194655.1
194706.2
194760.4
194872
194910.6
195430.6
195446.2
195484
195545.2
195629.6
195666.5
195737.6
195825
195860.2
198861.7
198926.4
198970.5
199141.5
199202
199232
199273.9
199435.7
201089.9
202411.5
203239.3
205430.9
205510.5
205549
205597.7
205629.4
205635.7
205704.5
205744.8
205885.7
205951
205962.4
205964.7
206025.8
206123.9
206157.8
206190.5
206213.3
206254.2
206265.1
206346.7
206495.1
206521.6
206523.1
206627.8
206642.7
206688.5
206736.5
206752.1
206798.8
206808.4
207001
207043.8
207080.2
207097.1
207104.8
207300.5
207344.6
207423
207489.1
207498.9
207504.5
208701.7
209477
209610
209682.6
209802
209867.7
210031.2
210232.1
221038.2
221046.2
221098.9
221196.7
221206.5
221253.7
221298.8
221409.9
221549.9
221657.8
221822.9
226415.9
226509.2
226532.9
226565.7
226662.8
226809.2
226836.6
226860
226904.3
226973.4
227279
227393.9
227643
227719.5
227866.2
227957.1
227990.6
228167.2
228190.5
228193.5
228211.7
228242.1
228273
228294.5
228392.1
228533.6
228604.7
228630.3
228709.4
228984.6
229206.6
230658.6
230766.4
230768.3
230899.7
231012.4
231034.5
231065
231084.5
231267.4
234059.8
234126.8
234140.9
234176.2
234623.3
234643.7
235041.8
235079.4
235996.8
236294.7
236305.1
236345.7
236368.5
236999
237117.8
237683.2
239247
239257
240619.9
240902.2
241493.7
247071.4
247243.8
247954.2
248124.7
248199.9
248273.1
248282.3
248283.3
248293.5
248298.8
248321.2
248332.9
248346.9
248472.6
248511.3
248577.3
248667
248727.8
248755.6
248794.7
248852.2
249037.6
249144.8
249380
249410.5
250214
250253
250272.3
250512.1
250539.1
250655.1
250807.9
250890.8
255454.4
255578.4
255736.4
255746.7
255752.1
255812.8
255863.9
255864.4
255867.6
255881.5
255975.9
256003.2
260052
260224.6
260296.6
260504.3
260784.7
261180.2
261183
261217.5
261455.5
261718.9
264015
264399.2
264535
270299.6
270352.7
270500.2
270611.9
270674.7
270760.7
271146.9
276103.7
276378.5
276512.5
276685.6
278161.4
278216.4
278331
279182
279223.1
279223.2
279229.4
279302.6
279354.2
279373.9
279385
279417.7
279562.5
280757.7
282978.7
283005.7
283084.2
283189.8
283245.5
283262
283267.6
283401.8
283422.1
283652.1
283686.6
283691.9
283721.3
283732.3
283785.8
283936.6
283972.5
284051.2
284135.2
284144.7
284215.9
284264.2
284289.6
284296.8
284298.3
284306.4
284424.2
284436.8
284486.8
284525.2
284530
284542.8
284554.6
284570.9
284649.9
284727.5
284782.1
284788.6
284808.5
284835.5
284865
284871.2
284898.8
284984.3
285001.5
285028.1
285045.8
285257.5
285322.7
285460.8
285710.4
285757.3
285929.3
286101.8
286209.6
286224.9
286404
286430.7
286472
286491.7
286527.8
286566.5
286602.1
286611
296333.7
296516.2
296523.9
296525
296664.1
296705.1
296759.9
296841.1
296884.2
296930.7
297000.7
297012.3
297058.4
297136
297228
297282.4
297326.5
297417.4
297503.2
297550.6
297553.4
297609.7
298797.2
299058.2
299062.9
299119.2
299139.8
299143.5
302217.3
302257.4
302447
302791.4
302941.3
302987.5
302993.2
303093
303115.7
303971.2
303987.9
304217.5
304295.2
304489.6
304556.7
304558.5
304582
304598.6
304603
304722.1
304794.4
304831.6
304917
304917.8
304940.1
304954.5
304969.3
305017.8
305056
305067.9
305155.6
305207.2
305217.7
305244.3
305297.6
305316.3
305316.5
305338.5
305369
305402
305454.6
305487.3
305489.3
305525.8
305526.9
305576.1
305585.4
305591.5
305620.3
305629.2
305856
305866.9
305889.6
305933.3
305956.6
306001.5
306012.4
306018.1
306184.6
306185.8
306354.7
308687.9
308702.5
308714
308719.3
308728.7
308785.5
308801.6
308835.9
308878.2
308914.9
309358.5
309465.6
313605.3
313671.7
314038.3
314099.3
314225.6
314323.3
314518.1
314551.5
314725.5
314957.2
314972.6
315412
315430.2
315721.6
315748.3
315916
316210.9
316434.7
316531.1
317013.6
317297
317316.4
317379.4
317417.3
317782.1
318466
319041
319179.1
326594.3
326777.9
327278.3
327461.6
327546.7
327551
327580.1
327680.1
327685.4
327736.5
327768.2
327791.9
327868.4
327953.5
327955
328119.5
328258.8
328418.9
328702.7
328752.1
328775.8
328795.6
328820.8
328963.2
328970.5
329045.6
329103.6
329121.4
329198.6
329203.5
329227.1
330507.8
330509
330635.2
330827.6
330833.4
330837.4
330852.1
330878.8
330965.1
331485.8
331543.9
334231.4
334917.4
334940.1
335099.1
335134.7
335174.8
335242.1
335253.3
335302.3
335304.2
335311.8
335558
336647.8
337101.6
337186.9
337335.5
337473.5
337771.7
337984.4
339693.6
339743.8
339772.8
339959.3
340136.2
340164.1
340322.8
341459.2
341479.6
341590.8
341778.1
341778.6
341807.6
341817
341818.1
341898.4
342065.7
342099.2
342266.2
342273
342401.7
345304.8
346691.9
346796.7
346857.8
346907.5
346974.8
347124.6
347137.4
347145.2
347240.2
347318.4
347323.8
347370.6
347451.4
347475.7
347499.6
347552.4
347597.3
347655
347672.1
347702.9
347800
351359.7
352695
352769.3
352819.8
352872.5
352910.2
352927.2
352958.9
353046.4
353058.4
353062.4
353078.6
353159.4
353611.5
355653.5
356026.8
356086.8
356256.1
356261.8
356280.3
356302.8
356320.5
356377.1
356517.9
356559.6
356614.3
356630.5
356646.1
356733.3
356738.5
356844.3
356862.2
356877.4
357124.6
357429
357470
357488.4
357594.2
357627.2
357763.8
357798.8
357996.9
358062.5
358067.1
358169.4
358205.1
358216.5
358232
358248.4
358282.2
358309.1
358428.1
358513.5
358548.8
358584.3
358629.9
358638.5
358714
358820.6
358833.3
358853.4
358945
358946.7
358956.6
358984
359206.5
359207.8
359249.4
359274.8
359433.7
359494.3
359504.3
359582.6
359662.5
359665
359811.9
360047.1
360132.6
360219.3
360235.1
360266.3
360269.3
360303.2
360334.6
360388.1
360425.2
360475.2
360563.6
360592.2
360599.1
360639.7
360662
360666.8
360706.9
360747.2
360831
360831.4
360837.8
360878
360895.7
360913.5
360953.9
360962
360972.4
361077.4
361135.3
361180
361205.1
361222
361224
361239.1
361389
361485.9
361556.8
361576.3
361621
361626.9
361633.8
361646
361651.9
361677.2
361823.2
361885.1
361910.5
361953.9
361990.2
361999.1
362023.7
362087.5
362129.9
362187.3
362252.7
362254.4
362282.7
362296.5
362325.7
362368.2
362377.5
362432.1
362454.6
362510.9
362549
362574.8
362635.6
362661.5
362703.4
362808.7
362838.6
362897.9
362919.7
362944.9
362964.6
363055.7
363080.9
363158.3
363192.8
363210.7
363228.5
363276.8
363280.6
363469.7
363500.6
363603.2
363704.4
363750.8
363762.9
363766
363774.5
363837
363887.5
363900.1
363919.7
363930.8
363970.6
364002.3
364141.8
364161.5
364326.9
364333
364392.9
364463.5
364495.7
364502.3
364568.4
364573.3
364674.5
364682.9
364778.6
364810
364899.2
365003.1
365019.6
365034.8
365068.8
365070.3
375596.6
375645.5
375750.9
375907.4
375944.5
375950.6
376353.5
376494.8
376543.8
376728.2
376733.6
376804.8
376872.3
377026.3
377312.3
377331.2
377362.9
377421.7
377453.3
377561.4
377567
377590.2
377594
377643.2
377660.9
377672.6
377696.7
377767.2
378155
378235.6
378257.7
378280.9
378502.2
378524
378568.3
378582.8
378755.7
378759.2
378897.7
379097.5
379098.8
379289.9
379399.7
379481.6
379530.9
379611.4
379653.3
379713.9
379908
380211.8
380499.5
380499.9
380668.5
380732.5
380809.5
381086
381103.6
381179.9
381368.1
381919
382581.8
382588.1
382986.3
383126.8
383545.7
383768.8
383772.2
383810.8
384416.5
384550
384671.4
384972.8
385130.3
385156.8
385208.4
385264.5
385644.1
385684.2
385869.6
387786.3
388351.2
390435.6
392486.1
392528
392718.8
392800.7
392838.9
392884.5
392903.4
392905
393078.2
393255.5
393375.4
393397.6
393612.9
393634.8
393653.8
393663.2
393735.5
393760.1
393948.7
393964.5
393979.3
393983.4
394002.8
394018.9
394174.3
394230.5
394300.5
394423.3
394470.6
394483.5
394554.1
394650
394720.7
394833.3
394871.3
394925.9
394948
394968.8
395023.1
395167.1
395247.9
395295
395339.2
395448.7
395588.5
395601
395607.5
395637
395695.2
395716.8
395754.9
395764.7
395778.8
395797.4
395825.3
395836.6
395867.5
395890
395892.9
395921
395975.4
396014
396087.7
396090.8
396211.4
396219.4
396246.8
396325.4
396375.5
396485.2
398300.9
398929.7
399959.3
400278.4
400623.7
400872.4
400886
400960
400964.6
401168.7
401514.1
401674.7
401758.8
401760.7
401803.4
401923.6
402108
402122.1
402178.6
402226.3
402238.2
402309.7
402414.2
402451.6
402516.1
402589.3
402654.1
402672.1
402722.5
402790.1
402855.5
402859.1
402872.6
402882
402941.2
402952.8
402968.4
402977.6
403088
403169.2
403344.2
403388.2
403498.2
403547.5
403551
403554
403706.9
403751.6
403774.1
403800.8
403807.1
403812
403814
403912.8
403953.3
403987.8
404048.8
404082
404142.2
404178.4
404210.2
404211
404247.9
404261.8
404282.5
404303.8
404320.3
404329.7
404403.6
404493.5
404520.2
404528.7
404547.1
404557.4
404592.9
404651.8
405691.5
414137
414144.1
414168.6
414483.1
414895
414996.3
415048
415074
415076.3
415320.1
415797.7
415975.9
416065.2
416533.2
416939
417341.8
417410.1
417921.9
418041.9
418067.1
418426.9
418567.5
419675.7
423272
423350.4
423496.6
423503.1
425105.7
425132.6
425171
425177.8
425180.8
425188.4
425188.8
425203.2
425246
425271.4
425330.4
428138.7
428365.9
428433.1
428548.8
428713.7
428743.4
430592.6
430970.2
431092.6
431895.2
432094.6
432522.9
432696.9
433113.5
433120.5
433373.8
433631.3
433811.8
433861.6
434029.5
434481.5
434587.2
434900.2
434949.1
435713.4
436085.6
436149.5
436475.2
436525.7
437042.4
437123
437298.8
437487.1
437559.5
437738
437876.3
437991.9
438330.2
438339.2
438403.6
438528.3
438666.8
438851.2
438933.4
438945.3
438972.9
439078.8
439138.6
439337.8
439440.4
439485
439500
439542.6
439629.3
439643.4
439722.3
439732.6
439884.4
439903.8
440689
442210.5
442431.4
442511
442642.7
443354.6
443970
443993.8
444042.1
448344.9
448795.2
450007.7
450098.2
450146.8
450175.2
450183.3
450199
450202.8
450240.5
450299.4
450369.8
450377.6
450393.6
450414.5
450429.6
450536
450552.5
450564.7
450759.9
456002.1
456238.1
456347.6
456366.5
456749.8
457099.6
459002.5
459136.1
459174
459190.7
459236.7
459254.6
459255.6
459287.8
459375.3
459400.3
459432.5
459464.8
459519
459549.4
459637
459710.1
462668.4
462679.3
462941.3
462963
462978.9
463157
463632
463853.5
463938.5
463991.8
464121.8
464176.6
465476.7
465558.4
465777.2
465805
465809.3
465885
466154
466224
466272
466292.5
466377
466420.7
466426.7
466479.8
467018.8
467071.7
467114.4
467128.5
467270.5
467279.5
467441.8
467469.7
467624.8
469308
470906.2
470985.5
471914.9
472595
474353.6
474486.2
474731.1
474765
474826.9
474838.6
474864.8
474905
474979.9
475094.3
475170.8
475172.7
475215.4
475234.8
475279.7
475283.4
475299.3
475387.3
475396.6
475450.6
475476.1
475580.1
475602.2
475603.1
475619.8
475626.6
475698.8
475724.4
475730.8
475751.1
475791.5
475806.9
475809.2
475938
476173.9
476215.5
476260.8
476338.7
476442.5
476558.9
476607.4
476614.4
476688.4
476693.2
476773.6
476946.4
476983.8
477032.3
477107.3
477186.5
477194.2
477312.6
477383.1
477430.7
477480.8
477503.9
477531.1
477667.7
477714
477807.4
477835.1
477867.7
477868.7
477871.5
477902.5
477944.5
477989.8
478016.6
478026
478052.7
478088.6
478269
478364.4
478370.1
478572.9
478577.8
478597.5
478765.1
478773.7
478882.4
478988.4
479080.6
479089.2
479105.9
479156.7
479251.6
479254.4
479326.2
479458.4
479497.8
479667.9
479869.6
481518.6
482469.5
485604.6
485614.5
486493
486742
487457
488203.4
488457.3
488546.4
488592.5
488630.2
488764.4
488858.4
489528.4
490502.2
490661.7
490923.9
491118.6
491160.6
491270.8
491359.6
491379.6
491385.7
491396.1
491404.7
491412.8
491421.5
491456.1
491463.8
491552.2
491577.1
491715.8
491717.9
491735.1
491831.9
491844.3
491881.9
491885.4
491916.2
491947
492051.2
492052.1
492100.9
492113.2
492282.2
492379.1
492480.6
492481
492852.4
492918.2
492965.4
493002.1
493060.2
493100.2
493118.2
493281.2
493341.4
493346.8
493363.9
493408.8
493449.2
493469
493707.9
493861.4
493956.9
494013.5
494153.6
494173.4
494381.3
494512.6
495131
496169.5
496258.2
496277.1
496294.1
496429.8
496481.2
496505.2
496511.6
497022.5
497139.5
497176
497372.4
497511.5
498072.8
499398.8
499569.3
499876.1
500012.9
500041.8
500079.9
500145.6
500369.3
500480.4
500698.5
501113.1
501167.2
501223.3
501844.8
502841.8
503551.7
503682.8
503707.5
503707.9
504538.8
504614.2
504679.3
504914.6
505027.6
505122.1
505341.8
505347.9
505377.8
505402.3
505418.8
505470.8
505598.2
505617.9
505702.4
505712.8
505720.8
505745.4
505781.6
505848.9
505873.9
505874.4
505968.9
506010.9
506033.6
506078.6
506121.9
506315
506490.8
506556.9
506714.4
506827.2
506881.2
506988.9
507084
507577.5
507892.5
508018.9
508046.5
508111.9
508121.4
508208.4
508265.8
508473.9
508515
508523.3
508557.1
508689.3
508789.3
508809.2
508854.9
508955.4
510351.1
510941.1
513792.9
514602.2
514646.5
514671.5
514738.7
514764.7
514764.9
514822.2
514848.1
514896.5
514929.5
514991.7
515117.7
515251.5
515278.3
515278.9
515513
515617.5
515656.4
515723.4
515756.8
515769.6
515825.4
515882.4
515897.4
515944
515992.2
516043.3
516101.1
516134.3
516253.8
516290.5
516308.1
516355.7
517807.5
519057.1
519075.3
519077
519206
519218.6
519239.4
519414.5
519544.2
519652.3
519811.2
519826.3
528428.7
528458.7
530334.5
530480.1
530643.4
530670.8
530700.9
530777.9
531082.1
531677.6
531709
531786.4
531878.2
531883.4
531926.8
531960.8
532044.2
532075.9
533224.2
533359.6
533390.9
533411.5
533474.2
533491.7
533498.4
533728.3
533742.4
533786.8
533810.8
533843.1
533942
533957.8
534071.3
534139.3
534144.4
534145.5
534352.6
534422.4
534537.2
534588.1
534733.5
536315.4
536564.7
539284.4
539374.4
539398.1
539439.8
539446.8
539480.3
539515.1
539523.2
539570.1
539617.3
539652.8
549412.8
549500.6
549502.1
549633.9
549654.4
549728.1
549819.7
549977.8
555121.9
558151
558354.3
562166.4
562298.2
562310.9
562344.6
562352.8
562404.6
562573
562612
562616.3
562640.2
562674
562859.1
562964.8
563170.9
563228
563323.2
563342.2
563554.1
563585
563798.9
563865.6
563890.5
563942.3
564131.7
564203.1
564242.9
564358.1
568197.7
571175.2
571381.7
574694.5
575466.8
575532.1
575837.6
576419.2
576438
576541.1
576563.3
576618.6
576625.8
576680.5
576718.5
576721.2
576733.3
576754.3
576797.9
576814.1
576825.3
576842.3
576949.1
576983.6
577037.4
577048.8
577058.8
577095.8
577197
577254.1
577270.6
577296.6
577305
577365.1
577451.2
578393.2
578448.7
578461.8
578462.4
578483.6
578656
578658.7
586472.5
586530.8
586639
590392.3
591107.6
591268.9
591289.4
591330.8
591363.7
591410.9
594635.1
594669
596288.5
596309.7
596351.3
596351.4
596386.4
596485.1
