1977.7
2004.4
2646.7
2651.9
2702.3
2703.7
2704.6
2709.7
2716.4
2755.2
2898.6
3743.3
5091.8
5195.6
5400.2
5433.3
5441.6
13289.9
13304
14006.4
14051.5
14053.7
14232.7
14292.2
14292.3
14295
14421.7
14438.9
14465.6
14508.5
14629.4
14662.8
14687.8
14689.8
14755.9
14758.8
14817.6
14837.6
14874.7
14941.2
14975.2
15001.9
15061
15084.6
15091.6
15106.6
15117.1
15152.4
15172.9
15234.5
15251
15293
15302
15452.5
15505.8
15603.9
15617.2
15675.5
16997.3
17295.9
22729.1
22786.1
23563.3
23808.9
26213.9
29428.8
29665.5
29806.5
29833.1
29900.9
29946.4
30036.7
30173
30262
30267.5
30387.2
30438.2
30515.3
30571.2
30606
30634.9
30682.1
30779
30805.1
30816.9
30948.9
31050.8
31107.5
31114.4
31144.9
31227.7
35534.2
36300.3
36545.2
37330.7
37349.7
37472
37555.9
37662.9
37858.8
37995
38136.2
38157.4
38161.5
38233.3
38394
41084.8
41093.9
41115.8
41117.3
41145.5
41285.9
41289.1
41310.9
41925.4
42328.8
42361.2
44044.3
44103.6
44209.8
44244.4
44248.3
44262.9
44285.4
44529.2
44650.4
44676.2
44706.9
45015.9
47463.6
51427.6
51428.2
52280.6
59408.6
59535.5
59554.7
59590.8
59659.7
59871.4
60735.9
60778
61046.2
61269.2
61462
61626.4
61708.7
61766.2
61779.5
61820.2
61856.2
62182.7
62368
62371.8
62475.6
62542.1
62587.5
62600.4
62603.6
62650.6
62680.8
62927.9
63542.5
63558.1
63671.9
63683.1
63875.5
63881.1
64763
66731.5
68795.1
68969.1
73761.2
73925.3
73989
76606.7
77727.5
77942.3
85170.6
85409.1
85447.4
85463.5
85597.1
85730.7
85750.3
85776.1
85778.9
85816.9
85821
85836.6
85950
86019.3
86032.7
86059.8
86082.2
86135.9
86192.8
86193.6
86210.4
86262.3
86312.4
86346.2
86390.8
86527.6
86602.9
86625.8
86692.2
86727.7
86761.8
86781.6
86910.9
86914.3
86984.8
87131.8
87190.1
87270.4
87394.2
87438.6
87444
87472.9
87541.6
87570.5
87644.9
87698.8
87723.9
87806.8
88096.6
88689.3
88994.8
89089.1
89177.8
90082.6
90448.8
91318.8
91359.5
91386.5
91442.2
91521
91624.9
91660.4
91685.5
94130.9
94581.1
98169.4
102340
102542.7
103407.9
103522.5
103545.2
103602.6
103633.1
103648.7
103668.7
103786.8
103892.5
103986.2
103997.3
104024.6
104122.6
104221.4
104249.3
104282
104368
104447.3
104539.2
104558.8
104602.9
104647.3
104648.2
104663
104689
104980.8
105489.3
105537.3
106534.2
106785.6
107151.8
108112.5
108194.2
108286.4
108639.8
108696.5
108758
108775.1
108828.7
109306.6
109404.6
109432.8
109446.1
109455
109498.8
109553.5
109564.8
109727.6
109947.7
110419.3
110767.4
110785.4
110796.1
110808.8
110812.5
110825.3
110844.2
110907.1
110911.7
112941.1
113071.5
113153.2
118437.1
118632.6
118660.1
118704.1
118713.1
118748
118767.7
126516.8
126766.5
126837.6
126993.1
126995.1
127105.6
127122.7
127215.9
127256.8
128077
128228.3
134115.6
134540.6
139947.6
139972.7
140129.6
140360
140491.8
142434.9
146617
147052.2
147141.1
147223.7
147248.6
147546.9
147605.8
147751.3
148651.4
148802.5
148936.6
149133
149200.8
149214.9
150150.6
150392.9
150494.4
150647.3
151119.1
151433
151454.7
151985.3
152239.8
152245.9
152291.2
152515.9
152520.4
152537.3
152655.9
152796.3
152872.3
153002.5
153328.3
153880.8
153950
153960.9
154230.9
154329.5
154384.5
154459.4
154700.9
154711.4
154728.1
154864.9
154918
154955.6
155288.6
155356
155595.8
155651.6
155703.5
155788.3
155817.2
156018.4
156126.2
156275.2
156390.9
156444.7
156505.3
156530.8
156757.4
157059.2
157107.7
157121
157191.5
157228.2
157310.1
157481
157615.1
157648.6
157805.8
157830.3
157840.1
157901.2
157976.2
158045
158109.7
158110.7
158254.8
158365.2
158441.4
158541.6
158674.5
158753.3
158905.8
159987.3
160758.3
160886
161024.9
162726.2
165396.2
165664.3
166152.6
166253.8
166343.7
166635.3
166692
166757.3
168686.6
168926
169472.4
170685.4
170768.8
170774.2
170875.1
170883.6
171017.1
171095.3
171101
171165
171235
171245.2
171262.7
171279.5
171336.4
171471.2
171507.3
171594
171647.8
173300.6
173454.4
173593.8
177487.3
177602.9
177675.6
177739.4
178258.7
178425.5
178505.3
178505.7
178552.2
178573.2
178695.1
178893.4
179322.8
179510.4
179543.2
179678
179819.8
179907.9
179928.7
179940.4
180066.9
180146.7
180147.7
180268.8
180288.9
180327.8
180337.9
180344.3
180373.8
180406.9
180413.4
180547.9
180568.9
180569.2
180571.3
180581.5
180626.5
180642.6
180654.2
180681.2
180714
182948.8
183035.5
183037.6
183050.8
183065.5
183142
183286.3
183471.5
186321.2
189085.6
190870
192263.9
193775.5
199199.2
199226.4
199460
199473.6
199497.8
199655.6
199682.9
199700.4
199870
199886.3
199897.6
199917.9
199962
199968.3
200046.6
200196
200396.8
200491.3
200810.3
200843.9
200852.5
200997.5
201030.7
201047.6
201147.5
201176.4
201178
201236.4
201242.2
201274.3
201277
201331.3
201457.8
201467.9
201550.6
201753.3
202128
202151.9
202397.3
202551.4
202566.5
202648.5
202651.5
202712.2
202719.9
202745.9
202759.7
202823.3
202833.2
202957.8
203105.9
203121.8
203212.4
203258.6
203311.9
203406.1
203452.2
203494.2
203686.5
203860.5
203928.3
203975.9
203982.6
203994.5
204012.9
204379.4
204412
204449.5
204527.5
204641.9
204692.3
204779.1
204993.1
204997.6
205058.9
205083.5
205124.9
205290.6
205294.1
205355.2
205365.6
205428
205524.5
205564.7
205627.2
205664.5
206276.9
206375.6
206613.5
209505.6
209721.8
209723
209736.6
209740.1
209786.2
209806.4
209972.8
209998.5
210066.3
210306.5
213467.1
213484.2
213498.4
213533.3
213586.8
213625.3
213627.2
213633.3
213669.5
213694.3
213721.2
213739.8
213764.7
213787.1
213841.5
213866.5
213870
213918.6
213970.6
213971.8
214123.3
214151.3
220377.2
220552.8
220989.9
221932.5
223045.6
225088.6
225247.3
225359.6
225360.2
225360.7
225451.3
225465.5
225498.2
225541.2
225583.8
225647.4
225711.5
226500.7
226646.1
226740.7
226790.3
226834.3
227077.1
227419.3
227600.2
227870.5
228351.1
228453.7
228532.5
228625.7
228784.2
229693.7
229727
229784.1
229785.7
229833.3
229900.3
229946.6
230090.8
230195.6
233564.9
240315.2
240546.3
240604.4
240634
240718.5
240797.1
240861.8
240872.1
240919.2
241018.2
241030.8
241134.2
241139.7
241222.7
241233.6
241448.3
241455.8
241521.3
241536
241543.7
241560.4
241563.1
241728.5
242320.5
242490.5
242551.5
242673.4
242681.6
242688.6
242718.6
242809.7
242828.7
242860.7
242898.9
242995.9
243043.9
243050.8
243208.2
244066.5
244243.1
244294.7
244314.8
244347.6
244392.2
244442.6
244525.3
244556.3
244599.8
244699
244745.9
244804.8
244817.2
244890
244952.3
245027.9
245048.8
245072.9
245145.8
245171.2
245180.3
245265.2
245391.7
245867.9
246009.5
246019.7
246024.2
246062.1
246092.4
246154.9
246320.8
246469.4
248267.7
248418.8
248560.1
248705.3
248795.8
248865.3
248873.6
248888.5
248941.3
249028.7
249266.7
250114.9
252217.2
252223.7
252487.5
252494.9
252511.5
252658.2
252702.2
252762.3
252783.4
252795.2
252801.8
256917.1
258691.2
258792.1
259019
259117.6
260022.2
260053.3
260069.8
260129.2
260139.1
260145.6
260178.1
261336.7
261409
263284.9
265803
266078.1
266119.4
266387.2
267381
267391.5
267459.2
267469.6
267507.4
267530
267542
267578.1
267596.9
267642.1
267676.7
267761.1
267795.4
267801.3
267806.2
267892.4
268183
268234.2
268262
268483.8
268519.3
272063.5
272197.4
274185.7
274201.3
274633.4
274830.7
277375.8
278676.4
278724.9
278762.3
278848.4
278918
278943.3
279001.1
280659
280791.1
280899.4
281007.7
281044.4
281056
281160.5
281224.6
281268
281287.6
281328.5
281343.3
281421.9
281455.9
281545.2
281552.6
281559.9
281587.9
282461.9
287245.8
287301.7
287326
287389.2
287390.5
287424.8
287545.8
287740
287777.8
288019.1
294876.5
295033.2
296465.4
296570.5
296596.3
296628.9
296630.2
296637.5
296644
296745
296786
296817
296835.9
296947.8
296970.4
296995.1
297000.2
297050.7
297063.7
297064.5
297194
297205.6
297212.2
297374.3
297460.9
297461.1
297587.5
297609.8
297651.4
301419.4
301757.2
303370.6
304939.5
304980.1
308656.2
308819.1
308832.6
308854
308865.1
308951.8
309091.7
309227.4
309239.7
310641.8
310869.9
310963.3
311379.7
311565.8
311578.2
311590
311626.4
312415.9
312708.9
312790.6
312828
312873.4
313004.3
313119.8
313122.3
313150
313318.2
313339.7
316347.4
316683.5
316719.7
316770.3
317393.8
318158.1
318306
319970
319998.9
320086.3
326456.5
326464.8
329802.1
329976.9
334371
334429.5
334512.6
334597.7
334611.6
334811.2
334887.7
338283.1
338394.4
338519.6
339094.6
343548.7
343606
343844.1
343878.9
343921.4
344041.4
344043.3
344094.5
344350.8
344367
344375.5
344487
344536.1
344541.2
344787.6
344852.3
345088.9
345101.4
345137
345179.8
345241.8
345270
345280.5
345296.7
345302.5
345362
345396.8
345399.6
345434.9
345462.3
345594.3
346564.8
346615.6
346623.1
346649.2
346656.3
348542.9
350352.8
351305.5
351391.2
354639.3
354659.9
355536.9
355687.6
355873.9
355884.5
355885.5
355899.3
356091.7
356103.4
356126.8
356146
356155.5
356189
356198.7
356201.1
356254.6
356434.7
356446.4
356555.5
356586.5
356613.2
356620
356665.1
356686.2
356769.8
356804.3
356882.3
356892.5
356901.1
357019.1
357125.9
357197
357199.9
357243.5
357336.9
357340.7
357494.7
357496.2
357675.4
357693.3
357755.5
357821.5
357833.1
357841.9
357874.6
357902.4
358020.1
358131.9
358275.6
358324.5
358328
358443.8
358457.8
358670.9
358797.9
358798.3
358829.3
358867.5
358872.5
358882.3
358884.7
358919.9
358933.6
358967.6
358989.8
359051.5
359062.3
359071.2
359078.7
359101.8
359106.2
359156.4
359182.6
359249.4
359261.8
359278
359296.8
359321.7
359353
359527.5
359565.9
359589
359663.1
359710.4
359711.2
359767.7
359887
359890.5
359907.8
359968.1
360041.5
360081.5
360107.9
360114.6
360266.7
360277.9
360313.8
360514.7
360613
360656.8
360670.5
360701.1
360712.8
360928.1
360973.7
361003
361044
361044.4
361114.3
361172
361348.2
361551.5
361564.7
361599.4
361714.8
361721.2
361756.6
361842.9
361845.7
361846.3
361847.7
361872.3
361882.7
361960.2
361996.4
362014.5
362058.4
362129.3
362138.5
362141.7
362217.1
362221.1
362322.6
362346.9
362436.5
362552.3
362562.2
362590.4
362615.7
362711.8
362718.2
362741.8
362744.5
362758.5
362774.6
362802.7
362921.2
363008.3
363028.3
363033.7
363047
363106
363112.9
363156.4
363187.6
363274.9
363327.2
363332.8
363359.3
363397.6
363402.7
363426.6
363475.3
363506
363521
363616.8
363655
363733.8
363835.5
363853.7
363895.6
363961.2
363971.5
364206.2
364279.8
364411.5
364501.1
364515
364515.8
364655
364677.9
364705.2
364753.5
364846.2
364851.1
365020
371374.1
371550
371631.4
371739.8
371768.2
371779
371834.6
371854.4
371920.9
371965
371972
372052.5
372090.1
372091.3
372259.6
372329.1
372443.9
372571.6
373242.8
373400.6
374140.6
374155.5
374274.7
374297.9
374391
374391.4
374755
381583.7
382486.2
384023.9
384858.5
385657.5
394825.4
394845.4
395063
395148.8
395216.1
395469.6
395811.6
395836.4
395841.1
395978
396350.2
396381
401816
402382.5
402533.2
402675.1
402784.8
403247.7
403395.9
403522.2
403685.2
403726.1
403804.4
403876.2
403898.4
404241.4
419700.8
419840.6
419972.4
420024.3
420051.8
420063.5
420083.8
420161.1
420162.3
420191.5
420232.1
420279.5
420330.1
420347.4
420514.3
420516
420543.6
420586.7
420606.7
421214.9
421286.7
421330.7
421511.8
421682.7
421821.5
423626.2
423663.3
423690.7
423745.8
423850.2
424045
424255.1
424308.2
424381.3
424421
424524.7
424557.7
424604.2
424705.2
424745
424762.7
424771.8
424874.7
424879.7
424916
424941.5
425011.5
426737.4
426917.8
427305.8
427347.2
427533.2
427590.8
429148.9
442746.4
442932.6
446114.7
446145.5
446161.5
446170.4
446253.7
446293.6
446402.3
446515.1
448349.4
448371.4
448424.7
448468.3
448506.1
448511.2
448530.2
448579.2
448643.4
450908.8
450962.9
450983.2
450988.8
451298
455049.3
455146.1
455316.2
455832.2
455837.6
455861.7
456023.6
458143.3
458321.5
458393
458497
458610.6
458622.7
459841.5
462760.4
462766.6
462767.2
462866.4
462900.8
463027
463252.6
463472
464045.6
464088.5
475044.7
475046.2
475178.9
475224
475461.1
475500.5
475547.5
475784.6
475840.4
475854
475883.9
475892
475895
475999.1
476490
476609.9
476798.2
476886.1
477012.6
477461.8
477489.1
477559
477590.9
477720.2
477768.3
477899.1
477971.3
478096.9
478183.1
478289.8
478833.3
478930.5
478987.7
478993
479128.8
479132.3
479211.2
479241.4
479335.5
479604.8
480165.6
480409.9
480442.2
480971.7
480992.3
481006.3
481059
481079.3
481234.7
481316.2
481331.3
481373.7
481405.3
481461.3
481477.1
481575.9
481688.2
481884.6
481902
481985.1
482053.7
491164.9
493428.2
496783.1
505407.2
505485
505659.9
505793.1
505932.9
508266.6
508384.2
508462.4
508535
508545.4
508561.7
508621.6
508711.8
508783.5
508838.4
508861.4
508885.1
508929.1
509033.3
509792.2
509915.3
510222
510782.5
511173.1
511456.1
512154.2
512223.9
512345
514590.9
515350.3
516875.7
516928.2
517934.2
518286.8
518412.2
518500.2
518521.3
525529.7
525719.9
525736.2
525773.4
525775.3
525798
525806
525836.6
525836.7
525841.8
525901.6
525926.3
525950.6
525968.7
526025.9
526033.6
526099.4
526144.5
526287.5
526337.2
526360.7
526374.2
526394.8
526483.4
526685.7
526758.9
526773.3
526935.2
528431.4
528518.1
529982.5
530708.8
530839.4
531794.9
531886.5
531911.9
531914.6
531971.5
532010.3
532990.6
533300.8
534906.4
534916.7
534975.7
535106.7
540557.5
541341
541349.3
541490.9
541514.1
541557.6
541616.6
541627.9
541747.5
541752.1
541758.5
541786.6
541851.7
541869.3
541879.5
541889.7
541920.3
541958.9
542009.4
542063.4
542067.5
542069.5
542081.7
542089.7
542115.6
542172.8
542189
542267.4
542276.7
542406
542453.2
542454.5
542456.3
542489
542549
542554.6
542622
542684.6
542785.4
542974.4
543028.7
543293.2
548532.7
549737.8
549839.3
549967.3
549990.7
550118.9
550223.3
550305.1
550378.9
550416.9
550556.2
552084.8
552157.9
552563
553286.6
553409.5
553444.3
554078.3
554182.8
554285.4
558453
558466.8
558694.7
558711.9
558733
558962.3
558967.2
559148
561684.2
561716
561716.8
561722.2
561938.5
561954.1
561988.5
562024.1
562054.6
562228.6
562260.6
562332.1
562336.1
562613.1
562702.1
562816.3
562816.8
562919.1
563074.1
563320.9
563481.3
563585.5
563792.8
563800.9
563876
563905.8
564175.7
564257.6
565129.7
565193.6
566233.6
566251.4
566559.5
566666.9
567263.6
567266.2
567267.7
567292.7
567297.7
567300.2
567322.7
567324.3
567363.7
567557.4
567567.5
567619.7
571429.7
571595.6
571953.8
573452.2
573979.7
578581.2
578776.3
578874.8
578884.4
578949.9
578984.1
578996.3
579087.4
579099.4
579198.6
579714.9
579927.7
579968
580103.3
580123.9
580134.1
580178.4
580240.9
581169.6
582963
584099.7
584759.4
585336.4
585358.9
585422.7
585464.1
585487.7
585507.9
585524.7
585543.3
585622.5
585708.5
585849.9
585892.2
586020.5
586088.6
586206.8
586381.8
587077.4
587280.7
587703.4
588196.2
589520.6
589605.2
589630.7
589634.8
589642.9
589651.6
589761.3
590709.3
590746.6
590818.1
590847.2
590862.1
590891.7
590997.7
591040.2
593239.3
595786.9
596576.1
596580.7
596613
596664.2
596692.1
596736.7
596762.6
596973.4
597027.2
597131.4
599377.3
599399.7
599406.9
599465.4
599681.1
599748.7
599796.9
