1796.9
1898.6
1932.6
1936.6
1943.5
1969.7
2061.2
4731.3
4773.4
4890.5
4892.9
4925.5
4950
5462.5
11918.9
12047.7
12179
12199.2
12229.4
12229.5
12253.1
12297
14743
15072
16322
16433.1
16567.1
16626.3
16642.2
16650.7
16661.6
16670.3
16736.3
16737.8
16890.2
16947.4
18643.8
18668
18699.8
18771.5
18820.6
18831.2
18844
18889.7
19114.8
19536.8
19693.1
22660.4
22854.9
26396.9
28136.3
29355.4
29646.9
29908.5
29959.7
30125.4
30133.2
30214.8
30503.6
30528.7
30557
30757.9
30758.2
30777.5
30833.4
30857.8
30861.7
31004
31055.4
31122.5
31235.1
31255.2
31277.2
31306.4
31340.8
34971.6
35287.8
40250.7
40304.4
40726.6
40791.7
41014.8
41065.9
41214.5
41478.3
41711.8
41956
44067.5
44195.7
44209.9
44262.8
44323
44394.7
44542.5
44588.6
44847.2
44913.7
45778.7
45971.8
51505.4
52152.5
52184.3
54341
54484.3
56955.9
57165.5
57419.6
58573
58607.6
58784.4
58995.4
59055.5
59859.7
60748.2
60988.9
61016.7
61038.8
61080.2
61114.2
61436.6
61594.7
61654.2
61916.6
62266.5
62431.2
62581
62628.5
63538.6
63567.2
63573.6
63609.5
63610.8
63631.4
63661.8
63690.2
63733.6
63799.8
63821.2
63963.8
63995.6
64724.6
64894.6
73959.2
74669.1
74689.3
74772
74780.6
74995.4
75071.6
81083.7
81820.7
81863.1
81875.5
82157.3
82221.9
82483.7
82551.1
83315.1
83329.4
83574
89843.2
90136
90192
90268.8
90369.6
90379.2
90427.5
90475.2
91406.8
91526.5
91624.6
91656.9
91657.6
92141.4
94089.2
94124
94823.6
95917.5
102388.8
102614
103440.1
103551.7
103585.2
103661.1
104421
104497.7
104664.2
104680.9
104752.7
104766.5
104869.3
104882.4
104927.4
104929
105155.9
105203
105407
105417.7
105494.7
105497.4
106552.2
106591.1
106626.3
106766.3
106767.6
106827.4
106829.4
106949.1
106992.6
107054.9
107069.3
107088.6
111973.3
111992.2
112057.8
112080.3
112093.6
112184
112210
112303.3
112303.9
112383.5
112398.2
112442.6
112663.5
112681.6
112685.1
112846
113387.1
113462.6
113684.1
115431.6
115567
118376.9
118542.5
118728.9
153383.1
154309.5
155116.4
155743.6
157901.9
162641.2
162791.7
162960
163068
166144.2
166467.2
169076.9
169322
169392.7
169398.2
169415.4
169450.8
169460.6
169493.4
169569.7
169578.6
169650.8
170347.9
174347.5
174550.8
174688.8
174726.5
174762.1
174915.8
174974.8
174987.4
174989.1
175053.5
177568.7
177595.5
177681.1
178057.1
178108
178162.4
178250.4
178615
178618.6
178750.8
178757.8
179648.2
179649.8
179758.2
179802.8
179869.1
179873.7
179963
179965
180043.4
180085.1
180153.5
180168.4
180214.3
180273.4
180285.5
180327.5
180382.4
180437.5
180464.9
180506.7
180510.6
180556.7
180630
180835.3
182843.9
182972.7
182991.2
183008.8
183031.7
183137.9
183175.1
183229.9
184040.8
184047.7
184241.1
184618
184631.4
184753.3
189052.4
189173.7
189651.3
190609.8
192372.6
195051.6
195125.8
195145.5
195162
195218.5
199525
199604
199637
199695
199720.1
199752.6
199908.7
200154
200259.6
200369.2
200391.4
200475.4
200817.4
201074.5
201152.1
201351.2
201389
201410
201424.8
201456.3
201457.6
201527.9
201536.1
201706.3
201756
201826.6
201981.7
202056.2
202296.9
202376.6
202666.1
202699.7
202990.7
203107.8
203169.4
203231.1
203245.4
203252.8
203258.5
203416.6
203485.3
203561.3
203571.9
203580.1
203598.7
203644.8
203720.1
203905.8
203919.7
203968.3
203968.7
204046.6
204060.9
204216.1
204396.8
204627
204687.6
204812.4
204853.1
204870.8
204915.8
204925.5
205104.4
205137.6
205294.3
205299
205335
209871.1
210284.8
210439.2
210604.4
214537.1
214599.5
214636.8
214764.6
214841.8
214854.1
214904
214940.9
214951.7
215288.8
215720.4
215720.6
216393
217015
217094.3
217200.8
217743.9
220881.1
222016.4
222253.7
222390.2
222438.8
223327.6
223329.2
223347.3
223361.1
223402.5
223479.6
223581.8
223607.2
225129.9
225185.9
225380.9
225409.1
225433.9
229633.2
229711
229785.2
229902
229931.5
230013.8
230557.9
232596.4
232723
233610.8
233655.7
240573.2
240700.5
241545.5
241585.7
241607.3
241639.9
241713
241933.8
242081.4
242296.9
242330.3
242341.1
242358.4
242431.2
242439.1
242579.5
242636.7
242641.2
242652.9
242683.2
242766.8
242825
242843.4
242950.3
243087.4
243110.8
243141.1
243144.8
243168
243168.5
243416.6
243440.1
244063.2
244175.4
244184.1
244235.9
244244.4
244271.9
244324.2
244329.7
244336.9
244400.2
244536.7
244557.5
244571.8
244584.4
244633.9
244653.9
244742.6
244742.8
244785.4
244794.7
244799.7
244888.8
245032.4
245082.3
245099
245145.5
245239.8
245259
245274.5
245342.7
245359.6
245421.7
245427.4
245448.6
245568
245720.5
245746
245747.6
245753.4
245756.8
245792
245872.1
246020
246098.8
246109.4
246115.4
246122.1
246138.6
246252.4
246320.4
246333.6
246375.4
246470.1
246604.5
248975.8
249289.3
252406.1
252463.5
252474.4
252485
252485.9
252497.6
252507.8
252541.9
252550.6
252634.6
252668.7
252704.6
252840.6
256389.9
257029
257032.5
257055.3
257098.4
257980.8
258022.9
258236.9
258341.5
258671
258673.1
258791.1
258823.7
258850.9
258855.2
258885.2
258886.1
258941.8
258997.4
259010.9
259074
259087.3
259128.9
259475.2
264601.5
264688.1
264709.9
264713.9
264821.9
264945.2
265068.2
265346.2
265382.5
265500
265554.3
265554.6
265645.7
265746.8
265936.4
266300.3
266306.1
266529.8
266704.3
266970.7
267286.9
267687.4
269940.3
274208.1
274252.2
274366.1
274400.5
274421.1
274536.2
274578.4
274590.2
274731.7
274772.2
274907.7
274944.2
275076.8
277202.6
277286.7
277490.1
277568.8
278913.6
278924.2
280805.6
280819.9
280970
280993.2
281155.6
281156.3
281455.4
281615.6
281734
282372.5
282436.5
287120.4
287273.1
287338.6
287429.2
287438.6
287476.7
287494.3
287503.1
287508.8
287635
287663.9
287713.3
287724.5
287731.1
287737.1
287777.7
287860.6
287904.7
294328.2
294877
297933.8
298141.6
298177.5
298191.6
298197.7
298210.1
298412.7
298486.4
298502.8
298505.1
298543.6
298566
298640.4
299786
303302.6
303426.6
303470.6
303519.5
303527.4
303545.2
310829.8
310854.2
310952.2
310999.6
312994.9
313256.5
313281.8
313307
313373.4
313445.4
313450.1
313493.3
313579.2
313606.4
313682.6
313716.9
313972.8
313984.4
314148
314605.6
315144.9
315547.8
315958
316078.1
316179
316238.5
316480.8
316498.6
316634.3
317049.3
317127.7
317296.2
317376.9
317584.3
317753.4
317992.7
318236.5
318487.9
318735.6
318759.5
318812.2
318937
319326.1
319363.4
319892.2
320292.3
320643.9
320692.1
320698.6
320789.4
321013.1
321036.8
321276.1
321407.1
321452.4
321461.6
321533
321576.8
321584.3
321645.1
321748.9
321782.3
321947.7
321973.1
322074.8
322144.2
322252.1
322276.6
322322.6
322345.6
322372.8
322400.9
322440.3
322553.2
322606.4
322744.2
325769
325880.2
325964.5
325987.4
326024.9
326071
326107.5
326116.7
326135.8
326170
326230.1
326238.2
326380
329686.3
329854.5
329860.2
330001.6
330064.1
330252.7
332323.5
332346.9
332484
332514.6
332618.5
332694.5
332694.6
332759.8
332788.5
338239.4
338399.7
338493.3
338540.8
338581.4
338583
338587.2
338741.5
338744.6
338906.6
338911.8
338943.7
338948.1
339333.9
339368.4
341931.1
343009
343300.4
343380
343398.1
343543.7
343577.7
343673.9
343711.8
344281
344293.9
344381.1
344466.1
344584.3
344587.9
344619.7
344661
344668.2
344701.6
344781.7
344802
344849.6
344945
344946.6
345003.6
345165.7
345337.6
345340.9
345378.4
346746.8
348720.2
348784.8
348872.6
348962.3
348968.4
349065.4
349170
349181.3
351479.6
353853.9
353918.7
353953.2
354150.6
354214.1
354356.7
369650.3
370515.4
370626.5
371034.1
371269.9
371292.8
371600.8
371620.7
371686.5
371963.6
372214.1
372270.4
372384.4
372442.3
372566.8
372639.6
373290.8
374242.5
374294.1
374410.2
374470.6
374506.5
374510.7
374544.5
374563.4
374584
374598.3
374599.9
374605.9
374657.8
374681.1
374685.8
374840.6
420094.8
420148.5
420304.1
420484.6
420535.1
420539.5
420599.9
420612.1
420619.4
420676.7
421409.7
421488.1
421585.7
421614.8
421646.2
421717.3
421749.3
421955.4
421986.4
422128.7
422379.6
424341.2
424470.9
424526.9
424557.4
424714.4
424736.8
424772.8
424788
424822.2
424829.6
424857.7
424903.4
424936.2
427146.5
427154.5
427313.1
427393.4
441709.1
441732.5
441772.5
441904.5
442029.5
442377.9
442672.4
443329.7
443466
443944.6
446177.2
446325.2
446337.9
446375.5
446378.3
446409.7
446444.4
446491.8
446538.8
446584.9
446601.6
446658
446690.7
446749
446871.2
448633
448678.5
448707.2
448901
448984
448995.1
449236.7
450867.8
452617
452780.1
453116.6
453368.8
459519.9
460017.9
460028.6
460036.7
460051.1
460092.3
460106.9
460140.2
460145.5
460153.1
460158.6
460193.2
460199.2
460209.5
460239.8
460287.4
467036.4
479908.7
481125.8
481178.4
481191.2
481198.7
481371.9
481533.5
481547.7
481718
481742.7
482139.6
509374.8
511034.7
512285.3
512324.6
512511.8
512621.2
516720.8
516722.5
517958.8
518066.2
518293.9
518343.8
518372
518385.9
518441.9
525530.2
525667.2
525741.2
525789.1
525866
525917.4
525999.6
526081.5
526086.3
526121.3
526148.3
526185
526206.5
526375.8
526415.7
526435.8
526460.9
526495.4
526661.3
526893.3
526906.5
526928.6
528523.2
528689.3
531961.3
532014.4
532019.5
532204.5
534967.5
535014.8
535022.2
535046.5
535068.5
535074.1
535157.5
535158.8
535277.6
535324.3
535826
536804.4
541613.5
541625.9
541660.1
541698.2
541755.9
541812.2
541826.2
541832.5
541949.1
542106.6
542110.1
542121.1
542177.9
542301.7
542354.1
542483.1
542570.4
542701.3
542726.1
542726.9
542825.4
542843.5
542920.5
543040.3
543159.3
545123.6
545665.9
546428.5
548341.7
548538.2
548547.1
548585.2
548733.1
549655.9
549672.6
549847.6
551380
551432.6
551528.2
551570.4
551582.5
551637.8
551784.6
553405.7
554202.1
554372.7
554587.5
554690.9
554705
554738.5
554746.3
554830.1
554900.3
554911.4
554927.4
554955.6
555127.8
555129.3
555272.4
555298.6
555321.8
555335.1
555464.3
555465.9
555529
555530.5
555569.2
555601.9
555648.7
555657.1
555736.6
555780.5
555815.9
555832.3
555878.8
555883.2
555889
555930.8
555946.7
555951.9
556029.5
556047
556072.3
556108.9
556133
556188.6
556188.7
556246
556326.3
556354.9
556362.7
556395.2
556408.2
556434.9
556523
556559.7
556648.8
556669.1
556727.6
556747.8
556771.4
556777.9
556879.3
556922.9
556971.8
556997.1
557027.7
557090.7
557109.9
557162.3
557181.9
557186.2
557298.3
557303.1
557317.5
557331.1
557349.5
557351.9
557386
557421.2
557446.9
557588.4
557591.9
557606.9
557611.5
557615.3
557630.8
557632.1
557651.3
557659.3
557681.3
557684.2
557729.5
557747.5
557833.8
557856.4
557921.7
557936
557949.7
557976.8
557989.9
558022.9
558044.1
558052.5
558062.2
558065.7
558078.2
558181.4
558233.8
558284.1
559939.5
560111.8
560193.2
560322
560374.2
560385.8
560478
560482.1
560485.1
560515.3
560540.2
560624.8
560683.4
560854.9
560885.9
560922.1
560961.7
561032.6
561073
561745.7
561807.6
561915.8
562150
562197.3
562197.7
562477.3
563153.4
563350.7
563395.9
563405.5
563641
563760.9
564203.9
564862.7
564933.4
564953.4
564960.6
565172.2
566254.1
566258.5
566532
566705.5
567241.5
567481.8
567552.7
567560.2
567614.9
567742
567811.7
568565
571774.4
571794.1
571870.8
572011.2
572144.2
573489.1
573616.8
573818.4
573918.5
577658.4
577662.4
578519.2
578889.6
579064.2
579144
579169.9
579205.5
579228.4
579284.8
579300.1
579342.1
579352.9
579360.3
579390.5
579423.2
579456.7
580169.7
580396.3
580399
580482
580506.5
580549.3
580579.6
580638.4
580670.4
582784.2
582846.4
582871.8
582886.2
582913.4
582922.3
582954.4
583083.1
583133.7
583169.5
583369.4
583443.1
583675.2
584141.7
584541.8
584554.7
584830.6
585181.9
585344.8
585413.1
585415.4
585423.6
585429.5
585540.7
585738.4
586810.7
586941.7
586943.5
587113.7
587177.3
587202.4
587205.5
587551.3
587798.3
588667.7
588943.7
589515.3
589613.9
590790
590856.8
590876.1
590966.3
591075
595587.5
595869.3
595882.6
