12201.1
12218.7
12460
12471.9
12551.8
12553.2
12606.4
12653.7
12824.2
12839.2
12861.5
13539.7
20967.8
22601.5
40622.2
40682.7
40688.9
40725.2
40751
40755.5
40778.1
40908.5
41049.1
41065.8
41223.6
41316.4
41404.5
41437.6
41537.9
41565.3
41703.8
57199.3
57463.7
57620.6
57670.2
57700.2
57794.7
57932.6
57938.8
57955.7
57963.1
58049.9
58067.3
58261
58271.6
58336.5
58432.5
58443.3
58459
58467.3
58515.7
58593.5
58603.4
58605.3
58667
58734.3
58911.7
59158.3
59179
59282.4
59344.6
59422.3
59510.1
59516.5
59582.6
68755.3
117814.8
118107.5
118615.3
162834.8
162921.2
162952.7
163063.3
163067.6
163153.1
163359.4
163818.8
163954.9
164024.4
164164.8
164447.3
164451.9
164614.4
164616.6
164623.5
164701.1
164723.3
164755.4
164854.4
164862.6
164880.8
164999
165004.1
165326.8
165351.9
165596.6
165683.8
165707.4
165776.5
165794
165795.7
165872.6
165947.7
166059.4
166061.8
166073.6
166189.9
166363.6
166719.9
166766
167015.3
167104.3
167115.6
167117.6
167224.2
167288
167307.9
167393.9
167410
167446.1
167600.1
167733.4
167808.1
167833.6
167852.4
167872.1
167977.3
168066.5
168281.3
173727.4
173888.4
173949.1
174236.2
174407.8
187715.9
187786
188416.1
188477.8
188490.2
188633
188734.5
188746.1
188748.4
188762.3
188788.4
188795.5
188796.1
188883.7
189046.5
189049.7
189202.5
189206.9
189293.2
190733.1
191037.2
191101.8
191191
191236.7
191255.6
191279.6
191316.8
191322.1
191333.3
191499.6
191634.4
191685.7
191701.4
191731.3
191737.3
191793.1
191870.8
191878
191942.5
192132.6
192140.1
192190.7
192218.4
192259
192269
192329.2
192334.1
192365.5
192373.6
192420
192458.7
192571.5
192704
200536.8
200946.1
201476.4
201787.6
202166.2
202843.2
210753.8
211075.2
211232.9
211395.5
218497.6
223237.6
223550.3
230454.6
230636.1
230688.6
230706.4
230772
230780.9
230796.4
230983
230995.6
231009.6
231082.3
231121.7
231329.9
231421.1
231438.6
231577.8
241309.4
241908.8
242059.4
242124.6
242131.6
242211.2
242382.7
242397.6
243378.6
269705.3
269750.1
269836.4
269850.3
269888.8
270026.9
270078.7
270149.2
270177.2
270222.1
270255.2
270400
270405.1
270443.6
270510.1
270510.5
270563
270585.8
270596.8
270633.8
270678.1
270734.8
270746.1
270817.2
270847.6
270872.8
270926.6
270953.5
270953.8
271011.9
271052.1
271164.6
271185.5
271187.2
271222.8
271304.1
271378.2
271404.8
271441.9
271505.6
271571.5
271658.3
271716.1
271726.5
271760.4
271769.9
271798.7
271868.8
272055.6
272116.5
272204.1
272260
272437.1
272458
272605.4
274245.1
274672.2
275461.2
275598.3
275679
275703
275799.4
275926.4
275955.1
276100
276290.1
276349.5
276361.7
276550.1
276562.9
276609.8
276630.8
276675.3
276747.1
276821
276830.1
276836.8
277564.8
277628.6
277640.1
277705
277967.2
277968.3
278096.4
278101.5
278248.3
278380.4
278451.7
278484.9
278489.4
278495.9
278501.9
278519.4
278526
278529.7
278544.7
278564.8
278669.2
278766.1
310820.1
310897.1
311176.5
311303.6
311393.5
311490.1
311552.8
326126
326140.8
330469
332289.6
332536.5
332651.6
333350.7
333425.2
333747
333944.7
334098.3
334247.5
334464.9
334770.8
334809.7
334963
335013
335026.4
335125.4
335153.4
335181.6
335197
335198.5
335237.4
335279
335357.9
335473.8
335485.3
335505.7
335543.9
335690.9
335724
335735.1
335828.9
335863.9
336930.3
343475.3
344107.7
344175.3
344366.2
344390.3
344480.8
344538.6
344987.2
345422.7
345656.8
346521.2
346745.9
346767.8
346883.9
346929.9
346990.4
347004.8
347072.9
347084.8
347089.4
347089.6
347166.3
347177
347222.5
347255.4
347281.6
347283.8
347334.4
347342.8
347352
347360.2
347381.9
347406.2
347411.5
347531.5
347550.3
347564.1
347625.6
347741.8
347816.9
347833.5
347874.4
347903.2
347904.8
347958.7
347992.8
348031.6
348083.1
348098
348197.1
348275.7
348321.3
348333.1
348362.3
348400.4
348416.8
348424.3
348442.5
348587.1
348686.9
420065.5
420850.6
421015.3
421372.9
421462.8
425831.4
426379.4
426647.6
427935.8
428004.1
428092.3
428196.9
428246.3
428254.1
428272.2
428285.9
428334.9
428335.5
428367.8
428416.7
428448.3
428466.7
428470
428495.5
428576.6
428578.1
428718.6
428728.9
428807.3
428895.7
428899.5
429045.2
429114.8
429264.5
429311.1
429542.7
429680.2
429837.4
444968.3
445023.8
445120.4
445236.8
445265
445363.3
445510.7
445605
446569.6
447186.3
447314.7
447684.4
448110.3
448156.3
448293.1
448366.2
448580.7
448697.6
448709.3
449001.5
449089.6
455862
455891.6
456007.7
456021.1
456086.3
456220.7
456264.7
456365.5
456408.7
456415.2
456423.5
456440
456504.5
456510.4
456515.4
456515.5
456536.8
456567
456596.9
456611.6
456621.9
456632.5
456704.7
456792.6
456827.4
456919.5
456965.1
457003.4
457046.8
457061.9
457188.5
457209.9
457217.2
457250.7
457499.9
457721
480254.7
508790.8
509776.9
510329.7
529114.3
529128.4
530279.4
530295.7
530368.3
530378
530382
530436.8
530503.7
530563.5
530665
530695
530737.5
530815.7
530873
530926.2
531064.7
531488.8
531771.3
531823.1
531848.7
531916.7
531986.1
532176.3
532215.2
532745
548801.2
548904.3
549094.8
549132
549430.8
549480.9
549512.4
549539.9
549649.1
549660
549693
549739.5
549786
549879.2
550061.3
550061.4
550545.3
561758.1
561905.1
561991
562101.3
562176.4
562319.2
562456.9
562812.3
562839.8
562875.2
562907.7
562957.3
563001.6
563086.4
563428.3
563488.9
563511.5
563558.8
563562.2
563650.2
563696.5
563762.9
563826.8
563827.9
563865
563931
564017.8
564022.1
564030.1
564122.5
564179.8
564273.4
564402.5
564521.7
564531.2
564611.8
564654
564706.1
564730.5
564745.5
565024.6
565175.4
565190.5
565512.7
567117.1
567290.4
567298.2
567320.6
567478.1
577917.3
577923.5
578012.9
578121.6
578146.6
578197.1
578227.3
578230.5
578237.8
578244.8
578248.6
578253.2
578308.2
578384.8
578398.6
578427.9
578471.5
578566.7
578613.6
578638
578750.4
578770.8
578785.8
578824.3
578873.3
578942.2
578956.9
579027.3
579084.8
579216.6
579302.2
589979.6
590289.9
590301.8
590306.7
590349.8
590511.2
590634.8
595449.2
595555.8
595655.4
595748.8
596013.4
596055.9
596066.1
596305.5
596324.7
596370.3
596393.7
596437.9
596571.2
596576.6
596986.5
597188.6
599547.3
599819.1
