67.2
1009.5
1320.7
1378.2
1429.4
1443.6
1485
1520.7
1538.5
2580.2
2665.6
2703.8
2972.6
3109.2
3226.8
3259
3262.5
3283.4
3350.2
3372.2
3388.3
3433
3620.8
3720.4
3799
3805.7
3826
3850.8
3879.1
3926.2
3952.7
8710.8
8748.7
9547.3
9663.3
9880.7
10018.2
10171.8
10511.9
10592.8
10725.1
10913.1
11073
11074.7
11158.7
11467.1
11558.2
12602.9
12787.7
12806.3
12994.5
13085.7
13811.3
15055.8
21219.4
21277.8
21367.1
21371.5
21435.9
21440.4
21547.4
21579.7
21581.2
21666.8
21698.7
21715.3
21786.4
21903.1
22020.8
22031.3
22032.4
22074.2
22099.9
22176.3
22178.7
22183.4
22224.8
22410.5
22420.2
22443.3
22450.3
22476.9
22557.8
23972
24200.6
24488.2
24904.6
25137.5
25401.2
26381.8
26618.5
27312
28378.2
28564.7
28653.6
29145.6
29254.7
29315.2
29350.9
29385
29536.5
29667
29695.7
29730.1
29804.5
29866.9
29901.5
29903.1
30015.1
30126.9
30267.3
30301
30301.6
30364.5
30562.2
30626.4
30657.6
30660.8
30766.2
30821.9
30828.8
30862.4
30875.3
30876.9
30954.9
31052.6
31117
31260
31373.6
31433.1
31547.4
32155.6
33976.2
34001.9
34284.8
34287.5
34372.8
34631.8
36237.2
36412.3
36578
36601.3
36643.5
36648.4
36648.7
36686.7
36867.5
36927.7
37024
37235.7
37316.7
37466.3
37472.5
37553.3
37573
37576.1
37612.4
37655.6
37801.5
37812.4
37812.5
37844.2
37892.4
37910
37957.3
37981
38017.8
38215
40281.3
40335.6
40427
40657
40660.5
40679.8
40695.7
40724.8
40730.6
40734.3
40940.6
41031.4
41113.6
41140
41188
41203.3
41248.7
41282.6
41301.3
42296.8
42369.2
42661.9
42687
42726.5
42730.7
42779.3
42963.3
43050.3
43300.2
43309.9
43327.8
43328.2
43406.8
43454
43534.1
43584.7
43738
43760.2
44283
46687.6
47325.5
47375.7
47404.7
47412.2
47494.8
47544.2
47549.8
47674.6
47736.5
47849.8
47919
47984
47985
48116.6
48518.5
48792.8
48876.6
48876.7
49247.9
49254.7
49256.7
49288
49289.4
49536.8
49757.2
50239.3
50252.3
50270.5
50314.8
50327.2
50332.1
50400.6
50551.1
50554.2
50700.3
50795.3
52610.5
52659.6
52685
53124.4
53539.9
53547.4
53780.1
53837.7
54567.8
54708.2
54806.4
54833.2
54881.9
54905.2
54943.8
55066.9
55152.2
55165.7
55227.4
55283.6
55332.6
55466.5
56249.6
56392.7
56940
57548.3
57910.5
60315.2
60428
60432.4
60496.7
60513
60527.2
60535.5
60539.9
60540.8
60577.8
60597.7
60674.8
60681
60756.9
60771.7
61127.9
61194.4
61242.7
61419.2
61432
61449.1
61489
61516.9
61708
61742.9
61885.2
61889.2
61946.7
61974.2
61988.7
62064.8
62156.6
62238.4
62276.7
62328.4
62337.5
62493.2
62493.7
62521.7
62558.3
62569.7
62670.2
62930
64484.3
64663.1
64924.5
64937.4
68668.6
68954.7
68971.6
72265.1
72512.5
72566.6
72575.3
73046.8
73204.5
73273.6
73364.9
73375.9
73606.3
73626.1
76316.8
76414.1
76494.2
76599.6
76630.8
76655.4
76697.4
76888.9
76934.1
76940.7
76986.8
77008.1
77012.1
77134.9
77162.1
77231.5
77233.8
77253.1
77264.3
77352.6
77380.4
77465.5
77524.1
77561.7
77578.9
77686.1
77727.3
77996.1
78006.6
79524.4
85234.5
85702.7
85895.2
86167.6
86305.1
86611.6
86779.5
86812
87305.8
87395
87508.4
87514.8
87541.3
90633.1
90685.7
90701.8
90784.6
91056
91057.6
91086.2
91099.5
91134.8
91139.2
91141
91188.5
91198.5
91198.6
91262.3
91355.2
91364.6
91371.6
91405.8
91517.8
92229
94141
94681
94963.8
95013.9
95321.1
95696
95937.7
95956.7
96776.2
97081
97111
97230.6
99608.8
100747
101465.8
103029.6
103375.9
103435.2
103630.8
103823.6
103836.2
103843.2
103904.6
103999.5
104105.3
104176.4
104236.4
104256.5
104297.1
104319.7
104320.2
104422
104500.8
104518
104554
104641.1
104754.6
104985.4
105077.1
105485.3
105564.2
105606.3
105725.5
105745.4
105924.2
105935.8
106093.9
106139.3
106194.1
106438.4
108026.4
108420.9
110195.8
110369.3
110466.2
110685.1
117816
118754.5
119001.4
119066.7
119147.8
119179.2
119224
119244.7
119290.9
119516.9
119549.6
119590.5
119704.1
119811.5
119833.8
119904.8
120034.7
120112.2
120179
120206.9
120263.1
120286.3
120286.5
120355.9
120391.8
120459.6
120466.8
120489
120601.3
120605.4
120608.8
120668.4
120696.2
120710.8
120986.3
121122.1
121461.2
121498.1
121991.6
122138.8
122637
123350
123821.7
124381.7
124487.8
124520.5
124597.6
124620.4
124636.4
124658.5
124673.8
124735.6
124752.4
124782.2
124822.1
124856.2
124919.2
124931.5
124989.1
125047.2
125084.8
125188.9
125216
125371.2
125393.1
125776.5
125880.8
125911.3
125914.8
125940.3
126675.5
126798.3
127019.3
127302.7
127411.9
127432.4
127460.5
127551.9
127637.5
127842.4
128595.6
129704.5
131016.4
131380.9
131400.8
131474.3
131509.7
131533.9
131559.5
131684.5
131689.7
131743
131879.2
131879.9
131891.8
131902.7
131981
131995.6
132028.3
132101.8
132136.1
132152.1
132181.4
132267.1
132270.1
132286.4
132317.8
132368
132382.1
132392.4
132441.2
132492
132597
132689.7
132715
132735.9
132842.2
132867.5
132868.7
132873.7
132918.4
132986.3
133068.2
133103.6
133144.9
133230.1
133342.3
133396
133407.4
133424.8
133477.4
133478.7
133483.6
133501.2
133526.2
133535.3
133631.7
133677.8
133686.7
133813.8
134112.5
134208.7
134363.5
134418.3
134430.9
134560.7
134605.4
134860.2
134894.2
134917.9
134955
135095.3
135298.1
135485.4
135644.7
135684.5
135691
135704.6
135722.5
135729.3
135779.4
135839.9
136140.4
136223.7
136266.3
136498.8
136509.6
136510
136725.8
136803.2
136833.9
136862.6
136976.9
137066.1
137105.7
137194.5
137406.2
137481.4
137517.4
137654.7
137865.4
137881.9
138044.6
138048
138093.4
138435.4
138474.2
138534.5
138673.7
138691.2
138696.7
138728.4
138774.3
138822.6
138970.4
138984.8
139004.8
139012.1
139054.9
139279.3
139358.1
139380
139429
139682.2
139728.9
139833.5
139834.4
139844.1
140328.8
140390.9
140424.9
140439.3
141993.1
142388.4
142618.3
142654.3
142664.3
142711.3
142714
143020.3
143091.9
143368.8
143494.2
144580.1
144925.4
145740.2
148477.2
150321.2
150603.5
151525.5
158417.9
159003.2
159332.8
160156.3
160298.8
160981.9
163938.4
164051.3
164344
164556.6
164983.5
167174.2
167401
167741
167747.5
168778.5
170965
171011.7
171309.6
171511.6
171576.3
171695.5
171905.6
171954
172041.1
172066
173861.2
173897.7
174071.6
175894.8
176070.7
176250.1
176431.3
176673.2
176720.9
176856.1
176923.5
176943.1
177065.8
177104.8
177165.7
177322.3
177361.5
177490.3
177495.8
177687.7
177694.1
178381.2
178606.3
178691.4
182252.5
182855.4
182951.4
183027.5
183071.7
183213.2
183261.3
183285.1
183294.3
183363.5
183389.8
183401.3
183427.4
183536.4
183577.7
183615.3
183633.5
183671.4
183728.7
183810.8
183890.5
188746.5
188904.6
188925.2
188950.5
189203.2
189230.3
189454.9
189651.4
189728.7
189929.2
189986.2
190245
190474.1
190576.9
190642.5
190686.9
190706.6
190772.5
190915
193394.1
195245.1
195291.7
195390.6
195402.7
195443.5
195491
195505.1
195562.7
195568.5
195573.3
195713.9
195813.2
195835.2
195836.4
195952.7
196068.5
196603.4
196663.2
196756.6
196827.4
197694.9
198418.7
198984.3
199410.7
205515.6
205765.1
205845.9
205921.5
205967.6
206029
206185.7
206227
206268.9
206392.1
206412.8
206598
206678.1
206713.5
206851.7
206863.5
206865
206975.7
207291.3
207349.5
207419.4
207537.5
207671.4
207728.5
207734.8
207743.8
207810.5
207850.3
207887.5
207923
207948.5
207960.4
207979.4
208058.5
208207.1
208251.3
208265.9
208272.4
208315.4
208322.7
208371.3
208415.6
208562.5
208582.8
208821.2
208826.5
208888.7
208926.5
208942.1
209036.6
209039.7
209062.9
209063.3
209107.5
209114.7
209141.4
209450.8
209493
212273.5
212834.2
212840.3
213079.5
218440.2
219187.2
219845.7
219867.5
220100
220759.4
223900.9
223932.1
224024.7
224043.8
224136.3
224266.3
224331.2
224450.2
224532.4
224710.2
224715.2
224731.8
224735.2
224884.5
226701
226714.9
227954.7
228297.7
228518.1
230281
230305.1
230397.8
230423.7
230464.1
230581.6
230659.8
230678.2
230733.5
231004.1
232815
232891.8
233121.6
233458.8
233510.4
233526.3
233776.4
233965.4
234083.8
234264.4
234455.4
234534.5
234552.4
234596.3
234598.7
234622.6
234657.6
234671.3
234768.5
234790.6
234819
234896.6
234909
234931.2
234931.4
234961.2
234967.1
235006.5
235074.8
235102.1
235140.7
235163.7
235175.8
235185.1
235236.7
235238.7
235302.2
235343.2
235385.6
235450.5
235517.5
235620.7
235784.9
235870.9
235943.8
236019.3
236180.5
236186.2
236187.2
236230.8
236285.9
236416.5
236512
236535.7
236638.4
236705.1
236763.7
236775.4
236911.2
236995.9
237000.9
237035.6
237166.6
237295.9
237389.5
237397.6
237440.8
237478.6
237497.8
237519.9
237609.8
237622.8
237720.3
237743.7
237771.5
237900.9
237901.5
237942.8
237978.9
238017.3
238017.4
238067.4
238068.9
238113.7
238147.8
238208.6
238318.9
238336.8
238348.7
238400.2
238462.2
238504.4
238547.3
238571.2
238670.6
238685.8
238717.5
238743.1
238772.4
239166.3
239212.8
240752.5
244173.1
245900.3
246137.4
246310.2
246876.2
246910.5
246937.4
246953.9
246976.1
247133.5
247218.1
247404.2
247697
247712.5
247776.9
247884.5
247961.3
247998.2
248011.6
248058.5
248251.2
248404
248799.8
249487.2
250831.5
251079
251084
251162.1
251196.3
251245
251500.4
251650.2
252038.1
252097.8
252285.4
252379.6
252542.6
252732.9
252785.4
252793.3
252830.1
252897.8
253036.8
254519.9
255706.6
255804.8
255854.2
256170.9
256261.6
257247.2
257729.1
257760.9
257954.3
258092.1
258132.2
258379.9
259969.2
260030.1
260063.5
260171
260203.3
260207.8
260220.2
260225.6
260251.6
260260.7
260299.1
260336
260365.2
260373
260401.9
260429.3
260574.1
260598.4
260605.4
260608.2
260646.3
260778.3
260816.7
260876.5
260905.3
260992.2
261010.9
261127.7
261144.1
261205.2
261318.4
261334.1
261395
261427.3
261485.5
261597.7
261640.3
261662.6
261758.8
261832.5
261839
261887.4
261906.2
261930.8
262010.3
262083.1
262152.3
262219.5
262247
262248.5
262334.2
262340.4
262375.5
262414.7
262478.6
262515
262616.7
262629.8
262722.1
262811.2
262812.1
262853.3
262876.3
262904.5
262939
262952.8
262983.7
263008
263019.3
263045.9
263050.7
263053.2
263075.7
263130.5
263175.5
263312.1
263315.3
268929.3
269008.8
269154.7
269443.1
269595.7
269644
269668.5
269721.2
269792.5
269926.2
269951.3
270225.6
273211.6
273666.8
275970.7
276040.1
276298.1
276320.8
276544.6
276888.8
279515.1
282635.7
282732
282902.7
282939.1
283026.9
283489.2
283535.3
283623.4
283654.9
283774.1
283800.8
283862.3
284024.7
284115.8
284306.6
284365.1
284570.3
284688.2
284921.5
284942.7
284997.3
284999.6
285019.1
285143.7
285184.4
285244.7
285292.2
285587.5
285637.2
285981.7
285982.5
286153.9
286218.6
286743.3
286765.8
286800.1
286915.7
287162.8
296663.1
296683.8
296841.7
297144.1
297146.9
300049.8
300452.2
300536.5
300594.7
300740.4
300855.3
300992.4
301130.6
301377.4
301379.5
301736.4
303791.2
303805.5
303813.1
303878.8
303898.9
303911.4
304002.6
304012.1
304324.3
304341.5
304386.2
304441.7
304526.7
304557.1
304639.1
304670.6
304907.4
305046
305189.9
305324
305473
305531.8
305534.6
305603.3
305773
305810.1
305905.2
306012.8
306021.3
306031.8
306074
306145.5
306235.3
306302.9
306670.5
307304.2
307505.3
307641.6
308852
308930.7
309270.2
309992.3
311502.4
311596.8
312459.7
325604.3
326619.7
326705.7
326710.5
326737.1
326757.5
326824.2
326913
326930.2
326934.3
326953.7
326990.6
327010.7
327117.8
327136.2
327187.7
327255.1
327267
327290.8
327338.8
327357.2
327446.1
327725.5
327731.3
327800.2
327803.5
327807.1
327815.1
327882.6
327938.2
327973.1
327996.9
328123.9
328141.5
328145.9
328171.1
328239.3
328284.3
328330.6
328346.3
328698.5
328750.5
328867.8
329027.7
329403.9
329452.3
329473.6
334736.6
334781.3
335119.6
335257.1
335363.5
335450.1
335563
335606.1
335689.2
335888.3
336220.8
342417.1
342453.3
342464.1
342596.6
342916
342954.1
342959
343057.9
343081.6
343104.6
343122
343169
343291
343336.5
343367.2
343475.4
343539.8
343540.6
343765.9
343851.6
343875.9
343923.8
344018.6
344077.2
344103.3
344165.7
344215
344242
344315.9
344482
344549.9
344574.1
344603.5
344609.4
344658.9
344694
344779.2
344920.5
344958.2
345078.4
345081.2
345309.1
345476.8
345496.8
345512.8
345606.5
345611.6
345764.2
345852.8
345893.7
346149.3
346152.4
346200.6
346314.8
346420.6
346571.8
346573.7
346778.8
346791.5
346973.8
346978.5
347036.3
347243.3
347288.6
349484.1
349536.4
349600.9
349618.8
349680.8
349683
349943.8
350167.2
350183.4
350324
350369.2
350410.5
350543
350683.1
350717.5
350836.7
350941.5
350964
351010.8
351056.1
351111.2
351111.7
351175.2
351179.8
351184.7
351208.1
351402.9
351596.6
351619.4
352525.4
352651.5
352801.2
352830.3
352848.7
353060
353201
353250.8
353613.6
353704.8
355163.1
355605.1
355609.7
355768.3
355861.9
355919.4
356101.9
356167.4
356190
356216.9
356241.4
356254.7
356347.8
356535.6
356606.9
356627.3
356666.8
356762
356865
357131.9
357304
357376.2
357531.6
357724.5
357835.4
357854.7
357912.3
358148.6
358350.5
358527.3
358581.6
358635.1
358640.2
358692
358695.6
358795.1
358949.1
358968.5
359101.7
359167.7
359178.3
359233.4
359346.4
359346.8
359505.5
359601.8
359628.1
359646.8
359697.2
359774.7
359784.9
359920.3
360102
360186.2
360207.1
360275
360354.8
360389.2
360417.8
360430.5
360438.6
360475.8
360590.5
360646.4
360973.7
361103
361151.7
361343.6
361374.8
361536.5
361578.4
361704.9
361715.8
361744.8
361799.3
361879.6
362021.9
362060.4
362064.2
362138.7
362183.8
362214.7
362260.8
362308.8
362316.4
362470.1
362521
362522.6
362592.7
362665.9
362704.4
362912.2
362964.6
363141.7
363193.5
363521.5
363524.9
363531
363668.5
363711.7
363713.1
363858.3
363953.6
363992.3
364471.1
364484.3
365694.8
366646.1
372833.7
372958
373105.7
373274
373544.4
373658.6
375014.1
375248.5
375280.4
375282.4
375308.8
375422.1
375465.7
375541.2
375592.1
375618.5
375648.8
375672
375723
375731.2
375965.1
376032.9
376110
376178.6
376225.4
376484.8
376518.9
376523.8
376609.9
376743.6
376851.4
376899
376981.9
377060.7
377150.4
377316.4
377398
377521.5
377545
377675.3
377701.6
377732.4
377880.6
378149
378181.9
378195.6
378533.7
378566.5
378727.6
378739.3
378783.1
378799.8
378964.1
379181.8
379226
379326.6
379386.9
379474.1
379483.9
379563.4
379652.1
379874.4
380000.5
380041.7
380097.8
380200.6
380278.1
380297
380312.4
380463.5
380596.8
380832.4
380838
380874.8
380969.2
380980.1
381030.7
381171.7
381587.1
382242.8
382692.2
383132.1
383161.9
383183
383224.8
383604.4
383777
383778.3
384509.8
385189
385297.7
385353.5
385453.7
385754.8
386427.8
389273
389532.6
390124.1
390564.7
390651.1
391413.1
391442.7
391985.4
392399.5
392419.5
392608.7
392702.1
392974.3
393151.6
393495.8
393511.9
393577.2
394272.2
394283.5
394326.1
394705.9
394920.3
395274.7
395414.1
395767
396599
396735.3
396741.6
396798
396819.5
396892.3
397019.8
397028.7
397040.8
397069.5
397085.8
397098.8
397133.8
397142
397272.3
397456
397616.8
397784
397814.6
397828.1
397946.2
398025.9
398056.7
398074.1
398075.3
398077.2
398088.6
398121
398141.7
398172.9
398186.9
398195.8
398275.8
398315
398321.9
398475.2
398482.9
398512.3
398937.4
398948.9
398999.5
399106.9
399182.4
399215.8
399220.6
399263.5
399368.7
399416.1
399546.9
399766.4
399787.5
399866.2
400753.1
400780.2
401341.9
401397.1
402631.1
402704.1
402814.6
402824.5
402855.2
402963.9
403227.2
403594.8
403617.7
403728.7
404014.4
404115.9
404423.6
405278.9
405315.4
405546.3
405648.4
406227.3
406417.7
406510.8
406843.5
407910
408516.8
412271
412550.6
413065.6
413162.5
413251.2
413313.4
413364.3
413381.4
413406.5
413457.9
413519.2
413546.3
413611.8
413670.6
413703.5
413724.9
413735
413741.1
413776.5
413800.1
413822.5
413833
413863.5
413864.4
413926.3
413966
414022.6
414235.2
414330.6
414539.8
414596.6
414600.3
414719.1
414720.9
414731.4
414733.1
414821.6
414913.3
415066.8
415093.5
415109.9
415211.6
415221.1
415261.8
415267.2
415329.6
415333.4
415444.9
415474.7
415501.5
415533.9
415651.7
415722.1
415808
415826.5
416255.1
416259.3
416277.2
416332.5
416575.2
416663.6
416882.4
417189.2
417295
417456.1
417457.9
417470.4
417495.8
417661.3
417692.3
417701.4
417730.6
417868.4
417890
417932.1
417935.1
418081.8
418177.7
418185.5
418249.1
418269.5
418273.1
418359.6
418373.3
418441.1
418442.3
418453
418616.9
418985.2
419018.4
419038.3
419048.8
419122.3
419127.8
419407
419537.6
419565.3
419611.3
419825.2
422854.8
428244.1
430502.9
430691.7
430715.8
430736.3
430745.3
430760.6
430811.3
430824.1
430851.3
430896.7
430902.9
430921.7
430962.7
430963.2
430972.5
430982.1
431002.7
431010.4
431059.3
431094.7
431134.6
431146.3
431210.4
431318.1
431326.6
431334
431430
431465
431495.2
431547.4
431574.7
431630.7
431653.3
431683.5
431692.1
431707.1
431722.1
431738.3
431795.8
431806.5
431867.8
431879.2
431888
431924.2
431996
432157.2
432175.7
432191
432237.1
432456.5
432503.5
432615.2
432640.2
432714.7
432718.2
432756.3
432767.5
432769.7
432782.3
432837.9
432839.2
432879.3
433050.1
433064.6
433065.9
433077.8
433088.5
433113.8
433150.7
433151.8
433303.2
433339.1
433352.9
433498.8
433505
433505.2
433592.6
433653.7
433718.1
433735.6
433735.9
433796.2
433812.2
433819.1
433823.7
433875
433891.2
433909.2
433940.4
433987.9
434020.2
434059.8
434122.2
434131.8
434210
434290.2
434352
434355.2
434374.8
434452
434472.3
434472.7
434550.5
434617.1
434695.6
434700
434732.3
434735.9
434781
434802.1
434814.8
434902.4
434916.3
434938.8
434965.1
434972.6
434984.1
435010
435028.4
435032.9
435049.8
435079.4
435089.8
435202.6
435207
435239.6
435321.6
435420.6
435454.8
435479
435516.4
435629.7
435704.4
435706.6
435757.6
435780.1
435792.4
435833.6
435849.4
435884.4
435909.8
435910.1
435992.5
436153.4
436251.7
436265.4
436364.2
436369.8
436422.2
436443.1
436621.6
436633.5
436635.6
436680.1
436732.1
436811.5
436864
436931.5
436934.1
436944.8
436992
437026.9
437047.8
437080.7
437103.3
437122.3
437133.1
437192.6
437216.2
437360.3
437494.1
437558.9
437579.8
437680.9
437703.4
437764.6
437776.1
437839.6
437857.1
437957.6
437971.9
438048.6
438070
438275.9
438336.4
438351.2
438557.3
438612.4
438687.1
438706.3
438876
438942.5
438999.7
439012.3
439033.3
439047.1
439049.7
439164.6
439238.8
439245.2
439256.3
439299.1
439347.4
439353.4
439363.3
439424.3
439501
439513.2
439601.4
439651.8
439687.1
439844.4
439943.1
439962.6
439964.8
439972.7
440234.3
440239.6
440256.2
440256.6
440320.2
440321.3
440349.2
440381.2
440383.6
440386.9
440389.5
440533.6
440679.2
440875.5
441015.5
441045.4
441189.6
441251.7
441353.7
441378.5
441404.2
441506.6
448577.9
448700.1
448736
448737.7
448756.8
448798.9
448819.3
448865.6
448883.8
448893.5
448901.2
448964.6
448974.6
448996.4
449051.7
449319.9
449335.1
449461.5
449514.2
449730
449760.9
454770.5
455363.8
455392.7
455447.9
455525.6
455684.8
455689.9
455732.2
455859.2
456103.5
456212.8
456676
457503.6
457514.7
457549.8
457687.6
457714.5
457875.5
462746.7
462752.6
462951.9
463292.9
463661.2
464427.2
464580.2
464621.4
464660
464672.4
464791.8
464842.2
464938.2
465039.4
465466
465505.5
466110
468286.5
468687.4
468845.2
469075.1
469135.5
469822.8
469876.3
470156.6
470173.2
470325.2
470497.8
470633
470718
470736.1
470756.8
470757.8
470769.7
470779.7
470840.4
470950.7
470959.9
471024.1
471034.4
471072.5
471133.1
471200
471225.3
471271.2
471280.2
471346.7
471347.2
471349.2
471358
471371.5
471413.8
471415.5
471476.7
471535.8
471585.3
471676
471771.1
471779.6
471790.1
471790.9
471973.7
471990.2
472094.6
472128.1
472145.1
472178.6
472191.2
472193.8
472208.9
472221.2
472304.4
472321.5
472412.8
472419.8
472441.5
472551
472554.3
472559.5
472618
472848.6
472857.2
473119.5
474005.1
474099.5
474389.6
474436
474573.8
474699
474826.4
474986.1
475242.6
475567.5
475612.2
475713.9
475817.2
475917.6
476456.4
476484.4
476685.3
476766
476878.4
477044.2
477299.9
478201
478207.2
478608.9
478683.9
478777.6
479143.4
479154.8
479173.3
479272.7
479509.9
479602.3
479660.8
479701.1
480263.1
480290.5
480673.9
480736.3
482676.9
482761.2
482902.6
483061.2
483077.3
483119
483219.2
483245.1
483601.3
483814.5
484363.9
484365.4
484382.8
484428.4
484502.2
484515.8
484790
484816.1
484877.1
484913.5
484985.9
485001.7
485022.9
485239.5
485298
485340.8
485416.3
485457.5
485475.1
485528.7
485574.7
485721.1
485787.9
485890.2
486247.4
486300.1
486510.6
486632.5
486660.1
486706.2
487036.6
487331.9
487564.6
488362.6
488416.1
488487.9
488826.5
488969.5
489001.6
489076.4
489376
489580.5
489620.4
490332.9
490912.4
491030.4
491200.1
491229.6
491278.2
491600.2
491694.3
491856.8
491912.4
492159
492352.4
492496.5
492897.9
492955.7
493446.1
493501.2
493979.9
494090.2
494233.9
494388.7
494494.4
494879.9
495254.9
495259.4
495572.3
495643.6
495821.5
495897.1
496107.1
496152.3
496153.1
496601.1
496982.2
497881.5
497882.6
498134.3
498519
498797.1
498820.5
499111.9
499145.8
499235.9
499823
500082.5
500274.8
500406.9
500539.3
500745.5
500925.1
501165.3
501769.4
502068.7
502184
502292.2
502371.3
502389.4
502459.6
502471
502494.5
502692.4
502715
502787.8
502977.3
503645.5
503647.2
503795.6
504086.8
504286.9
504390.9
504576.3
504881.4
505018.6
505094
505197.5
505220.3
505396.4
505428.2
505521.9
505668.8
505928.2
505958.1
505990.3
506107.3
506703.9
506740.4
506839.2
507070.5
507247.3
507331.2
507749.6
508054.3
508106.6
508377.9
508663.9
508674.3
508765.5
509589.9
510035.9
510423.9
510811.2
510876.7
511034.1
511712.6
517014.6
517107.8
517122.5
517186.4
517204.6
517259.4
517260.6
517302.5
517303.1
517394.6
517712.8
517716.7
518015.8
518064.6
518307.8
518494.9
518498.6
518499.9
519097.1
520585.1
526597
527307.2
527971.6
527988
528716.1
530644.9
530776.1
531285.4
531936.6
531939.4
531993.1
532125.6
532185.4
532207
532209.6
532250.8
532620.6
532707.2
532715.9
532831.5
540128.4
540476.2
541320.1
541360.5
541399.4
541432.9
541470.2
541526.3
541646
541738.8
541875.3
541913.7
541913.9
541920.3
541957.4
542061.6
542170.5
542207.3
542419.3
542484.4
542564.1
542677.1
542686.6
542764.8
542797.8
542817.5
542977
543532.4
545236.5
546586.4
547382.6
547859.2
549148.7
549313.7
549508.1
549585.9
549660.5
549745.3
549776.3
549784.6
549896.3
549904.5
549914.3
550021.8
550185.9
550386.1
550437.6
550811.5
561761.9
561772.4
561938.1
561975.9
561976.2
562002.2
562106.4
562213.6
562263.7
562424
562448.9
562505.8
562580.9
562729.5
562737.2
562806.1
562868.9
563101.9
563112
563182.6
563199.1
563203.2
563372.2
563394.7
563397
563446.4
563480.7
563554.4
563680.1
563747.7
563869.6
563936.8
564041.9
564053.8
564081.7
564087.9
564190
564337.1
569154.9
571012.8
571114.8
571198.9
571258
571316.9
571347.6
571413.3
571450.5
571456
571558.4
571780.5
572009.7
572763.2
572864.2
573895.1
576084.4
578047.5
578301
578322.3
578372.9
579060
579165.9
579201.8
579234.5
579235.4
579245.3
579246.9
579270.7
579282.8
579301.5
579335
579356.4
579359.5
579406.5
579493.1
579514.9
579552.1
579566.6
579721.3
580841.9
581730.8
590099.1
590217
596382.8
596633
596656.6
597261.3
597560.8
598905.6
599224.8
599456.3
599471.4
599490.8
599729.3
599890.8
