369.2
862.4
1114
1148.5
1183.1
7714
7846.6
10948.8
10950
11024.7
11025.8
11114.2
11157.2
11158.9
11249.4
11250.4
11307.5
11321.5
11322.2
11326.5
11363.8
11365.9
11602.2
11806.3
11836.1
12450.3
12830.9
14738.9
15019.2
19962.2
20509
20569.4
20571.4
20699.1
20703.6
20729.6
20772
21605.1
21729.4
21748.9
21752.8
21858.3
21914.9
22104.8
22261.2
22323.8
22571.3
22590.9
32188.8
32652.8
33087.4
33869.3
34015.7
34021.2
34050.1
34075.8
34080.9
34094.4
34202.2
34205.6
34236.9
34243.2
34408.1
34525.4
40078.5
41605.7
45139
46743
47349.9
47619.9
47703
47863.1
47956.9
47999.8
50889.3
51056
51138.1
51741.1
52487.3
52510.1
52649.6
52684.5
52805.9
52821.8
52972.7
53102.7
53198.8
53433.8
53505.4
53534.1
53538.9
53582.4
53627.4
53687.1
54144.8
54502
54769.3
54853.7
59268.6
62987.8
68729.5
68794.4
68824.4
68835.2
68870.6
68911.3
68916.8
68925.9
68953.6
69941.9
70056.2
70060.2
70137.4
70141.3
70310
72550.9
72623.3
72691.6
72766.4
72807.5
72868.1
73131.7
73140.8
73298
73308.6
73360.7
73361.3
73529.3
73561.7
73674.5
73765.2
82141.9
82280.9
82294.5
90510.5
90563.1
92954.6
93110.1
93122.3
93127.3
93162.9
93230.1
93377
93428.6
93451.2
93458.5
93526.8
93621
93737.5
93882.7
93967.2
93970.8
93979.1
94010
94081.3
94467
94584.2
94640.1
94641.7
94846.6
94936.7
94964.8
94982.3
95213.9
95300.1
95427.4
95689.5
96025.7
96188.5
96230.8
96311.6
96334.6
96551.8
96734.7
96823.7
96877.5
96920
97012.9
97096.2
97178.2
97477.1
97488.8
97623.6
97632.1
97697.3
97799
97803.2
97902
98071.5
98217.2
98226.3
98300.2
98441.8
98557.8
98563.3
98645.7
98669.8
98782.4
98815.4
98882.7
98975.2
99052.9
99316.7
99320.1
99453.8
99461.1
99463.9
99466.8
99528.8
99544.2
99660.3
99748.9
99759.5
99773.8
99779.3
99836.6
99887.9
99913.4
99975.2
99986.1
100012.6
100066.7
100209.4
100281.3
100285.1
100317.3
100344.4
100501.3
100528.3
100556
100648.2
100670
100676.3
100723.6
100808
100837.1
100843.4
100921
100922.6
100982.7
101006.8
101010.9
101018
101024.9
101104.6
101135.1
101181.4
101329.7
101360.3
101366.6
101454.9
101457
101511.3
101521.8
101611.5
101622.4
101633.4
101721.8
101765.6
101815.2
101822.8
101854.2
102096.8
102274.5
102851.5
102950.7
102962.8
103004.2
103078.3
103081.1
103096.5
103106.2
103190
103279.2
103332.7
106312.4
106319.9
106430
106518
106525.2
106525.7
106565
106613.4
106660.9
106755.4
117997.7
118070.6
118110.9
118119.6
118780.3
118829.3
118942
118968.2
118981.4
118989.2
118990.9
119116.6
119761.1
119778.5
119884.7
119892.6
120021.1
120079.1
120082.9
120102.4
125200.9
125366
125374.5
125379.4
125626.2
125674.2
125729.8
125927.4
126004.8
126025.1
126188.1
126397.5
126474.3
126852.4
126993.4
127205.2
127218.3
127374.8
127555.6
127574.8
131911.8
133814.3
134009.2
134603.8
134745.4
134911.5
134957.4
135028
135150.9
135156.2
135163.7
135198.5
135429.3
135468.1
135543.7
135974.2
135976.6
136130.8
136262.6
136317.4
136344.4
136348.1
136425.7
136468.5
136588.7
136655.8
136750.2
136936.4
136964
137159
137265.4
137267
137284.6
137371.6
137384.8
137602
137602.6
137612.3
137661.3
137688.2
137694.1
137725.3
137765.5
137770
137866.8
137884.6
137977.9
138008.9
138030.9
138095.7
138099.9
138200.2
138331.6
138448.9
138522
138638.3
138709.3
138711
138725.1
138755.1
138795.3
139033.2
139067.4
139092.1
139092.6
139113.3
139208.8
139299.2
139351.6
139384.9
139385.8
139403
139425.2
139435.1
139520.3
139576.6
139691.4
139771.1
139803.1
140008.6
140276.5
154580.1
161144.6
161184.7
161226.8
162887
162964.7
162994.1
163095.9
163107.8
163132.1
163137.2
163138.5
163160
163186.8
163192.8
163250.5
163422.2
163447.5
163932.1
164342.6
164400.7
164528
164563.6
164598.3
164661.4
164956.2
165011.8
165020.6
165031.8
165053.4
165185.3
165193.4
165275.7
165363.1
165440.9
166986.6
167017.6
167043.4
167173.4
167361.6
167592
167609.7
167632.6
167763
169260.9
169522.5
169805.4
170088.6
170219.1
170248
172559.3
172617.9
174083.8
174128.1
174128.5
174194.3
174201.3
174201.6
174431.6
177804.6
178100.8
179022.3
179045
179072
179097.6
179324.3
180890.8
181068.5
181310.2
181659.7
181660.7
181925
181951.8
182186.9
188762.3
191773.8
193082.8
193170.9
193578.8
195273.7
195463.9
195464.5
195635.7
205677.2
205841.8
205846.1
205846.3
205851.4
205873.2
206166.9
206423.6
206452
206462.7
206579.7
207034.1
207056.9
207124.1
207338.9
207350.8
207617.1
207657
207659
207718.2
207909.9
207917
207960.7
208019.7
208039.3
208159.1
208161
208304.6
208713.9
209115.1
209306.6
209508.7
209515.1
209600.3
209627.3
209736.8
209863.2
210609.4
212724.9
212857.8
212870.6
213011.5
213029.8
213128.3
213133.4
213194.9
213220.7
219177.1
219189
219202.7
219226
219306.4
219306.6
219326.8
219354.5
219386.7
219398.9
219590.4
219592.9
221059.5
221816.4
222118.1
222128.8
222133.4
222170.9
222173.3
222322.5
224969.3
224986.4
224987.7
225074.8
225114.3
225129.1
225134.1
225171.4
225184.3
225191.6
225243.6
229356.9
229475.9
229545
229552.8
229565.7
229566.5
229597.7
229641.6
229742.1
229753.6
229813.7
229849
229884.4
229897.7
229921
230048.2
231031.2
232009.8
232030.4
232155.6
234089.5
243537.6
243573.9
243654.7
243673.4
243681.7
243707.3
243843.2
246820.1
246853
248363.9
248629
248650
248884.8
248912.1
248932.9
249020.3
249026.2
249166.5
249188.3
249209
249283.5
249302
249403.7
249431.4
249433.2
249486.2
249603.6
249708.9
250335
250508.4
250553.2
250586.1
250604.1
250697.6
254879.6
255781.5
257786.6
268123.3
268389.1
268420
268458.4
268544.2
270204.5
270326.2
270512.8
270592.4
271770.5
271928.4
273146.4
273716.6
273754.7
275357.5
275745.9
275821.9
277172
278482.4
278498.5
278711.1
278716.4
279401.2
279607.6
279653.8
279688.1
279750.8
280199.2
281939.5
282073.5
282753.8
282968.6
282987.7
282996.1
283123.8
283142.4
283826.8
283954.6
284432.4
284675
285021.9
285078.6
285147.8
285167.3
285223.5
285266.1
285279.2
285299.4
285393.9
285539.8
285587.1
285695.5
285733
285782.6
285831.2
285831.7
285868
285893.7
285972.3
285982.6
286130.7
286236.5
286288.8
286300.6
286316.5
286324.2
286360.1
286364.6
286372.5
286374.6
286404.4
286436.3
286438.6
286439
286989.4
294481.7
294939.9
297989
298397
301777.5
302116
302201.5
302230.1
302277.4
302313.3
302378.5
302422.7
302557.8
302562.6
302646.6
302846.1
302872.2
302901.7
302980.1
303052.2
303082.7
303102.6
303653
303687.7
303971.1
303971.2
304208.3
304255.6
304266.8
304606.4
305187.5
305380
309087.4
309126.4
309141.4
309180.8
309312.9
309426.3
309468.8
309501.8
309511.3
309520.6
309544.9
309632.9
309654.3
309706.6
309896
309999.6
310011.9
310047
310135
310170.9
310219.3
310240.6
312223.3
312229.7
312314.1
312330.9
312409.8
312443.4
312570.7
325356.2
325405.3
325691.6
326580.5
326709.8
326803.7
327634.3
327757.8
327896.3
327910.3
328485.4
328647.5
329074.2
329205.5
329289.8
329635.8
329713.7
333293.3
333312.4
333551.9
333680.4
333693.6
334717
335464.9
335653.3
338138
338332.8
338346.9
338440.4
338482
338579.3
338602.1
338768.4
338798.1
338802.5
338856.1
338859.7
338887.1
338992.9
339148.7
339179.6
339181.5
339337
339383.7
345955.3
347685.7
347873
347949.3
347961.5
348032.1
348132.8
348271.6
348294.2
348336.8
348371.7
348439.9
348485.5
348509.3
348541.3
351403.7
352679.7
371632
372250.2
372364
372376.9
372445.3
373492.4
373549.4
373559
373610.5
373650.7
373712.1
373765.4
373817.7
374027.5
375552.5
393788.6
393959.6
395335.4
396463.9
396648.1
396696.6
396718.2
397268.3
402668.7
402678
402753.2
402946.3
403333.4
403566.3
403880.3
403952.7
404258.8
404472.7
404512.7
418438.2
418731.5
418783
418789.3
418846.7
418989.2
419095.8
419160.6
419164.6
419188.2
419256.8
419319.6
419382.1
419435.9
419531.3
419540.9
419550.2
419674.4
419683.7
420340.2
423404
423498.9
423501.1
423551.7
423621.1
423721.7
423731.8
423750.4
424308.9
424546.9
424817.8
424975.3
427954.8
427963.2
427993.5
428093.6
428107.8
428128.1
428151
428195.5
428259.2
428457.3
428717
428869.6
429205.5
429373
430516.3
430583.4
430590.7
430705.3
430764.5
433382.4
434278.3
438378.1
438681.3
438715
438962.3
439170.5
439664.2
439754.7
439965.5
440025.5
440083.8
440121.6
440169.8
441016.2
441315.6
441542.7
442700.4
446861.5
446978.3
447046.2
447114.3
447130.6
447204.2
447221.8
447376.7
447465
447484.4
447528.2
447536.6
447582
447583.1
447589.1
447599.5
447621.5
447685.5
447700.3
447713.7
447719.1
447814.8
447882.4
447945.7
447959.6
447991.8
448129.8
455940.2
456647.6
456686.4
457134.2
457177.5
457218
457302.5
458707.3
459751
459884.4
459895.3
459941.1
459952.7
460019.9
463967.1
463986
464001.1
464345.3
464391.3
465503.5
465635
465652.6
465663
465673.2
465685.8
465804.5
465823.5
465825.7
465859.8
466041.5
466045.7
466062.2
466076.4
466127.7
466129.2
466166.2
466196.6
466269.9
466521.3
468324.7
468554.8
468555.1
468581.3
468632.1
468637
468710.1
468804.2
468943.7
468955.8
468956.3
468964.7
468989.2
469036
469161.7
469173.1
469285.7
469426.6
469434.2
469487.7
469493.3
469503.4
469509
469549.3
469554.6
469676.5
469677.6
469799.1
469866.1
469926.7
470126.1
470506.7
470665.4
470706.9
470798.8
470891.5
471102.9
471225.7
471294.4
471332.6
471526
471612.2
471658.4
472077.4
475882.4
477092.4
478933.3
478979.4
479037.1
479154.7
479169.5
479171.7
479196.3
479303.3
479328.4
479340.8
479345
479402.8
479462.8
479473.9
479502.9
479532.6
479638.8
479651
479665.6
479710.6
479725.5
479725.8
479732
479744
479766.4
480042.4
480130.8
480148.6
480197.8
480244.5
480252.3
480395.7
480412.3
480538.2
480546.5
480558.3
480633.8
480633.9
480683.9
480714.8
480736.5
480754.1
480806.3
480832.6
480943.3
481929
482119.6
482452.6
482535.3
482542.7
482655.3
482758
482805.5
482961.9
484585.9
484602.5
505573.6
505606.3
508278.4
508529
508692.5
508720.3
508781.8
508827.8
508922.6
508966.6
508991.4
509125.4
509177.2
509188.8
509398.1
509734.6
509816
510099.7
510109.8
510279.9
510431.4
510519.1
510653.3
510756.5
510904.3
511098.4
511142.1
514580.6
515178.6
515654.9
516515.4
516590.8
516654.3
516673.5
516790.7
516915.9
516927.8
516983.6
518024.5
518568.1
518635.1
518796.2
518824.5
518860.2
518874.5
518918.4
518993.4
519081.2
519155.7
519348.3
519381.6
519388.3
519454.5
519466.3
519492.6
519507.1
519508.3
519533.2
519542
519719.1
519752.2
519834.2
519878.4
519904.4
519915.8
519937.8
519950.3
519979.8
519988
520115.5
520308.9
520490.5
520504.1
520540.1
521643.4
521918.7
521926
523837.9
524406.6
524464.7
524523.3
527378.9
527422.2
527616.7
528008.8
528181.8
528218.5
528240.7
528291.2
528345.8
528395.6
528583.6
531379
534851.5
534872.9
534897.3
534948.3
534975.8
535010.5
535064.4
535482
546755
546870.8
546872.4
547056.7
547087.1
547333.3
547408.9
549095.2
559204.8
559219.5
559396.1
559894.2
559900.8
560087.8
561159.6
566384.1
566668.2
567224.9
567237
567459.4
568285
568346.7
568356.7
568415.3
568550.1
568552.7
568563.2
568670.9
568726.2
568770.1
568787.7
569325.1
569639.4
569695.9
570551.5
570626.4
570738.4
570739.3
570903.1
570917.8
571582
574342.5
574383.9
574622.6
574652.5
574673.4
574819.5
574927.3
574927.4
575044.5
575242.6
575249.5
575421.4
575435.4
575626.3
576385.4
577897.4
577959.2
577961.3
577989.3
578055
578121
580375.6
580405.5
580514.9
580548.9
580659.9
585432
585645.2
585739.5
585752.8
585783.6
585927.1
585937.8
586010.5
586145
586234.7
586312.5
586322.3
586370
586894.7
586917.4
586983
587071.8
587173
587213.6
587217.8
587220
587262.2
587267.3
587288.4
587292.4
587438.6
587453.2
587468.3
587544.4
587571.4
587592.9
587658
587707.6
587713.2
587717.6
587741.2
587782
587810.9
587998.2
588007.3
588036.4
588089.4
588155
588230.8
588247
588251.3
588261.2
588290.1
588291.4
588327.4
589507.1
589527.6
589566.3
590424.8
590508.9
590509.5
590522.8
590656.5
591284.5
591351.3
591445.5
591460.2
591460.5
591484.4
591500.2
591596.9
591673.7
592988.8
593677.8
595891.8
595980.1
595999.3
596039.3
596058.3
596060.8
596657.4
597618.4
597668.3
598578.9
