4063.6
4125.1
4240.7
4252.5
4256.4
4258.8
4297.4
4425.8
4446.5
4519.3
4548.6
10880.8
10941.2
11060.4
11067.6
11094.3
11112.2
11249.8
11250.9
11307.5
11503.7
11549.4
11669.4
11717.8
11812
11851.1
12014.9
12022.2
12073.7
19291.1
19374.6
19473.5
20007.6
20016.6
21308.5
21595.4
21654.5
21834.2
21986.4
22122.6
22296.3
22460.6
22511.3
22615.5
23543.5
24046.7
24816.7
24824.1
24859.6
24891.6
24936.7
24949.7
24967.7
24969.4
24980
25388.9
25488.8
25542.6
25603.5
25789.6
25880.1
25896.4
26060.7
26122.7
26130.9
26322.3
26346.1
26350.1
26355
26662.6
26749.6
26831.7
26843.1
27247.4
27406
27410
27739
27798.1
27920.3
27983.5
28059.1
28072.5
28073.1
28088.4
28095.9
28186.5
28313.1
28318.6
28352
28445.7
28721.4
36742.7
38140.4
38240.8
38282.1
38387.7
38463.3
38488.7
39450.6
39522.2
39929.2
43613.3
43643.1
44026.3
51023
52373.3
52379.3
52406.6
52475.3
52479.6
52685.4
52767.5
52899.9
52920.2
52965.8
53030.5
53278.3
53416
53444.8
53446.2
53553.7
53729.2
53871.6
54092.9
54176.1
54177
54762.4
54854.9
54900.6
54981.7
64019.5
64560.1
64999
65469.8
65654.5
67719.5
68540.5
68559.7
68592.9
68595
68610.7
68623.7
68662.9
68687.3
68694.2
68730.4
68747
68863.4
68865.3
68871
68912
68969.1
69000.2
69003.9
69005.7
69069.8
69073.9
69098.1
69104.7
71572.8
71786.6
71892.9
72142.7
72450.5
72489.2
72540.6
72577.9
72685.2
72697.3
72810
72825.2
72838.5
72886.3
72912.3
72929.9
72978.1
73103.1
73104.5
73150
73255.4
73312.1
73322.5
73339.1
73344
73356.3
73378.2
73385.9
73398.4
73468.6
73493.8
73506.1
73530.5
73535.9
73624.1
73660.7
75504
75664.7
75948.6
75987.7
76002.3
76060.7
76079.9
76141.1
76142.3
76182.1
76243.7
76256.2
76257.3
76262.9
76431
90546.7
90929.6
106169.7
106232.5
106273.9
106287.8
106383.4
106534.5
106633
111141.6
111161
111292.8
118475
118544.6
118561.9
118693.6
118705.6
118958.4
118983.7
119077.3
119114.6
119137.2
119147.7
119510.3
119821.9
119848.9
120134.1
120978.9
124988.8
125037.2
125106.4
125117.6
125234.3
125271.1
125282.7
125290.2
125351.5
125465.5
125466.8
125590.8
125592.3
125762
125836.2
126131.1
126425
126485.4
126507
126567.4
126572.5
126702.3
126737
126797.6
126808.9
126818.1
126833.5
126833.6
126968.4
127068.8
127185.2
127363.7
127371.4
127444.3
127562.4
127734.5
127866.1
127931.9
128020.3
128124.4
132663.4
132977.9
133680.9
133691.3
133754.3
133838.7
133909
133971.1
134007.5
134070.7
134156
134176.4
134218.6
134222.1
134235.7
134282.7
134431.2
134443.2
134497
134517.8
134521.6
134573.5
134666
134819
135105.3
135124.3
135179.6
135224.7
135349.3
135379.6
135514.2
135563.7
135612.2
135612.9
135626.8
135758
135770
135935
135961.3
135981.9
136052.2
136123.6
136247.9
136333.2
136500.2
136502.5
136530.4
136585.1
136633.6
136726
136736.7
136844.9
136870.4
136896.7
136922.3
137137.5
137245.2
137404.6
137466.9
137527.4
137532.9
137554.7
137559.5
137602.1
137620
137657
137759.3
137802.1
137929.2
137996.8
138009.4
138084.8
138098
138363.1
138367.3
138380.1
138467.7
138492.4
138540.2
138604.1
138821.9
138825.9
138829.1
138882.1
138937.3
138986.2
139059.3
139153.4
139218
139273.2
139296
139339.7
139554.9
139577.1
139611.6
139698.3
139852.1
139861.5
139959.4
140009
140024.4
140080.7
140150.6
140271.8
140483.1
140523.4
141740
142092.8
142155.7
143052.1
143306.6
143316
143521.2
143601.2
147443.9
148232.4
148441.8
148894.4
150812.5
150825.4
150857.4
151183.3
151648.9
151656.9
152811.3
152917.2
153294.8
153904.1
154233.7
154302.5
154520.8
154564.7
154617.6
154826.8
154928.6
155383.1
155431.7
155781.5
156124.2
156552.2
157212.5
157269.5
157839.6
157880.6
157934.1
160034.4
160833
160911.5
161018.4
161055.8
161064.7
161099.2
161248.2
161300.2
161351.7
162551.4
162578.4
167956.9
168603.7
169707.9
170179.1
170466.7
171373.3
171556.2
171731.6
171771.7
171871.4
171874.7
171916.4
171987.4
172059.3
172107
172110.7
172111.7
172139.4
172144.1
172245.4
172286.1
172301.8
172471
174367.5
175168
175840.6
176265.5
176480.7
176980.1
184728
187477.4
193438.1
193549
193709.5
193786.3
195440.5
200245.7
200468.6
200593.7
200886.8
202172.8
203004.3
203080.1
203194.2
204292.9
204588.2
204735.4
205204.8
205229.4
205466.2
205489.7
205550.6
205769.7
205774.5
205787.4
205827.1
205857.8
206050.9
206275.6
206300.5
206301.3
206353.9
206406.8
206547
206602.5
206629
206654.4
206667.8
206697.3
206890.7
206935.4
206944.2
206948.6
207160.9
207327.2
207385.9
207512
207580.2
207785.6
208078.7
208140.9
208260.4
208285.5
208440
208483.5
208591.4
208667
208706.1
208924.7
209458.6
209556.4
209605.3
209616.5
209636.4
209676.3
209745.7
209745.9
209750.2
209862.6
209875.3
209884.7
209956.7
210209.3
212542.7
212667.3
212683.3
213086.9
213106.2
213144.7
218515.9
219103.6
219108.4
219138.1
219300.6
219376.4
219385.4
219417.3
219499.5
219731.9
219895.4
222821.6
222954.3
223279.3
223563.3
223609.1
223907.1
223934.3
224012
224038.4
224852.1
226713.7
226896.6
227129.8
227130.7
227135.6
227169.1
227270.9
227530.4
227817.9
228447.3
229094.8
229328.5
231732.3
231750.3
231811
231851.1
231881.3
231981.8
234028
234090.9
234235.3
234540.8
240462.1
240638.9
240711.9
241247.1
242554.4
243134.8
243439.6
243440.6
243531.6
243539.4
243611.7
243678.1
243870.6
244094.4
245933.9
245954
246919.6
247987.4
248002.6
248301.3
248319
248350.4
248357.1
248369.2
248393.2
248430.1
248452.6
248470.4
248487.5
248522.3
248596.2
248604.1
248612.6
248820.4
248832
248857.1
248879.2
248915.9
248929.3
248994.6
249225.7
249230.9
249355.4
249410.1
249497.7
260763.7
263222.3
263242.8
263254.3
263503.1
263522.7
263564.2
263633.1
263740.6
268029.1
268390.3
268434.8
268630.6
268859.7
272133.3
272738.7
272817.5
272990.6
273057.5
273128.5
273759
273788.4
273824.9
273865.7
273908.9
274035.1
274084
274122.8
274126.2
274138.3
274166
274214.8
274300.5
274333.1
274390.5
288078.4
296786.6
297146.1
298839.5
299133.4
299320
299480.3
299534.4
299559.7
300120.5
300147.9
300158.6
300183.8
300259.4
300345.7
300350.6
300450.9
300568.6
300849
303956
304073
304115.8
304264.8
304463.8
304477.4
304707.6
304942.2
304942.5
304960.1
305005.1
305092.5
305146.4
305201.7
305384.1
305447.1
305564.1
305986.4
306026.1
306278.8
308678.2
308726.4
308784.6
308785.6
308842.7
308935.1
308950.1
309011.1
309015.8
309016.7
309019.1
309026.5
309064
309119.1
309158.3
309218.9
309277.5
309369.6
309373.7
309396.4
309447.2
309450.8
309469
309483.1
309559.7
309573.1
309630.6
309639.8
309840.4
309891.1
309938.6
309955.8
310122.9
310146.7
310169.9
310208.3
310291.9
310317.8
310327.8
310334.1
310364.4
310416.4
310417.8
310539.5
310587.1
310613.7
311997.2
312079.2
312156.2
312439.5
313251.8
318659.7
323491.1
323508.8
324056.3
324550
324655.5
324941.9
324945.3
326353.9
326408.5
326485.4
326516.9
326531.3
326535.9
326605.3
326645
326676.7
326736
326747.2
327456.2
327529
327588.6
327629.4
327894.8
327936
328074.1
328106.6
328233.8
328248.2
328366
328428.8
328429.3
328513.9
328544.6
328594.3
328647.2
328747.2
328860
328886
328935.8
328975.2
329007.3
329413.5
329872.9
331629.3
332005.8
332502.7
334329
336842.7
337017.1
337161.7
337222.2
337365.9
337367.3
337388.7
337501.3
337573.5
337808.9
343167.7
343483.9
343740.3
343812.5
343820.9
343828.8
343956.3
344018
344077.7
344324.2
344327.6
344388.1
344393.9
344463.5
344950.6
345147
345489.6
345646.7
345704.5
346032.3
346080.1
346087.1
346109.3
346225.1
346235.6
346268.2
346347.3
346378.8
349166.4
349208.5
349260
349361.5
349685.9
349887.6
349928.1
350286.8
358385.9
360182.1
362667.7
363847.1
364250
364474.2
364640.6
364747.3
364766.8
364979.4
372754.2
374562.5
375336.1
375602.8
375701.4
376220.4
376893.6
377529.9
379384.8
379406.7
380026.9
382016
382041
382340.3
383618.6
383940.4
386317.5
386626.1
389494.6
392654.8
393883.9
393951.3
393989.4
394085.4
394427.9
394668.9
394896.8
394977.8
395430.6
395843.3
396073.6
396159.4
396275.8
396296.5
396309.1
396329.9
396342.4
396393.5
396407.6
396462.5
396517.7
396576.9
396583.7
396761.3
396777.7
397063.3
397640.9
397872.9
398200.8
398713.4
398749.7
398769.7
401434.7
401440.6
402446.8
402449.6
402466.3
402501.7
402563.4
402688.8
402718.2
402850.3
402900.3
403058.4
403069.7
403214.8
403216.3
403328
403377
403549.1
403550.3
403642.9
403711.6
403715.9
403727
403952.4
404043.1
404129.9
404195.9
404348.5
404377.4
404430.9
404474.2
404615.1
404658.8
404838.3
407155.5
413414.5
413655.8
414946.7
415092.7
415457.9
416121.4
418548.8
418795.7
418921.5
419140
419145.5
419147.3
419160.1
419522.9
419544.1
419576.1
419697.9
419777.2
419818.1
419919.1
420020.8
420058.7
420101.2
420139.6
420297.8
420387.7
420435.1
420533.5
420933.3
421875.3
421916.7
422729.7
422755.8
422896.8
422909.6
422922.4
423077.6
423103.4
423128.1
423155
423342.6
423389.4
423458
423491.2
423495.2
423548
423562.4
423590.4
423620.6
423715
423786.7
423812
423958.6
423980
424016.9
424176
424202
424253.6
424312
424437.9
424554.8
424922.3
425127.6
425192
429973.9
430251.8
430321.8
430370.8
430457
430513
430515.3
430654.4
430796.9
430862.9
430932.9
430969.6
431131.9
431279.9
432574.4
432908.2
433647.3
433691.1
433694.6
433820.9
434039
435937.1
436356.1
436690.9
436743.5
436749.4
436849.3
437199
437242.3
437263.4
437316
437321
437326.5
437328.7
437363.8
437508.8
437645.8
437691.9
438088.6
438635.2
438808.2
439140.3
439245
439274.3
439638.1
439694
439840.1
439857.7
440090.7
440441.2
440449.8
440474.5
440761.4
441262.6
441297
441533.5
441664.3
444590.2
446046.7
446132.7
446251.2
446383.4
448650
448775.7
448803.5
451268.6
455477.5
455526.8
455599.6
455704.6
455710.1
455748.6
455798.5
455901.7
463887.9
463943.5
464025.5
464084.8
464113.7
464141.2
464212.5
464360.4
468189.6
468254
468290.1
468291.7
468369.1
468572.6
468603
468697.6
468721.4
468731.9
468743.7
468867.7
468899
468973.8
469049.3
469096.5
469121.5
469212.7
469343
469344
469344.9
469368
469487.1
469520.2
469748.7
469797.2
469816
469854.7
469917.2
469955.2
470329.1
470553.3
470941.6
471081
471261.8
471275
471300.8
471776.6
472653.2
474527.2
474822.3
474890.3
475049.4
475187.8
475269.2
475323.1
475364.7
475375.8
475389.6
475518.4
475735.1
476066.8
476094.2
476202.4
476278.2
476311.7
476458.5
476723.6
476796.7
476934.9
477275.3
477299.3
477382.2
477413.1
477570.6
477670.1
477796.7
477971.8
477979.3
478249.1
478277
478280.5
478312.1
478328.9
478424.2
478860.2
478957.3
478960.2
478972
479025.7
479059
479123.8
479155.4
479161.9
479164
479219.1
479248.8
479259.1
479277.1
479296.6
479296.7
479316.5
479333.2
479436
479446.2
479448.9
479462.9
479526.9
479529.3
479530.3
479603.3
479634.2
479662.5
479690.1
479695.9
479707.6
479716.4
479822
479956.9
479988.7
479994.9
480004.7
480009.6
480010.7
480036.7
480196.5
480317.6
480345.4
480369.6
480406.6
480458
480531.1
480579.4
480590.7
480635.5
480805.9
480836.9
480863.3
480874.1
480912.5
480921.8
481006.3
481046
481067.9
481080.7
481114.1
481128.1
481322
481445.9
481453.6
481480.2
481705.6
481750.1
481856.6
481863.4
482079.5
482148.5
482176.3
482225.3
482326.1
482432.6
482528.1
482557.2
482704.7
482706.4
482769.1
482978.6
484279.2
484329.8
484830.6
484846.2
485313.5
488193.3
488850.9
489648.8
490357.5
491076.5
491088.6
491141.9
491365.5
491478.3
491616.4
492144.3
492596.8
493194
493236
493958.9
494015.9
494391.3
496392.1
496539.9
500021.5
501744.6
502713.2
503613.9
505244
505515.3
505735
505756
505864.7
505966.7
507083.6
507665.5
508103.5
508208.4
508256.1
508282.1
508289.5
508290.2
508348.9
508469.8
508514.2
508632.5
508684
508751.1
508761.9
508780.2
508881.5
508912.7
508913
508961.4
508971.7
508999.5
509008.3
509087.2
509123.4
509187.4
509277.6
509316.4
509335.5
509356.5
509394.4
509431.9
509526.4
509555.8
509661.8
509736.2
509781.5
509887.5
509993.4
510062.8
510085.4
510157.2
510256.9
510276.7
510365.3
510420.7
510440.6
510443.4
510475.7
510487.6
510513
510558.4
510631.4
510647.1
510692.5
510706.1
510771
510779.9
510828.9
510835.7
510873.4
510913.3
511037.3
511054.3
511062.2
511130.1
511216.5
511250.6
511312
511327.6
511412.3
511428.9
511437.9
511492.3
511538.2
511574.1
511743.1
513044.3
513086
513222
513234.1
513365.5
513457
513608.3
513614.7
513658
513771.7
513783
513801.4
513850.6
513854.5
513908.3
513921.6
513939.6
514095
514099.7
514109.9
514165
514204.9
514233.1
514238.7
514305.9
514312.9
514334
514400.4
514400.5
514414.1
514466.7
514475.2
514495.5
514499.1
514542.1
514610.4
514629.3
514682.3
514699.3
514726.3
514754.8
514791.4
514819.6
514834.8
514848.1
514949
515006
515038.2
515152
515169.4
515363
516053.8
516189.2
516289.5
516345.8
516354.7
516555.3
516559.8
516567
516720.9
516746.8
516811.8
516833.7
516867.2
516868.2
517007.6
517163.6
517295.9
527446.4
527467.8
527547.3
527612.7
527666.8
527881.6
527906.4
527955.1
528035.9
528047.4
528079.8
528122
528195.1
528223.4
528286
528311.7
528373.2
528410
528497.9
528512.3
528516
528680.1
528735.3
528897
539260.1
539530.5
539651.6
539692.1
539835.6
539980.2
540154.9
540207.7
540219.9
540275.8
541060.8
541209.9
547916.5
548033.3
548047.5
548061.3
548072.8
548075.1
548188.2
548241.5
548246.8
550564.3
550613.7
550739.5
550917.4
559385.7
559453.5
559955.5
559961.2
561273
561405.3
561434.5
561445.9
561454.8
561620.3
561671.8
562032.6
562050.1
562194.1
565185.3
565189.9
565211
566085.7
566135.4
566251.2
566422
566710
566811.1
567860.8
567943.2
567989.5
568095.8
568205.1
568289.4
568325.8
568340.6
568349.8
568493.7
568590.2
568700.5
568758.7
568822.3
568829.6
569091.7
569100.2
569122.2
569145.1
569208.4
569292.4
569354.6
569365.2
569389.7
569491.4
569495.1
569633.3
569653.1
569731.5
569783.9
569889.3
569926
569959.3
569961.1
570144.6
570258.3
570345.2
570433.2
570455.7
570474.8
570506.8
570543.7
570592
570606.8
570712.7
570738.1
570819.9
570973.1
575978.4
576082.4
576111.8
576139.1
576147.9
576180.7
576201
576201.7
576224.1
576250.9
576375.5
576559.9
576587.5
576889.1
576915.4
577087.3
577221.4
577332.3
577528.4
579299.7
579340.2
579410.9
580901.7
585688.8
585700.7
585796.3
585806.5
585811.4
585870.8
585940.2
586035.4
586055.3
586059
586095.7
586210.2
586228.5
586265.1
586302.8
586328
586338.7
586376.8
586497.4
586530.5
588548.9
590727.3
597088.1
597161.1
597183.6
597429.1
597620.7
597622.9
598190.1
598317.6
598525.7
598706.5
598736.6
598955.7
599025.5
599113.2
599616.7
