2026.9
2381.2
2438.9
2449.7
2517.2
2628.5
3790
4140.2
4535.5
13621
13836.6
14074.3
14372.7
14443.9
14618.1
14801.8
14962.7
15661.4
16366.8
24759.4
25460.7
35437.7
35551.7
35585.1
35802.5
35888.7
35903.4
36074.3
36134
36144.8
36231.8
36238.6
36285.5
36383.1
37374.3
37387.3
38064.4
38462.1
38464.8
38642.1
38833.6
40427.3
76033.8
76109.6
76184.6
76284.7
76330.4
77637.4
77670.7
77865.3
77917.6
77918.3
77973.8
78102.9
78119.6
78309.8
78316.7
78485.9
78489.5
78499.2
78519.7
78539.9
78571.3
78592.2
78630.7
78656
78676.8
78745.9
78746.9
78803.1
78821.6
78904.8
78943.2
78956.3
78997.3
79023.6
79039.6
79057.4
79086.5
79132.5
79183.8
79233.2
79252
79309.3
79314.5
79359.6
79373.2
79432.6
79456.1
79457.8
79462.6
79479.2
79517.9
79521
79530.4
79565.9
79575.9
79577.7
79608.8
79638.4
79686.9
79703.3
79799.1
79827.2
79878
79886.9
79960.8
80008.1
80062.1
80067.6
80075.7
80080.6
80083.7
80091.1
80095.1
80200.6
80209.9
80238
80238.3
80264.2
80270.1
80306.5
80394.9
80437.9
80450.8
80502.8
80514
80552.8
80561.9
80592.9
80644.3
80724.6
80765.4
80773
80876.6
80934
80940.6
80965.1
80974
81024.8
81060.9
81150.6
81180.2
81304.2
81375.8
81386.2
81469.3
81489.5
81522.4
81539.6
81579.5
81596.7
81620.5
81625.3
81709.7
81720.8
81723.9
81762.5
81769.7
81780.7
81877.3
81946.9
81949.6
81980.5
82053.2
82072.9
82100.1
82114.1
82132.9
82149.2
82246.2
82284.3
82316.1
82355.4
82411.7
82491
82528.4
82532.6
82540.5
82688.2
82756.6
82791
82799.5
82829.9
82924.7
82937.1
82971.1
83005.7
83096.5
83107.2
83162.5
83212.9
83287.4
83307
83312.8
83428.6
83517.7
83526.4
83550
83570.5
83607
83636.1
83832.5
83833
83869.9
83976.1
83979.8
84104.4
84105.8
84171
84177.9
84242.5
84432.4
84448
84496.3
84523.3
84620.1
84724.5
84726.6
84881.2
84884.2
85291.5
85340.5
85636.2
85884
86011
86183.2
86344.9
86452.2
86664.9
86696.5
86712.4
86974.9
87067
87090
87120.8
87149.9
87174.2
87213.7
87623.1
87689.9
87803.1
88100
88262.9
88334.4
88498.5
88568.5
88621.4
88649.2
88676.6
88686.5
88689.7
88702.3
88848.4
88906.2
88945
88968.8
89133.6
89256
89330
89400.7
89447.7
89551.1
89848.7
90022.9
90121.8
90596.9
107614.8
107734
107773.9
107869.8
107934.3
107989.2
108012.6
108111.4
108122.3
108150.8
108351
108376.7
108454.6
108778.7
108803.9
108920.5
108933.5
108939
108960.4
109007.8
109158
109169.9
109253.7
109277.7
109599.6
109620.2
109639.3
109691.3
109748.3
109775.5
109928
110122.6
110290.1
110404.9
110635.1
110680.7
110868.9
111046.5
111084.1
111152.6
111522.8
163520.1
168840.8
169052.4
169171.1
169193.3
169289.6
169319.1
169465.2
169507.5
169538.7
169544
169553.4
169658.7
169717.1
169734.8
169796.5
169804.4
169846.8
169848.1
169890.2
169952.2
169957.9
169998.7
170300.1
170358.2
170509
170537.5
170608
171154
171208.4
171388.4
171390.6
171485.6
171519.8
171960.9
172111.4
172323.3
172759.3
173234.4
174507.6
184305.6
184771.4
184784.5
184936.5
185034.8
185147.8
185210.4
185397.8
185426.5
185548.3
185607.4
185658.5
185705.1
185834.7
185960.6
186013.8
186037
186083.8
186103.4
186144.3
186193.4
186254.6
186263.3
186288.6
186293.8
186313.3
186332.6
186377.1
186411.3
186427.3
186430.3
186511.6
186675.5
186770.1
186868.7
186891
186897.5
186991.5
187019
187058.5
187060.6
187113.8
187126.5
187151.6
187324.2
187347.2
187555.9
187889.9
220295.1
220737.5
220919.7
221658.7
221877.5
222211.2
222233.1
222281.2
222311
222421.9
222507.9
222577.6
223849.4
225466.9
225505.5
225561.6
225622.7
225637.7
225675.8
225741.6
225763.4
225765.3
225798.5
225805.9
225836.6
225906.5
225975.3
226026
226039.9
226157.9
226214
226216.4
226269.4
226477.1
226536.8
226546.8
226585.7
226609.7
226632.1
226751.7
226832.9
226920.9
227308.3
227393
227395.7
227471.2
227595.1
227618.6
227657.2
227794.9
227816
227985.4
228175.4
228420.6
228429.7
228529
228543.9
228675.9
228719.9
228736.9
228745.2
229039.4
229055.4
229097.7
229139.7
229204.9
229264.9
229287.8
229445.6
229485.9
229538.7
229559
229737.9
229810.6
230075.2
257229
258047
258662.2
259165.9
259360.9
259420.8
259562.1
259583.4
259592.4
259643.9
259696.6
259812.9
260261.2
261476.4
263268.4
263415.2
263428.4
264288.7
287068.5
287118.1
287235.7
287609.3
287911.3
287993.4
288024.3
288193.8
288243.4
288368.9
288476
288621.1
288668.1
288765.1
288854.2
288971.3
288998.6
289007.9
289070.8
289071.7
289125.7
289181.5
289202.1
289311.4
289333.1
289421
289960.3
289980.4
290038.9
290093.1
290178.9
290232.9
290360.5
290399.2
290595
290811.7
290824.7
291007.5
291197.1
291205.9
291287.6
291588.4
291632.4
291851.4
291865.1
291886.4
291897.6
292007.2
292050.9
292100.4
292313.9
292467.1
292475.1
292644.8
292747.8
292872
292965.1
293280.3
293287
293384.9
293645.3
293690.1
294215.9
294266.4
294338.6
294408.6
294458.7
294533
294659.2
294741.5
294759.1
295033.7
295086.1
295177.2
295273.9
295339.8
295399.2
295423.7
295580.6
295583.7
295648
295666.3
295680.3
295917.7
295933.9
295965.6
296021.3
296044.5
296052.7
296056.7
296077.2
296095.6
296150.7
296273.7
296292
296541.3
296563.3
297274.9
297368.4
297390
297562.2
297665.6
297731.3
297841.5
297863.6
297895
297917.2
297917.8
297922.3
297984
298051.2
298062.3
298071.5
298098.4
298167.1
298208.2
298219
298251.2
298450.3
298531.3
298666.1
298676.1
298686.6
298813.1
298937.9
314436.6
314900
336565.7
336676.2
336776.9
337048.9
337082.9
337303.6
337957.4
338064.7
338144.4
338166.5
338295.7
338521.9
338534.7
338559.3
338561.8
338625.8
338685
338692.9
338903.9
338975.9
339084.2
339136.8
339360.3
339649.8
340084.1
349566.3
353989
354829.1
354963.1
354980.5
355008.6
355011.2
355022.3
355121.7
355141.7
355182.6
355257.1
355291.6
355410.8
355434
355451
355525.5
355651.8
355827.2
356030.8
356057
356181.2
356255.2
356659.7
356872.7
356911.1
357326.6
357866
358074.6
358223.9
358393.7
358522.7
358610.6
358894.5
359064.4
359084.5
359195.4
359519.6
359594.5
359598
359881.6
360339.2
360441.6
360668.9
361008.6
361136.6
361412.2
361431.3
361528.3
361531.6
361543.5
361986
362130.8
362189.2
362365.7
362392.9
362478.8
362489.2
362508
362607.6
362793.1
363465.7
363532.3
363838.1
363976.9
364097.2
364278.2
364294.5
364445.5
364465
364494.9
365019.1
365103.6
365146.9
365221.4
365252.3
365426.9
365445.3
365470.9
365474.4
365478.3
365572.1
365624.1
365630.3
365632.6
365659.4
365659.9
365704.2
365773.1
365842.5
365928.4
366138.6
366185.1
366198
366216.6
366228.7
366339.4
366382
366388.9
366403.9
366462.7
366529.4
366547.2
366670.2
366682.3
366820.7
366820.9
366858.3
367009.3
367016.5
367116.2
367129.4
367143.9
367145.3
367162.3
367258.4
367269.8
367564.6
367683.7
367750.3
367752.3
367799
367894.5
367994.8
368361.6
368396.2
368474.9
368775.6
368824.1
368961.1
369074.1
369215.7
369581.4
369980.4
370643.2
370652.5
370957.8
371227.7
371292.2
371345.2
371614.5
371846.1
371881.9
371897.9
372069.2
422473.8
422983.3
423296.9
423588.8
423804.6
424026.7
424220.1
424363.2
424444.8
424963.3
425118.1
425189.9
425208.7
425265.6
425561.5
425736.6
427067
427134
427164
427196.9
427205
427304.4
427384.9
427452.6
427470.5
427689
427875.5
449967.5
458563.8
458754.4
459368.4
459708.4
459951
460023.9
460074.8
460093.7
460170.1
460269.6
460291
460351.1
460355.5
460457.6
460490.5
460554.8
460652
460777.5
460777.7
460782.4
460867.8
460951.2
460966
460975.4
460988.8
461184.6
461228.3
461254
461268.2
461299.5
461501.2
461764.8
461779.8
461790
461812.6
461815.1
461826.9
461832.9
462009
462059.8
462081.3
462092.1
462122.7
462375.1
462439.3
462554.5
462630.1
462649.4
462852.1
463004.1
463094.3
463206.4
463280
463294.6
463352.2
463671.5
463690.1
463739.1
463748.8
514244
514367.8
514593.6
514743
514762.6
515103.7
515537.5
515576.9
515747.5
515893.3
515927.7
515946.7
515985.2
516000.7
516048.8
516104.1
516187.3
516201.8
516240.7
516283.7
516296.4
516363.8
516529.1
516556.9
516614.9
516905.4
533014.1
534390.8
535029.2
535124.1
535220.3
535222.5
535286.2
535318.2
535375.6
535426.7
535502.5
535551.9
535572.7
535621.8
535651.6
535705.7
535716.9
535868.3
535903.1
535931.2
536031.5
536094
536095
536235.2
536274.4
536305.1
536383.8
536423.4
536651.4
536675.5
536680
536715.2
536793.7
536807.3
536832.7
536839.2
536869.2
536877.3
536958.8
536966.9
537014
537014.5
537018
537051.3
537084.5
537156.9
537167
537197.9
537224.6
537248.4
537312.6
537330.8
537359.6
537383.3
537437.6
537437.7
537668.5
537721.2
537742.7
537751.3
537764.8
537774.5
537805
537828.2
537849.8
537933.8
538069.3
538120.3
538195.6
538294.5
538459.1
538466.8
538540.8
538636.7
538637.8
538679
538734.8
538745.1
539031.5
539039.5
539166.2
539223.8
539324.9
539355.9
539416.9
539478.8
539598
539691.3
568298.4
570580.6
570862
576485.9
576598.9
577024.5
577203.4
577400.9
579878.5
579938.2
579997.5
580229.7
580266.6
580284.9
580339.6
580346.1
580389.8
580417.5
580484.8
580508.2
580600
580645.8
580659.5
580666.4
580687.9
580692.2
580733.8
580752.4
580754.8
580806.8
580843.1
580895.9
580962.7
580975.3
581003.3
581077.4
581111.8
581119.8
581122.9
581186.4
581279.8
581579
581608.1
581745.1
581757.2
581773.8
581790.2
581794.4
581841.5
581920.1
582033.1
582043
582064.8
582320.4
583177.3
583730.8
583826
584618.5
585490.8
585606.3
586410.4
586433
586454.4
586767.7
586932
586970
587126.4
587126.7
587162.8
587202
587205.8
587428.3
587653.2
587728.9
587766.2
587814.5
587984.4
588095.9
588122.9
588211.4
588244.5
588278.4
588303.9
588492.8
588505.5
588541.9
588616.9
588633.1
588680.9
588837.5
588840
588869.7
588909.9
588916.7
589004.8
589005.5
589021.4
589075.4
589114.5
589390
589444.3
589447.9
589585.1
589671
589820.9
590121.1
590150.5
