1032.9
1033.3
1088.6
1189.4
1263
1301.4
1348.2
1381.2
1393.6
1449.4
1558.6
5296.4
12166.5
12361.4
12541.2
12621.7
19140.2
19280.8
19304.9
19729.8
19739.6
29476.1
30310.3
30663.9
30785.2
30975.3
31172
31265.6
31282.2
31323.1
31751.5
32772.3
33926.5
34079.2
34085.6
34163.9
34247.5
34253.7
34292.5
34330.1
34391.6
34539.5
34706.7
34887.1
35908.4
38368.7
39460.1
39505.1
39709.9
39790.8
46015
46905.9
47540.5
47560
47650.1
47680.1
47685.1
47755.3
47791.1
47844.1
47867.8
48002
48016.6
48030.6
48055.2
48080.4
48138.6
48155
48204.5
48295.5
48459.6
48569.2
48784.3
48837.2
48926.3
49002.2
49146.2
49158.9
49222
49312.5
49632.9
50210.4
50424.3
50489.4
58382.5
59028.7
59250.4
59259
59262.5
59350.2
59371.4
59379.2
59399.2
59473.7
60526.5
60638.8
60699.6
60840.2
60963.4
65767.5
65838.6
65839.6
65865.4
65976.5
66182.7
66195.3
66347.4
66635.3
66730.4
66835.7
67791.2
67805.4
67975.8
68067.7
68183.6
68259.7
68268.6
68556.9
73103.2
73667.7
73833.4
73864.8
77988.1
78131.8
78155.2
78299
78299.4
78391
78445.5
78458.9
78492.3
78524.8
78563.3
78593.4
78612.9
78737.1
78755.1
78762.3
78767.6
78795.5
78981.7
79035.3
79047.5
79132.3
79133.2
79150.9
79167.3
79211.5
79230.6
79235.9
79236.5
79277.9
79286.9
79346.7
79514.3
79544.3
79557.1
79600
79603.7
79646.7
79654.7
79743.2
79763.4
79810.4
79960.2
79970.4
79975.5
80076
80188.7
80198.6
80353.3
80489.6
80550.7
80645.6
80709.4
80742.2
80803.4
80890.9
81155.7
81330.1
81371.4
81436.9
81572.3
81832.4
81966.6
81987.9
82109.2
82123.1
82209.2
82248
82339.7
82430.2
82466.5
82544.4
82662.7
82663.2
82679.2
82689.4
82717.5
82843.7
82855.1
82886.3
82916.7
82939.1
82990.2
83025
83060.3
83076.4
83097.8
83120.4
83171
83174
83230
83387
83400.6
83529.5
83552.4
83623.9
83724.8
83731.7
83755.4
83781.8
83804.5
83810.9
83860.3
84532.6
86449.4
86813.3
86853.8
87138.8
87265.1
87733.6
87853.6
87888.4
87941.9
88140.5
88277.4
88370.6
88388.8
88419.6
88606.4
88726.9
88816.7
88872.4
88983.9
89008.6
89028.7
89096.9
89098.4
89136
89170.6
89214.5
89403.5
89947.2
90782.3
90916.4
91515.2
104610.6
104814.9
105440.6
108074.3
108089.2
108107.2
108298.9
108562.2
108588.3
108740.2
108932.7
109006.5
109531.3
109848.2
110078.9
110154.4
110564.7
110602.7
110734.7
110937
113104.2
113117.8
113188.3
161852.3
163165.7
164662.5
164790
164984.9
165011
165085.9
165149.7
165182.8
165214.3
165247.3
165269
165342.4
165378.1
165402
165454.9
165463.3
165580
165610.7
165631.9
165691.2
165704.5
165709.9
165715.8
165782.4
165833.2
165859
165902.8
165943.8
166081.1
166118.3
166315.8
166331.8
166349.6
166420.1
166477.6
166564.4
166818.1
166863.7
167001.3
167029
167119.3
169604.7
169764.3
169903.9
170677.4
171005.7
171034
171124.1
171223
171324.2
175368.6
177008.6
185574.9
185807.6
186098.3
186190.3
186285.3
186309.2
186383.2
186402.4
186521.2
186650.5
186670.6
186708.6
186766.2
186798.6
186853.7
186917.5
186932.5
186959.9
191644.8
191681.3
191956.7
192637.1
192673
192704.4
192721.4
192748.5
192769.5
192837.9
192878.5
192907.9
192970
192994.9
193090.4
194392.4
194545.5
212411.3
212663.7
212741.6
213119.4
213125.9
213127.9
213141.8
213146.3
213196.2
213245.5
213469.7
213572.6
213577.5
213676.6
213702
213744.9
213775
213846.5
213859.5
213978.7
214008.2
214018.8
214045.4
214060.8
214140.9
214278.6
214414.3
218305.2
219132.7
219230.4
219294.1
219328.9
219364.4
219376.2
222237.8
225791.2
225844.7
226028.4
226044.4
226093.2
226236.1
226238.4
226386.1
226531.5
226903.5
227025.9
227438.2
227797.3
228046.4
228579.9
228623.1
228669.2
228722.4
228768.8
228776.9
228889.4
228901.8
229006.4
229141.4
229380.6
229697.7
231348.9
231540.1
241937.5
251560.7
252992.2
253185.7
253229.6
254214.1
255172.9
255472.9
255678.3
255697.5
255773.1
255844.2
255849.8
255882.1
255937
256409.8
256500.9
256604.9
259763
266588.7
267495.4
267576.6
267601.8
267612
267672
267846
267880
267896
267924.6
267937.6
267988.7
267993.3
268001.6
268022.3
268077.8
268093.2
268166.5
268179.4
268317.6
268322.1
268392.3
268399.6
268405.6
268423.1
268471.4
268476.2
268545.1
268620.9
268622.8
268641.7
268652.1
268824.8
270448.9
270651
270741
270767.2
270818.6
271078.8
271108.7
271136.1
271275.8
271307.2
271377.5
271427.8
271551.1
271587.3
271772.7
271883.4
271893.6
272014.2
272044.2
272110.1
272119.3
272279.5
272357.1
272557.1
274498.4
278332.6
278357.1
278385.9
278544.1
278553.2
278566.3
278579.6
278702.8
278757.1
278954.4
279082.4
282920.4
282987.4
283000.4
283023.2
283091.5
283145.6
283273.4
283340.5
283487.9
283531.1
283577.6
283614.8
283642.4
283696.3
283701.9
283727.6
283749.8
283778
283938.4
284073.9
284094.9
284105.7
284180.3
284193
284196.7
284204.5
284227.9
284228.9
284230.6
284285
284287.8
284288
284320.2
284383.7
284410.3
284428.7
284456.7
284457.6
284469.5
284473.4
284543
284557.7
284559.4
284590.5
284608.7
284634.6
284651.8
284670.6
284707.8
284728.6
284754.7
284755.9
284812.2
284838.7
284867.2
284902.2
284930
285004.3
285022.4
285032.1
285036.2
285043.6
285047.8
285049.3
285090
285108.4
285112.5
285117.3
285134.3
285183
285380.9
285417.7
285489
285503.8
285528.3
285538.8
285571.8
285715.2
285772.1
285794.1
285814.8
285890.2
285950.2
286008.4
286267.2
286270.4
286289.5
286403.1
286430.5
286476.2
286478.7
286496.8
286549.7
286578.7
286648
286700.8
286740
286850.2
287018.7
288406.8
289198.1
290197.3
290256.4
290445.2
290606.1
291303
292512.1
292831.9
292927.8
295478.7
295749.3
295767.1
295780.8
295885.8
296103.5
296137.3
296142.5
296151.6
296209.6
296382.4
296392.6
296635
296816.9
296859.4
297701.8
297834.4
297861.5
297931.5
297957.7
298068.6
310375.9
310571.9
310814
310905.4
312202.6
312331.9
312337.6
312371.6
312444
312537
312540.5
312566.5
312690
312720
312860.8
312890.4
312933.7
312951.8
312999.9
313098.1
316046.4
316144.8
316660.8
316865.4
316898.4
317129.1
317280.7
317585.2
317611.6
317881.2
319073.9
319175.4
319388.6
319438.4
320021.1
320149.3
331061.4
331425
331551.9
331758.8
331817.1
331871.8
331932.1
331973.7
332101.8
333004.3
338529.8
339089.9
341956.7
342310.8
347354.2
347628.2
347676.5
347839
348451.8
348512.5
350924.5
351223.5
351319.5
351363.1
351419.4
351521.1
352667.3
352711.5
352770.9
352790.7
352820.1
352841.4
352961.7
353065.9
353193
353317
353317.4
353496.4
354775.8
355321.6
356564.1
357875.2
360774.1
361474.3
364304.5
364813.4
365182.5
365236.7
365253.9
365378
365383.7
365423.7
365463.1
365467.1
365477.4
365516.5
365518.1
365628.3
365695.5
365706.8
365738.2
365782.6
365789.1
365856.7
365889.3
365971.5
366007.6
366009.5
366017
366160.5
366241.2
366297.7
366307.3
366311.4
366330.7
366358.3
366365.5
366387.7
366467.6
366493.6
366608.3
366658.3
366682.4
366702.6
366706.4
366709.3
366717.7
366768.9
366856.7
366913.7
366982.3
366985.8
367290.3
367399.3
367433.7
367682
372666.7
372865.4
420763.8
420849
420931.1
420974.5
421035.9
421043.1
421051.6
421153.6
421288.3
421319.8
421351.1
421370.1
421373.9
421377.7
421464.6
428594.8
428673.4
428695.5
428761.4
428809.4
428902.1
428950
428955.7
428966.7
429011.7
429061.1
429073
429090.7
429117
429117.6
429155
429159.3
429379.6
429379.7
429396.4
429396.7
429446
429613.2
429675
429696.9
429711.7
429712.2
429733.9
429849.5
429860.4
443311.2
445006.5
445016.3
445132.2
445139.7
445173
445177.7
445254
445277.7
445304.6
445338.1
445394.2
445398
445418.2
445549.6
445554.4
445660.1
445767.3
449795.4
450909
450915.5
451006.3
451012.5
451028.6
451047.6
451056
451138.7
451144.1
451149.1
451201.7
451207
451234.2
451277.2
451408.3
451444.5
451446.3
451603.2
456569.1
460218.3
460389.4
460490.6
460510.3
460687.9
460698.2
460758.9
460769.4
460817.3
460846.3
460992.4
461049.2
461074.4
461078.7
461109.5
461216.1
461305.9
461374.7
461492.4
461691.5
461803.9
461975.3
462263
462402.9
462416
462483.7
462709.6
462732.7
462858.2
462873.3
463026.9
463166.6
463299.7
463442.4
463457.5
463582.2
463637.3
463643.2
463646.1
466767.2
467202.9
467624.3
468112.7
468198
481395.7
482000
510131.1
511367.8
511805.6
511809.1
511850.5
511935.3
511980.1
512034.4
512075.6
512149.6
512529.4
515843.8
528948.6
529021.2
529271.7
529342
529372.4
529417.7
529445.2
529503.8
529505.8
529516.2
529519.5
529776.2
529800.4
529846.8
529919.1
530071.6
530093.5
530100.7
530225.1
530307.3
530326.7
530385.8
535315
535466.7
535702.4
536285.4
536821.2
536874.2
537030.3
537031.4
537037.5
537041.7
537064.6
537072.6
537078.3
537082.7
537209.3
537226.6
537267.2
537297.3
537385.2
537433
537457.3
537457.6
537475.2
537520
537586.4
537662.5
537667
537731.4
537806.2
537917.7
537969.5
537981.5
538111.9
538115.6
538294.6
538462.5
538877.2
538922
539175.1
539201.7
550784.6
551933.1
551985.9
552014.6
552461.4
553056.2
553124
553214.3
554625.8
554811.1
558311.4
558475.2
558621.2
558654.7
558675.9
558712.5
558731.1
558753.8
558773.9
558854.1
558917.6
558963.8
559015.8
559051.4
559136.2
559146.9
559159.8
559280.2
559385
559409.4
559491.5
559596.5
560036.4
560129.6
561189.3
561386.7
564697.6
564710.5
564791.7
565003.5
565264.3
565435.7
565745
565769.6
566010.3
566034.1
566191.8
566224
566755.4
566973.9
566977.3
567058.6
567067.2
567082.8
567085.6
567145.2
567396.1
571302.6
571395.4
571594.3
571732
580708.6
580742.6
580757.8
580760.5
580854.4
580875.8
580953
581006.9
581297.1
581439
581530.1
581584.5
581674.8
581753
587244.4
588122
588315.9
588337.8
588474.1
588507.7
588566.5
588650.2
588742.9
588762.4
588767.9
588770.1
588822.7
588869.7
588887.6
588896.9
588947
589013.6
589052.8
589145.9
589168.3
589185.3
589189.3
589195.4
589341.9
590705.4
590874.4
591067.8
595006.9
595149.9
595162.1
595169.1
595224.4
595314
595397
595398.4
595423.3
595645.4
595658.9
595688.1
595758.5
595758.8
595817.6
596107.4
596309.3
