2679.3
2826.8
2872.7
2924
2953.1
3008.3
3160.5
3171.7
3193.6
3236.1
3245.9
3274.7
3431.2
3438.2
3530.4
3619.8
3648.9
3671.5
3687.4
3874.7
3932
4070
12402.7
12537.9
12569.2
12581.4
12602.3
12752
12841.4
12915.3
12922.2
12973.9
13022.4
13161.5
13165.9
13207.1
13253.8
13310.4
13330.8
13333.7
13459
13688.5
13770.3
13788.4
13860.2
13912.6
14021.3
14078
14153.6
14170.2
14392.7
14832.9
14898.6
14952.6
15012.3
15101.2
15269.8
15423.9
15569.7
36129.1
36341.7
36528.8
36531.7
36598.5
36603.8
36743.7
36751.5
36777.8
36779.2
36783.9
36855.9
36905.8
36953.5
36973.3
36982.8
37010.3
37126.2
37126.6
37147.3
37151.5
37171.9
37493.1
37573.3
37601.1
37686.2
37759.3
37819.6
37867
37940.8
37975
38000.8
38036.3
40115.1
40182.7
40240.6
40362.9
40420.7
40438.7
40474.3
40507.8
40584.9
40606.2
40668.3
40707.7
40803
40871.9
41258.1
59038.6
59403.3
72665.4
73406.1
73423.8
74150.3
76383.9
76586.2
76740.2
76776.6
77111.9
77184.3
77185.9
77323.2
77372.2
77382.5
77410.6
77431.8
77455
77489.4
77586.2
77613.3
77655.2
77683.9
77724.1
77735.2
77822.6
85818.5
86002.9
86372.8
86443.9
87084.9
109152.5
162753.1
162870.8
163000.6
163163.6
163168.5
163393.7
163559
163565.2
163613.7
163720.8
163731.9
163736.2
163781.8
163845.5
163905.8
163960.1
163990.1
164076.8
164114.4
164195.2
164366.7
164550.9
164628.4
164734.7
164832.7
164906.4
166247
167077.1
167162.3
167284.2
167418.1
167450.9
167468
167475.5
167494.8
167537.9
167542.9
167590.2
167663.5
167694.4
167716.4
167738.9
167761.2
167851.8
167861.1
167887.6
167891.6
167900
167927.1
167943.1
167994.7
168004.4
168023.7
168074
168290.9
168483.9
168563.4
169197.8
170777
171560.6
171697.3
172008.3
172117.8
173580.2
173603.8
173674.5
173745.6
173813.3
173827.5
173870.8
173960.9
174055.5
174162.9
174305.7
185853.6
187753.8
188243.5
188303.9
188382.3
188608
188628.1
188689.6
188731.9
188819.1
188845.2
188874.4
188897
188995.9
189088.8
189160.1
189175.3
189227.1
189315.4
189403.6
189478.9
189510.5
189529.9
189564.1
189597.1
189633.4
189633.8
189655.2
189706.6
189712.9
189737.9
189807
189868.9
189987.9
189992
190102.7
190129.5
190181.9
190182.2
190187.6
190274.2
190299.1
190324.9
190441.9
190465.6
190518.7
190533.4
190539.2
190717.2
190741.7
190895
191626.8
191753.8
212416.9
219847.3
219974.6
220059.1
220505.2
220637.6
222435.7
223381.9
226871.6
226914.8
228327.8
230186.8
230262.4
230345.9
230354.8
230403.9
230444.5
230479.1
230490.5
230500.1
230556.9
230600.5
230659.9
230724.7
230893.3
230911.7
230936
230964.5
230982.6
231119.3
231147
231204.4
260202.5
260292
260379.3
260396
260467.4
260490.1
260576.7
260624.7
260633
260636
260746.7
260886.4
260912.8
261107.4
261149.1
261265.8
261329
261374
261386.5
261474.4
261569.3
261606.2
261630.4
261785.4
261812
261831.6
261898.5
261903
261905.2
261962.7
261988.1
261997
262099.8
262112.8
262117.1
262218.4
262237.3
262271.4
262299.8
262316.2
262467.8
262489.8
262502.9
262566.3
262590.3
262639.6
262652.5
262669.1
262676.1
262742.3
262748
262884
262893.1
262968.6
262974
263005.7
263021
263067.4
263093.3
263319.6
269343.3
269562.6
269624.3
269716
269741.9
269896.9
269992.5
270138.9
270179.9
270207.3
270459.3
271371.7
271682.8
296747.6
297000.4
297208.6
297217
297384.7
334444.1
335001.5
335225.1
335313.4
335444.2
335515.6
335613.2
335621
335768.7
335776.7
335780.2
335883.5
335956
336000.5
336087.1
336208.9
336286.8
336301
336536.1
338455.3
342418.8
342666.6
342668.6
342740.4
342875.4
342973.7
343063.1
343119.5
343178.8
343181.7
343202.6
343373.2
343517.3
343580.9
344487.8
344527.9
344805.2
344831.9
344851.2
344941.5
346255.6
346836
346905.7
347666.9
347758
347847.4
347935
347961.1
347983.5
348016.8
348083.9
348135.2
348141.9
348258.6
348471.5
348547.1
348670.8
348832.8
356337.2
356579.1
357315.9
357415
357570.2
357777.4
357992.6
358459.6
358462.8
358553.9
358701.7
358807.6
358814.4
358956.2
359495.5
359538.8
359603.8
359696
360059.7
360070.3
360362.1
360818.6
361032.3
361206.7
361245.1
361615.3
362342.2
362774.4
362996.1
363008.6
363098.1
363432.2
363844.4
363881.3
421531.8
425489.6
425629.6
425999
426059.9
426097.5
426134
426213.9
426312.5
426316.3
426722.1
426803.1
426810.9
426856.7
426977.8
427085.3
427794.8
427802.6
428249.9
428359.5
428365.5
429547.4
448453.8
448719.9
448850.5
448871.5
448933.5
448953.4
448995.7
449030.9
449062.9
449166.6
449172.8
449214.4
449266.3
449268.8
449273.8
449305.9
449322.2
449328
449420.3
449517.1
449570
456374.5
456432.4
456536
456714.2
456975.3
457064.8
457174.9
457370.3
457393.8
457452.2
457555.7
457581.5
457603.4
457672.2
457714.8
457746.9
457872.5
457948.9
458018.4
458034.5
458043.3
458438.7
458511.2
458922.3
462826.7
530405.4
531973.3
532099.6
532140.4
532155.2
532163.1
532187.4
532218.9
532243.2
532302.7
532315.1
532350.7
532384
532434
532440.9
532444.7
532447
532478.1
532725.4
532771.8
532819.3
533008.9
533186.4
534799.9
535112.1
548865.4
548986.6
549138.4
549185.5
549248
549269.2
549280.4
549283.4
549283.6
549286.4
549322.8
549369.7
549370.7
549374.7
549415.3
549437.3
549508.5
549538.2
549595.2
549676.9
549681.9
550661.9
561991.5
562067
562275.6
562379.5
562496.3
562633.3
562735.9
563046.2
563130.2
563178
563189.7
563278.3
563289.5
563358.4
563379.4
563381.4
563612.2
563681.4
563765.1
563795.6
564019.9
564036.4
564249
564290.8
564346.5
577435
577713.9
577770.7
577919.6
577972.3
578053.7
578054.9
578133.2
578179.4
578217.4
578861.8
578923.1
579251.3
579264.9
579265.2
579278.9
579365.6
579375.2
579470.9
579475.2
579477.3
579518.9
579550.2
579564.8
579601.7
579648.2
579660.9
579714.8
579735.9
579922.6
579934.5
579941.9
580130.2
581292.2
589855.9
589869.3
589873.7
589982.2
589996.2
590037.1
590069.6
590080.3
590108.5
590126.4
590169.8
590195.4
590272.5
590348.1
590448.2
596079.1
596160.8
596179
596337.9
599586.1
599713.3
