1208.2
1276.1
1403
1432.4
1446.4
1476.3
1565.7
1583.9
1646.8
1860.3
2346.1
2374.2
2375.4
2477
2510.3
2559
4408.9
4590.4
4709.2
4736.3
4831.6
12062.8
12141.9
12294.1
13293.5
13454.6
13503.9
13685.9
16496.7
19011.3
19349.5
19397.3
19849.6
19975.2
20042.8
20058.2
20083.9
20164.2
25527.3
26689.7
27378.7
34356.3
34389.2
34404.8
34450.8
34454.8
34548.6
34613.9
34632.9
34667.5
34685.5
34715.3
34785.7
35931.3
36039.4
36042.9
36064.7
36120.8
36157.8
36178.7
36212.5
36269
38902.8
41851.7
41853.6
42021.3
42159.8
42173.7
42187.3
42210.4
42278.9
44729.1
44828.7
44860.8
44920
44927.3
44933.8
44993.4
45078.2
45189.3
45273.9
45431.4
47514.4
47809.8
47889.3
47889.7
48030.5
48150.4
48160.7
48361.1
48402.8
48417.4
48451.8
48482.7
48484.8
48517.2
48561.4
48602.9
48607.4
48608.8
48621.9
48634.5
48647
48647.7
48657.8
48744.4
48751.6
48852.9
48870.1
48939.7
48954.5
49016.4
49148
49174.1
49332
49360
49392.9
49445.8
49552.7
49565.2
49699.6
49811
49881.6
49984.9
50128.9
50168.4
50292.7
50307.7
50358.5
50461.3
50601.1
51518.6
51571.4
51750.6
51831.4
52093.2
56786.2
56789.6
57026.8
57052
57056.2
58760.9
62953.4
62984.1
63004.9
63032
63104.6
63130
63167.6
63176.3
63187.8
63270.2
63348.8
63386.8
70859.5
70944.1
71674.1
71819.7
71825.5
71880.7
71919.7
71954.1
72020.4
72047.1
72078.5
72194.1
72236.2
72310.2
72376.7
72388.9
72409.6
72431.8
72441.6
72442.8
72487.2
72487.6
72561.5
72720.4
72731.7
72757.9
72789.8
72796.9
72911.7
73016.6
73377.4
74954
75169.7
75214.1
75261.3
75264.6
75279.4
75325.5
75343.7
75348.7
75411.5
75824.1
77874.2
77897.7
77987.4
78105.5
78118.8
78217.3
78416.7
78537.4
78630.1
78830.4
78905.1
79017.5
79656
82955.2
84176.4
84344.3
84401.3
84451.5
84496.3
84551.3
84573.3
84665.8
84675
84721.9
84724.1
84961.9
85063.2
85157.4
85168.6
85213.4
85257.8
85408.8
85416.7
85490.6
85513.2
85513.5
85647.5
87709.3
88008
88011.3
88018.4
88119.4
88205.6
88212.1
88230.8
88518.4
88606.9
88694.8
88762.5
88804.9
88869.4
89281.2
89354
90837.3
92614
92792.7
92978.2
92998.4
93006.8
93018.1
93020.1
93039.4
93064.4
93125
93133.2
93222.7
93317.8
94210.1
94805.5
94816.2
94899.2
95926
97012.2
97047.9
97486.2
97736.1
98401.7
99199.6
99487
99650.3
99763.1
100211.3
100332.6
100350.6
100408.3
100475.2
100495.2
100839.6
100861.2
100871.8
101004.1
101043.9
101109.5
102278.1
102978.1
103107.5
103117.4
107678.9
107787.6
107830.6
107837.1
107884.6
107912.4
107946.7
108010.3
108052.7
108154.9
108230.7
108365.8
108613.3
108794.9
108813
108852.6
109175
109363.6
109588.1
109698.7
109782.3
109860.2
109922.3
109924.8
109981
109984.8
109990.5
110014
110035
110047
110067.7
110084.4
110117.3
110161.7
110163.2
110168.2
110392.5
110411.8
110478
110498.7
110537.6
110541.9
110662.8
111342.6
111362.8
111410.4
111465.7
111609.2
111666.6
111761.8
111767.3
111808
111837
111944.3
111953.9
112700.9
116185
118427.6
118445.1
118445.4
118454.8
118476.5
118509.2
118520.4
118537.5
118557.5
126962.9
127862.9
140087.9
140104.4
140275.5
140403.5
140755.5
140776.3
145149.7
145251.2
145950.1
145977.4
146002.2
146135.6
146197.9
147661.7
147861.7
147972.6
148024
148173.5
148241
148260.8
148355.1
148652.6
148765.4
148774.2
148899.2
149200.3
149201.7
149205.3
149277.8
149297.5
150435.7
150548.3
150564.6
151004.1
151350.6
151366.6
151426.6
151529.2
151710.3
151716.1
151871.7
151888
151936.3
152033.6
152043.1
152062.5
152189.2
152393
152462.9
152484
152518.9
152604.4
152772.6
152920.5
152929.6
152945.3
152955.1
153049.8
153107.8
153196.1
153375
153438.3
153502.8
153527.2
153975.5
154077.7
154134.5
154549.1
154557.5
154607.9
154653.9
154687.1
154788.9
154911.5
155061.5
155084.8
155100.1
155230.2
155671
155862.8
155898.1
155914.7
155921
155969.5
156050.6
156076.4
156275.8
156462.8
156490
156543.9
156549.1
156621.1
156666.4
156740.1
156780.1
156922.8
156977.3
157015.3
157165.3
157223.5
157227.4
157241.1
157265.7
157438.4
157552.2
157573.3
157577.4
157686.2
157732.8
157839.3
157853
158029.5
158039.4
158332.8
158587.4
158650.8
158671.7
158679.2
158719.7
158737.2
158789.9
158807.9
159929.9
160141.7
160234.5
160290.2
160796.7
162797
163445.6
163484
168328.6
168357.9
168432.5
168437.5
168505.9
168516.1
168583.8
168847.4
168906.7
171166.2
172315.7
172386.1
172506.8
172510.4
172715.8
172783.7
172867.5
178691.9
178982.6
179169.2
179209.8
179285
179441.5
179515.9
179548.1
179740.2
179784.1
179792.2
180269.7
180464.2
180698.9
180706.4
180909.8
180917.2
180949.4
180957.7
180958.1
181094.6
181103.3
181123.5
181130.3
181156.6
181160.6
181210.7
181438.2
181462.1
181479.9
181509.5
181536
181615.3
181618.3
181640
181724.3
181755.3
181762.6
181773.7
181803.8
181867.9
181873.8
181886.6
181978.1
181988.8
182038.6
182062.1
182095.7
182111.3
182112.4
182124
182174.4
182209.5
182292.7
182358.1
182372.6
182379.6
182455.6
182530.9
183628.5
183642.3
183768.9
183848.2
185282.2
185384.2
185399.1
185407.4
185420.7
185444.7
185465.6
185503.5
185513.7
185588.8
185598.2
185610.4
185688
185688.5
185712.4
185720.2
185810
185859.6
185888.7
185967.9
185979.2
186025.8
186071.8
186124.4
186161.4
186401.1
186418.7
186470
186580.1
186654.7
186688.2
186721.3
186841.5
186853.4
187412.8
187444.2
187478.1
187606.6
187612.4
187723.9
187746.5
187776.4
187917.9
187976.4
188041
188082.6
188128.7
188216.7
188384.5
188462.9
188483.5
188535.7
194069.4
199426.9
199501.5
199519.9
199520.9
199549.8
199569.2
199574.3
199660.2
199683.3
199731.2
199741.7
199761.9
199812.1
199824.5
199886
199913.5
199949.4
199970.9
199972
199976.3
200022.3
200034.2
200065.2
200105
200110.2
200114.9
200155.2
200183.6
200187.8
200281.3
200311.2
200326.2
200362.8
200421.2
200459.3
200467
200471.6
200476.7
200491.7
200532.7
200538.8
200546.4
200589
200600
200677.4
200737.4
200755.3
200772.2
200795.5
200799
200860.2
200901.6
200915.4
200920.6
200930.9
201044.7
201063.2
201078.4
201107.8
201114.3
201157.6
201227.4
201353.6
201450.7
201474.7
201546.6
201631.6
201660.1
201666.5
201670.5
201728.4
201744.8
201757.4
201776.8
201782.1
201789.8
201811.8
201836.4
201873.8
201913.7
201917.4
201935.3
201970.4
201971.6
201982.8
201991.7
202079.4
202154.3
202162.4
202205.6
202215.8
202225.7
202226.3
202278.6
202323
202329.7
202417.9
202419.4
202431.1
202611.7
202752
202752.4
202788.4
202832.5
202843.5
202850.4
202885.1
202904.8
203007.2
203013.2
203035.7
203064.5
203090.4
203117.4
203142.3
203266.2
203296
203321.4
203330.5
203377.5
203409.3
203414.7
203437.5
203475.5
203508.1
203545.5
203555.6
203712.6
203768.9
203866.6
203900.7
204111.7
204157.6
204289.2
204300.4
204332.6
204373.2
204451
204622.4
204629.6
204638.5
204704.6
204750.1
204754.8
204829.2
204830
204869.9
204875.8
204882.4
204922.4
204996.2
205097
205107.4
205127.1
205141.1
205221.6
205342.8
205404.5
206705
206750.7
209691.8
209800
209808.6
209934.5
209979.6
210098.8
210130.7
210135.1
210146.5
210164.5
210395.7
210400.5
211851.9
212071.3
212169.4
212171.2
212194.7
212238.6
212249.6
212404.9
212491
212501.5
212548.5
212598.7
212620.6
212629.4
212638.9
212646.1
212695.6
212750
212806.1
212806.4
212937.1
218053.5
218236.5
218297.8
218298.1
218303.3
218344.4
218430.3
218449.2
218464.5
218516.3
218552.6
218555.2
218557.5
218617.6
218628.8
218647.4
218657.2
218668.1
218702.7
218805.4
218825.8
218888.3
218913.6
218920.2
219041.4
219049.4
219084.5
219097.5
219177.2
221144.2
221292.9
221308.8
221312.8
222497.7
222625.1
222679.1
222822.5
222845
222866.9
222887.4
222911.4
223009.5
223469.6
226043.5
226047.3
226082.4
226727.3
231698.3
240329.2
240448.5
240521.4
240533.8
240559.9
240569.9
240609.1
240711.9
240843.9
240945.2
240972.4
241130.2
241209.5
241211.2
241233.8
241456.9
241546.7
241551.9
241642.3
241676.5
241824.8
241830.4
241832.4
241896.3
241903.8
241920.1
242416.7
242432.9
242479.2
242500.8
242633.6
242746.8
242799.6
242822.5
242830.5
242868.2
242869.3
242895
242953
243050.6
243060.2
243088.5
243174.8
243195.4
243394.9
244876.8
244949.9
245560.6
248482.6
248969.4
249049.7
249321.6
255696.1
255764.7
255800.1
255822.1
255859.1
255906.7
256001.7
256013.8
256014.3
256018.9
256028
256127.9
256141.8
256378.3
256414.6
256462.2
256463
256721
256846.6
256966.5
257622.5
257823.5
257955.1
258540.8
259757.5
259801.6
259822.2
259832.6
259877
259883.3
263856.5
263876.9
263887
263968.1
264216.1
264287
264422.2
264437.5
264454.5
264464.9
274136.6
274422.1
274567.7
274615.5
274642.4
274765.6
274794.5
274806.5
274814.3
274903.6
275126.8
275192.1
275463.2
277156.6
277362.5
277507.3
277534.4
277550.6
279606.2
279762.2
279803.8
279851.5
279973.4
279977.9
279987.5
280052.1
280102.6
280105.1
280190.4
280274.3
280402.4
280409.9
280419.9
280508.5
280533.3
280569.2
280604.3
281148.5
281625.2
281694.5
281722.7
281746.9
281933.3
283127.4
283180.6
283251.9
283347.8
283357.2
283452.2
283463
283490.9
283630.5
283678.2
283826.6
283887.4
283923.6
284026.3
284096.6
284169
284242.7
284249.5
284258.6
284273.5
284278
284379.6
284420.5
284440.7
284513.2
284548.2
284574
284629.6
284708.8
284801.7
284894.3
284901.3
284967.3
286525.7
286618.1
286671.4
286693.3
286959
288569.9
288612
289142.4
289148.7
289564
289605.1
289987.3
290212.9
290484.9
290596
290685.3
290695.4
290932.7
291028.6
291396.2
291848.7
293087.9
293680.4
293787.5
293804.4
295729.9
295737.1
295913.8
299053.8
299222.1
299222.6
299333.4
299368.1
302130.5
302182.2
302278.8
302352.7
302395.4
302608.4
302622.7
302718.6
302726
302930.2
305134.2
308699.4
308756.7
309113.1
309178.8
309273.4
309347.9
310220
310494.7
310711
310810.5
310829.9
310836.2
310872.6
310877.4
310883.5
310982.4
310999.4
311165.3
311851.9
311863
311919.2
312028.1
312042.7
312072.2
312105.6
312152.4
312214.4
312311.8
313770.7
313787.9
313800.5
313993.5
314090.4
314101.5
314167.7
314305.6
314319
314356.1
314369.2
314410.9
314417.7
314553.1
314567.5
314609.7
314636.2
314651.1
314658.8
314693
314697.8
314706.4
314712.3
314732.6
314789.4
314808.8
314902.9
314915.5
315034.8
315131.3
315164.6
315251.9
315299.8
315327.7
315353.3
315364.6
315400.8
315444.1
315444.2
315536.5
315549.7
315552.9
315556.4
315581.5
315629
315664.8
315786.6
323111.9
323278.5
323354.5
323515.5
323539.1
323618.6
323783.7
323820.6
323823.4
323899.7
323917.4
323935.7
324031.7
324053
324166.3
324227.1
324401.9
324539.6
324595.9
324710.5
324776.5
325127.5
325914.9
326105.4
326164.2
326168.8
326197.5
326282
326321.8
326412.2
326489.5
332327.9
332413
332481.5
332573.7
332679.6
332689.9
332997.4
336224.8
336463.6
336613.3
336679.4
336726.5
336883.9
336956.7
336964.9
337037.2
337074
337426.1
337482.1
337739.6
337743.3
337993.2
338047.2
339577.6
339771.1
339811.2
339900.1
339966.1
340260.4
340282.1
340341
340465.1
340490.5
340520.2
340598.3
340654.2
340677.6
340698.6
340702.4
340726.5
340731.6
340734.1
340793.4
340834.9
340845.8
340853.5
340858.4
340893.7
340969.1
340971.4
340986.7
341066.6
341102
341113.4
341138.1
341186.1
341204.2
341244.6
341328.5
341340
341340.1
341344.7
341367.7
341406.9
341414
341551.6
341562.4
343998.6
344080.9
344259.3
344284.3
344828.5
345700.4
345718.2
345806.5
345817.6
346010.5
346053.5
346077
346087
346107.3
346162.7
346323.1
346346
346350.5
346496.3
346531.2
348491.7
348979
349060.4
351204.1
353126.8
353144.7
353209
353238
353244.8
353319.5
353470.6
353500.7
353534.4
353661.8
354897.1
354996.9
355039.4
355068.9
355073.6
355119.7
355130.5
355137.8
355202.3
355225.1
355275.1
355280
355395.2
355451.1
355469.8
355522.1
355536.4
355802.8
356286.4
356379.9
356976.6
357703.1
357778.5
358919.5
361673.3
362048.5
363966.6
366257.5
366401.9
366687.9
366927.2
367120.7
367237
367274.1
367751.5
367755.8
368556.2
368561
368835.5
369140.9
369311.7
373730.5
373818.8
373849.6
373961.6
373972.8
382098
384503.3
394298.9
395399.9
396305.6
396391.6
402882.6
403194.1
403634.9
404081.1
404188.4
404357.6
404374
406722.7
407427.7
419565.6
419807.9
419842.9
419929.5
419951.1
419985.7
419992.4
420004.1
420069
420073
420094.2
420113
420115.7
420132.6
420149.5
420246.6
420312.1
420368.8
420451.8
420467.6
420480.8
420576.7
420589.2
420591.6
420603
425394.1
425407.4
425432.5
425569.1
425577.1
425578
425589.9
425698.8
425845.2
426364
426501.2
426563.3
426565.5
426621.7
426771.4
426891
427225.1
427623.6
427675.1
427729.2
427756.6
441874.4
442334.9
442600.7
444261.3
446153.9
446159.8
446231.9
446244
446318.2
446332
446366.2
446446.6
446452.7
446465.5
446540.6
446602
446610.3
446630.1
446828.8
455037.2
455374.9
455548.1
455644.2
455678.2
455742.2
459791.7
461018.1
461122.3
461312.2
461386.8
461529.4
461683
461832.8
461958.3
462023.4
462026.3
462052.1
462141
462205.2
462308.1
462391.7
462429.3
462590.4
462926.6
463027.7
463317.4
463376.3
463571.4
465755.1
465892.6
465902.4
465927.5
465936
465937.9
466028.6
466081.5
466155.1
466196
467456.5
475114
475134.8
476561.7
476573.5
476753.1
478163.3
478185.9
478747.5
479026.6
481422.2
481743.9
481752.1
481840.4
482003
482069.1
482206.8
505887.8
509642.3
509745.4
509751
509891.2
510313.4
510375
510385.9
510419.8
510873.5
511481.1
513732.2
513835.6
514040.8
514347.9
514932.8
515776.1
518149
518828.9
518972.3
519017
519105.3
519304.5
519346.3
519357.9
519361.5
519373.9
519488.4
519493.6
519559.8
519567.8
519663
519830.8
519843.4
519852.5
519934.6
519977
520024.5
520031
520046.7
520046.8
520055.6
520066.3
520187.6
520219
520227.6
520319.4
520342.9
520345.7
520393.9
520496.3
520537.7
520630.9
520703.6
520813.3
520857.3
521010.3
521092.4
521098.1
521436.6
521597.3
521681.6
521740.1
521957.5
522006.7
522144.7
522352.5
522368.4
522871.1
522992.7
523003.1
523282.9
523656.4
523841
523863
524134.6
524334.7
524416.1
524420.2
524427
524480.4
524609.5
524651.8
524672
524693.8
524845.9
524891.1
524998.8
525001.1
525247.4
525266.6
525389.5
525395
528226.6
528440.9
528543.7
533961.9
534269.7
534346.1
534403.9
536082.8
536117.4
536683.6
537837
538726.5
539032.8
539518.1
546761.6
546812
546934.5
546945.6
547002.4
547033.8
547060.2
547070.2
547120.6
547126.4
547148.1
547161.8
547197.3
547216.8
547343.1
548382.5
548643.7
550457.5
550577.2
550700.8
550739.3
550792.1
550841.1
550918.4
550984.3
555467.1
557044
559470.3
559707.3
559927.7
560994.7
561478.5
561480.4
561486.9
561509.5
561539.1
561570.3
561575.1
564808.2
564884.1
564954.7
565064.1
565124.1
565238.9
565868.2
566285.9
566322.9
566404.3
566475.6
566533.2
566716.4
567576.1
573018.7
573608.5
574248.6
574260.2
574394.5
574421.8
574462.5
574474.8
574482.4
574485.3
574491.4
574672.6
574695.2
574696.7
574778.2
574797
574800.4
574828
574894.4
574931.7
575019.9
575029.7
575046
575074.6
575093
575148.9
575170.9
575222
575240.3
576815.7
577051.1
577246
577402.6
577527.7
577533.8
577573.1
577589.5
577623
577647.2
581009.2
581011.2
581014.3
581226.6
581305.8
581374.6
581418.8
581512.9
581599.3
581935.8
581939.8
581976
582014.2
582026.7
591404.9
591556.3
591606.3
591657.5
591684.9
591704.9
591718.9
591829.7
591852.3
591889
592057.9
592103.8
592121.2
592242.1
592354
592495.6
592541.4
592568.5
592636.7
592687.9
592814.5
592847.3
592965.6
593088.4
593142.5
593226.5
593284.3
593289.4
593320.4
593413.3
593508.7
593515.2
593531.3
594379.5
594459.9
594505.3
594506.8
594524.8
594676.1
597112.5
597128.1
597165.9
597227.9
597315.6
597343.3
597351.3
597379.8
597413
597438.9
597480.7
597567.3
597575.2
597584.7
597653.7
597693.5
597713.6
597730.6
597735.5
597739.6
597784.1
597880.5
597892.4
597921.8
597924.3
598016.8
598092.7
598099.2
598115.4
598227.3
598310.9
598320
598373.9
598437
598437.6
598460.8
598663.2
598670
598688.6
598799.3
598811.8
598817.4
598861.4
598887.4
598976.3
599252.6
599498.4
599720.4
599761.7
599901.7
