19.9
112.8
155.8
194.9
215.5
216.3
239.7
280.7
288.9
303.1
419.3
465.9
579.7
608.8
609.4
621.3
672.6
711.6
796.4
836.8
862.4
910
997.2
1044.8
1919.2
5099.8
10619.8
10680
10822.7
10880.2
10887
10888.3
11038.8
12748.7
13665.9
14969.2
15082.3
16879.2
16985.8
16988.8
17038.8
17039.1
17063.5
17080.8
17139.2
17229.5
21327.9
21354
21388.1
21413
21451.2
21488.2
21547.2
21557.5
21562.1
21594.2
21607.3
21840.7
21857.3
21901.8
21973.3
22039
22134.1
22135
22185.5
22231.8
22244.9
22256.4
22265.9
22271.6
22299.1
22359
23384.7
23394.9
23417
23595.2
23622.8
23691
23729.1
23740.8
23742.4
23753.4
23776.9
23898.5
23944.8
23945.6
23957.2
24046.4
25274.1
27148.9
28496.5
28830.9
31722.7
31741.8
31849.3
31849.4
31951.3
31967.2
32088.2
32253
32263.9
32319.3
32402.2
32434.4
32442.1
32505.4
32523.3
32561.7
32590.7
32600.4
32656.4
32700.2
32773.9
32792
32813.7
32822.2
32837.8
32901.3
32905.5
32978.9
32982.4
32983.4
33029.4
33304.9
33311.5
33328.3
33405
33477.8
33769
35055.3
35158.1
35217.9
35222.2
35261.1
35278.5
35288.5
35367.6
35453.9
35468.9
40921.3
40998.3
41084.8
41102.7
41179.6
41223.6
41255.9
41388.5
41428.3
41475.4
43519.4
46028.4
46180.8
46236.3
46428.8
46497.8
46520.1
46530.4
46577.5
46614.3
46630.7
46657.3
46887.2
46962.6
47026.5
47087.3
47111.9
47126.8
47207.6
47307.5
47340.3
47451.5
47523.3
49936
51009.2
51015.5
52760.6
53916.2
54958
56126.1
57634.4
57695.9
57724.4
57800.2
57901.4
57910.1
59613.7
59770.3
59800.7
59866.9
59889.8
59902.6
59913.2
59977
60067.8
64508.4
65819.5
66038.9
66068.2
66416.7
66545.7
66616.6
66798.2
66881.7
67117.3
68917.1
68968
69026.8
69033.3
69049.2
69105.7
69132.7
69244.1
74763.7
78927.5
80308
80522
80575.3
81769.8
81943.3
82016.8
82182
82210.5
82484.6
82552.9
82556
82688.8
83006.3
83452.6
83477.8
83481.6
83498
83516.1
83593.1
83593.4
83597.8
83888.9
89946.4
90431.2
90644.8
90710.8
93519.5
95724.2
96064.4
97723.1
98873.2
99004.4
99704.5
99896.9
101353
102067.5
104724.8
105048.7
107038.1
107192.8
107261.9
107303.2
112487.5
112780.2
112835.1
112845.3
112888.6
112922.4
112965.5
113059.8
113065
113072.1
118757
118864.2
119297.3
119443.6
119652.2
119663.5
119886.2
119977.7
120578.7
120762.2
120891.8
120897.6
120923.6
124713.2
124843.7
124988.8
124989.2
125174.8
125202.5
125368.9
125410.2
125447.2
125772.4
126533.9
126639.1
126885.4
126888
126921
127179.4
127221.2
127290.5
127299.9
127308.1
127376.3
127397.2
127480
127481.4
127573.7
127619.9
127634.4
127656.1
127687.7
127700.5
127727.4
127757.8
127765.7
127854.4
127883.4
127895.4
128048.5
128166.9
131501.3
131558.7
131801.5
131871.1
131899.6
131933.4
132003.7
132014.1
132184.3
132638.5
132647.8
132710.6
132797.2
133402.7
133414.9
133460.6
133520.7
133586.3
133740.8
133830.2
133886.1
133912.7
134045.2
134047.6
134054.7
134107.1
134204.1
134204.7
134223
134264.4
134286
134353
134373.9
134390.3
134436.2
134448.9
134467.4
134492.5
134576.7
134594.9
134596.1
134646.4
134750.7
134968.3
135102.3
135235.3
135391.7
135447.6
135534.1
135564.2
135607.1
135616.8
135725
135726.6
135802.4
135840.1
135860.7
135895.3
135952.7
135963.1
136129.1
136149.3
136214
136222.3
136324.5
136452.4
136481.6
136506.4
136528.4
136551.4
136587.5
136677.1
136698.9
136771.9
136831.7
136836
136909.2
136931.6
136982.7
137017.2
137097.8
137161.9
137315.9
137463.9
137477.1
137559.9
137711.9
137777.8
137817.8
138094.7
138102.6
138236.9
138335.3
138360.9
138374.4
138494.5
138527.9
138607.2
138616
138718
138814.7
138867.5
139119.5
139143
139200.5
139292.6
139314
139346.8
139409.4
139471.9
139503.7
139563.7
139575.8
139602.3
139640.7
139643.1
139663.3
139682.6
139822.8
139845.1
139963.1
140059.9
140153.6
140226.3
140261.4
140288
140332.4
140337.6
140376.9
140380.4
140389.7
140498.4
140552.4
140629.3
140643.9
140662.8
140665.1
140683
140685.2
140748.4
140774.1
140861.6
141287.5
141724.7
141948.5
141993.2
142204.7
142315.2
142355.4
142493.9
142495.5
142601.2
142626.6
142782.2
142929.7
143008.5
143519.4
143775.3
145102.4
146464.4
148790.7
151944.6
152055.4
152507
152950.5
153626.4
153846.3
154021.1
154437.5
154498.7
154693.2
155519.5
156541.6
157181.6
157313.4
157330.1
157887.6
157956.8
160651.8
160877.1
160916
160940.1
160968.4
160989.1
161010.2
161052.5
161098.7
161873.8
161938.5
162068.6
162116.7
162163.2
162173.1
162177.3
162246.2
162287.2
162308.4
162332.2
162364.8
162382
162492.6
167798.5
167951
168613
169066.6
169093.4
169212.1
169329.1
169369.1
169391.8
169440.3
169518
169784.8
169920.8
169940.1
170205.1
170326.9
174859.1
174973.1
175017.3
175024.4
175166.5
175207.1
175224.8
175271.4
175309
175335.8
175411.6
175422
175426.6
175449.8
175569.6
175738.1
175745.3
175788.9
175791.8
175860.1
176506
183830.7
183928.2
184090.7
184091.3
184208.1
184238.7
184262.6
184327.1
184331.7
184365.1
184380.1
184384
184404.3
184458.9
184491.2
184501.9
184503.5
184525.7
184547
184562.1
184662.7
184672.6
184681.4
184750.1
184753.2
189054.5
189211.3
190872.6
191089.1
191488.2
191625.3
192329.9
194394.7
194592.5
194651.2
194657.1
194661
194768.3
195453.9
195504.2
195577.3
195591.2
195688.9
195741.2
198813.7
198922.6
198971.3
199317.4
199317.8
199346.1
203922.6
205587.7
205732.4
205740.6
205773
205773.1
205808.9
205843.1
205843.2
205945.9
205962.9
205965.1
205967
206007.6
206013.6
206034.6
206168.4
206227.5
206344.1
206379.9
206442.4
206450.2
206483.7
206548.7
206804.6
206848.4
206859.8
206969
206984.2
207023.1
207118.6
207180.6
207192.5
207217.4
207229.6
207238.3
207267.8
207281.8
207435.8
207439.5
207492
207660.2
207684.6
207733.1
207789
208041.4
208049.9
208069.6
208413
208620.6
209329.1
209365.5
209367.7
209398.8
209399.2
209440.8
209464.9
209640.1
209679
211014.3
211070.1
211198
211401.5
211409.2
211578.5
213393.9
213582.7
213829.2
213892.4
213897
213912
214128.3
214170.7
214173.9
214201
214246.1
222136.7
222191.3
222257.5
222308.8
222325.6
222416
222423.3
222425
222556
222655.8
223135.2
224089.8
229492.3
229623.1
229674.1
229832
229893.7
229952.8
230015.5
230747.2
230856.7
234008.3
234050.9
234052.5
234136.1
234158.6
234298
234299.3
234354.5
234775.6
235601.6
235940.8
236062.8
236078.3
236166.1
236180.6
236315.9
236406.7
236493.5
236625.2
236773.8
236958.3
237111.7
237148.3
237319.7
237871.8
238075
239002.5
239134.9
239535.5
240948.2
241316.2
246819.5
246834.8
246917.1
246931.6
246944.9
246963
247109.5
247145.7
247294
247741.8
247859.5
248186.6
248203.5
248213.3
248245.7
248270.5
248298.6
248328.2
248382.4
248387.7
248422.8
248645.5
248694.3
248796.2
248801.3
248878.1
248947.6
249092.6
249132.6
249209.6
249351.9
249352.5
250207.9
250291.7
250327
250518.9
251852.8
252969.3
253078.3
253344.8
253396.1
253421.8
253463.1
253482
253509.5
253511.8
253562.1
253575
253596.8
253755.5
253854.6
253950.4
253996
254023.3
254258.2
254284.5
254328.5
254346.2
254375.7
254423.1
254436.7
254540.1
254610.4
254645.7
254798.4
254801.8
254954.4
254958.5
255220.8
255245.4
255416.1
255454
256842.1
256861.6
257459
257757.2
258060.6
258063.7
258191.4
258251.3
258744.4
258778
258826.1
258939.3
258948.5
259070.5
259075.5
259139.2
259246
259247.3
259260.8
259316.4
259410.6
264498
264787.1
264951.7
264984.8
265104.9
265150.7
265171.7
265182.6
265209
265290.4
265341.8
265422.9
265484.3
265514.2
265530.9
265721.3
265772.8
265825.6
265939.2
266007.1
266038.1
266269.3
266291.2
266308.3
266360.3
266420.4
266458.1
266480.1
266564.1
266646.3
266854.2
266969.6
267075.7
267079.5
267080.5
267148.5
267238
267315.7
267348.7
267375.7
267461
267520
267709.8
273522.8
275448.2
275735.1
276314.8
276373.8
276427.1
276566.9
278178.4
278268.2
278339.8
279186.9
279435
282751.5
285963.1
287159.4
287364.9
287423.4
287425.2
287459.8
291273.2
292235.6
294246.1
294623.4
297808.2
297886.4
297890.5
297898.4
298000.1
298086.9
298123.5
298133.1
298148
298154.8
298200.4
298247.8
298279.3
298299.4
298301
298438.1
298446
298467.1
298496.6
298497.1
298617.7
298618.5
298619.3
298729.7
298732.9
298783.1
299513.5
299886.2
300374.8
300701
301192.9
301866.6
301876.2
303808.4
304020.7
304023.6
304038.2
304059.1
304130.6
304141.1
304142.5
304177.8
304197.1
304208.2
304230.5
304278.6
304293
304304.4
304307.3
304322.6
304323.7
304380.8
304523.9
304542.5
304613.5
304623.7
304639.6
304670.2
304675.8
304686.2
304691.6
304729.6
304738.2
304758.2
304760.8
304765.3
304816.4
304871.4
304894.2
304916.2
304928.1
304932.7
304982.5
305013.4
305108.7
305160.4
305200.2
305224
305236.4
305264.9
305323.5
305415.1
305454.1
305508.7
305525.2
305537.8
305571
305573
305581.4
305597.4
305600.4
305610.4
305746.7
305758.7
305787.9
305800.4
305822.3
305848.7
306020
306038.4
306059.4
306134.2
306137.7
306176.3
306194
306310.5
308663
308766.4
308809
308812.2
308911.3
309036.5
309701.1
310488.2
310648.4
311390.7
311409.2
311442.9
311533.6
311623.4
311723.3
312993.9
313141.3
313170.7
317031.4
317799.5
318094.9
318590.8
319136.7
319300
319505.1
319534
319545.8
319709.6
319761.3
319769
319776.5
319777
320019.6
320026.1
320060.2
325732
326554.1
326662.9
326681.7
326708.5
326721.7
326864.3
326875.9
327068.2
327084.3
327129.1
327273.5
327330.8
327348.9
327444.7
327474.9
327488
327590.3
327655.8
327684.4
327729
327746.5
327816.2
327830.5
327860.1
327918
327922.5
328001.6
328246.7
328395.4
328427.9
328558.2
328613.6
328656.3
328658.9
328710.3
328763.4
328854.1
328878.2
328925.8
329065.8
329082
329104
329140
329193.9
329297.9
329316.2
334079.9
334177.7
334210
334296.2
334335
334335.4
334639.5
334698.4
334775.9
334803.7
334884.5
335011.7
335053.1
335294.6
335514.1
338117.3
338251.6
338261.2
338401.6
338421.4
338785.1
338979.2
339017.6
339037.1
339242.6
343600.8
343707.8
344041.8
344343
344654.9
344868.3
344902.5
345237.8
345409.7
345494.3
345675.1
346645
346654.2
346674.5
346783.8
346880.7
347042.8
347071
347554.9
348874.8
350474.9
351514.6
351554.1
351585.8
351736.5
351763.1
351854.9
351888.1
351918.3
351949.2
351974.9
351995.6
352092.2
352116.2
352123.8
352181.2
352241.2
352342.6
352354
352384.7
352392.8
352531.9
352694.2
353822.1
353849.7
354014.9
354103.6
354123.5
354149
354204.7
354239.5
354252.9
354267.9
354278.5
354313.7
354363.2
354404.2
354497.4
367093.7
369267.7
369622
369748.4
369770.7
370238.6
370606.8
370645
370729.8
370968
371128.6
371513.1
375626.9
375703.1
375823.3
375927
376004.2
376431
376481.8
376577.6
376644
376691
376840.1
377319.2
377382.4
377525.2
377586
377607.6
377723.8
377798.2
377921.4
377951.7
378034.6
378048.4
378128.5
378220.7
378486.2
378692.5
379196.7
379328.7
379353.4
379383
379417.6
379440.1
379548.1
379808.4
379882.7
380046.8
380480.5
380511.9
380734.8
380831
381183.8
381232.4
381394.2
381666.2
381675.6
381842
382215.4
382288.8
382344.8
382385.8
382388.5
382602
382646.4
383090.3
383104.2
383317.7
383433.2
383516.2
383557.2
383572.3
383666.1
383704.3
383786.9
383813.6
384709.1
385143.8
385154.2
385185.3
385267.1
385303.1
385418.2
385489
385493.2
385566.9
386060.2
388404.9
391555.1
392466.3
392484.7
392704.8
392884.3
392911.2
392915.3
393002.3
393067.2
393087.7
393149.4
393229.3
393433.9
393554.9
393674.1
393693.3
393803.6
393936.3
394065.6
394315.6
394407.4
394614.6
394696.7
394696.9
394868.8
394953.4
395037.8
395037.9
395155.5
395191.5
395260.4
395382.8
395400.9
395483.7
395506
395564.3
395622.7
395635.1
395669.1
395706.9
395749.8
395763.7
395770.8
395788
395793.1
395842.6
396081.9
396356.1
396411.5
396580.6
396623.3
396764.5
397025.8
398275.4
398315
398465.1
398899.3
400064.6
400228.9
400420.2
400690.7
400698.8
400702.1
400790.5
400829.1
401081.6
401105.1
401528.5
401641.8
401790
402072.1
402153.9
402274.2
402292.4
402300
402312.2
402336.9
402360.2
402384.6
402386
402524.4
402529.9
402539.1
402551.6
402569.5
402600
402603.8
402633.2
402662.5
402684.4
402694.5
402727
402798.6
402811.7
402828.9
402829.7
402859.3
402884.1
402926.2
402929
402995.4
403048.2
403052.9
403060.2
403190.3
403197.8
403254
403273.9
403286.4
403306
403316.3
403525
403527.1
403566.6
403755.2
403766.7
403786
403827.1
403894.9
403945.2
404002
404055
404082.9
404086.6
404103.4
404128.3
404130.6
404175.2
404282.7
404360
404361.8
404420.9
404421.2
404446.4
404598.7
404742.5
405104.6
405501.4
407353.5
407726.5
409395.2
410489.3
413383.7
413667.7
414320.1
414512.6
414841.5
414982.3
415129.7
415250.8
415555.9
415632.1
415702.8
416191
416473.2
416860.8
417212.6
417342.4
417590.7
417846.9
417869.9
418421.6
418424.3
418524.2
418586.4
418663.6
418732.1
418842.1
419003
419015.3
419099.9
419137.9
419323.5
419373.1
419803.5
420516.9
421623.5
421665.9
421676.1
421680.3
421727.6
421790.9
421793.8
421794.8
421845.2
421865.2
421919.8
421923
421923.6
421939.7
421941.6
422192
422363.1
422468.5
422574.4
424531.4
427146
427161.7
427224.6
427343.7
427357.4
427414.5
427430.8
427502.6
427551.7
428596
430554.3
430819.9
431015.3
431308.7
431360.7
431521.4
431805.8
432596.1
432680.2
432782.2
433257.5
433346
433528.5
433609.3
433874.5
433916.5
434019.4
434488.6
434508.1
434603.9
434609.4
434654.8
434664.5
434932.1
435082.9
435197.8
435440.9
435453.7
435639.9
436022
436027.4
436083.4
436113
436277.3
436282.9
436764.7
436767.5
436820.6
436831.7
436862.8
436992.6
437058.7
437107.6
437366.5
437482.2
437499.6
437560.1
437566.4
437569.3
437634
437648.5
437684
437718.5
437748.3
437793.8
437848.9
437922.5
437930.6
438089.3
438154.6
438337.6
438387.5
438396.3
438421.1
438465.5
438495.1
438612.9
438792.8
438994.2
439058.4
439066.5
439092.7
439116.9
439218.1
439275.9
439295
439362
439563
439569.4
439578.9
439582.2
439708.3
439847.4
439885.8
439988.4
440111.2
440131.3
440350.8
440360.2
440483.6
440851.9
441068.5
446278
448178.9
448186.3
448211.4
448450.5
448508.5
448623.1
448982.2
450842.2
454977
455424.1
455440.3
455835.5
455960.9
455994.9
456141.9
456233.1
458537.2
459523.6
459986.8
460037.4
460110.3
460203
460295.2
460308.7
460316.1
460371.1
464879.1
465077.7
465596.4
465598
466414
466432.2
466638.2
466872.5
466911.5
470227.7
470261.6
470279.1
470470.7
470717.4
470878.1
470958.6
471057.7
471060.1
471102.3
471150.2
471291.9
471368.5
471430.7
471813.8
471886.7
471895.4
471920.8
471948.1
471953
472110.9
472127
472153.8
472250.4
472299.5
472951.4
473087.1
473622.8
473845.8
474559.8
474606.2
474610.7
474635.3
474651.2
474737.1
474756.7
474927.2
474939.1
475326.2
475388.1
475388.4
475553.1
475612.2
475632.9
475672.1
476002.3
476037.3
476091.6
476092.4
476301.4
476336.3
476338.5
476429.7
476433.9
476576.6
476577.8
476720.4
476753.3
476755.1
476776.9
476905.9
477004.2
477050.5
477094.3
477134.8
477374.7
477380.3
477432.2
477574.2
477580.1
477721.8
477776.1
477802.7
477808.9
477816.1
477817.5
477857.2
477999.3
478095
478251.3
478269.9
478316.5
478319.3
478476.4
478555.7
478560
478715.6
478772.5
478790.8
478795
478801.2
478887
478907.7
478974.3
478981.8
479047.9
479048.8
479296.2
479368.4
479942.1
480389.1
480421.2
481256.6
481452.3
481996.4
482228.2
482429.6
484401.4
484506.6
484580.9
484631.3
485355.2
485409.8
485454.5
485525.9
485663
485892.7
485909.6
486052.5
486143
486214.1
486387.7
486996
487561.2
487694.1
487886.2
488010.9
488163.7
488238.3
488329.7
488336.8
488770
488810.1
488836.9
488979.6
489067.5
489242.2
489527.8
489539.1
490345
490405.1
490445
490837.8
490949.7
490984
491000
491198
491250.3
491295.6
491437
491657.2
491673.6
491720.3
491762.6
491812.7
491920.6
492021.4
492399.1
492423.4
492521.9
492565.9
492570.9
492593.5
492672.2
492776.5
492899
492912.7
492957.1
493298.1
493408.3
493455.7
493477.6
493544.9
493651.2
493663
493727.7
493843.7
493958.8
493992.7
494081
494588.2
494716.4
494907.8
495042.8
495094.2
495329.3
495450
495654.5
495934.5
496211.5
496277.5
496326.2
496564.6
497100.2
497316.6
497549.6
497836.3
498313.2
498446.3
498603.5
498656.9
498692
498774.6
498904.4
499881.6
500289.8
500414.2
500654.2
500933.2
501088.9
501309.1
501439.1
501572.3
501861.7
501999.3
502147.2
502369.4
502563.7
502608
502795.7
503003.2
503190.6
503250.3
503393.5
503502.8
503694
504199.9
504281.5
504301.4
504348.5
504712.9
505111.1
505153.4
505252.7
505328.5
505342.5
505386.1
505407.9
505446.8
505469.5
505483.8
505538
505599.4
505640
505691.7
505696.1
505891.2
505942.8
506007.4
506072.8
506156.4
506235
506358.5
506837.8
506945.1
507448.3
508033
508077.1
508138.3
508186.7
508229.6
508230
508259.8
508269
508380.7
508387
508501.8
508504.3
508550.3
508618.5
508676.8
508815.8
508886.7
509093.3
509359.9
509788.8
510290.7
510778.2
510908.6
511178.6
511267.6
512314.6
512372.3
512385.7
512405.5
512438.6
512495.3
512541
512745.2
512779.1
513102.3
513210.4
513254.4
517505.4
517636.9
517738.2
528321.8
528344.4
528523.5
530664.9
530799.8
530988.7
531065.2
531095.8
531649.6
531681.3
531789.2
531888.6
531990.6
532011.5
532127.6
532133.4
532201.2
534983.7
535004.3
535104.7
535213.3
535226
535232.7
535235.8
535237.3
535283.4
535399.1
535497.4
535634.5
535653.7
535821.8
535844.5
535911.3
536006.8
536361.2
536710.2
536942.9
537109.8
539359.1
539937.5
540013.8
540365.2
540446.9
540482.8
540670.9
540674.6
540676
540920.4
543193.1
544069.6
545925
547681.9
548327.2
548380.7
549605.7
549739.5
549839.8
549872.3
549893.9
549894.7
549940.7
549959
549961.5
549962.6
549978.7
550120.4
550137.6
550281.5
550299.4
550321.6
550406.8
550438.9
552631.5
552667.8
552713.3
552765.4
552853.1
552908.4
552918.4
553228.9
553242.5
553333.4
553350.7
553398.8
553406.9
553453.7
553458.7
553465.9
553494.4
553507
553591.5
553592.6
553671.5
553723.7
553767.1
553826.9
553834.6
553862.5
553893
553909.4
553927.1
553935.3
553937.3
553940.9
553967.9
554000.5
554013.2
554030.2
554080.7
554095.9
554112.4
554116.1
554145.7
554158.8
554166.2
554345.1
554355.3
554360.2
554388.5
554426.8
554537.6
554753.3
554794.9
554888.8
554953.8
555449.7
555944.2
556692.5
557231.2
557385.3
557465
557629.9
558507.5
559022.3
559204
561621.7
561778.8
561841.2
561855.6
561863.9
561941.6
562002.8
562072.6
562157.7
562247.2
562262.8
562284.5
562450.9
562451.9
562460.1
562475.2
562516
562573.1
562611.8
562627.6
562673
562702.8
562732
562797.5
562804.1
562823.9
562861.1
562867.9
562929.6
562947.1
562953.9
563046.4
563095.4
563105.1
563108.9
563274.2
563340.6
563417.1
563550.5
563553.9
563558.3
563616.7
563758.5
563794.7
563922.7
563942.5
563943.3
564020.9
564021.7
564048.6
564139.1
564175.5
564183.2
564267.3
564291.4
564320.7
564353.7
564388.4
564534.6
567745.7
570107.6
571719.7
575694.8
575987.9
578177.4
578333.6
578374.6
578445.6
578506.5
578521.7
578564.4
578622
578651.5
578653.7
578687
578769.7
578789
578797.4
578809.6
578825.1
578857.4
578952.3
578956.4
578984.4
579087
579142.3
579156.4
579167.3
579522.3
580155
580204.3
580240
580243.4
580327.5
580377.4
580408.6
580503.3
580513.9
580548.8
580562.3
580577.5
580591.9
580697.5
580731.9
582683.6
582834.7
582889.3
582891.6
582996.7
583098.7
583162.7
583176.5
583183.4
583184
583216.2
583436
583454.7
583475.9
583495.5
583518.9
583531.3
583593.5
583611.3
583632.3
583668.8
583674.3
583679.2
583714.5
583774
583790.9
583796
583817.2
583848
583883
583910.7
583954.4
583961.9
584002.5
584016.6
584150.2
584161.2
584168.4
584170.5
584184.6
584187
584192.9
584298.9
584303
584306.4
584336.3
584500.2
584520.4
584529.5
584548.2
584582.4
584639.9
584688.1
584737
584754.8
584765.6
584818.7
584946
585065.8
585097.5
585222.7
585239.4
585261.9
585265.1
585341.9
585366
585408.8
586847.3
586980
587154.3
587289
587309.4
587490.6
587516.2
587677.7
587933.9
587937.1
588248.1
588286.3
589245.3
589308
589476.6
589544.5
589583.9
589589
589640.7
591036.7
591064
591090.7
591110.8
591187.6
591254.9
591280.7
591285.7
591354
596443.4
596503
596599.4
596621.9
596633.9
596634.5
596808.6
596822.1
599461.2
599528
599570.4
