1621.2
1704.4
1750.8
4714.2
4951
4980.1
7826.5
11807.4
11944.9
12213
12365.7
14602.5
15851.1
16091.9
16183.3
16337.9
16375.3
16396.4
16406.6
16414.2
16445.9
16494.1
16514.3
16591.6
20829.1
24106.2
24405.9
24454.3
24615.8
24658.4
24668.1
24675.8
24686
24697.1
24776
24788.5
24835.8
24960.7
24973.5
24994
25114.7
25211
25350.8
25978
26761.1
27211.9
27945.5
28011.2
28025.2
28135
28154.8
28238.2
28310.7
28415.3
28420.5
28443.6
28503.1
28621.6
28679.2
28751.9
28785.9
28790.5
28827.9
29011.3
29108.6
29179.9
29197.9
29324.4
29809.9
34752.7
38685.4
38714.6
38758.4
38867.1
38882.6
38887.3
38921
38925
38952.4
38995.2
39236.2
39410.4
41442.8
41463.5
41582.7
41827.3
41847.1
41889.7
41975.4
42008.1
42013.7
42032.6
42090.9
42201.5
42230.3
48682.4
48793.9
48795.6
48906.3
50174.7
50177.3
50246.6
50290.3
50448.6
50449.4
50476.7
50540.9
50570.3
50600.5
50769.5
56513
56832.1
56857.1
56914.7
57033.7
57072.3
57149.8
57167.7
57228.1
57283.9
57420
57464.4
57512.3
57633.9
57655
57854.7
58106
58331.5
58338.4
58538.3
58615.5
58616.9
58654.9
58655.7
58837.7
58938
59131.5
60167.6
60195.1
60242
60302.2
60331.3
60407.1
60440.9
60519.7
61027.7
61488.3
69384.2
74011.7
74078.7
74166
74168.7
74255.6
74378.4
74404
74434.7
74616.8
74617.2
74624.8
74670.5
74693.2
74699.1
74719.6
74722.8
74758.5
74811.2
74839.8
75268.4
75361.6
75397.4
75434.2
75526.5
90567.1
90615.9
90628.2
90628.7
90631.9
90698.5
90707.1
90737.6
90767.3
90877.2
91051.1
91134.8
91143.2
91189.7
91204.8
91213
91310.8
91323.4
91377.4
100358.1
101297.9
103820.3
103867.3
104180.8
104247.7
104339.3
105622.2
105690.3
105757.2
105943.7
105953
105962.7
106147.5
106160
106165.3
106183.7
106201.2
106257.1
106280.2
106337.5
106359
106389.6
106441.3
106462.8
106476.1
106651
106721.4
111446.1
111458.3
111583.4
111593
111661.3
111703.7
111743.7
111817.6
111835.7
111902.3
111908.1
112145.7
112161
112317.5
112457.4
112652.8
118187
118201
118277.1
118292
118293.7
118297.3
118328.6
127093.7
127796
129421.4
129603.6
139658.5
140379.5
145026
145337.8
145605.9
146076.6
147000.6
147872.1
148701.5
148819
151342.3
151673
152571.3
152571.4
152623
152841.2
153057.2
153151.4
153563.9
153690.4
153993
155372.5
156021.8
156879.6
157013.4
157792
157894.1
158187.4
158398.1
158614.4
160001.6
162581.1
172374.6
172500.3
172526.2
172561.2
172621.7
172627
172628.6
172639.4
172717.8
172730.8
173094.3
173203.3
173244.5
175777.3
176021.1
176068.5
176129.8
176176.2
176214.5
176224.9
176269.3
176461.5
176475.3
176476
176484.6
176606.7
176720.2
176823.8
176920.4
176938.8
177009.3
177097
177097.2
177115.8
177140.9
177178.9
177295.1
177306
177348.5
177439
177486.6
177521.9
177565.2
183596.3
183620.6
183642
183856.4
191036.5
191200.6
192159.7
199579.3
199669.4
199742.1
199830
199927.9
200052.4
200058.6
200136.1
200206.9
200255.6
200801.6
201165.2
201169.3
201174
201273.5
201318.7
201339.2
201395.1
201479.9
201813
201894
201988
202084.5
202157.6
202301.1
202423.1
202543.5
202615.7
202718.1
202968
203273.5
203314.8
203338.4
203339.6
203382.7
203385.9
203489.1
203725.5
203805.2
203835.1
204070.2
204271.9
204275.8
204348.9
204670.1
204713.8
205207.6
205248
205294.2
209879.8
210208.9
210226.8
210271.1
210438.8
210488.8
210509.1
210684.8
210749.3
210766.3
210828.5
210847.6
210860.9
210901.5
210925.7
211042
211155.2
211407.7
211715.3
220983.2
220999.9
221013.2
221018.4
221028.2
221130.9
221374.1
221446.8
221451.2
221573.1
221585.5
221591.1
221597.9
221698.9
221730
221754.2
222001.6
222113.7
223738.7
223802.9
223854.9
223902.3
224139.1
224243.9
224407.5
224413.1
224520.4
224637.5
224690.9
224767.1
224847.5
224865.4
224878.4
224915.3
224983.7
225072.9
225133.5
225201.9
231519.4
231736.5
240681
240691.7
240727.8
240872.9
241183.3
241360.1
241418.5
241422.1
241569.7
241637.9
241666
241781.6
241813
241909.3
241932.8
241984.7
242040.8
242066.2
242130.4
242147.5
242224.2
242263.3
242316.4
242362.7
242491.2
242599.3
242733.1
242822
242847.6
242937.8
243206.4
243584.1
251977.9
255665.6
255905.6
256150.8
256550.3
256554.8
257072
257313.7
257681
257798.1
257926.2
257977.4
258342.3
258370
258751.3
263521.5
263633.2
263816.1
263924.6
263925.4
263995.1
264097.2
264111.6
264124.8
264160.3
264161.9
264325.1
264344.6
264525.8
264612.2
264634.4
264659.8
264677.3
264821.3
264926.1
271086
271781.4
274582.8
274666.9
274717.4
274758.4
274778
274826
274874.1
274915.6
275079
275109.5
275213.4
275307.6
275348.5
275486.7
275508.1
275544.6
275622.4
275707.2
275787.8
276030.8
276204.3
276389.3
276396.9
276408
276544.5
276759.4
276975.7
276976.4
276991.3
277084.2
277214.4
277254.4
277279.3
277348.9
277364
277374.1
277385.5
277406.8
277451.9
277474.5
277484.7
277607.8
277610.2
277647.4
277651.2
277675.4
277722.8
277777.7
277779.5
277841.8
277842.5
277876.6
277930.2
277949.1
277974.5
278117.8
278198
284207.1
284523.3
286055.4
286821.1
286911.3
286947.9
287120.9
287192.4
287311.5
287353.5
287544.5
294920.6
299290.3
299375.3
299774.9
299899.1
300195.8
300221.9
300339.5
300384.7
300471.9
300497.2
300554
300569
300677.4
300678.6
300694.5
300724
300764.7
310771.9
310784.4
310806.9
310943.5
310947.9
310968.4
311003.5
311091.6
311113.9
311124.2
311316.4
313204.2
313351.7
313468.7
313521.3
313601.8
313617.9
313620.3
313647.7
313720.4
313789.5
313811.2
313866.7
313940.4
313995.9
314004.3
314111.3
314158.7
314226.3
314342.1
314391.3
314421.5
314477.9
314485.2
314501.9
314726.3
314728.6
314740.2
314749.1
314821.7
314834.8
314842.2
314885.3
314900
314921.8
314960.8
315002.2
315032.6
315034.5
315081.7
315178.5
315209.3
315241
315292.7
315299.9
315328.8
315360.4
315376.7
315393.9
315405.2
315412.1
315437.4
315491.1
315504.4
315588.6
315607.5
315631.2
315644.5
315664.5
315687
315741.3
315767.4
315825.7
315847.6
315854.8
316021.5
316290.7
316744.1
316840.2
316939.6
316989.2
316994.6
317037.1
317044.5
317569.5
318045.7
318208.3
319767.1
319858.3
325310.1
325513.3
325569.2
325593.4
325621
325685.5
325687.6
325698.2
325710.8
325863.9
325866.4
325922.2
326053.3
326242.7
326256.8
326386.8
332435
332444.1
332592.6
332607
332618.5
332680.8
332705.6
332751.8
332787.4
332790.6
332798.6
332804
332941.4
332998.8
333273.3
333280.9
333289.2
333343.6
333356
333612.3
333762.3
333823.9
333926
337295.7
339015.6
339224.4
339631.1
339689.3
339710.9
339743.2
339814.1
339818.9
339916.1
339951
340086.9
340095.2
340131.6
340142
340250.2
340371.2
340398.3
340414
340439.7
340441.8
340572.1
340742.7
340894.3
340964.7
341045.3
341054.9
341117.6
341118.9
341407.2
341422.5
341435.4
341438.3
341443.3
341516.4
341579.9
341670.2
341730.9
341751.7
341773.8
341811.2
342414.2
344111.2
347103.8
349346.9
349442.5
349595.1
349726.1
349760.3
349826.9
349951.3
349960.1
349999.9
350000.9
350020.5
350055.5
350060.9
350117
350161.7
350163.6
350230.3
350319.5
350325.4
350419.2
350721.9
350984.3
351074.5
351124.7
353461.2
354437.5
371405.5
371692.1
372280.1
372420.3
372571.6
372715.7
372740.4
372812.7
372858.7
372863.1
372893.6
372946.5
373042.9
373055.9
373107.9
377370.1
384337.9
385870.5
395760.4
395979.7
420041.8
420477.5
420579.6
420683.1
422204.6
422751.2
422803
422876.3
422988.6
423222.3
423247.5
423519.4
423735.1
423945.8
423968.7
424178.4
424207.5
424743.3
424749.3
424925.3
428651.6
444647.2
445859.2
446104.4
446160.2
446325.9
446365.9
446398.9
446476.5
446505.4
446553.8
446574.4
446646.5
446657
446698.8
446774.6
446824.7
446825.2
446854.6
446881.4
446913.4
446916.6
446936.6
446937.3
446968.1
447303.4
447560.4
447713.2
447743.3
447775.2
450176.6
450180
450237.7
450348.2
450355.6
450381
450393.5
450479.1
450833.5
456011.1
456106.1
456148.7
456379.2
456580.5
457036.5
458473.9
458981.2
459043.9
459222.7
459241
459339.1
459379.4
459430.8
459493.6
459575.6
459595.7
459596.4
459602.2
459621.6
459747.6
459823.3
459841.7
464116.1
464211.7
464283.4
464342.1
464361.5
464365.6
464436.6
464465.2
464565
464914.2
464942
464976.4
464991.8
474633.3
474662.9
476423.5
481315.9
481552
481565.2
481764.8
481864.3
482228.5
509156.1
510333.7
510593
510692.8
510843.7
510884.9
511777.1
512549.6
513227.7
513383.7
513489
513581.3
513646.2
513689.7
513704.3
513780.6
513867.9
514023.5
514221.1
514469.8
515212.1
516649
516743
516909
516972.6
516985
517081.3
517089.7
517113.7
517133.2
517140.4
517150.7
517167.5
517212.9
517221.5
517235.9
517246.3
517281.9
517295.8
517503.6
517610.3
518234.7
528738
530171.7
530568.7
530573.1
530800.4
530988.7
531040.3
531092.8
531157.1
531178.9
531226.5
531240.1
531252.8
531538.7
531615.6
532707.8
533226.5
533454.4
533474.1
533624.6
533654.3
533697.3
533724.4
533754.5
533773.2
533797.6
533801.2
533860.9
533937.2
533995.2
533998.5
534085.9
534149.2
534171.5
534263.8
534270.1
534409.7
534452.3
534493.8
534536.5
534539.4
534549.5
534566.1
539763
539799.4
540126.3
540452.9
540649.4
540757.4
540892.8
540973.3
541064.9
541131.4
541341.4
541345.9
541404.7
541485.6
547749.5
547979.2
548066.4
548107.1
550252.5
550399.3
554899
555194.8
555433.7
555550
555690.5
555849.2
555853.3
555933
556044.5
556172.3
556295.7
556460.2
556471.4
556655.7
556742.9
556763.4
556820.4
556826.6
556889.1
557126.6
557186.1
557467
557747.5
557854.9
558076.4
558107.8
558124.5
558299.7
558506.4
562412.2
564629.6
564762.5
564975.4
565155.7
566304.5
566448.5
567991.5
568156.6
568320.4
568365.7
568512.5
568514.7
568573.7
568678.8
568711.5
568719.1
568743.4
568755.9
568784.5
568880.1
568947.3
568981
568995.9
569001.1
569005.8
569098.8
569212.6
569225.9
569241.9
569298.6
569356.6
569606.8
569718.3
569721.7
569830.6
569956.8
569964
570567.7
570655.4
570656.4
570694.1
570704.8
570737.4
570781.6
570877.5
570878.3
570879
570895.8
570905.3
570963.7
570990.4
571000.2
571076.3
571088.5
571251.1
571286.8
571357.7
575965.5
576003.1
576070.5
576099.2
576138.9
576220.8
576475.8
576504.2
577136.5
583393.7
584673.2
585795.6
585878.3
585899
585903.5
586007.9
586025.7
586174.9
586275.4
586313.1
587517.8
588203.9
596821.4
