17.2
146.7
184.9
264.9
395.9
655.7
737
742.5
808.2
849.4
853.5
855.5
877
882.9
993.6
5293.3
5376.5
5400
5458
5459
5510.2
5671.2
7277
7286.5
7339.3
7349.7
7356.9
7412.9
11859.7
11990
12034
12035.1
12133.4
12158.5
12178.9
12214.8
12267.7
12991.5
14115.9
14156.9
14206.3
15222.4
15601.2
17278.9
17367.8
17382.8
17388.6
17411.4
17427.2
17433.8
17553.1
17555.1
17626.8
17629.7
17633.7
17658.8
17699.6
17795.9
17809.5
17847.1
17959.2
18018.9
18038.1
18056
18082.6
18139.1
18244.9
18617.8
20078.2
22973.4
23655.8
23722.8
23890.4
24007.5
24038.7
24055.2
24220.6
24288.6
24521.9
24653.8
25102
25105.8
25150.5
25320.8
25389.4
25439.7
25531.1
25613.7
25693.7
25701.6
25800.8
25801.6
25814.2
25831.1
25847
25851.3
25870.4
25876.6
25922.6
25933.6
25992.1
26036.4
26105.2
26112
26201.3
26241.6
26248
26290.2
26327.5
26328.8
26334.3
26338
26348.8
26462.7
26528.6
26558.2
26613.6
26633.8
26640.5
26705.5
26711.7
26884.5
26941.5
26968.7
26969.7
27023.4
27028.7
27090.3
27110.6
27174.7
27198.8
27202.7
27210.6
27219.7
27236.2
27240.1
27262.7
27274.2
27312.9
27330.1
27440
27461.2
27480.6
27487.5
27510.8
27534.6
27587.3
27712.1
27735.8
27754.2
27771.1
27816
27867.1
27984.1
27990.2
28073.7
28111.7
28139.7
28205.3
28274.9
28307
28425.9
28594.9
28603.3
28661.9
28908.4
31430.5
31574.2
31582
31590.1
31628.1
31707.8
31710.2
31791.4
31828.3
31837.4
31896.3
31914
31953.6
31969.4
32042.4
32082.8
32085.2
32091.9
32120.3
32128.7
32142.7
32197.6
32210.6
32265.8
32347.6
32508.4
32603
32632.2
32741.2
32764.2
32825.4
32864.8
32885.8
32905.5
32906.4
32917.8
33011.9
33030.4
33147.5
33207.8
33325
33370.5
33403.1
33411.3
33425.6
33503.1
33523
33586.6
33740.4
33743
33794
33910.9
34001.3
39732.6
39971.5
40072.3
40095.8
40104.3
40107.9
40128.5
40128.6
40166.1
40214.4
40254.4
40258.2
40262.2
40297.8
40416.7
40422.4
40436
40440.3
41614.2
41915.8
41916.3
44229.8
44276.3
44308.9
44320.4
44350.7
44369.7
44379.9
44380.6
44431.9
44467.7
44530.7
44563.9
44568.9
44642
44643.4
44721.5
44778
44844.7
44850.7
45602.2
45610.4
45812.5
45876.6
45896.2
45944.4
45970.7
45993
46043.9
46092.8
46094.3
46143.5
46150.3
46166.3
46245.8
46299.8
46335.7
46456
46461.3
46490.5
46518.1
46538
46611.2
46623.5
46637.1
46830
46845.2
46904.9
46950.3
46986.6
47005
47069.3
47179.8
47213.9
47226.8
47255.6
47387.3
52035.7
52163.3
57354.6
58217.9
58264.2
58376.2
58691.7
60148.1
60748.5
60870.6
63205
63234.3
63453.8
63457.2
63533.8
63552.8
63577.7
63621.6
63705.3
63708.2
63713.6
63733
70487.4
70580.4
70584.2
70591.2
70618.9
70639.9
70721.3
70727.7
70829.5
70968
70995.7
78254.6
78304.4
78402.6
78476.8
78576.5
78667.8
78671.1
78792.7
78853.5
79027.1
79174.5
79207.1
79234.6
79352.5
79380.1
79626.1
79633.4
79644.6
79680.9
79738.6
79761
79779
79801.9
79861
79933
80202.2
80237.2
81919.4
81967.5
82014.4
82321.2
82437.3
82603.5
82719
82742.8
82743.5
82767.5
82827.2
82963.1
82977.2
82990.5
83049.3
83075
83081.4
83095.2
83168.9
83208.5
83275.7
83569.3
83799.1
84261.7
85777.2
87062.5
87237.4
88270.3
88561.3
88915
88928.9
89166.5
91570.7
91743.3
91927.1
104911
105143.7
105252.8
105273.1
105468.6
108058.4
108105.9
108484.3
108672
108746.3
108843.6
109061.3
109137.8
109220.4
109222.6
109242.5
109250.2
109507.7
110483.7
113156.3
113184.6
113279.9
113360.5
114808.7
115915.6
116124.7
116361.4
116392.1
116424.4
116467.9
116516.5
116573.9
116578.9
116633.3
116688.8
116689.7
116702.2
116711.5
116732.8
116791.3
116791.4
116812.2
116861.8
116862
116869.2
116875.6
116909.7
116928.9
116948.4
117005.7
117022
117152.7
117258
117380.6
117403.9
117441.1
117512.9
117568.6
117574.8
117596.4
117756.6
118360.4
118404.7
118477.5
146861.8
147098.7
154814.9
156159.9
156884.4
161055.1
162112.1
162297.5
162336.3
162410.2
162423.1
162483.5
162693
164288.2
165547.1
169711.4
169807.3
169984.9
170651.6
170803.1
171159.1
171473.2
173459
173682.8
174593.5
174797.5
174807.9
174834.2
174896.5
174901.2
174919.5
175042.9
175254.3
175764.2
175812.8
175826.7
175890.6
175964.3
176054.9
176055.7
176153.7
176156.8
176324.1
176552.3
176896.5
179458.6
179611.1
179613.6
179622.7
179662.4
179664.2
179683.6
179684.2
179685.7
179706.7
179711.5
179864.5
179913.9
179941
179953.4
179961.2
180034.6
180066.9
180121.5
180123.7
180130.9
180132.2
180239.2
180287.2
180291.7
180421
180547.2
180565.8
180594.3
180678.9
180730.3
180740.6
180753.5
180781.9
180989.1
182905
186132.6
186225.8
186251.3
186277.5
186324.1
186341.9
186547.9
186587.8
186606
186671.2
186694.8
186722.9
186968
187042.5
187060.5
189474.8
189571.5
189575.9
189593.2
189614.8
189641
189720.6
189816.2
189847.3
189983.5
190016.7
190092.1
190116.3
190230.7
190245.3
190255.6
190356.5
190374.7
190448.1
190618.5
192237.9
193204
199519.3
199689.8
199855.8
199901.5
200276.5
200336.5
200544.8
200548.9
200555.5
200692.9
200857.1
201041.7
201080.2
201369.4
201549.9
201704.8
201718.5
202000.3
202008.1
202089.5
202224.8
202290.7
202303.9
202369.3
202432.9
202612.7
202757.5
203065.8
203081.6
203154
203195.7
203237
203369.3
203569.2
203591.3
203694.9
203710.7
203791.9
203890.5
204065.7
204138.2
204637.1
204638.1
204785.1
204989.8
205234.9
205309.7
205311.3
205316.1
205328.7
205551.7
209766.7
209837.8
209925.1
210475
210720.6
211994.6
212028.6
212031.2
214370.5
214374.8
214425.4
214475.2
214539
214652.4
214937.7
215015.3
215130.2
215272.7
215359.1
215455.7
216728.8
218086.3
218125.6
218860.3
219815
219886.8
219978.4
219987.8
219999.1
220089.2
220096.8
220105.9
220281.3
220352.8
220369.9
220550.6
220568.4
220608.9
220622.7
220751.2
220837.5
223325.1
223601
223619.1
223623.2
223653.7
223734.5
223758.1
223772.4
224139
226039.8
226059
226096.9
226155.9
226182.5
226191.3
226269.4
226272.9
226509.7
226964.9
227858.1
228307.3
228314.2
228341.8
228770.5
229037
229183.4
230219.1
230273
231361.1
231463.1
231669.7
231691.1
233581.1
233799.7
240804.4
240981.1
241329
241603.1
241625.4
241729.9
241739.8
241865.5
241909.6
241944.7
241991.8
242018.1
242087.9
242135.3
242148.7
242251.9
242274.6
242334.8
242436
242480.9
242538.4
242556.7
242559.8
242640.8
242854.5
243097.9
243109.2
243135.5
243157.6
243296.3
243329.4
243375.1
243454.4
243473.9
244300.6
244364.7
244382.3
244383.2
244558.3
244611.8
244623.5
244642.6
244652.8
244834.1
244836.7
244889.6
244921.1
244972.8
245063.3
245065.1
245188.4
245240.4
245294.6
245310.8
245375.2
245404.7
245552.1
245586.5
245717
245939.1
246039.2
246116.3
246127.8
246127.9
246226.2
246280.3
246296.5
246567.3
251664
251732.7
252675.6
252849.3
252910.3
253066.7
253103.2
253174
253244
253294
253294.2
253329.8
253399.8
253547.2
253788.9
253860.1
253880
253893.5
253927
253995.6
254245.2
254294.2
254322
254463.6
254479
254483.8
254498.4
254616.6
254656.1
254668.9
254691.5
254725
254787.1
254789.9
254816.1
254854.7
254875.9
254877.6
254895.9
254898.2
254960.7
254971.9
255007.9
255053.2
255057.8
255123
255133.7
255140
255191.1
255218.9
255260.5
255413.5
259765.2
259929.2
260067.9
269161
269184
269436.2
269464.5
269515.4
269581.8
269625.5
269692.2
269723.5
271285.3
271814.4
274254.9
274382.1
274407.3
274413.7
274452.4
274468.7
274524.9
274525.6
274532.7
274556
274579.9
274601.3
274643.1
274651.2
274687
274698.4
274724.1
274788.2
274888.9
275112.9
275205
275436.1
276658.3
277259.6
277318.5
277423.2
277464.5
277518.4
280762.9
280825.9
280977.4
281020.6
281024
281047.9
281116.5
281129.6
281158.6
281194.2
281205.7
281301.3
281314.7
281352.5
281439.5
281509.4
281588.9
281659.9
281678.8
281777.7
282612.5
282646.6
282677.6
282698.5
286135.2
292262.4
292457.7
295570.2
295664.3
295709.6
295731.2
295780.8
295794.9
295799.6
295806.3
296095.4
296222.1
296227.2
296257.1
296341.9
298149.4
298222.1
299413.9
299467
299488
299506.5
299513.6
299574.3
299577.5
299627.7
299691
299704.7
299738.3
299836.1
299850.3
299859.9
299890.5
299914.9
299931.7
299933.3
299952.7
299970
299970.6
300004.1
300047.6
300073.5
300168.6
300195.8
300235.7
300388.5
301031.2
303033.3
303433
309121.6
310630.9
310765.7
310776
310793.5
310840.2
310842.7
310856.6
310859.1
310996.3
311014.1
311040.2
311077.6
311092.5
311757.2
320144.1
320496.4
320545.6
322387.7
323248
323918.2
324222.3
324590.8
324628.8
324714
324932.2
325904.6
325999.3
326132.5
326151.2
326188.9
326193.3
326247.7
326307.9
326308.4
326378.2
329810.2
329917.9
330462.7
332374.5
332656.7
332712.3
332728.9
332749.6
337115.1
337640
342284.3
342506.4
342555.6
342617.8
342626.7
342672.3
342959.6
342998.5
343028.4
343034.8
343035.6
343077
343082.6
343199.5
343245.4
348658.5
349105.5
349194.9
349257.6
349260.5
349307.6
349350.6
349386
349419.2
349467.9
349536
349576.6
350628
351642.6
351688.4
351956.6
351991
352019.9
352380
352412.8
352425.1
354939.5
363475.6
365142.3
365220.1
365276.5
365297.9
365323.9
365503.7
365534
365566.6
365591.1
365622.8
365671
366020.5
366076
366111.4
366111.7
366149.3
366168.3
366260.6
366346.5
366374.7
366456.6
366713
366740.1
366826.7
366883.5
367051.7
367114.2
367117.3
367231
367592.6
374267.4
374421.9
374539.5
374656.4
374724.4
374739.2
374864.9
375051
420073.6
420129.3
420187.1
420510.1
420538.1
420571.8
420967
421777.5
421820.2
421885
421981.3
422024
422186.6
422227
422256.4
422282.1
422321.1
422494.3
422521.1
422548.6
422550.8
422561.1
422595.2
422614.2
422617.5
422621.5
422836.3
422855.6
422996
443682.2
443983.2
445828.1
445841.9
445861.3
445907.4
446167.4
446367.7
446604.1
446650
446691.6
446768.3
446788.7
446827.8
446847.9
449085.9
449136.4
449297.4
449338.8
449342.5
449372.9
449409.7
449534.7
449556.6
449684.3
449705.3
451347.6
451425.2
451734.1
451851.8
451886
451898.5
451943.8
451951.2
451979
452047.6
452073.9
452083.6
452191.3
452425.9
452447.8
452478.2
454142.1
454178.8
454209.3
454239.4
454294.2
454380.9
454399.3
454592.4
456436.8
457577.5
457766.4
457871.5
457877.5
458035.3
458139
458143.6
458177.8
458190.8
458276
458408.5
458856.4
458877.9
460407.7
460665.2
460693
460736.6
460740.8
460741.2
460784.4
460809.3
460881.8
460940.5
460979.8
461008.1
461058
461070.3
461211.3
462436.4
462726.2
462869.8
463046
463558.3
463611.1
463643.8
463688.5
463707.7
464526.8
464658.1
464856.2
465094.9
474791.2
480982.6
481138.5
481222.7
481322.4
481400.4
481400.5
481722.7
481977
482002.5
482253.1
482325.7
483230.9
509612.2
509783
509901.2
510149.8
510967.9
512673.8
512767.7
512829.7
512829.9
512851.7
512885.8
512889.2
512933.4
512942.8
512964.7
513063.5
513092.5
513102.8
513142.5
513190.7
513268.4
513286.1
513451.1
513547.1
513570.4
513639
513679.4
513785.6
513859.7
525024.7
525424.6
525441.8
525454.8
525518.8
525693.8
525807.8
525878.8
525923.5
526011.4
526032.9
526044.9
526079.1
526128.5
526137.9
526145.1
526225.5
526321.6
526376.4
526429.4
526512.6
526612.4
526645.9
526655.1
526688.2
526765.7
526833
527062.7
528641.1
528657.8
532490.5
532508.3
532627.3
532643.5
532768.7
532796.9
532925.2
533086.1
536842
536936
536989.4
537002.6
537032
537138.6
537150.8
537154.4
537195.2
537221.2
537274.6
537299.7
537393.3
537419.4
537443.2
537484.5
537524.3
537625.2
537803.8
537864.3
537944.9
537975
538149.2
538331.6
538796.8
539892.7
539961.6
539999.4
540090.5
540116.4
540117.9
540146.8
540170.1
540240.2
540339
540374.8
540399.8
540488.2
540500
540699.7
540721.9
540755.6
540783.6
540800.8
540826.4
540852.7
541070.7
542863.2
542868.3
542931.9
543121.5
543236.9
543320.8
543457.8
543688.8
543763.9
543782.3
543826.2
543924.5
543934.7
544261.3
544403.6
544517
544533.4
544954.4
545153
545236.5
545326.1
545863.5
546359.5
547748.8
547980.7
548004.5
548151.5
548276.4
548347.8
548406.3
548410.1
551134.8
551942.2
551996.9
552214.4
564773.5
564803.2
564878.1
564905.1
564996.2
565021.5
565036
565042.1
565112
565208
565393.6
565404.3
565648.7
566035.7
566183.5
566390.8
566398
566418.1
566433.3
566564.6
566903.3
567847.5
567893
567898.3
567952.5
568006.9
568023.8
568054.1
568942.9
569058.2
569145.8
569285.2
569707.1
569859.4
569990.5
570023.8
570087.8
570125.1
570170
570180.9
570261.8
570272.3
570293.7
570439
571970.8
572271.8
575813.2
575975.5
576018.3
576073.4
576088.2
579341.7
579501.2
579617.2
579665.6
580584.7
580756.2
580807.7
580888.7
580918
580937.8
580945.1
580982.3
581044.2
581085.2
581371.7
581760.4
588412.9
588570.4
588613.2
588636.3
588639.5
588645.9
588904.5
588915.9
588918.8
588939.2
589014.9
589045.8
589065.2
589125.6
589131.5
589136.2
589150.4
589172
590948.8
591290.8
592988.6
594646.1
