917.9
1131.7
1191.9
1220.2
1258.6
1290.5
1368.6
5476.7
8165.5
8224.9
8232.8
8283.3
8344.2
8919.9
9176.4
9189.1
9342
9437.8
9451
9479.2
9838.9
10295.9
10309.2
10439.3
11813.7
12024.7
12030.9
12130.3
12210
12272.3
12282.2
13605.2
14233
14298.5
14373.6
17870.2
17870.4
18633.5
18671.6
18831.5
18895.7
19433.1
19647.2
19673.4
21081.5
23800.2
24763.3
24888.4
25016.1
25032.1
25070.1
25224.6
25299.1
25339.2
25366.2
25497.1
25794.3
25866.2
25899.3
25946.8
26099.4
26099.6
26150.8
26187.8
26219.6
26265.1
26292.5
26360.5
26436.5
26441.4
26518.9
26561.7
26635.3
26780.9
26960.2
27005.6
27452
27461.7
27472.2
27491.5
27569.1
27606.7
27712.7
27734.1
27736.9
27821
27926
27955
27995.2
28232.7
31137
31422.2
31661.6
32999.8
33866.7
34128.9
34289.6
38277.1
38395.4
40040.1
40112.5
40126.4
40135.6
40137.3
40256.2
40333.9
40365.2
40407.4
44841.3
44998.4
45135.8
45169.2
45186.8
45244.6
45346.7
45433
45629.9
47436.6
47514.6
47577.8
47598.9
47645.9
47699.5
47785.7
47796.3
47828.1
47856.2
47870.7
47880.2
47896.1
47918.1
47968.3
47968.7
47970.3
47993.4
48029.1
48050
48171.2
48379.5
48613.1
48982.3
51649.3
51848.8
51943
58105.4
58690.3
58781.3
59368.5
62994.6
63024.2
63034
63106.8
63109
63180.1
63384.7
63431.9
65579.6
68129
69370.1
80186.8
82153.1
82272.6
82289.6
82320.8
82342.8
82530.5
82601.5
82614.6
82683.7
82731.3
82743.8
82760.4
82781.8
82857.7
82947.7
82995.3
83049.8
83063.4
83088.6
83121.1
83190.1
83320.1
87644.3
92434.4
92462.9
92488.9
92503.2
92510
92746.7
92870.4
92885.8
92893.9
92896.6
92968.4
93040.3
93086.1
93151.5
93153.4
93183
93611.6
94024.9
94351.8
94908.5
95597
97480.5
97499.9
97814
98776.6
98801.2
99478.6
99584.9
99763.3
99957.5
99972.7
100030.5
100047.8
100290.2
100299.1
100393.7
100484.7
100497.2
100871.7
100886.8
101203.2
101246.3
101767
101930.2
101947.6
101969.9
102150.7
102225.7
102363.7
102736
102851.2
102956.1
103145.9
110930.8
113533
113534.3
121645.4
123678
128451.1
128626
128687.6
128718
129857.1
129910.1
129960
130081.3
130098.1
130163.3
130175.1
130178.2
130389.7
130461.1
130583.4
130672.2
130921.3
141147.2
141185.5
141192.5
141206.7
141354.5
141360.6
141620.9
141655.9
141677
141684.4
141769.1
143648.8
143843.8
143865.4
143873.6
143877.4
143944.2
144062.4
144621
144690.1
144799.5
146405.5
149878.5
159384.5
159432.8
159511.2
159638.4
164049.9
164076.4
164272.4
165711.2
165831.3
169565.8
169696.8
169748.8
169815.4
169899.4
169967
170080.8
170096.5
170229
170706.2
173459.5
173636.1
174741.7
176030.9
179105.5
179164.9
179213.8
179226.5
179267.3
179329.8
179356
180908.7
180933.8
180943.6
180973.7
181048.3
181165.3
181187.3
181260.6
181397.4
181466.7
181491.8
181498.4
181518.5
181532.6
181623.6
181639.3
181666.2
181721.4
181845.2
181878
181914.2
181986.7
182001.6
182043.5
182051.7
182129.9
182191.5
182198.8
182221.9
182349
182378
182403.3
182405.8
182496.3
182520
182671.7
182690.3
183231.9
186914.4
187519.5
188742.5
189490.5
189515
189538
189755.4
189802.7
189868.1
189879.5
189899.1
189918.3
189923.3
189925
189951
190008.6
190065.2
190121.1
190126
190136.8
190151.4
190157.4
190226.3
190272.9
190289.4
190371.3
190379.7
190411.6
190412.8
190502.9
190591.9
192045.7
192439.6
192550.5
192567.1
192590.3
192605.3
192667.5
192766.1
192779.8
192781.3
193148.9
196619.3
196916.5
197510.9
198157.7
198218.7
198325.8
198365.9
198408.1
198571.1
198634.2
198680.7
198706.6
198866.9
198908.9
199286.7
214289.2
214402.2
214423.8
214431
214454.5
214468
214509.4
214678.6
214701.3
214710.8
214739.6
214797.6
214800.1
214831.7
214949.1
215043.6
215398.1
215454.8
215810.2
216595.1
216737.2
219852.8
219931.2
220140.1
220319.5
220546.2
220628.6
222359.8
222935.6
223578.2
223634.1
223695.2
223695.9
223752
223786
223862.5
226253.8
226410.6
227259.3
227662.5
228372.3
228629
228666
228895.5
228985.3
229391.7
229482
229557.1
230321
230355.3
230355.9
230370.9
230417.2
230418.8
230479.5
231441.5
231559.5
231662.7
231696.7
238420
239160.1
239329.7
239409.5
239436.4
239579.7
239762.1
239789.2
239858.1
241908.2
242442.8
243361.6
243414
243429.5
249618
249725.3
252860.5
253367
253877.4
255345.3
255496
255507.2
255520.4
255525.4
255550.5
255563.4
255576.3
255600.6
255657.3
255734.5
255759.9
268772.7
269092.5
269328.4
269488.6
269494.8
269508.7
269529.4
269617.2
269667.1
269802.2
269863.6
270860.9
271148.7
271267.4
271313.1
271463.8
271827.8
271860.2
271997.4
272126.2
272187.7
272293.3
272410.8
272695.6
272757
274257.3
274338.2
274637.8
279601.7
279730.9
279750.5
279766
279869.8
279878.2
279912.1
279945.2
280052.6
280099.6
280167.1
280219.9
280359.3
280381.4
280416.7
280448.4
280518.2
280562
280613
281848
281879
281917.7
281936.5
282231.5
282321.2
282834.4
282948.9
282967.4
282974.5
282974.9
283052.5
283102.5
283145.7
283197
283214.3
283281.1
283498.8
283567.1
283607.5
284011.3
284429.2
284462.3
284464
284521.1
284530
284533.6
284801.1
284850.1
284901.5
284973.3
284987.2
284989.4
285150.8
285160.1
285199.1
285199.9
285241.7
285282.8
285287.8
285294.4
285429.3
285431
285435
285444
285502.9
285587.3
285607.2
285631.6
285646.2
285696
285773.5
285776.5
285833.9
285849.1
285850.5
286051.4
286052.6
286105.7
286140.6
286142.1
286153.3
286180.9
286204.8
286210.2
286265.4
286273.8
286293.8
286409.7
286419.1
286523.5
286524.4
286528.3
286604.9
295799.7
295827.1
295922.3
296056
296098.9
296299.5
296355.3
297719.2
297763.4
297787.4
297835.4
297868.7
297947.8
297947.9
298318.9
299357.8
299387.7
299523.8
299539.1
299652.5
299661.1
299677.1
299974.5
300067.4
300192.9
300433.8
302335.7
302439.8
302627.8
302696.8
302703.7
302729.7
302923.8
306719.1
306795.3
307074.6
307082.6
307769.7
307894.1
307982.7
308012.5
308077.4
308103.8
308208
308227.7
308285.2
308290.4
308332.6
308380.4
308445.1
309736.5
310201.6
310436.1
310542.2
310608.5
310629.6
312761.6
320354.2
320543
320569.1
320578
320610.8
320699.2
320747.9
322281.1
322308.4
322414.1
326597.1
332073
332113.9
332217.1
332320.1
332390.9
335584.3
335891.2
335901.5
337125.2
337135.6
337254
337363.7
337398
337410
337418.9
337450.9
337485.7
337497.2
337554.2
337673.5
337701.4
342344.6
342405.9
342440.8
342532.5
342545.6
342645.4
342692.1
342712.4
342732.4
342827
342878.3
342886.4
342906.9
342916.7
342926.1
342947.9
342980.1
343011.1
343012.9
343029.2
343035.2
343050.8
343134.6
343146.4
349071.1
349167.4
349223.2
349237.6
349288.3
349592.4
351523.1
352614.4
352861.3
352930.8
353002
364441.7
365215.1
365275
365276.3
365338.1
365452.1
365534
365690.3
365740.7
365743.3
365815.3
366133.3
373811.6
373895.5
373935.5
373974.8
374000
376232
377059.7
378427.2
381912.8
381982.5
382045.8
383756.9
384042.9
384533.3
385368.7
385870.7
386286.5
386407.6
386625.2
386645.4
386696.5
386701.1
386723.6
387048.3
387135.4
387177.4
387314.1
387692.9
387963.4
388083.4
388148.7
388388.5
388519.5
388768
388856.6
389223.6
390938.3
392049
392351.5
392586.5
396095.1
400058.3
401053.1
401214.1
404965.7
404974.6
405105.7
405517.5
405684.9
405766.9
405769.9
406027.9
406109.8
406196
406424.9
406530.8
406613.9
406641.2
406917.5
407524.1
407831.4
407880.9
408058.3
408168.5
408259
408309.6
408313.5
408542.5
408649
408700.3
408745.9
408920.6
408944.5
409006
409060.7
409070.5
409086.7
409169.3
409304.6
409338
409440.6
409462.1
409675.8
409944.5
410186
410227.9
410262.3
410309
410352.4
410639.8
410641.9
410783.3
410851.8
410933.9
410968.6
411029
411032.6
411072
411103.1
411299.3
411351.7
411357.9
411417.2
411560
411580.6
411662.7
411732.5
411735.5
411756
411790.7
411829.6
411860.2
411950.4
411966.3
411976.6
412064.4
412094.2
412170.3
416055.3
417123
417805.3
420747
420754.5
420794
420829.5
420923.4
421081.6
422544.8
422634.1
422741.9
422747.5
422958.4
423065.5
423112.1
423323.2
423602
428984.1
429040.1
429727.1
429804.8
429877.6
444695.7
444798.5
445042.1
445231
445246.1
445261
445424.9
445489
445572
445578.5
445611.1
445615.9
445728.7
445855.6
445856.2
445881.6
445907
445980.5
448876.4
449112.8
449115.1
449307.5
449429.1
449435.5
449436.8
449460.1
449564.9
449634.3
451212.3
451351.7
451373.6
451409.4
451519
451559.7
451634
452204.2
453303.9
457609
457673.8
457786.6
457843.9
457905.2
457906.3
457927.9
458033.4
459974.5
460128
460223.4
460332.4
460688.2
460850.4
461065.3
464147.3
464616.9
465830
465865.8
465921
465960.3
466109.5
466245.9
472949.9
482074.8
482097
482279.4
486463.2
487771.6
488231
488744
488807.7
489091.5
489124.8
489272
489512.3
489639.7
489693.1
489822.7
489877.7
490143.3
490861.1
491888.4
494199.2
494599.3
494843.3
496063.9
496449.8
496963.8
497864.5
498035.1
498437.3
498760.7
499267
500119.5
500396.3
500936
501074.7
501953
503048.9
503055.5
503749.2
503992.4
504263.1
504954.1
504989.5
506468.6
506838.7
507003.3
509881.9
510116.4
510198
511293
511298
511490.9
511527.1
511551.5
511753
511785
511829.6
512112.8
512944.9
513068.3
513223.7
513293.2
513308.2
513389.9
513395.5
513420.2
513423
513437.8
513438.4
513480.2
513507.7
513575.8
513608.4
513740.2
513745.9
513850.4
513851.2
514027
514043.9
514044.1
514074.9
514082
514134.5
514138.9
514170.9
514227.5
514452.1
514468.9
514604.4
514789.4
517970.3
518684.8
518804.3
518924.8
519167.4
519168
519169.8
519232.5
519314.3
519326.1
519366.5
519505.6
519554.8
519626.6
519681.9
519759.3
519790.9
519806.4
519867
519900.9
519915.1
519938.5
519982.3
519998.2
520004.4
520018.9
520052.9
520185.3
520190
520201.8
520206.6
520233.2
520397.6
520485.5
520586.1
520642.3
520691.7
520716.6
520828.5
521001.9
521050.4
521241
521489.4
521511.5
521518.9
521557.1
521640.8
521677.5
521708.6
521772
521793.5
521832.4
521902
522009
522110
522293.3
522297
522339.3
522622.4
522638.9
522844.9
522944.8
523174.1
523236.6
523273.7
523305.4
523349.9
523558.8
523591.6
523678.7
523739.9
523781.4
523801.7
523979.5
524112.5
524117.1
524365.3
524369.4
524492.7
524693.1
524737.4
524738.5
524791.5
524860.6
524931.2
524965.2
525022.1
525057.6
525137.3
525143.8
525204
525207.2
525212.3
525269
525465.6
527887.8
528590.8
529001.4
529212.6
529878.5
529995.1
532365
532390.1
532505
532513.1
532521.8
532601.3
532640.8
532712.7
532738.2
532744.7
532745.4
532817.2
532940.7
537134.4
537183
537304.1
539633.4
539731.5
539858.6
539933.6
539969.1
539985.6
540123.2
540238
546591.7
546705.1
546866.1
546921.4
546922.7
546924.4
546938.5
547030.1
547053.7
547185.9
547236.2
547263.5
547267.6
547899.6
548032.6
549160.6
551485.5
551489
551759.2
551781.8
551828.9
551858.1
551941.5
551959.9
552241.7
552646
559314.8
559581.5
559849.4
560059.4
560071.5
560130.2
560170.7
560174.7
560249.1
560388.3
560591.1
560813.6
560841.6
560850.9
560924.6
561133.2
564936.5
564937.1
564958.2
565073.9
565228.4
565245.4
565271
565361.3
565365.4
565441.2
565450.7
565455.6
565492.3
565613.9
565626.5
565661.9
565664.1
565701.4
565737.3
565740.1
565810.4
565979.7
566078.5
566121.8
566155.3
566261.7
566301.4
566776.2
566845.3
566956.3
567914.7
567974.2
567987.6
568011
568112.1
568116.5
568132.8
568137.6
568488
568729.1
569165.8
569239.9
569264.1
569264.6
569351
569376.9
569383.3
569393
569412.9
569905.5
569907.1
569988.7
570001.2
570168.1
570255.2
570320.7
570445.9
570557.2
570940
573487.6
573599
574275.4
574278.6
574453.6
574456.4
574463.3
574541.6
574568.5
574610.5
574662.9
574716.1
574757
574791
574815.9
574843.1
574901.8
574922.3
574932
574990.6
575013.7
575099.2
575115.9
575150.4
575190.9
575195.5
575245.5
575293.9
575351.5
575357.9
576135.1
576255.4
576438.5
579567.6
579714.2
579715.4
579734.7
579774.3
580494.7
580615.4
580643.4
580653.4
580725.4
580874.4
580899.8
581492.6
585852.7
586053.5
586121
588188.5
588300.7
588322.9
588391
588435
588471.3
588545.6
588554.8
588599.7
588724.3
588828.2
588836.7
588850.5
588890.6
588895.8
588896.4
588898.4
588919.9
588983.3
589004.2
589055.4
589071.9
589074.6
589126
589135.6
589151.1
589203.4
589278.3
589326
589460.6
590081.5
591620
591653.6
591813.3
591839.4
591842.5
591863.4
591903.5
591914.8
592027.3
592090.9
592178.2
592258.6
592469.6
592586.6
592679
592959.9
593204.4
593374.4
593538.6
593564.1
593603.8
594056.8
594131.5
594362.2
594380.3
594501.3
594582.8
594936.6
