1681.1
1779.4
1842.9
1858.1
1919.6
1940.8
1997.3
2008.4
4306.3
4326.4
4327.5
4336.8
4463.3
5268.3
5297.3
5305.1
5341.5
5357.3
5365.4
5381.8
5386.9
5391.8
5454.3
5593.1
8184.4
8299.2
8427.9
8534.4
8544.6
8581.8
8593
8758.1
8848
8883.2
9130
9190.6
9296.8
9352.8
9542.5
9591.4
9751.9
9800.3
9864.6
9950.5
9984.3
9997
10004.5
10064.7
10116.1
10156
10264.7
10322.5
10371.3
10413.3
10443.1
10498.3
10515.3
10544.5
10561.5
10603.5
10604.9
10621
10705.6
10719.1
10729.4
10750.6
10780.1
10786
10793.8
10811.5
10848.7
10849.7
12702.2
12743.6
12757.5
12798.3
12823.8
12933.2
12998
13031.7
13045.7
13100.8
13116.6
13144.7
13548.5
13620.7
13624.6
13647
17340.7
17372.8
17400.9
17457
17517.5
17521.5
17600.5
17601.1
17608.8
17691.6
17840.3
17892.3
17921.1
17965.3
18109.6
18164.7
18180.3
18245
18591.2
18737.6
21105
21122.1
21163.6
21189.3
21291.2
21299.4
21370
21375.2
21389.9
21403.9
21672.6
22006.5
22214.9
29701.8
34740.1
34933.1
34980
35013
35035.5
35062.5
35066.2
35170.3
35185.1
35212.5
35232.7
35349.5
35405.1
35463.3
35484.3
35558.9
35625.4
38408
38461.7
38539.8
38548.5
38596.8
38698.5
40308.7
40515.9
40574.5
40578.7
40660.1
40757.2
41188.1
42338.8
42367.7
42381.6
42417.6
42541.1
42580
42638.7
42702
43059.1
43125.3
43304.2
44534.7
44612.6
44692.7
44866.5
45030.3
45073.8
45090.7
45154.3
45168
45211.7
45215.5
45228.8
45260.8
45390.8
45419.7
45462.2
45496.7
45512.1
45514.4
49695.3
49895.9
50187.5
50404.1
51500.7
51523.9
51547.5
51556.7
51673.2
51717.3
52215.5
55031.6
55356.6
55587
55688.5
55861.6
55937.6
56042.1
56091.1
56247.7
56294.2
56473.7
56615.1
61052.8
63133.1
63156
63223.9
63245.2
63305.7
63363.3
63512.1
63551.9
69094.9
69146.1
69233.2
69350.2
69422
69468.1
75166.3
75489.2
75699.7
75863.4
76023.2
76079.1
76200.9
76261.9
89798.8
89876.7
89911.4
89930.6
89979.4
90129
90298.1
90326
90354.6
90366.9
90381.5
90407.6
90532.1
90535.9
90561.6
90871
92246.7
92404.9
92466.5
92479
92523.7
92548.9
92550.8
92598.9
92654
92662.4
92715.9
92730.4
92753.8
92776.5
92865.5
92988.9
92989.9
93033.4
93064.2
93065.8
93096.8
93117.1
93163.9
93349.6
93854.7
93980.4
94207.6
94551.5
94587.2
94672.2
95046.6
95864.8
95868.9
95876.4
96493.3
97299.1
98713.1
98909.9
99446.2
99513.4
99570.3
99576.2
99578.5
99770.5
99921
99946.2
100035.4
100105.8
100315.6
100479.1
100514.8
100688
100893.3
100901.3
100903.3
100905.4
100958.8
101262.9
101632.2
102385.8
102597.4
102602.4
102675.2
102753.7
102893.4
102924
103163.7
106795.4
106847.3
107016.9
107022.2
107023.4
107034.3
107057
107079.8
107096.5
107114.7
107153.8
107266.9
110934
111068.8
111224.8
111256.4
111259
111353.1
111463.5
112948.6
113015.7
113099.7
113240.7
113276.9
113333.3
113407.7
114181.1
114350.2
115070.7
120428.6
120514.8
120644.8
120674.1
120802.9
120913
120994.6
121096.6
121125.9
121147.9
121209.7
121239.1
121322.9
121385.9
121447.2
121460.3
121475.4
121505.8
121670.8
121725.6
121876
121897.4
121919.3
122007.4
122032.9
122054.1
122117.3
122257.4
122375.2
122608.9
122759.5
122844.4
123185
123266.6
123548.6
123549.9
123889.2
124043.9
124074.9
124397.5
124437.1
124452.4
124639.6
124908.4
127201
128074.8
128095.1
128162.7
128167.5
128169.5
128194
128196.3
128219.2
128378.5
128396.1
128427.9
129992.5
130153.5
130178.4
130193.9
130367.3
130736
130792.6
130834
130860.1
130973.6
130988.1
131052.6
131231.7
131237.8
131599.6
131744.6
131929.9
131961.2
132162
132560.3
133049.3
133321.3
133485.3
133600
133814.5
133969.5
134011.1
134135.4
134360
135713.6
136001.2
136101.1
137068
137670.4
137729.3
138010.9
139080.9
139678
139769.1
140048.6
140252.9
140481
140507.9
140541.5
140667.6
140758.2
140762.8
140913.3
141039.8
141043.2
141206.7
141625.2
141720.4
141813.1
142032.7
142060.9
142167.8
142218.8
142307.7
142331.5
142336.3
142351.5
142360.5
142420.1
142430
142476.5
142523.3
142582.4
142604.9
142611.9
142669.9
142750.2
142783.1
142789.8
142850.9
142874.1
142875.4
142928.8
142981.6
143031.3
143105.4
143107.8
143160.1
143217.7
143297.2
143376.2
143408.8
143451.5
143495.2
143611.2
143614.1
143662.7
143703.9
143744.2
143880
143898.5
143928.7
143929.7
143989.1
144170
144199.7
144287
144290.4
144379.2
144903
145658.1
145880.9
146057.6
146473.4
146575.5
147255.7
147913.3
148450.2
148997.6
149326.1
149651.7
149844
150316.1
150378.4
150379.1
150552.4
151719.1
152195.2
152361.9
152508.4
152675.4
152928.4
154199.7
154386.6
154533.6
154668.9
155085
155582.2
155937.5
156246.5
156980.4
157613.6
157775
159288.8
160266.3
160275.6
160336.3
160661.5
162957.5
163064.1
163073.1
163090.3
163159.2
163214.1
163315.9
163365.4
163556.6
163935.7
164056.1
164272.6
164302.9
164303.3
164451.9
164490.5
164512.6
164539.8
164550.8
164554.8
164565.3
164575.8
165054.2
165621.4
165870
167025.9
167144.1
167217.5
167222.5
167222.7
167231.6
167259.4
167336.1
167338.7
167357.8
167359.4
167368.2
167455.5
167490.4
167553.8
167576.1
167603.4
167647.9
167655.9
167703.8
167711.3
167721.1
167726.6
167764.5
167805.2
167822.1
167826.2
167929.5
167961.5
167967.6
167975.3
167982.3
167993.8
168532.4
169881.2
169975.4
170003.7
170056.1
170432.6
171640.3
172190.7
172221.4
172230.7
172299
172306.5
173909.8
174180.3
174647.5
179146.7
179240.2
179248.4
179295.1
179305.1
179329.5
179334.2
179349.9
179361.5
179412.6
179416.9
179504.7
179583.4
179624
180783.7
180785.2
180968
181081.3
181107.7
181144.5
181163.2
181207.7
181249.6
181266.1
181282.4
181326.4
181443.8
181480.6
181500.3
181519.2
181551.3
181558
181591.7
181610
181611.1
181735.1
181782.8
181795.5
181944.3
181949.5
181961.7
182110.2
182389.2
182437.5
182448.4
182462.4
182502.2
182532.8
182575.7
182721
183827.2
184298.2
184429.7
184489.1
184497.4
184566.7
184590.3
184725.3
184747.3
184838.4
187958.7
188148.2
188394.6
188456.3
188470.2
188512.7
188533.6
188669.2
188678.3
188706.8
188730
188760
188840.6
188879
188908
188956.5
189029.1
189060.8
189085.7
189126.4
189161.3
189319.1
189637.3
189749.9
190598.5
190855.8
190906.3
191602.8
191668.4
191841.9
191902.3
191916.8
191973.8
192341.9
193976.1
194229.2
195459.7
195744.7
195777.7
195815.8
195821.8
195895.2
195998.3
196038.9
196081
196089.7
196188.6
196252.5
196641.4
196721.6
196731.5
196761.6
196873.5
197025.6
197047.3
197102
197102.4
197116.8
197176.6
197409.1
197585.8
197770.7
197798.3
197852.6
197855.9
197902.7
197913.8
198049.6
198119.1
198126.8
198173.6
198356.2
198466.8
198525.3
198633.8
198671.5
198683.6
198788.7
198796
198809.3
198858
198858.6
198896.1
198929.7
199073.1
199308.9
199315.8
199336.3
202631.3
205616.4
205767.3
205892.9
206121.8
206340.7
206466.7
207040.4
207114.3
207193.7
207354.4
207510.7
207677.4
207732.2
209893
213655.5
213743.7
214068.8
214214.7
214323.9
214364.8
214458.8
214522.5
215143.4
215251.8
215252.7
215313
215358.1
215625.4
225005.9
225380.7
225435.6
225439
225440.9
225441.7
225514.6
225608.5
227211.7
227225.7
227289.9
227666.8
228287.1
228357.9
229221.3
229483.9
230337.1
230382.8
230468.6
230606.5
230650.4
230658.2
231019.9
231414.7
234308.6
234414.7
234551.6
234691.6
234813.4
234992
235016.9
235098.1
235240.2
235324.9
235533
235605.7
235666.9
235697.7
235709.3
235825.3
235829.5
235834.4
235881.4
235892.5
235917.6
235971.4
235993.7
235997.7
235998.4
236070.9
236124.8
236154.2
236252.2
236354
236354.4
236369.8
236380.9
236392.1
236410.3
236646.5
236763
236847.4
237001
237160.5
237278.7
238095.6
238304.3
238398.1
238402
238447.1
238543.4
238689.6
238753.8
238847.6
238907.1
238930.7
238955.8
238968.3
239058.8
239076.7
239156.6
239266.9
239352.8
239454.5
239491.7
239495.6
239542.2
239705.5
240420
240901.6
240956.3
242993.7
244497
244512.8
245102.2
247216
247289.7
247332.3
247381.8
247523.1
247568.8
247590.8
247716.8
247868.3
247970
247988.3
248418.4
250531.4
250585.5
256257.7
256375
256430.1
256473.3
256561
256745.1
256889.5
257055
257093.8
257182
257197.4
257378.3
257383.2
257406.8
257422.9
257527.6
257554.8
257602.5
257703.1
257775.3
257891.5
258025.6
258424.2
258460.6
258494.5
258521.6
258628.1
258686
258693.3
258760.3
258783.3
258791.2
258806.2
258870.9
258905.1
258956.7
258985.2
259060.4
259062
259063.7
259088.1
259469.1
263311.9
263403
263513.3
263529.2
263572.8
263715.5
263752.1
263774.5
267436.6
269809.6
269879.2
269967.3
269999.1
270001.7
270071.4
270122
270125
270182.3
270457.5
271626.7
276344.8
278316.3
278321.6
278376.1
278475.3
279322.9
279602.5
279629.6
279801.8
279885.5
279918.4
279965.5
279989.4
279995.2
280025.9
280059.1
280083.5
280097.2
280115
280167.5
280196
280220.6
280515.7
280535.2
280553.1
280615.2
280722.4
280789.3
280884.8
280973.2
281287.9
281613.1
281698.9
281705.5
281758.1
281777.6
281821.3
281946.7
282013.9
282081.2
282209.8
287056.2
287243.1
287337.2
287364.4
287380.8
287420.1
287438.2
287521.7
287536.4
287557.3
287656.2
287663.2
287680.1
287712.2
287739.4
287943.1
288007.4
288090.1
288235.2
288768.2
288837.4
289153
289453.3
290392
291775.1
292528.9
293043.4
294132.4
294417.9
294523.3
294640.4
294938.8
295006.6
295011.6
295369.3
297749
302428.2
302528.2
302570.5
302678.8
303066.4
304008.4
304789.8
304892.9
305223
305681.4
305864.9
305881
305991
306122.1
306150
306197.2
306200.8
306324.7
306394
306401.3
306404.3
306513.1
306686.6
306739.2
306945.4
306977.7
307164.7
307381
307741.2
307948.6
308236.7
308457.3
308497.1
308505.5
308536.9
308563.6
308609
308610.3
308635.2
308642.9
308649.1
308674
312716.2
313022.2
320289.4
320360.3
320447.9
320515.1
320807
326101.4
326711.2
326741
327047.9
328082.5
328590.2
329015.1
329039.1
329060.4
329248.3
334845.7
335251.7
335268.1
335389.5
335458.6
335488.2
335540.5
335570.8
335606.9
335637.1
335645
335762.2
335818.3
335843.8
335854.6
339351
340050.7
340129.5
340559.7
340617.6
343201
346711.3
346761.5
346867.8
346961.9
347026.6
347190.4
347303.3
347359.6
347368.6
347378
347386.6
347480.8
347599.2
347699.3
347859.2
347921.3
347998.2
348017.6
348047.6
348126
348210.8
348256.6
348282.2
348304
348477.1
348485.5
353483.9
353532.1
353711.3
353724.6
353943.1
353957.8
354043.5
354048.4
354109.2
354208.8
354305.3
354347.1
354545.9
354554.3
354563.3
354599.2
358714.4
364196.1
364327.4
367889.2
368789.5
369123.7
369197.6
369345.3
369863.4
369990.8
370058.3
370703.8
370848.7
370888.5
370975.1
371031.5
371451.5
371519.5
371619.6
371638.3
371683.4
371793.4
371806.8
371819.1
372049.2
372134.2
372168.9
372274.2
372361.2
372477
372478.3
372479.4
372493.1
372554.5
372594.8
372597.4
372627.7
372656.6
372666.2
372691
372727.7
373667.7
373822.9
373886.5
373892.7
373950.8
373956.4
373962.5
375849
375857.1
375919
376085.1
376260.9
376262
376385.1
376483
376504.5
376509.9
376526.1
376570.5
376695.9
376743.8
376758.1
376854.6
376869.7
376934.5
376957.3
377023.2
377030.7
377104.8
377177.4
377199.9
377214.7
377222.2
377330.9
377332.9
377383.7
377399.6
377426.3
377457.3
377458.8
377504.3
377567.1
377647.1
377662.6
377753.4
377807.1
377824.3
377825.2
377905
377929.1
377931.9
377944.7
378059.8
378122
378160.2
378160.3
378229.2
378250.6
378275.4
378347.4
378361.1
378415.7
378510.6
378527.1
378542.3
378559.2
378627.6
378640.8
378675.3
378712.1
378720.7
378722.4
378724.8
378764.6
378817.1
378869
378870
378925.4
378967.4
379004.3
379167.2
379180.4
379199.6
379234.1
379251.2
379268.2
379302.1
379414.4
379431.6
379435.3
379438
379457.8
379462.8
379518.5
379557.7
379561.7
379566.4
379571.8
379651.1
379659.1
379738.9
379784.5
379873.5
379884.1
379902
379902.6
379912.6
379915.3
379940.8
379978.2
380007.8
380031.3
380054
380056
380098
380128
380184.1
380200.5
380243.4
380253.2
380271.8
380284.2
380339.8
380464.1
380529.4
380530.7
380570.3
380596.4
380623.3
380706.3
380708.4
380709
380711
380723.6
380739.3
380819
380836.7
380869.2
380875.8
380891.5
380948.7
380969.9
381068.6
381127.5
381129.1
381145.3
381169.4
381201.1
381272.8
381289
381400
381413.9
381446.5
381453.2
381518.2
381532.6
381590.6
381627
381720.4
381732.7
381755.4
381763.3
381777.2
381794.1
381819.7
381874.2
381898.8
381926.1
381944.5
382003.5
382140.9
382191.4
382210.4
382243.1
382388.8
382430.2
382531
382606.6
382636.5
382892.7
382949.4
382954.2
382973.7
383066.7
383068.8
383079.6
383249.7
383289
383382.3
383407.6
383440.3
383617.4
383639.3
383672.7
383868.4
383998.9
384016.8
384060.3
384070.4
384172
384220
384227.9
384230.9
384271
384287.4
384290
384306.5
384385.9
384424.7
384490.2
384536.1
384553.6
384634.1
384643.2
384646.3
384650.6
384686.3
384688.2
384714.9
384801.7
384854
384892.3
384924.3
384964
384995.1
385047.5
385070.6
385156.8
385266.5
385270.4
385385.4
385393.4
385455.3
385576.6
385754.8
385796.5
385987.8
386297.6
386307.1
386337.9
386342.8
386373.1
386458.7
386468.9
386598.5
386645.7
386660.1
386670.3
386678.4
386737.8
386803.5
386817.2
386948.3
387032.3
387073.7
387245
387256.1
387423
387719.5
387720.7
387782.3
387790.4
388147.8
388173.5
388221.7
388477.2
388492.1
388499.4
388516.1
388573.8
388639.2
388645
388669
388690
388766.6
388768.5
388817.5
388940.1
389080.9
389251
389277.1
389285.6
389464.5
389467
389472.9
389527.7
389550
389559.4
389563.8
389589
389595.4
389599.6
389639.9
389760.9
389807
390111
390197.2
390262
390365.5
390441
390638.9
390655.6
390900.6
390909.6
391012.5
391144.5
391262.9
391267.7
391280.9
391483.8
391493.1
391924.8
391944.5
392025.6
392111.7
392158.1
392163.8
392198.3
392234
392321.7
392427.3
392492.1
392513.6
392519.6
392636.4
392683.3
392912.2
392940.3
392987.9
393032
393053.5
393100.3
393187.5
393295.7
393297.1
393343
393359.8
393402.9
393504.9
393682
393714.7
393799.2
393873.9
393933.9
394159.9
394182.4
394289.1
394316.4
394328.6
394373.9
394393.2
394394.3
394397.6
394464.1
394467.4
394485.8
394587.2
394607.7
394662
394692.4
394719.7
394724.1
394768
394783.1
394793.9
394796.5
394804
394877.4
395007.1
395100.1
395242.3
395376.8
395379.8
395394.6
395469.4
395551.4
395574.2
395695.7
395728.9
395758
395770.8
395820.7
395960.4
396107.8
396117.2
396356.8
396432.9
398157.1
398357.8
399368.6
399442.6
399525
399529.6
399785.2
399812.9
399929.4
399973.6
399998.1
400151.8
400171.3
400171.8
400190.3
400265.4
400282.6
400301.6
400324.1
400324.9
400328.5
400371.3
400385.9
400441.9
400477.5
400485
400520.6
400581.6
400785.9
400900.6
400917.9
400926.5
401040.6
401079.2
401137.2
401172.1
401195.7
401228.1
401248.4
401495
401532.5
401611.7
401873.1
401909.5
401911.7
401912.9
401919.4
401945.7
402095.3
402167.1
402270.1
402404
402511
402612.5
403193.9
403238
403381.1
403718.1
404223.7
404305.4
404307.7
404630.4
404639.8
404719.8
404761
404817.3
404826.9
404835
404998
405021.2
405079.1
405208.7
405355.5
405432
405484.6
405509.7
405543.4
405561.5
405564.9
405583.3
405678.9
405692.9
405733.3
405749.1
405821.3
405840.6
405844.2
406005.9
406017.6
406096.3
406118.9
406167.5
406216.1
406227.3
406314.2
406339.4
406346.5
406395.5
406444.2
406457.7
406671.6
406702.3
406783.4
406800.4
406923.9
406956.3
406956.5
407010
407073.2
407092.2
407307.3
407316.8
407331.5
407369.7
407404.2
407441.7
407455.4
407457.8
407478.3
407516
407534.8
407597.4
407627.4
407631
407688.5
407769.3
407796.3
407866.7
407960.9
407987
408018.5
408067.9
408094.4
408111.9
408136.9
408194.2
408250.2
408387.6
408415.3
408433.9
408502.7
408725.9
408762.3
408811.2
408833
408931.6
409092.4
409271.4
409365.7
409390.5
409463.7
409478.3
409799.6
409861.7
410098.5
410099.7
410167.6
410169.4
410404.9
410496.5
410795.7
410958.1
410959.2
411009.8
411025.3
411942.6
412104.1
412321.5
412470.6
413112.2
413191.4
413319.5
413437.4
413995.6
414128.8
414236.7
414318.9
414362
414438.7
414593.6
414688.2
415107.7
415188.8
415230.5
415372.4
415373.8
415418.8
415584
415599.7
415671
415714.7
415716
415729.7
415736.6
415778.1
415800.1
415820.4
415822.5
415917.5
415935.9
415937.4
415952.2
415987.5
415987.9
416088.1
416118
416143.4
416289.8
416380.6
416404.2
416422.8
416440.3
416556.8
416631
416716.4
416742.2
416761.4
416767.8
416789.9
416794.5
416879
416921.5
416954.4
416971.4
416995.8
417010.2
417021.8
417023.1
417069.3
417098.3
417161.6
417183.4
417367.5
417373.3
417378.8
417394
417460.1
417463.7
417514.6
417520.2
417550.8
417619.9
417634.8
417654.9
417656.8
417661.1
417678.4
417705.8
417725.3
417844.5
417887.1
417903.2
417936.8
417957.5
417964.3
417997.8
418041.9
418128.9
418148.4
418271
418582.8
418629.8
418635.1
419848.8
420140.9
424340.1
424505.6
424528.8
424548
424573.9
424697
424707.7
424787.4
424797.5
424798.9
425117.2
426016
426389.4
427842.9
427863
427946.8
427956.5
427969.1
428015.3
428033.3
428045.8
428094
428110.5
428134.4
428227.3
428280.1
428317.4
428435.8
428457.7
428485
428744.3
429358.5
430670.6
430990.2
431266.3
431934.4
432053
432098.4
432121.8
432363.2
432403.7
432422.5
432639.8
432901.9
433083.4
433135.4
433211.1
433263.5
433304.1
433308.8
433490.7
433880.3
433988.9
434026.3
434159.9
434172.3
434397.9
434432.6
434438.4
434443.2
434889.9
434972.7
435178.6
435190.6
435441
435657.7
435722.2
436132.8
436154.9
436180.5
436305.9
436312.6
436316
436514.3
436538.3
436885.7
437004.9
437026.3
437049.1
437244.7
437327.9
438755.7
438960.4
439270.5
439434.9
439670.4
439771.6
439833.6
439890.4
443595.4
446348.1
448803.6
448978
449014.7
449071.6
449236.7
451229.9
451257.6
451388.8
451473.4
451475.8
451512.6
451566.6
451662.4
451761.7
451873
451889.7
451902.1
451950.4
451953.4
451973.5
451989.9
452237.4
452420.1
456604.1
456622.1
456690.6
456707.3
456723.9
456861.9
457023.2
457053.1
457190.6
457226.6
457255.1
457257.3
457272.9
457380.9
457423.8
457535.5
457731.6
457751.4
459642.7
465908.6
466011.9
466082.7
466165
466258.9
467119.1
470974.4
471515
471707
472152.8
472196.4
472357.9
472374
472413.2
472423.9
472424
472495.7
472546.6
472768.6
472793.3
472824.8
472835.3
472907.7
472980.3
473134.6
473202.8
473229.5
473256.4
473257.5
473262
473276.4
473300.8
473317.9
473324
473341.1
473386.4
473420.9
473449.8
473526.3
473574.4
473634.1
473708.2
473827.1
473827.5
473836.9
473841.4
473846.4
473871.6
473924.6
473924.9
474015.7
474019.8
474050.8
474063.4
474063.5
474100.8
474103.8
474247.6
474257.6
474291.8
474292.7
474316.1
474329.4
474501.3
474511
474539.2
474576.5
474579.2
474629.8
474706.7
474791.7
474854.8
474973.2
475266.7
475301
475604.8
475752
475816.7
475902.8
476124.3
476498.3
476542.3
476558.2
476656
476688.1
476878.3
477040.1
477112.6
477119.5
477130.7
477521
477557.2
477631.3
477639.5
477866.3
477944.2
477994.6
478040.3
478478.5
478596.4
478599.5
479123.1
482249.3
485459.9
485465.5
485500.5
485725.9
485788
485863.9
485890.3
486002.5
486048.1
486075.2
486078.5
486093.7
486150.3
486190.1
486267.6
486286.6
486330.8
486361.4
486411
486423
486452.6
486467.2
486517.2
486600
486622.1
486634.7
486654.6
486738.4
486740.5
486761.6
486909.7
486938.1
486966.5
486996.1
487050.3
487052
487093.2
487403.3
487406.9
487412.2
487605.5
487608.6
487622.8
487628.6
487636.5
487721.7
487735.3
487836.5
487849.5
487888.5
487909.5
487923
488098.2
488229.9
488292.4
488340.4
488355.4
488364.1
488402.5
488437
488505.9
488509.1
488583.7
488594
488679.7
488715.6
488759.6
488792
488844.7
488898.6
488974.5
489044.4
489095.3
489112.7
489175.3
489195.6
489277.9
489283.5
489338.4
489343.5
489387.2
489392.9
489427.8
489454.4
489572.3
489756
489766
489817.5
489826.3
489866.1
489888.9
489935.2
489991.8
490003.8
490020.3
490028.3
490069.2
490157.4
490159.4
490162.5
490235.1
490273.6
490276.2
490388.4
490429.6
490440.9
490470
490474.6
490481
490483.2
490555.8
490571.2
490579.9
490609.5
490627
490746.6
490757.7
490860.1
490886.2
490967.7
491082.5
491094.5
491103.9
491136.2
491228.3
491238.8
491269.8
491380.8
491384.5
491441.3
491453.9
491475.2
491593.4
491604.1
491629.9
491765.2
491780.2
491799.1
491911.5
491929.3
491964.4
491980.4
491993.7
492105.8
492110.9
492136.9
492169.3
492185.5
492268.6
492290.8
492374.3
492550.1
492613.6
492634.1
492671.5
492685.8
492820.6
492841.6
492875.1
492900.9
492911.4
492968.7
492971.1
493086.8
493141.2
493221.8
493301.2
493488
493596.6
493598.2
493662.3
493758.2
493767.4
493819
493856
493922.8
493984.4
494180.5
494198
494212.7
494276.5
494322.2
494587.9
494644
494763.5
494833.2
494862.2
494916.1
494980.9
495010
495034.2
495106.3
495165
495239.7
495258.3
495323.1
495454.4
495459.9
495556.8
495634.3
495668.7
495728.4
495771.6
495819.7
495836.3
495838.5
495845.2
495880.7
495934.1
496079
496085.7
496128.2
496177
496185.6
496228.1
496284.2
496284.4
496289.1
496289.2
496408.5
496415.2
496452
496465.8
496507.9
496536.8
496581.2
496584.7
496586.1
496705.1
496801.5
496809
496826.9
496839.4
496848.6
496910.9
496935.4
496941.7
496947.1
497033.3
497062
497105.7
497133.8
497152
497156.6
497203.4
497223.7
497273.9
497281.6
497288.9
497352.3
497383.6
497444.8
497468.6
497533.4
497688.1
497696.2
497754.3
497792.7
497832
497881.5
497934.7
497942.6
497968.2
497976.8
497993.6
498011.6
498067.6
498095.3
498102.2
498300
498328.8
498383.7
498396.6
498529.2
498598.3
498681.5
498708.2
498722.3
498793.8
498816.1
498898
498924.9
498967.6
499029.2
499047.9
499084.5
499183.2
499229.5
499263
499267.7
499432.3
499437.6
499560.6
499567.2
499851
499927.2
500077.6
500136.5
500148
500255.2
500339.1
500408.7
500420
500426.3
500443.8
500515.3
500539.3
500675.2
500749.5
500752.7
500777
500812.1
500823.4
500834.8
500835.1
500865.7
500878.9
500891.9
500913.7
500922.7
500923.6
500948.8
500954.8
500987
501129.5
501209.8
501210.3
501227
501290.3
501299.6
501360.5
501365.9
501380.1
501567
501570.6
501703.3
501743.3
501749.3
501803
501807.4
501836
501843.9
501987
502054.8
502074.7
502090.8
502109.3
502153.5
502156.4
502162.7
502195.9
502312.4
502346.5
502473.3
502575.1
502585.7
502627.7
502640.6
502686.1
502743.7
502744
502794.7
502820.2
502831.7
502854.4
502859.9
502881.1
502881.4
502939.6
502956.8
503004.2
503007.4
503045.2
503073.8
503132.9
503178.3
503247.3
503310.1
503370.9
503411.2
503429.4
503460.5
503539.5
503546.3
503558.8
503583.7
503588.1
503625.9
503637
503643.9
503727.5
503819.7
503965.9
504024.8
504079.5
504171.6
504294.1
504326.1
504429.4
504557.7
504626.1
504646.3
504716.5
504729.3
504753.4
504808.1
504830.6
504883.6
504884.6
504909.8
504946.9
504954.8
504954.9
504961.4
504963.4
505067.3
505078.6
505080.6
505134.1
505205.3
505233.3
505325
505326.5
505578.6
505723.5
506070
506159.3
506306.5
506315.7
506366.5
506370.9
506371.3
506400.8
506415.4
506422.4
506457.6
506458.2
506508.7
506530.4
506539.6
506553.1
506578.5
506594.8
506605.5
506620
506691.4
506800
506836.7
506839.7
506840.1
506870.8
506905.8
506913.2
507003.5
507013.4
507061.9
507065.4
507072.5
507206.2
507289.3
507309.6
507368.7
507371.2
507435.5
507439.4
507513.8
507610.6
507665.7
507722.5
507742.3
507755.6
507770.2
507815.4
507829.3
507850.2
507910.9
508013.4
508048
508117.9
508212.3
508216.4
508674.3
518439.5
518599
519141
519205.9
519222.7
519341.6
519383.5
519404.3
519411.1
519457.4
519461.6
519558.2
519617.8
519791.1
519815.7
519953.8
519970.6
519972.2
520012.5
520027.6
520089
520128.9
520223.5
520313.7
520328.8
520402.5
520488.6
520539.5
520555
520635
520662.1
520817.5
520944.5
521001.1
521124.6
521180.7
521208.5
521226
521344.9
521424.3
521441.9
521444.2
521458.4
521485.4
521539.3
521671.5
521730.7
521766.8
521814.1
521818.9
521833.7
521856.6
521917.2
521951.1
521984.4
522183.1
522280.1
522327.4
522383.2
522421.2
522586.2
522717.2
522739.4
522829
522889.6
522997.7
523056.1
523129.8
523130.6
523174.3
523242.8
523252
523256.7
523281.8
523316.8
523327.1
523508.4
523536.7
523660.8
523746.5
523760.8
523770.4
523820.9
523897.6
523899.1
523930.2
523938.4
523999.3
524000.7
524163.1
524262.3
524290.8
524334.8
524372
524402.1
524451.9
524480.3
524497
524535.9
524540.9
524589.4
524707.9
524786.2
524807
524958.3
524970.9
525060.9
525117.3
525129
525134.7
525151.6
525155.4
525206.3
525220.6
525247.5
525279.8
525334.1
525424.4
525563.8
525743.8
525765.1
529999.9
530517.7
531838.5
532183.3
532296.6
532379.8
532394.2
532410.4
546646.2
546720.6
546795.8
546836
546841.6
546878.3
546923.7
546985
547033.3
547044.8
547049.8
547072.5
547112.4
547160.9
548922.2
549071.3
549102.9
549135.2
549196.1
549226.6
549324.4
549471.9
549545.9
549547.7
549557.6
549606.3
549624
551684
551791.8
551841.4
552040.4
552086.3
552155
552158.5
552189.4
552245.6
552282.1
552299.9
552349.5
552390.5
552396.3
552429
552439.2
552538.2
552545.6
552565.8
552753.7
552891.6
552946.7
553047.3
554047.3
554301.5
560137.1
560191.7
560530.5
560745.1
562152.1
562672
562958.6
563021.7
563312.1
563713.4
563726.5
563832.2
563945.3
564097.9
564122.6
564149.6
564189.2
564227
564236.1
564301.2
564363.6
568437.5
568633.3
568818.2
568893.1
569689.2
570463
572555
573290.3
573298.3
573887.6
574157.4
574251.5
574298.1
574319.6
574396.9
574429.2
574453.4
574457.2
574484.5
574507.5
574512.8
574595.8
574627.9
574647.6
574670
574702.3
574759.5
574894.6
574927.7
574974.7
575115.3
575225.2
575239.2
575266.4
575272.6
575339.5
575342.5
575406.3
577856.2
578032.7
578122.1
578277.7
578319.9
578388
578705.6
578919.6
579798.7
579818.9
582678
582812
582854.9
582987.5
583022.5
583030.7
583073.5
583084.8
583094.9
583220.1
583221.1
583224.9
583267.6
583297.7
583345.7
583421.6
583448.9
583484.9
583572.2
583628.7
583653.4
583728.4
583917
584025.6
584036.3
584091
584207.5
584405.2
584432.3
584465.9
584532.5
584754
584797.5
584884.4
584926.7
585001.6
585076.8
585091.4
585270.2
585330.7
585357.8
585485.3
585565.2
585607.7
585619.3
585664.5
585749.8
585936.2
586217.3
588158.9
590268.9
590286
590342.9
590346.6
590488.2
590539.2
590560.1
590648.7
591476.1
591482.3
591489.9
591550.2
591615.9
591637.7
591693.8
591697.9
591735.6
591757.9
591787.6
591871
591881.9
591910.6
591916.2
591938.7
591963.7
591989
592021.1
592044.6
592047.2
592056.3
592076.1
592178.6
592235
592239.3
592249
592325.1
592375.8
592417.6
592421
592457
592463.7
592471.8
592482.6
592486.7
592537.5
592611.7
592680.9
592975.9
593027.8
593127
593183
593192.6
593232.8
593258.6
593333.4
593338.5
593346.5
593442.8
593556.4
593560.7
593574.4
593741.1
593798.9
593914.1
593981.1
594071.4
594107.5
594185.6
594214.4
594332.2
594374.9
594398.1
594539.2
595900.8
596162.4
596271.3
