1869.1
1930.2
1955.5
2023.2
2074.4
2095.7
2114.1
2119.5
2202.9
5502.9
5630
5651.2
5655.5
5697.7
5769.6
5812.2
5830.6
5862.2
5921.5
5976.6
6055.7
6073.3
6130.4
6176.3
6248.5
6255.7
6264.6
6286
6288.3
6322.8
6332.8
6389.3
6407.5
6717
12334.3
12373.1
12400.6
12487.1
12492.3
12521.7
12525.8
12561.9
12574.6
12596.1
12612.6
12619.7
12650.3
17885.3
17911.3
18056.8
18072.6
18144.6
18243.1
18256.5
18425.3
18566.1
18701.6
19603
20528.5
23301.2
29207.7
30719.2
30912.4
34936.7
35198.3
35406
35422.2
35434.3
35532.2
35603
35605.1
35688.2
35756.5
40305.7
40619.1
40651.7
40816.7
40931.4
40983.9
41008.8
41086.1
41170
41230.1
41347.5
41494.6
41612.5
41634.2
41636
41659.6
44922.8
44950.2
44968.1
45060.8
45077.4
45174.7
45194.6
45226.8
45267.7
45312.3
45395.7
45624.4
45745.4
49769.7
49900.9
49991.5
50106.2
50949.9
50997.7
51201.3
51624.3
51918.3
57478.3
57494.7
57588.8
57712
57799
57816.9
57847.1
57904.1
57936.7
58176.4
58203.1
58224
58314.5
58316.1
58374.1
58538.3
58590.2
58669.6
58685.6
58756.9
59095.6
59221.9
62625.7
62753.8
62877.4
62993.5
63151.3
63235
63254.2
63257.1
63361.4
84276.9
84462.3
84496.4
89629.4
89639.8
89647.3
89747.5
89866
89930.2
89950.3
90075.3
90109.5
90171.6
90304
90495.6
90543.4
90807.3
91867.3
92011.3
92150.1
92391.5
92407.2
92568.6
92600.8
92602.6
92614
92621.4
92912.3
92918.6
92973.8
92974.2
93145.9
93228.5
93258.4
93274
93937.1
94060.6
94079.3
94166.9
94295.4
94495.9
94687.7
94750.8
94853.5
95176.8
95521.3
96982.7
97274.9
97954.4
98808.8
99275.6
99316
99815.4
100076
100167.1
100387.2
100482
100751.6
100992.1
101000.8
101001.2
101040.9
101068.4
101155.1
101567.3
101782.1
101956.6
102051.1
102410.3
102443.9
102472.5
102507.8
102666.7
102858.2
103017.7
104994.6
106536.4
106799.6
106938.4
106996.3
107032
107119.7
107142.8
107186.4
107270.3
107281.8
107367
113440.3
113665.5
113702.3
113720.9
113753.3
113754.6
113761.6
113767
113791.1
113891.2
113949.3
113952.4
113956.7
113976.9
113978.4
113980
113988.5
114024.5
114162.7
114180.3
114228.5
114249.6
114251.7
114281.1
114324.5
114392.1
114429.2
114458.8
114488.2
114507.4
114532.6
114570.3
114599.3
114603.9
114672.5
114719.3
114740.7
114819.5
114941.8
114984.9
115009.8
115029.9
115044.6
115055.1
115077
115108.9
115167.6
115185.2
115274
115280.8
115358.7
115382.1
115395.8
115464.8
115555.8
164137.6
164530.5
164656.2
164720.4
164757.2
165064.8
165150.7
165570
167461.5
167498.6
167500.2
167520.4
167610.1
167640.6
167660.3
167706.2
167770.3
167945.6
168612.9
177768.5
178028
178083.2
178105.1
178212
178460.2
178827.6
179070.2
179166.1
179209.9
179216
179263.8
179325
179364.1
179596.7
180072.8
181121.8
181158.3
181350.7
181449.7
181526.6
181586.7
181601.5
181619
181740
182139.6
182151.5
182249.2
182282.7
182286.1
182291.2
182336.5
182337.2
182447.3
182483.9
182517.9
182538.2
182540.5
182603.3
182669.7
182697
182702.1
182709.7
182721.9
182741.6
182742.8
182843.9
182979.3
184020.8
184066
184155.1
184180.1
184244.9
184295.9
184309.4
184377.8
184430.8
184514.5
184569.3
184580.4
184609.3
184672.5
184725.1
184750
184762
184765.3
184831.8
184852
184897.3
185023.6
185111.3
185150.9
185201.6
185252.7
185393.7
185532.3
185752.3
186658.6
187068.8
188576.3
188653.9
188832.6
188851.9
188853.3
188933.3
188973.2
189015.1
189052
189194.3
189208.1
189253.8
189291.5
189386.4
189448.3
189604.7
189609.9
190811.2
190843
190858.5
190858.7
190959.4
191000.5
191027.4
191088.9
191134.3
191159.5
191168.4
191235
191305.8
191350.8
191352.9
191383.6
191383.8
191409.7
191423.2
191459.5
191472.7
191496.8
191513.3
191552.6
191820.3
191847.6
191849.8
191933.1
192029.8
192043.2
192064.3
192147.3
192257.9
192317.9
211003
211031.5
211084.6
211373.8
214517.7
214604.6
214763.4
214831.7
214952.9
215092
215143.9
215220.4
215283.4
215358.3
215400
215413.6
215511
215584.8
215676.8
215684.4
215894.2
215906.2
215917.3
215929.8
215966.8
215974.4
216109.2
216223.4
216267.5
216281.7
216356.4
216375.1
216408.1
216426.1
216458.3
216460.6
216501.1
216523.1
216608.2
216668.7
216703
216724.6
216804.7
216808.8
216858
216973.5
216998.6
217033.3
217052
217535.4
225340.9
225408
225555.4
225600.2
225620.8
225652.9
230316.8
230450
230693.2
230899.9
230915.1
230936.9
230997.7
230998.3
231015.1
231060
231142
231217.9
231420
241943.7
244674.5
244794.3
256567.1
256623.2
256699.8
257831.8
258358.5
258493.4
258889.8
258955.4
259141.5
259202.2
259286.6
259402.2
259474
259578.9
259678.8
269969.6
270015.8
270019
270264.3
270305
270522.6
270548.2
270549.3
270749.5
270840.1
270869.3
271042.5
271127.9
271176.4
271180.5
271181.8
271250.4
271440.8
271483.7
271640.9
271762.5
271777.6
271841.8
271969.8
272165.8
274408.4
274618.9
275547.5
275861.1
275998.3
276110.4
276161.3
276215.2
276301
276325
276394
276744.9
276964.8
277133.4
278046.2
278071.7
278121.9
278149.3
278309.2
278351.7
278400.6
278492.8
278571.5
278643.7
279560.6
279626.5
279839.2
279889.8
279989.1
280013.4
280015.5
280046.3
280095.1
280324.8
280378
280379.5
280410.8
280411.6
280447.9
280478
280483.7
280543.5
280592.5
280675.7
281661.1
281665.7
281683.1
281725.6
281867
281877.7
281892.5
281908.9
281945.6
281956.3
281963.8
282013.4
282032
282033.5
282223.2
282254.1
282294.2
282323
282417.9
282455.4
287049.3
287089.3
287298
287416
287438.1
287479.1
287522.7
287525.7
287612.8
287677.5
287692.2
287744.6
287797.6
287879.3
287905.1
287930.4
287936.6
287984.2
288011.5
288072.8
288129.4
288136.4
288148.2
288467.7
288506.7
288614.1
288616.3
288719.1
288777.7
288815
288902
288966.9
289045.8
289161.6
289171.7
289251.3
289420
289477.7
289646.5
289727.8
289740.5
289746.1
289830.8
289915.5
290007.2
290091
290116.3
290158.2
290167.3
290201.1
290226.8
290293.2
290321
290413.4
290415.6
290647.5
290772.4
290844
290935.8
290949.5
290979.3
291013.8
291066.6
291223.5
291486
291559.9
291628.2
291739.4
291895.1
291970.1
291970.4
292152.6
292172.1
292202.9
292232.8
292420.1
292481.4
292730.1
292774.4
292833.9
292873
293272.8
293381.4
293471.3
293544.4
293824.6
293878.3
293955.4
293974.1
294034.7
294047.6
294086.5
294103.3
294121.9
294174.3
294182.3
294215.1
294229.9
294273.9
294284.9
294313.8
294340
294409.9
294600.3
294617.9
294677.2
294697.8
294876.2
294968.7
294980.7
295134.7
295139.3
295191.8
295202.1
295267.5
295295.7
295379.6
295417.3
295498.4
302215.8
302295.1
302765.7
302853.7
302979.6
303037.9
303061.3
310807.2
310873.9
310979.5
320376.1
320670
320846.7
320897.2
321029.8
321189.1
321325.5
321332.2
321346.1
321600.6
321887.6
321920.4
321935.7
322036.7
322133.8
322168.7
322217.5
322377.6
325844.2
333082.7
333245.2
334240.2
334900.5
334907.1
334963.1
335016.2
335047.1
335058.5
335098.3
335098.6
335202
335252
335277.2
335314
335347.6
335480.2
335483.3
335496
335517.2
335561.2
335661.4
335714
343137.6
343229.8
343505.2
344422.8
344770.1
345000.5
345151.8
345264.3
345391.4
346544.2
346670.4
346755.1
346757.4
346897.2
346950.1
347003.1
347011.3
347021.1
347030.5
347087.7
347136.5
347210.4
347337.6
347359
347385
347429.6
347456.2
347505.6
347808.4
347986.7
348328.8
348331.8
348455.4
353632.3
353764.1
353777.9
353805.1
353892.1
353933.2
354021.2
354188.6
354245.2
354248.6
354278.5
354335.6
354360.5
354435.5
354472.2
354477.5
354541.6
354554.8
354573.9
354610
354631.3
354652.6
354704.1
354744.7
354905.3
354959.4
366460.5
367418.6
367497.7
367634.3
367666.9
367684.9
367868.6
367912.2
367995.1
368032
368173
368230.7
368284.8
368311
368351.6
368362.8
368606.2
368758.1
368820
368850.3
368870.9
368893.8
369080.8
369159.3
369166.3
369211.5
369242.8
369303.5
369364.5
369409.1
369436.1
369437.5
369495.8
369496.3
369570.2
369590.9
369642.4
369649.8
369672.8
369676.2
369718.3
369753.6
369762.9
369780.2
369827.3
369845
369902
369910.3
369960.6
370016.4
370120.8
370140.4
370149.2
370195.3
370237.5
370278.4
370384.9
370530.8
370537.2
370573.5
370587.8
370693.9
370790.1
370824.1
370851
370865.9
370894.9
370900.4
370922.9
370929.4
370940.1
370941.6
370950.6
370963.2
370987.1
370992.9
371045.1
371048.3
371066.4
371142.7
371176.5
371178.7
371189.6
371225.1
371326.1
371341.9
371358
371362.4
371417.3
371487.9
371757.8
371769.1
371785
371808.9
371827.8
371865.3
371984.3
372002.4
372055.5
372059.6
372194.7
372214.2
372299.7
372353.4
372476.8
372697.6
373878.7
373887.8
423928.6
424266.8
424354.6
424450.7
424648.8
424653.5
424672.7
424739.4
424819.8
424911.2
424962.4
426259.9
428116.2
428163.5
428190.9
428230.3
428271.6
428284
428410.8
428559.5
429267.2
445497.2
445729.3
445914.4
446824.8
447072.4
448329.5
448857.6
448960.2
449014.2
449568.7
452239.1
452418.1
452455.3
452486
452504.4
452519.6
452559.3
452654.6
452667.6
452697.7
452757.6
452775.6
452798.2
452798.9
452830.6
452864.4
453000
453133.5
453160.7
455084.3
456169.5
456225.4
456246.6
456270
456271.5
456348.8
456355
456376.5
456380.7
456405
456408.2
456436.4
456500.6
456597.2
456597.5
456626.4
456650.6
456798.3
456870.3
456921.5
456923.3
456945.3
456992
457005.2
457138.6
457161.6
457250.3
457401.4
457417.7
457428.7
457663.6
457774.6
461791.1
461921.5
462003.6
462031.8
462164
462226.8
462244.1
463775.3
465467.3
465969.7
466044.3
466046.5
466097
466102.1
466155.3
466227.3
518124.7
518426.5
518821.3
518903.8
518907.2
519106.1
519178.4
519191.5
519242.1
519484.3
519519.6
519551.4
519654.3
519989.6
520197.6
520222.7
520417
520429.2
520429.6
520466.2
520554.5
520579.3
520597.7
520616.3
520662.7
520682.1
520788.4
520808.6
520811.5
520902.1
520956.9
521079.7
521128.4
521190.4
521195.9
521217.4
521250.9
521364.9
521418.5
521434.1
521492.2
521523.3
521526.2
521547.6
521618.5
521629.4
521631
521747.3
521789.8
521801.9
521816.9
521836.6
521884.9
521892.1
521895.4
521904.4
521917.5
521925.8
521971.5
521989.7
522015.7
522022.3
522059
522121.8
522147
522266.8
522292.9
522305.1
522333.7
522340.1
522385
522434.7
522461.6
522468.7
522484
522531.5
522554.9
522581.4
522626.3
522632.6
522637.3
522782.6
522851.9
522873.6
522949.9
523013.2
523027.7
523047.5
523051.1
523170.6
523204.7
523263.9
523362.8
523368.2
523375.5
523382.5
523427
523474.9
523476.1
523513.4
523517.9
523545.2
523546.1
523599.8
523625.7
523654.7
523659.6
523669.2
523804.7
523984
524021.7
524039.2
524041.5
524054
524059.8
524071.9
524082
524151.6
524247.6
524263.4
524428.3
524455.5
524485.1
524493.9
524503.2
524529.8
524602
524605.7
524696.6
524847.7
524938.1
525031.4
525078.4
525137
525721.8
530349.7
530468.7
530518.3
530546.5
530618.3
530658.7
530674.2
530878.7
530893.2
531123.4
531262
531713.9
531728.3
531803.7
531858.6
532075
532121.5
532392.6
536891.9
538024
538275.6
538532.9
538545.6
538596.9
538694.4
538756.2
538773.3
538848
539082.1
541380.1
543555.5
543728.3
543946.3
544697.9
544709.9
544931.5
544994
545489
545547.6
545938.3
546068
546098.6
546140.6
546173.5
546372.9
546443.3
546588.8
546643.5
546664.1
546850
546873.3
546892.8
546956.1
547224.2
547230.4
549334
549363.3
549475.7
549518
549611
549628.8
549664.1
549686.8
549752.7
549818.9
549914.4
549961.1
549969.5
550035.9
550092.5
550094.8
550147
551327.9
551692.8
552043.9
560049.1
560202
561837.2
561879.2
562355.2
562431.9
562528.9
562570.5
562639.4
562650.6
562701.2
562703.8
562731.9
562747
562797.4
562968.9
563000
563008.3
563051.1
563160.9
563179
563213
563233.4
563244.5
563286.5
563306.6
563312.6
563332.9
563517.2
563545.6
563548.9
563585.6
563617.2
563680.1
563727.6
563816.4
563885.9
563893.1
563927.3
563975
564012.3
564083.1
564093.9
564201.8
564265.2
564304.6
564361.1
564417
564429.9
564640.1
564699.4
564817.1
564859.5
570548.5
570695.5
572098.2
572196
572229.1
572255.2
572299.8
572341.9
572424.2
572431.4
572473.3
572486.1
572496.1
572574.3
572649.5
572889.1
572923.1
573009
573012.5
573061.8
573099.1
573136.8
573180.6
573231.9
573246.6
573353.6
573359.8
573467.7
573470.2
573485.2
573568.4
573629.7
573631.7
573705.4
573745.3
573920.4
573992.1
573995.5
574063.1
574072.4
574098.1
574099.7
574105
574126.4
574232.1
574286.7
574289.6
574332.1
574395.7
574410.4
574417
574607.1
574609.5
574614.6
574636.9
574650.8
574706.4
574852.2
574907.4
574974.9
575210.8
575282.3
575300.9
575445.7
575459.6
575623
575760.1
578120.9
578212.1
578232.7
578242.8
578272.1
578278.6
578373.5
578512.4
578522.8
578622.5
578628.6
578649.5
578694.1
578758.4
578969.4
579006.1
579153.8
579214
579318.3
579333.3
579635.3
580587.2
581795
582136.6
582184.8
582196.2
582228.2
582463.1
582486.8
582496.1
582585.3
582671.7
582702
582732.6
582757.7
582795.1
582858.6
582894.4
582912.2
582915
583030.9
583229.4
583245.8
583267.6
583287.1
583299.1
583342.5
583398.4
583445.4
583508.8
583529.2
583540.4
583569.5
583689.3
583953
584022.2
584181.7
584210.8
584295.2
584346
584533.1
584692
584710.1
584725.9
584745.1
584763.3
584809.6
584818.9
584824.6
584837.8
584876.7
584918.6
584940.1
584953.9
585052.3
585102.9
585104.1
585126.2
585162.1
585168.2
585228.7
585261.3
585273.4
585278.6
585425.1
585513.1
585520.9
585542.7
585633.3
586396.2
591381.9
591457.1
591602
591757.1
591860
591868.3
592020.8
592087.1
592116.9
592178.7
592190.2
592229
592273.6
592302.5
592386.4
592397.3
592415.2
592463.9
592482.1
592607.7
592698.5
592704.5
592788.7
592793.8
592837
592899.3
593008.1
593123.1
593317.2
593318.8
593343.4
593393.7
593411.8
593577.5
593717.5
593815.6
593858.2
593927.3
593959.8
594037.9
594043.3
594065.6
594088.4
594102.8
594112.4
594160.6
594210.7
594216.9
594378.5
594384.6
594398.2
594431.8
594464.8
596190.9
596215.1
596232.4
596296.5
596331.7
596575
596609.8
596810.4
597078.3
599436.5
