1188.9
2053.6
2070.3
2212.6
2220.1
2864.8
2917.7
2932.8
3120
3239.8
3260.6
3269.3
3317.7
3381.9
3390.7
3445.8
3544.1
3544.5
3573.9
3579.5
3696.8
3800.1
3822.9
3827.4
3833.6
3833.9
3923.5
5098.5
5112.5
5172.6
5189.2
5202.3
14704.4
14773.7
16928.2
17096.4
17096.8
17129
17150.2
17150.6
17154.9
17157.6
17186.1
17204.2
17223.5
17263
17292.5
22902
23023.3
23549.5
26312.9
26527.9
29192.3
29838.7
29948
30010.1
30086.8
30265.1
30325.1
30371.8
30531
30587
30770.6
30886.8
30896.4
30905.8
30931.5
30959.4
31011.2
31043.1
31133.2
31166.1
31429.2
31443
31467.4
31482.5
31506.9
31885.4
35451.5
35465.2
35502
35583.9
35595.1
35608.9
36238.3
36300.9
36376.6
36436.7
36618.2
36659.5
36666.3
36668.2
36695.1
36724
36738.9
36740.7
36838.4
36885
36983.6
37102.9
37105.5
37127.5
37187.9
37261.1
37274.7
37310.6
37330.8
37411.2
37434.5
37449
37476.1
37504.6
37517.7
37612.9
37625
37632
37645.1
37662.4
37734.6
37775.2
37789.6
37834.3
37884
37895.2
37909.3
37988.5
38031.8
38062.7
38852.4
38889.8
38892.2
41935.3
41947.2
42085.7
42100.2
42186.9
42225.2
44049.9
44354.8
44377.3
44406.7
44409.9
44410.9
44435
44452.9
44476.4
44563.2
44577.8
44605
44623.4
44672.1
44756.2
44848.4
44974.2
45310.9
46065.3
47501.2
47569.3
51371.3
52073.1
52259.3
56622.9
57050
59581.4
60696.3
60737.2
60764.1
60839.8
60949.9
60974.8
61108.7
61148.6
61185.5
61217.4
61230.1
61257.4
61270.4
61305.1
61332.3
61361.8
61372.2
61385.6
61400.7
61421
61501.1
61568.3
61614.9
61654.1
61802.3
62127.5
62144.2
62323.7
62404.6
62438
62536.3
62557.3
62578.7
62592.6
62593.5
63128.1
63257
63324.6
63433.1
63522.6
63701.3
63713.4
63869
66461.1
66626.2
68964.8
69533
72167.3
72505.8
72554.2
72757
72948.8
73114.1
73247.9
73333.2
76531.9
76670.4
76677.9
76690.9
76738.8
76752.3
76790.8
76804.3
76829.4
76880.9
76898.3
76944.3
76947.2
76985.8
77011.3
77019.5
77111.4
77123.1
77228.3
77299.8
77314.5
77418.5
77419.2
77504.6
77563
77697.2
77703.3
85773.9
85809.8
86147.2
86187.1
86825.9
89667.2
89711.9
89757.2
89770.5
89783
89888.9
89952.2
89984.2
90086.1
90169
90243.7
90380.9
90444.9
91135
91339.2
91342.4
91456.5
104201.1
104284.7
104324.5
104495
104514.3
104527.3
104529.4
104531.6
104594.1
104598.9
104616.3
104617.4
104628.9
104646.5
104654.2
104688.6
104735.5
104740.8
104776.9
104777.8
104791.2
104897.8
105132.6
105158
105261.4
105314.2
105331
105337.9
105403.4
105436.9
105447.9
105454.6
105537.8
105555
105621.8
105634.3
105686.4
105728.3
106895.7
106968.7
107019.8
107032.2
107094.9
107156.1
107158.4
107226.2
107236
107245.9
107302.2
107365.2
109800.8
112642.6
112866.9
112892
112940.2
112996.9
118461.3
118534.1
118585.6
118756.2
126804.7
126849.5
126872.8
126994.9
127125.6
127217.3
127832.9
139740
139972.8
140013.9
140126
140183.2
140217.8
144782.7
144978.9
145672.7
145726.9
145748.7
145782.8
146048.9
146122.6
146142.8
146203.3
146383.3
146504.6
146742.2
146826
146978.1
147004.7
147254.7
147400.7
147420
148149.4
148182.1
148276
148340.4
148362.2
148677
148753.1
148757.9
148814.6
148909.4
148929.2
149074.4
149677.3
149762.6
150315
150407.8
150583.2
150603.3
150671
150889.5
151106
151115.3
151155.3
151199
151201.4
151380
151409.9
151633.7
151638.8
151899.7
151953.2
151960.4
152020.8
152054.8
152088.5
152131.4
152138.1
152213.1
152238.5
152244
152496.8
152518
152644.1
152707.5
152795
152851.1
152953.3
153508
153961.2
153999.7
154048.3
154048.8
154227.8
154228.6
154318.8
154338.2
154465.4
154496.6
154529.9
154629.4
154667
154667.8
154820.2
154878.4
154907.6
154919.7
154937.8
154959.6
155067
155213.8
155345.7
155353.1
155403.3
155529.6
155700.9
155702.4
155744.6
155856.1
155933.2
155954.7
156068.7
156325.8
156328.9
156330.4
156425.6
156444.2
156540.7
156609.8
156696.9
156781.9
156820.1
156895.2
156965.5
157029.8
157059.8
157063.7
157154.1
157243.5
157262.8
157445
157695.1
157713.1
157741.6
157810.5
157884
158066.4
158073.1
158093.9
158155
158160.5
158267.5
158406.6
158494.8
158498.7
158569.1
158583.7
158616
158649.3
158686.9
159071.1
159088.7
160273.4
160301.7
160456.9
160458.6
160505.6
162640.2
162649.8
162687.1
162767.5
162780.3
162933.6
163027.3
163086.3
166344.1
167249.7
169486.5
170134
170350.5
170979.2
171789.3
171907.9
172042.3
173159.6
173309.7
174357.2
174406.7
174479.2
174496.7
174599.6
174711.6
174751.7
174763.3
174998.7
177113.6
177549.2
177618.7
178177.2
179485.9
179553.7
179631.2
179650.7
179692.2
179723.1
179731.1
179740.9
179802.6
179824.9
179831.1
179836
179960.4
180146
180160
180186
180211.6
180275
180282.2
180327.6
180411
180471.3
180502.8
180508.7
180558.5
180568.3
180591.5
180632.8
180771.7
180791.7
180958.5
181011.7
183002.7
183139.9
183146.3
183295.2
183297.5
183933.6
184122.5
184144.3
184165.1
184310.9
184792.3
184972.2
187394.4
199112.3
199324.9
199364.4
199612.4
199779.5
199844
199908.8
199942.3
199962.5
199963.1
199996.8
200009
200015
200125.3
200151.7
200208.3
200214
200247
200307.6
200400.3
200440.7
200470.2
200568.6
200599.8
200605.5
200619.2
200757.4
200762.4
200841.8
200845.2
200852.6
201049.3
201054
201059.5
201170.5
201196.8
201231.1
201236.9
201256.7
201257.7
201572.7
201591
201694.9
201759
201803.8
201847.7
201872
201887.5
201889.9
201903.1
201996.9
202074.9
202138.2
202172.7
202280.4
202378.1
202413
202482.5
202645.6
202710.3
202743.8
202774.5
202812.8
202866
203077.4
203130.8
203156.2
203174.7
203336.6
203413.6
203435
203451.7
203458
203517.3
203595.9
203718.9
203745.9
203826.5
203921.2
203947.5
203990.2
204011.6
204137.2
204158.2
204182
204188.6
204375.2
204398.7
204526
204628.8
204679.9
204685.8
204688.5
204723.9
204781.1
204821.6
204850.8
204983.5
205022
205063.4
205066.8
205144.4
205163.2
205195.3
205196
205226.6
205268
205283.2
205287.6
205303.8
205307.1
205310.1
205395.2
205395.6
205459.3
205490
205586
205651.9
206310
206963.5
209822
209831.1
209880.1
209966.3
209971
209995.2
209997.6
210045.9
210070
210135.1
210153.9
210183.3
210187.8
210286.3
210335.6
213577
213694.1
214035.4
214053.5
214054.1
214207
221023
221823.6
221920
221974.7
221976
222023
222130.4
222157.9
222221.2
222246.9
223048.8
223185.2
223215.7
223252.9
223366.8
225462.2
225496
225547
225646.4
225751.4
225751.9
226570.8
229604.2
229606.9
229973.2
230002.2
230028
230777.5
232289.3
232298.1
232433.5
232646.3
233252.4
240365.6
240372.9
240487.4
240563.7
240579.8
240612.1
240641.1
240732.4
240847.5
240852.9
240859
240904.2
240949.4
241133.4
241193.7
241287.4
241389.7
241393.4
241452.9
241532.3
241605.4
241628
241727.2
242405.3
242457.5
242457.6
242500.2
242579.5
242638.9
242640.9
242702.4
242741.8
242753.8
242806.6
242846.3
242877.9
242879.5
242899.2
242953
242978.9
242993.1
243001.8
243019.3
243023.3
243120.6
243406.5
243868.4
244316.3
244320.5
244447.3
244480.3
244520.5
244618.6
244631.1
244631.3
244679.5
244759.5
244765.4
244765.7
244792.8
244803.1
244854.4
244883.2
244940.1
245042.1
245229.2
245321.6
245326.4
245362.3
245797.9
245873.2
245896
246021.9
246143.9
247578.6
248150
248478.8
248850.6
248926
249011.1
249068.9
249105.1
249300.9
252695.3
252726.6
252795.6
252987.1
252995
253066.4
254226.9
254618.2
259265.1
259325.5
259425.6
259426.3
259444.8
259462.5
259483.8
260130.8
260240.2
260285.6
260301.1
260367.8
260406.7
260461.3
260494
260595.4
260597.2
260627.5
260737.1
260834.1
260865.7
260893.5
260972.3
261067.5
261071.2
261077.2
261152
261157.4
261269.9
261295.9
261334.8
261500.5
261507.5
261528.5
261621.1
261684.5
261695.7
261922.8
262040.5
262057.9
262173.6
262434.2
262456.7
262809.7
262830.2
262953
262965.9
264992.9
265207.8
265228.4
265233.8
265313.6
265359.5
265605.8
265807.6
266090.1
266100.2
266165.6
266315.2
266319.2
266357.2
266447.4
266459.9
266792.1
266820.7
266970.5
266982
266993.7
267080.5
267120.7
267222.7
267345.6
267354.2
267373.7
267435.9
267451.8
267546.5
267574
267575.7
267591
274506.6
274579.7
274842.3
278738.7
279730.8
280768.1
280781.8
280850
280899.6
280931.2
280964.6
280968.7
280985.4
281018.4
281019.5
281022.3
281155.7
281288.2
281299.8
281315.8
281337
281358.9
281446.1
281461.6
281528.4
281630.7
281633.7
281715.4
282662.2
282724.4
282872.2
282873.6
284981.1
285871.6
286058.7
287488.4
287522.8
287604.8
287614
287627.1
287743.7
287844.6
287847.6
287853
287922.3
287927.2
287932.2
287933.2
287957.5
287972.8
287998.7
288010
288022.6
288023.1
288038.4
288043.4
288049.3
288058.8
288206.5
288458.6
288714.3
289882.6
290780.7
291000.4
291643.1
291974.4
292189
292239.9
292275.8
292301.1
292333.6
292354.7
292427.7
292753.1
292779.3
292918.4
292937.3
292968.6
292999.4
293046
293264.2
294065.7
294096.3
294128.1
294148.7
294190.9
294212.7
294234.1
294370.5
294431.5
294565
294597.4
294716.5
294736.3
294758.5
294816.4
294856.2
294929.8
295020.1
295116.8
295272.7
295309.7
295327
296809.3
296930.2
297029.2
297098
297132
297148.4
297163
297277.7
297399.1
297595.6
297684.6
303127.2
303354.3
303404.3
303434.8
308613.6
308640.7
308729.2
308902.4
308958.7
309503.7
310042.2
310746.4
310868.5
311021.5
311480.1
311647.6
311712.2
316412
318501.4
319788.1
320083.7
320089.1
320101.7
320182.5
326137.3
326315.1
326370.4
326420.6
326448.8
329747.5
329905.1
330222
330263.5
332604.5
334109.3
334168.4
334382.3
338416
338453.6
338476.4
338560.1
338603.6
338649.8
338674.6
338707.8
338759.3
338884.2
339034.4
339085.9
339112.5
339134.1
339178.9
339285.4
339299.3
339317.8
339322.2
339325.2
339362.3
339487.4
339515.9
339813.4
343436.4
343705.6
343719.2
343785.6
343794.3
343902.1
343939.8
343965.3
343967
343975
344024.9
344025.6
344034
344047
344132.9
344156.1
344180.2
344199.6
344249.9
344327.1
344346.2
344537.7
344633.2
344698
344879.9
344916.4
345058
345262
345309.4
345389.4
345432.9
345477.3
345526.1
345558.7
345575.1
345675.4
345677.6
345699.8
345720.5
345742.8
345900.5
346302
346422.4
346436.1
346439.5
346453
346469.5
346485.6
346582.8
346613.5
346630.6
348482.5
348553.3
348607.1
348622.2
348744.2
348746.9
348838
348941.6
348958.2
349164.9
349179.1
350958.7
351082.4
351323.8
351393
351438.2
351464.2
351631
352093
352615.1
354124.1
354158
354466.3
354503.7
354516
354567.3
354632.8
354765.5
355014
356104.5
356153.3
356211
356339
356362.9
356428.1
356438.8
356697.3
356731.3
356736.7
356752.3
356831.9
357108.2
357178
357317.9
357642.5
357705.3
357806.8
357885.4
357910.8
358032.2
358032.6
358113.8
358309
358414.5
358415.5
358555
359317.2
359498.8
359743.3
359829.6
359875.9
359922.4
360087.9
360119.1
360138.7
360237.1
360285.2
360295.8
360302.1
360351.3
360467.2
360470.1
360511.3
360553.6
360714.5
360741.5
360817.5
360999.6
361108
361251.7
361524.4
361547.9
361789.2
361843
361880.3
362012
362079.3
362510.5
362654.3
362807.8
362989.1
363028.9
363037.6
363543.8
363636
363636.8
363916.1
363946.7
364458.1
364573.2
364799.8
364946.5
367711
367737.5
367749
368375.8
368398.1
368833.7
368935.9
368941.8
369213
369242.2
369297.4
369315.9
369499.7
369517.6
369658.1
369684.8
369920.7
369959.7
369971.6
369982.3
370025.8
370026.2
370029.6
370053.3
370064.2
370125.7
370181.4
370234.5
370291.7
370341.8
370356.9
370373.2
370378.3
370408.4
370428.1
370453.4
370496.2
370500.2
370539.5
370583.5
370753.5
370784.5
370823.8
370931.6
370965.1
370976.8
370980.9
371042.2
371111.8
371123
371160.5
371184.8
371225.4
371267.6
371269.1
371302.5
371344.7
371348.9
371362.6
371408.2
371426.5
371455.9
371553.6
371664.6
371669.1
371673.7
371696.8
371714.3
371890.2
371949.4
372023.6
372026.4
372067.8
372080.1
372095.2
372106.7
372183.5
372198.4
372257
372271.3
372291.1
372311.3
372325.2
372339.5
372393.3
372412.4
372453.8
372555.6
373096.8
374324.5
374335.9
374460.4
374485.9
374738
374748.4
381171.6
381922.2
382407.9
388986.8
394293.7
394626.7
395003.8
395139.1
395149
395426.5
395940.8
396028.1
396238.7
401128.3
403184.9
403725.7
403812.4
404520.7
419796.2
419905.3
419939.2
419981.3
420032.2
420032.8
420083.6
420171.6
420239.3
420239.6
420255.6
420266
420382.8
420383.7
420402.7
420404.9
420513.5
420520.4
420576.9
421378.9
421477.9
421551.6
421566.3
421620.6
421652.9
421653.6
421689.4
421704
421724.9
421725.8
421728.8
421868.1
421944.2
421948.7
422087.8
424109.4
424174.5
424342.9
424492.1
424940.8
427259.6
429174.9
441685
441925.9
442114.4
442899.6
443887.7
443898.8
444304.5
446017.5
446052.6
446112.2
446138.9
446448.5
446518.3
446578.8
448321
448404.5
448612.8
448629.3
448701.3
448808.3
452053
455251.3
455326.6
455331.7
455404.2
455406.8
455451.8
455488.6
455707.6
455722.1
455824
455829.8
456192.9
458971.8
459861.7
459914.8
459919.8
462736.4
474886
474921
475249.3
475388.7
475417.7
476183.3
476435.6
476747.9
476825.9
477051.2
477269.7
477775.5
478992.8
480077.4
480497.3
480776.3
481000.9
481336.8
481340
481417.3
481513.8
481720.9
481728.3
481744.4
481795.1
481916.2
482236.5
491793.6
493587.8
497466.7
505496.5
505770.2
508610.7
508613.8
508647.3
508792.9
508914.9
508918.9
509049.1
509155.1
509223.1
509293.1
509370.8
509536.2
509772.9
510108
510567.5
510690.7
510897.4
511248.3
511320.3
511420
512162.8
512292.1
512379.1
512490
512790.9
512887.8
525095.3
525503.4
525519
525520.4
525521.2
525530
525608.3
525623.4
525702.3
525774.5
525778.3
525778.7
525834.1
526031.6
526048.7
526067.4
526177.2
526291.8
526318.1
526429.1
526442.4
526474.3
526584.3
526619.9
526641.8
526677.4
526993.9
527120.9
528578.1
528851.1
531858
531931.2
531979.4
532160.6
533232.4
534706.1
534778.5
534836.5
534956.5
534981
534990.6
535009.4
535019.3
535047.8
535088.1
538096.9
538326.9
538368.8
538508.8
538639.3
539063.1
541543.7
541634.4
541707.7
541743.1
541815.6
541848.1
541928.7
541947.9
542142.4
542317.6
542351.1
542353.7
542411.4
542485.7
542603.3
542622.9
542732.6
542750.2
542832
542840.3
542970.9
543779.6
548644.5
550003.7
550132.9
550370.8
550407
550519.9
550532
550567
552160.5
552390.7
552435.6
552460.9
552582.5
552622.2
552644.9
552736.5
552758.6
552813.4
552926.7
552950.1
552977.6
553056.3
553078.7
553130.6
553140.2
553161.4
553163.1
553163.6
553346
553369.1
553481.3
553518.9
553528.4
553590.1
553636.8
553668
553728.5
553752
553776.6
553779
553805.3
553886.5
553949.8
553962.9
553971.9
554002.3
554009.5
554018.9
554109.8
554163.4
554255.8
554431.9
554434.1
554477.2
554605.8
554763.3
556503.3
558572.1
561285.4
561609.7
561731.3
561754.9
561846.9
561990.9
562709.8
562715.6
562890.7
563050.8
563315.8
563337.9
563651.8
563702.2
563735.1
563976.7
564155
564970.8
566313
566538
567283.7
567286.3
567313.7
567438.6
567463.1
567532.4
567551.7
567600
567617.9
567728.7
567799.1
567850.4
571469.8
571505.5
571633.5
571688.3
571700
571720.6
571745.8
571774.6
571817
571846.5
571971.4
572456.9
572500.8
573806.1
577727.9
579020.2
579031.6
579070.9
579105
579282.1
580388.2
582136.8
582402.8
582627.9
582811.8
582885.5
582896.6
583678.9
583851.6
584542.3
584598.1
584622.5
584633.6
584647.1
584919.6
585043.5
585136.6
585143.7
585423.8
585525.9
587041.2
587171.7
587253.2
587292.4
587356.6
587374.7
587375.8
587394.7
587456
587507.3
587638.5
587708.1
587779.9
587783.6
587797.2
587810.5
587920
587926.8
587975.1
587976.1
587987.2
588013.9
588063.6
588072.7
588076.8
589457
589527.1
589672.7
590542.4
590626.9
590682.3
590772.2
590789.6
590793.8
590815.1
590837.9
590984.4
591834.8
593036.1
593160.9
594627.9
594717.9
595678.2
596690.5
596701.7
597011.5
597011.6
597044.7
597141.1
597145.2
597153.2
597171.2
597550.3
598892.9
598919.8
598965.4
599070.7
599358.2
599366.4
599472.3
599516.1
599580.8
599598
599681.8
599688.4
599736.9
599854.1
599906.3
