7846.5
12300.8
12360.5
12566.2
12571.9
12656.6
12674.6
12759.5
12770.9
12905.9
13011.9
13056.6
13129.4
13763.4
13925.5
13930.2
14114.1
14119.6
14151.9
14230.5
14598.2
15321.2
15918
16009.7
19119.3
19931
20154.2
20180.9
20215.7
39955.3
40046.5
40207.1
40217.2
40251.6
40342.3
40364.8
40594.2
40679.5
40814.5
40888.7
40889.9
40952.1
40974.2
40983.3
40998.5
41018.2
41021.9
41048
41060.7
41093.7
41101.3
41131.8
41132.5
41138.2
41146.8
41183.7
41190.2
41234.1
41238.7
41250.9
41253.4
41312.3
41704.9
42054.5
57134.7
57210.1
57332.7
57438.8
57598.3
57603.7
57643.6
57684.9
57736.6
57749.4
57764.7
57807.6
57814.4
57828.4
57846.2
57910
57980.4
58051.4
58070.1
58079.7
58124.7
58798
59278.5
59536.8
68073.8
68272.8
70682.4
71079.8
71526.6
71648.4
71658.5
71912.3
71964.3
72239.1
72422.3
72604
72803.6
72833
73055.8
73291
73303.3
73335
73467
73513.8
73522.3
73758.1
116725.3
117118.1
118128.3
152644.3
162845.1
162956.2
162967.7
163581.2
163652.7
163805.8
163807.2
163881.5
164166.8
164290.3
164342.5
164380.9
164456.6
164470
164570.2
164574.7
164576.9
164818.7
164949
165004.2
165161.9
165255.8
165376.3
165967.9
166291.3
166631.1
166670.6
167122.9
167127.8
167267.3
167278.8
167336.2
167386.3
167409.4
167542.5
167599.6
167650.9
167654.7
167747.4
168003.3
168012.9
168123.2
168511.6
168515.7
168519.2
168630.9
173376.7
173509.6
173685
173890.9
173899.6
173906.1
173941.6
174068.3
174342.6
174430
188316.2
188326.1
188349.9
188413.2
188595.4
188651.2
188701.7
188762.7
188777.4
188814.6
188892.5
188977.7
188984.9
188992.6
189044.1
189063.7
189095.3
189127
189134
189159.7
189172.6
189280.8
189299.8
189411.8
189527.8
189537.5
189565.4
189720.6
189751.7
189843.9
189888
189971.5
190444.9
190592.1
190596.3
190653
190703.1
190764.4
190863.6
190876.6
190952.8
190955.6
190982.7
191027
191106.1
191240.1
191356.5
191465.6
191553.1
191665.1
191715.4
191815.5
191847
191879.1
191945.3
191971.1
192007.2
192122.8
192316.4
192578.5
194608.7
202216.3
202688.5
202998.1
204800.4
210384
210404.2
210884.3
210922.1
210950.9
211048.6
211187.1
211191
211221.7
211327.3
211368.2
211411.4
211599.2
211812.3
211857.3
211880
212306.1
212437.4
212699.1
218132.5
218298.3
218583.7
219141.8
219419.7
219465.7
219764.5
220162
220625.8
220753.8
223042.2
229988.8
230286.5
230404
230555.1
230602.8
230609.9
230627.2
230652.5
230689
230753
230769
230803.4
230811.7
230842.8
230850.5
230888.7
230906
230909.9
230993.2
231068.9
231164.4
231189.8
241994.3
242063.4
243421.7
269221.8
269597.5
269633.6
269642.7
269707
269880.7
270006.1
270063.8
270072.8
270166.7
270217.1
270235.1
270288.4
270388
270455.2
270526.3
270537.4
270584.2
270610.8
270738
270882.4
270909.2
271043.6
271359.8
271439.2
271490.5
271821.6
272053.5
274609.3
274683
274878.9
275052.3
275060.1
275629.9
275636.8
275718.3
275756.1
275797.8
275820.2
275863.1
275955.5
275957.7
275985.7
275989.3
276143.5
276192.2
276200.9
276207
276216
276221.2
276253.8
276273.9
276347
276398.1
276418.8
276483.6
276629.9
276648.6
276662.6
276664.7
276676.6
276752.5
276776.3
276833.9
276888.5
276967
276968.2
277067.1
277804.2
277845.3
277864
277943
278007.1
278113
278224.5
278324
278374
278393.5
278455.9
310931.1
311023
311380
311538.2
311592.3
311606.3
311617.6
311763.1
311793.3
311803.5
311857.5
311883.5
312134.3
312840.2
323541.5
323675.5
323953.6
324164.3
324321.1
324348.4
324790.2
325022.4
325133.9
325385.9
325404.9
325501.6
325716.5
332718.8
332864.1
333110.1
333788.5
333921.2
334032.4
334151
334168.5
334239.5
334301
334661.7
334736.2
334750.6
334755.3
334785
334811.6
334862.8
334936.7
334937
334965.2
335046.4
335113.9
335125.3
335161.8
335251.9
335258.3
335332.4
335336.4
335341.5
335372.8
335440
335502.8
335552.4
335564.2
335654
335808
335914.5
335940.8
336164.2
342348.4
342409.9
342556
342582.9
342657.7
342686.2
342706.8
342713.9
342786.8
342836.3
343086.4
343193.7
343224
343288.2
343339.3
343351.4
343400.5
343424.2
343518.7
343533.5
343576.9
343657.3
343781.3
344117.9
344119.8
344139.8
344172.2
344351
344366.4
344398.3
344478
344531.3
344574
344574.1
344603.1
344610.1
344785.7
344860
344944.4
344989.7
345024.5
345239.1
345387.8
345418.3
345501.5
345553.8
345581.8
345593.8
345792.2
345991.8
346067.4
346195.3
346241
346246.9
346266.3
346303.7
346381.3
346424.6
346471.1
346509.1
346644.1
346655.2
346678.7
346721.6
346771.6
346922.8
347095.7
347126.7
347142.6
347151.4
347164.2
347185.3
347193.7
347196.5
347303.2
347354.1
347403.6
347532.8
347579.8
347645.4
347723
347730
347739.4
347741.6
347809.4
347840.4
347929.4
347946.1
347949.3
347968.5
347975.8
347993.9
348132.7
348185
348227.2
348332.1
348643.6
348660.8
420732.3
420927.3
425887.9
426053.7
426100.6
427833.6
427962.9
427995.4
428023.2
428029.2
428056.1
428254.9
428298.6
428666
428759.9
429445.5
429799.9
430104.7
445526.4
445647.8
445661
446891.5
446963.3
447033.6
447043.6
447120
447923.3
448013.8
448333
448367.5
448384.6
448453.6
448493.4
448694
448728.7
448778.9
448845.5
448852.8
448876.7
448898.5
448921.4
449091.4
449207.6
449233.1
449285.2
449291.6
449293
449344.7
449400.5
449439.2
449456.1
449476.9
449522.7
449606.3
449735.7
450900.8
454380.4
454406.7
454721.8
454864.7
454958.4
454981.2
455043.8
455065.2
455068.3
455216.1
455292.8
455301.8
455363.2
455401.4
455417.7
455421.2
455504.4
455565.6
455635.3
455720.5
455744.4
455840.2
455895.3
455902.4
456095.4
456126.9
456170.8
456178.8
456180.2
456200.4
456371.8
456373.2
456376.4
456453.6
456480.7
456535.9
456557.1
456557.2
456561.4
456583.7
456605.2
456664
456684.7
456801.1
456806.6
456839.1
456849.6
457087.9
457090.5
457182
457197.2
457313.7
457446.2
457458.2
457517.7
457561.9
457563.7
457595.7
457601.5
457953.2
458062.8
458189.1
458594.9
459045.5
512266
529795
529915.8
530309.9
530324
530371.7
530431.3
530477.8
530612.4
530628.6
530653.9
530758.3
530787.5
530904.5
531043
531140.9
531154.4
531182.6
531199.8
531258.9
531264.2
531314.8
531383.1
531412.9
531562.2
531592.9
531600.1
531645.6
531759.4
531810.9
531864.8
531890.5
532078.3
532084.4
532138
532158.4
532184.9
532187
532264.9
532322.7
532355.2
532416.3
532428.8
532650.5
548823.6
549063.6
549261.4
549267.7
549286.7
549331.9
549350.1
549409.1
549455.3
549482.9
549567.5
549589.5
549616.7
549720.7
549724.7
549849
549910.8
549966.4
550052.7
550146.7
550631.1
550671.9
556102.3
559951.3
561060.6
561250.1
561390.5
561499.1
561708
561735.6
561759.7
561766.9
561830.6
561918.6
561929
561932.5
561959.5
562002.2
562005.1
562090.9
562092.2
562189.1
562197.9
562210
562218.2
562228.9
562254
562262.3
562294.7
562303.6
562376.3
562379.7
562417.4
562444.2
562476.9
562597.8
562718.4
562733.4
562756.8
562818.9
562907.6
562928.3
562972.7
562979.3
562989.9
562992.8
563000.7
563031.1
563053
563072
563085
563142.1
563185
563220.6
563350.9
563364.5
563419.1
563421.4
563426.1
563460.9
563476.4
563530.9
563593.1
563617.3
563865.6
563881.4
563897.6
563919.2
563983.8
564008.6
564041.2
564048.1
564089.5
564126
564164.2
564169.8
564258.4
564293.6
564312.1
564356.8
564371
564449.7
564478.5
564521.3
564538.8
564804.5
565075.1
567585.6
577685.4
577796.1
578272.3
578272.6
578278.7
578330
578353.4
578449.1
578479.2
578498.8
578549.3
578616.4
578716.7
578754.1
578764.7
578767.3
578881.3
578890.2
578971
579040.3
579081.9
579103.7
579114
579166.3
579167.2
579171.9
579178.3
579316.5
579407.3
579413.9
579437.6
579525.4
579555.9
579571.4
579738.6
579995
589946.7
590124.1
590362.4
590395.4
595748
595761.8
595867.3
595885
596090.8
596140.3
596192.6
596269.2
596285.8
596290.3
596297.2
596310.8
596345.7
596437.5
596455.5
596524.7
596561.9
596766.8
596828.8
596866.2
597085.8
597125.1
597248.6
597442.1
597533.5
598030.3
598807.7
598922.7
598933.7
599023
599230.5
599311
599328.2
599352.7
599395.9
599482.4
599646.6
599779.2
599859.3
599865
599869.7
599961.6
