5221
5232.8
5421.3
14000.1
18944.4
19029.3
19117.8
19126.9
19131.9
19270.6
19378.8
19401.9
19483.2
19811.7
19967.8
20339.4
23264.6
23483.6
23568.1
23924.7
24021.5
24157.7
25063.7
25073.7
25275.4
27228.8
29728.6
29836.2
29933.1
29971.7
30106.2
30119.3
30445.9
30840.6
30887.3
30920.5
31188.1
31351.9
39560.8
39612.2
39844.7
39957.2
39964.5
40092
44542.6
44607.2
44669.5
44930.1
45011.3
45097.4
45193.4
45204.4
45243.6
45338.2
45428.5
45484.9
45561.1
45607.1
45680.8
45759.6
46028
50831.5
50932
50955.5
51021.3
51089.3
51117.1
51197.4
51233.2
51494
51573.9
51587.1
51591.9
51759.5
51992.6
52034.3
59988
60069.3
60139.8
60144.5
61344.8
61778.3
62597.1
62759.9
62807.8
62834.7
62870.2
63014.4
63040.8
63092.5
63121.4
63269.7
63431.1
66147.4
67068.2
67096.8
67942.9
70939.4
71036.2
71483.9
71565.3
71722.1
71848.7
72120.4
72140.5
72214.3
72282.9
72320.8
72330
72369.7
72373.2
72376.3
72405.8
72421.1
72471.2
72488.7
72522.8
72621.6
72659
72703.7
72770.1
72827.9
72848.1
72909.1
72947.1
72977.1
73014.9
73051.8
73543.8
73625
73677.5
73714.6
74444.8
91086.3
91507.3
92120.2
92206
92257.3
92409.1
92587.2
92935.9
92936.9
92987.1
93089.3
93175.3
93182.1
93194.2
93236.6
93249.5
93272.7
93414
93417
93572.2
93632.8
93662.5
93670.4
93719.8
93724.5
93733.4
93758.9
93796.6
93868.3
93891.4
93892.3
93994.8
94063.1
94078.3
94098.9
94120.4
94161.5
94208
94258.4
94283
94301.4
94403.4
94414.7
94482.8
94493.4
94499.3
94518.3
94633.2
94646.4
94675.9
94796.5
94806.4
94824.3
94898.2
94915.9
94922.2
95030.5
95041.6
95075.6
95121.9
95131.5
95163.5
95220
95222.3
95311.3
95349
95372
95393.8
95468.2
95481.4
95516.4
95516.8
95614.8
95700.8
95702
95779.2
95815.7
95854.4
95928.6
95957.5
95977.8
95984.2
96000.2
96072.2
96080
96094.5
96098.7
96159.7
96399.4
96400.5
96437
96488.4
96557.5
96647.8
96672.3
96689.7
96767
96797.9
96819.9
96906.2
96908.1
96942.6
96998.8
97154
97173
97175.5
97219.6
97289.6
97304.3
97367.8
97392.8
97395.9
97416.2
97457.8
97481.8
97531.7
97546.8
97568.8
97593
97611.7
97786.2
97790
97868.1
97927.3
97999.4
98021.2
98131.8
98162
98163.1
98255.6
98284.5
98307.2
98326.2
98335.5
98406
98505.8
98522.4
98537.7
98568
98590.9
98605.4
98684
98697.5
98756.7
98818.4
98819.3
98920.9
98953.4
98989.5
99012.4
99067.8
99131.8
99174.3
99283.6
99338.9
99375.1
99413.3
99446.8
99569.9
99580.9
99595.3
99607.8
99614.9
99634.8
99679.1
99699.9
99805.6
99848.1
99852.3
99961.3
100029.1
100029.4
100202.3
100210.5
100313.1
100334.7
100345.9
100380.2
100402.4
100427.5
100508.5
100551.5
100634.5
100693.3
100721.5
100782.6
100788.4
100829.1
100837.1
100851.6
100883.9
100889.6
100926.8
100946
100964.4
101100.9
101144.2
101251.9
101316
101328.8
101333.1
101339
101354.7
101355.7
101429.5
101476.5
101519
101537.1
101545.3
101556.1
101691.6
101766.1
101861.4
101935.2
101986.8
102034.6
102035.9
102051.7
102052.8
102059.2
102201.9
102239.7
102248.5
102254
102352.6
102361.4
102609
102622.4
102631.4
102708.1
102733.8
102751.4
102796.4
102885.8
102944.5
102958.5
103002.9
103006.5
103037.8
103121.2
103208.3
103226.3
103282.8
103287.6
103403.5
103430.2
103566.5
103574.8
103728.1
103919.5
103999.9
104076.9
104077
104442.5
104688.4
105319.6
105578.9
105797.5
106339.2
113164
113363.4
115452.3
115786.5
116859.2
117313
161609.7
162030.9
162157.8
162238.7
162257.6
162454.4
165828.6
166267.9
175146.7
175283.9
175410.9
175523.3
175569.3
175579.2
176380.4
177137
177597.2
177742.7
177769.1
177820.4
177839.6
177851
177866.7
177917.3
177925.7
177952.9
177969.1
178031.4
178103.2
178196
178196.2
178347.8
178432.5
178444.4
178444.6
178479.8
178496.4
178539.5
178622.7
178633.1
178718.5
178724
178724.9
178735.1
178772.4
178808.1
178859.4
178951.5
178976.3
179037.8
179062.1
179062.8
179075.8
179086.1
179087.6
179098.7
179147.6
179160.2
179242
179257.2
179273.6
179312.7
179324.7
179334
179347.4
179505.5
179530.8
180110.1
180192.9
180748.1
180937.9
181039.1
181049.5
181144.6
181149.8
181167.5
181259.8
181264.6
181278.9
181281.6
181337.6
181351.1
181365.4
181449.7
181530.8
181566.8
181591.4
181596.1
181646.1
181660.9
181669.7
181686.1
181777.1
181798.2
181805.4
181988
181995.7
182001.6
182071.7
182110.8
182122
182165.2
182192.7
182194.8
182227.3
182261.9
182279.2
182289.4
182366.1
182562.6
182579.9
182638
182667.2
182714
182895.3
182912.7
182976.4
183189.2
190241.8
193821
194128.1
194867.4
212203.9
212349.4
212447.3
212549.2
212820.2
212863.6
212909.5
212929.5
212932.4
213014.9
213032.4
213037.3
213143.9
213221.8
213267.7
213270.8
213300.8
213346.9
213390.7
213398.5
213600.8
213683.1
213760.7
214055.7
214140.8
214584.5
214738.6
215193
215417.1
215636.3
217242.2
217852.8
218048.1
218139.7
218207.6
218497.9
218684.3
218686.6
218892.6
218927.1
218945.4
218961.6
219034.5
219189.7
219244.8
219347.5
219382.4
219443.6
219450.5
219471.8
219480.4
219555.2
219701.8
224248.1
230541.7
230554.4
250007.1
250245.5
250254.3
250294.4
250392.8
250417.7
250425.1
250565.7
250787.3
250871.8
250904.4
250961.2
251003.5
251027.1
251059.3
251081.5
251099.1
251128.7
251305
251348
251693.2
251788.8
252009.9
252012.8
252210.1
252211
252319.9
252554.2
252660.3
252790.7
252846.5
252893.3
255456.7
265518.3
266653.1
267683.2
267861.2
267906.9
267990.4
268154.4
268192.1
268259.4
268268.5
268287.5
268442.5
268455.3
268587.7
268770.2
279230.4
279320.9
279431.9
279446.8
279448.7
279538.4
279554.8
279566.1
279609.9
279669.6
279718.9
279720.7
279735.9
279749.4
279761
279815.6
279895.5
279947.8
280051.5
280055.7
280057.1
280115
280328.7
280361.8
280401.7
280442.8
280559.5
280743.3
280935.1
281052.9
281642.1
281710.8
281868.7
281934.6
281981.5
282063.1
282106.1
282230.8
282300.7
282320.2
282556.6
282668.4
286410.5
299155.1
300517.7
300611.3
300720.1
300820.1
300962.1
300972
301003.4
301026.4
301068.4
301129.5
301185.4
301331.5
301354.5
301359.9
301399.7
301449.2
301553
301647
301696.3
301764.5
301790.4
301896.7
301916.5
302035.4
302055.7
302115.7
302148
302213.7
302285.2
302288.9
302300.2
302380.8
302393.5
302508.8
302536.2
302603.6
302649
302722.9
302875.7
302951.3
303021.7
303140.1
303141.9
303181.5
303194
303239.9
303255.7
303445.7
311646.5
311899.9
311911.7
311969.3
312015
312039.2
312053.3
312114.3
312136.9
312139.2
312230.1
312263.5
312267.3
312350.4
312418.2
312435
312487.6
312502.6
312558.4
312573.4
312573.9
312614.2
312701.3
312739.9
312762.7
312796.8
312873.6
312939.5
312966.4
313116.5
313215.8
316965.8
317106.5
318007
319504.8
319772.4
320360.6
320381.9
320779.3
320784.9
321113.8
321720.3
321989.9
322248.1
323386.8
323390.4
323466.4
323731.1
323792.9
324071.6
324335.2
324374.3
324396.4
324752.1
330316.8
330397.1
330694.3
330753.6
330809.3
330894.1
331765.7
334665.3
342081.9
343079.7
343099.2
343950
344636.6
344749.8
344890.1
344909.9
345275.3
345647.5
345690
345714.5
345774.7
345781.5
345808.4
345898.5
345910.1
345968.9
345982.5
346039.8
346040.5
346075.8
346108.3
346150
346172.5
346310.5
346332.9
346346
346387.5
346395.7
346519.1
350288.1
350471.2
350562.9
350907.9
373249.1
373270.1
373425.9
373533.4
373536.3
373551.3
373598.9
373605.8
373607.5
373625.6
373712.5
373738.7
373792.6
373795.5
373817.5
373839.5
373857
374257.7
374328
421468.4
421982.5
422372.2
422668.3
442466.5
442567.5
442595.6
442622
443082.6
443433.7
443745.7
444642.6
449470.5
449688.1
450080.7
451131.8
451147.7
451169
451432
451513.8
453078.4
453177.2
453265
453276.4
453383.3
453658.2
453724.1
453750.9
455414.8
455463.3
455686.4
455780
455823.3
455878.6
459456.5
459467.4
464826.9
465134
465149.1
465188.4
465328.9
465377.7
465562.5
465635.3
465676.5
465748
465807.3
465813.8
465815.2
465871.4
465876.9
465881.7
465904.7
466020.6
466148.9
466236.6
466332.5
466343.8
466381.4
466602.1
466665.7
466692.6
466765.9
466855.5
466924.9
467433.8
468141.5
469835.4
517193
517226
517344.9
517407.8
517433.6
517529.1
517633.9
517720
517939.7
517941
518034.2
518144.2
518200.5
518296.6
518311.4
518318.3
518488.9
518565.2
518581.6
518635
518664.5
518686.3
518692.3
518731.5
518740.4
518818.6
518823
518835.1
518838.1
518873.4
518948.5
518952.2
518965.4
518983.5
518999.5
519016.3
519038.8
519039.9
519216.9
519257.9
519311.5
519315.1
519315.3
519418.9
519422.7
519438.3
519441.8
519517.3
519548.2
519658.8
519663.6
519795.1
519927.3
520035.1
520049.3
520055.1
520075.9
520091.6
520099.1
520100.4
520113.9
520119.3
520130.3
520207.3
520245.4
520288.3
520290.7
520337.3
520370.3
520418.8
520532.5
520630.4
520681.7
520688.2
520755.2
520777.8
520838.2
520876.5
520904.4
520919.8
520943.2
520990.7
520991.5
520999.1
521107.8
521122.4
521242.7
521248.6
521366.7
521406.7
521562.7
521565.9
521573.2
521751.5
521892
521908.5
521912
521914.8
522057.4
522073.6
522125.1
522127
522322.4
522382.7
522459.7
522676.6
522687.2
522701.3
522814.8
522838
522852.1
522891.9
522963.5
523023.2
523078.8
523090.1
523138.6
523308.1
523335.2
523357.1
523360.9
523435.7
523471.2
523574.5
523625
523640.9
523650.1
523689.7
523898.6
523996.7
524075.3
524121.8
524161.2
524291.6
524325.3
524420.1
524583.6
524608.2
524833.4
525245.4
525474.3
525484.4
525776
525807.3
526241.6
526442.5
529734.4
532667.8
540670
541021.9
541467.5
541627.2
542207.5
542233.8
542253.4
542296
542352
542443
542721.8
542926.5
542965.6
543587.6
544112
544375.1
544382.3
544461.1
544648.5
544687.9
545173.1
545636
545769.9
545798.1
546016
546018.4
546096.6
546287.2
546467.5
546517.1
546611.9
546700.3
546778.4
546812.3
546831
546908.2
546954.4
546985.4
546991.4
547049.5
547062.7
547076
547086.7
547114.9
547172
547220
547348.9
547439.7
547476
547489.1
547586.3
547620.3
547628.1
547696.7
547720.8
550523.9
550609.2
550675.1
550700.3
550762
550769.2
550795.5
550957.9
550968.5
550989.9
551070
551091.2
551108.3
551127.6
551159.1
551219.4
551705.6
551775.5
551799.5
551830.8
552078.9
552153.8
553668.2
558577.3
558703.5
558709.4
558869.8
558925.4
558947.5
559006.8
559101.3
559121.7
559156.7
559201.9
559220.1
559308.5
559357
559389.1
559397.7
559543.5
559553
559597.1
559622.5
559642.1
559811.9
559813.1
559829.5
559842.8
559864
559888.6
559916.6
559923.8
559933.2
560024.1
560106.4
560119.5
560153.8
560443.6
560745.3
561170.5
561204.3
561205.3
561312.2
561412.7
561553.7
561600.6
562104.5
563552.4
564148.6
569732.8
571699.6
571998.1
572039.5
572386.3
572410.8
572483.9
572963.8
573106.2
573298.8
573456.4
573492.4
573558.6
573597.4
573646.9
573775.8
573818.1
573871.9
573936
573955.3
574192.3
574236.7
574337.7
574350.3
574376.6
574623.8
574676.5
574759
574785.1
574807
574835.9
574943.1
575157.6
575171.3
575231.8
575247.8
575271.2
575298.1
575462.3
575476.5
575582.6
575586.3
575647.9
579199.2
591071.4
591240
591324.5
591470.4
591471.4
591505
591583.1
591583.4
591589.5
591607.3
591654.7
591872.8
591877.4
591878.8
591892.2
591987.5
592209.7
592218.1
592218.3
592331
592467.7
592483.3
592491.8
592818.1
592899.4
592901.6
593068.9
593158.4
593211.2
593263.3
593328.1
593400.1
593400.7
593598.8
593699.3
593704.5
593830.7
593834.9
594193.2
594295.4
594321.8
594400.1
594502.8
596892.1
597007
597193.5
597355.2
597376.4
597452.6
597499.5
597621.9
597663.6
597763.3
597795.9
597825.4
597956.4
597991.9
598051.2
598159.7
598187
598204.3
598208.2
598213.8
598215.1
598288.4
598294.5
598317.4
598366
598380.1
598391.4
598422.4
598589.9
598594.2
598802.4
598843.7
599383.7
599573.2
599898.1
