1892.7
1951.5
2026
7899.1
7978.3
8016.3
8028.6
8091.4
11135.3
11192.7
11351.1
11351.5
11402.5
11440
11513.8
11537.1
11570.9
11594.9
11672.9
11760.2
11872.8
15993.1
16053.9
16171.5
16227.3
16364.9
21538.3
22589.9
26056.5
26181.7
29278.7
29665.1
29720.8
30066
30175.4
30209.8
30737
35051.1
35215
39020.1
39112.3
39166.9
39702.4
39911.8
41002.6
41343.2
41488.5
41492.7
41524.7
41536.7
41566.7
42307.5
42406.4
49548
49817.6
49957.5
50014.9
50179.2
50955.7
52706.3
52793.2
53024
53524.1
53683.1
56585.8
56649
56778.4
56861.2
57349.9
57366
57473.4
57605.5
57631.9
57645.3
57715.5
57752.5
57753.1
57767.6
57823.3
57833.9
58627.1
58704.5
60133
61597
62743.2
62757.6
62804.7
62942.4
64928.6
64931.1
64994.7
65088.6
65179.9
65192.1
65198.5
65248.6
65257.6
65621.5
65776.8
68004.5
68127.2
68287.9
68318.6
68512.9
68614.3
68630.6
68637.2
68652.4
68884.1
69454.8
69562.9
69582.3
69667.3
74043.3
74216.6
74281.6
74379.3
74514.1
79509.8
79559.3
79645.4
79663
79817.6
80667.7
81963.6
82015.5
82047.7
82108
82144.3
82179
82186.9
82260.4
82304.4
82408.5
82431.9
82451.6
82524.3
82530.3
82531.5
82579
82600.1
82627
82655.3
82811.4
82835.2
82858
82912.6
82936.1
83019.7
83143.1
83178.5
83333.7
83388.3
83403.7
83435.2
83450.8
90365
90522
90536.2
90628.3
90704
90771
93037.2
93549.8
93736.4
93770.4
93877.2
93889.6
93891.7
93931.5
93936
94007.7
94107
94301.4
94399.2
94470.1
94472.8
94491.5
94751.9
94771.1
94791.7
94811.2
94853.4
94878.2
94973.9
94994.1
95091
95170.6
95171.1
95227.4
95335.9
95358.2
95400.3
95421.2
95425.9
95440.6
95477
95503.1
95534.6
95566.8
95567.4
95574.5
95610.5
95642.9
95656
95670.8
95714.4
95773
95801.4
95887.3
96006.1
96025.9
96026.1
96076.7
96393
96431.6
96507.1
96550.3
96757.4
96795.4
96816.4
96834.9
96857.6
96872.6
96984.8
97053.3
97073
97103.7
97252
97256
97404.4
97593.9
97611.1
97759.1
97809.4
97923.2
97956.6
98021
98027.8
98056.3
98060
98070.9
98085
98102.7
98108.8
98113.1
98137.5
98247.9
98253.8
98446.6
98484.1
98496.4
98513.3
98544.3
98566.5
98582.6
98611.3
98644.9
98645.5
98761.4
98795.8
99008
99073.9
99220.5
99360.3
99640.8
99795.5
100035.8
100250.4
100331.2
100476.6
100625.3
100803.8
100904.9
100990.7
101048.3
101195.8
101271.1
101372.6
101549.3
101554.8
101585.5
101655.2
101726.4
101728.2
101837.3
101859.5
101863.7
101899.5
102025.2
102040.5
102088.9
102130.1
102151.5
102159.1
102176.1
102245.3
102284.4
102296.1
102367
102392.7
102476.5
102480
102619.2
102627.6
102850
102890.7
103156.7
103195.5
103266.1
103285.5
103305.7
103340.1
103342
103421.3
103452.7
103481.7
103491.3
103517.6
103583.7
103662.6
103716
103854
104196.4
104606.2
106532.6
106553.3
106596.9
106646.6
106681.9
106748.1
106753.4
106763.1
106781.1
106793.8
106808.2
106888.8
106898.4
106971.1
106973.9
107017.5
107264.7
125898.5
126089.2
126401.8
126407.3
126467.7
128240.5
128638.1
128653
128660.1
128715.4
128781.6
128798.4
128822
129035.8
129044.9
129361.1
129393.4
129435
129638
129760
129761.2
129869.8
129888.8
129973.5
130309.1
130312.2
130320.8
141042.3
141102.6
141437.4
141481
143637.9
143827.3
143935.8
144009.6
144109.9
144125.5
144158
144195.5
144213.7
144224.5
144270.9
144462.5
144765.9
144867.1
144915.4
144984
145157.9
145271.8
146058.8
146128.1
146273.8
146289.3
146387.1
146624.9
147190.2
147818
148507.2
148611.4
148845.7
148921
149442.5
149444.9
149445.6
149629.6
149789.3
149795.4
149797.4
149824.2
149927.7
149987.3
150046.4
150060.2
150196.7
150341.2
150794.9
151007.2
151211.3
151261.3
151397.9
152209.2
152346.9
152714.9
152892.4
153294
153640.8
153702.2
154064.7
155303.8
155404.8
156394.2
156787.8
157115.2
157751.5
159084.8
159117.4
159141.4
159208.2
159270
159298.6
159322.9
159326.1
159337.4
159344.4
159435
159445.4
159446.1
159465.1
159491.6
159517.7
159564.5
159624.4
159672.1
159708.3
159717.2
159762.9
159793.9
159817.9
159929.2
160430.2
160629.4
161082.9
161341.3
161377.1
161485.5
162661.7
162743.9
162828.2
163044.5
163092.1
163380.6
163394.5
163424.4
164159
167135.2
168524.9
169793.1
169819.8
169860.4
169893.2
171431
172915.8
173112.5
173351.5
173462
174145.7
174276.3
174358.2
174447.9
174566.4
174594.8
174602.3
174619.9
174647.7
174660.9
177615.9
177675.9
177700.3
177755.4
177974.8
177988.8
178027.4
178092.9
178108.3
178120.8
178210.7
178217.9
178294.9
178296.2
178306.3
178364.2
178366.4
178393.6
178509.1
178509.6
178513.3
178556.8
178598.8
178616.2
178687.3
178694
178726.3
178802.8
178821.4
178902.7
178917.4
178958
179027.4
179092.3
179206.3
183908.5
184134.3
184147
184184.8
184402
184474
184482.8
187647.9
187759.3
188213.7
188260.4
188454.2
189768.5
189852.7
189902
190012.6
190978
191233.3
193168.4
193356.4
193438.1
193761.4
194983.3
198904.1
199065.5
199241.3
205670.4
211061
211088.8
211169.2
211180.1
211258.5
211303.7
211324.3
211547.1
219835.3
219890.1
220176.1
220941.5
222748.6
222833.4
223038.5
223073.5
223161.3
223226.2
223352.8
223375.3
223447.5
223465.6
223486.1
223565.6
223591.2
223597.9
223614.4
224641.4
225115.4
225195.6
225310.8
225324
225335.5
225370.7
226066.6
226179.6
227744.8
227981.7
228709.7
228947.1
229206.1
231616.7
231643.3
231730.8
231758.1
231840.8
231844.3
232010.6
232146.2
233007.9
233053.5
233179.6
239778.4
239785.8
239841.4
239854.2
239877.3
239942.7
239996.7
240003.2
240012.2
240020.5
240055.4
240057.4
240078.4
240234.2
243653.6
243786.5
244024.6
249386.5
249393
249546.8
249549.2
249785.9
249904.2
250502.2
250630.7
250675.3
250779.5
250861.1
250959.6
250993.4
251365.1
251991.8
252197
252415.9
252421.3
256333.4
256752.2
257220.8
257226.9
257236.1
257363.9
257378.1
257434.1
257438
257542.6
257565.4
257589.8
257598
257794.7
257821.6
258135.5
258182.2
258203.1
258544.6
258548
258549.4
258623.4
258656.8
258758.5
258770.3
258809.9
258871.9
258879.4
258953.7
258961.2
259137.7
259191.3
259237.7
259315.6
268762.5
268816
269086.5
269112.7
269320
269379
272656.3
272830
272855.6
272932.4
272944.4
272959
273014.4
273127.1
273176.5
274107
274136.6
275686.4
275730.3
275812.6
275941.9
276021.7
276037.6
276168.4
276362
276382.4
276392.3
276417.6
276437.1
276482.8
276545.9
276652
276686.4
276709.7
276750.6
276859.5
278152.1
279578.5
279681.8
279710.5
279717.9
279741
287244
287252.2
287273.7
287365.4
287382.7
287391.4
287402.6
287446.5
287447.5
287486.3
287543.1
287925.2
296119.4
297762.6
297835.9
297871.7
297898.8
297940.5
297952.5
297988
298116.5
298277
301118.6
301207.5
301294.2
301329.7
301399.7
301486.5
301497.8
301551.4
301566.6
301584.1
301603.6
301671
301738
301792.9
302078.5
302117
302259.4
302467.2
306729.1
308212.8
308502.8
309484.5
309607.9
309955.8
310022.7
310058.2
310070.9
310269.3
310350.4
310474.5
311397.3
311403.5
311457.7
316934.6
319621.8
325340.2
331682.4
331899.2
332061.6
332812.4
333682.7
333728.1
333863.9
333921.6
334130.4
334230.7
334249.7
334394.9
334456.6
334483.5
334664.9
334700.5
334723.2
334729.3
334743.7
334753.9
334759.3
334759.4
334789.3
334795.5
334809.3
334868.5
334873.3
334882.1
334917.2
334966.8
339128.2
342257
342328.8
342422
342423.2
342452.2
342508
342522.7
342617.3
342644.9
345185.1
346672.2
346676.6
347212.5
347418.3
348752.7
348788
348834.4
348906.3
348949.7
348958.2
348974.9
349056.8
349234.8
353906.8
354277.6
354283.1
354300
354584.8
365493.8
365495.4
365508.7
365529.7
365606.4
365664.3
365675.1
365708.4
365814.5
365845.4
365873.6
366131.4
366164.4
366192.5
366909.2
367058.4
367214.4
370640
371490.9
371518.9
372025
372293.2
372384.3
372418.9
372430.6
372457.4
372477.9
372553.2
372599.5
372602.9
372685
373346.2
373385.7
373390.8
373456.5
373521.6
373586.1
373591.4
373616.4
373621.8
373697.5
373735.2
377779
377781.7
385765.7
386590.4
386593.5
386835.9
386967.2
387068.5
387197.9
387304.7
387449.6
387465.4
387491.9
387662
387981.6
388200.9
388209.9
388227.4
388229.1
388302.5
388377.1
388377.4
388378.3
388424
388699.7
389016.7
389188.6
389258
393123.1
404991.6
407223
407733.7
407752.6
407903.3
408270.6
408381.6
408686.2
408773.4
410211.3
410394.8
411255.1
411565.5
411615.9
411832.4
419412.9
424046.6
424535.7
424548.7
424673
424737.5
424780.4
424898.4
424915.7
430032.7
430078.4
430081.6
430107
430135.5
430179.2
444531.4
444632
444717.7
444922.2
445033.3
446090
448151.4
448154.9
448271.9
448339.6
448547.2
449656.6
449657.4
449685.9
449766.8
449804.2
449828.9
449889
449936.1
449953
450061.6
450160
450225.1
455015.5
455047.2
455883.4
456007.9
456035.2
456046.7
456208
456234.7
456289.6
456418.3
456428.9
456498.6
458453.3
458996.3
459019.8
459115.3
460418.6
460464
460576.4
460672
460699.9
460783.5
463327.6
463410.2
463667.3
465124
465183.7
465413.4
465445.9
465715.4
465812.5
465996
466263.5
466338.6
467762.2
467790.5
467988.5
468081.9
468137
468144.6
468168.3
468183.2
468210.7
468303.4
468315.5
468360.5
468411
468419.8
468419.9
468510.3
468660.5
468720.9
468872.4
469104.3
469528.1
469637.6
469870.3
479567.4
480047.5
480279
480779.8
480980.7
497050.8
509204.7
509610.8
509996
510024.7
510043.8
510340.6
510619.2
510664.5
510863.6
511086.1
511545
511545.1
511549.4
511742.5
511783
511805
511819.9
511826.7
511872
516598.2
516666.3
516800.6
517384.4
517711.1
517816.9
517878.6
517916.2
517962.9
517997.3
518036.7
518175.9
518224.6
518242.3
518245.5
518297.7
518440.7
518444.2
518476.2
518619.1
518688
518707.9
518748.8
518763.9
518783.5
518849.6
518866.5
518946.3
518989.1
519081.4
519568.2
527115.6
527255.5
527443
527483.5
527619.2
527655.1
527864.1
527868.7
527894.5
527943
527969.8
528188.3
528795.2
528857.4
528864.4
529056.2
529640
530576.9
530827.8
530965
531014.1
531090.1
531110
531117.4
531161.7
531172
531182.8
531609
531616.4
531624.4
531676
531679.2
531715.2
531787.3
531879.9
531890.2
531904
532791.6
532795.9
533079
533638
535611.4
535860
537000.2
537112.4
537127.3
537180.2
537205
537237.1
537239
537239.5
537250
537335.5
537355.5
537365.9
537434.4
541226.6
541635.9
541971.2
541998.4
542018.6
542067.6
542240.9
547257.2
547299
547397.4
547413.3
548476.4
548500.5
548567.4
548582.3
548615.1
548700.2
548760
549852.6
549954.2
550063.5
550075.2
550094.3
550100.6
550109.5
550136.5
550196.8
550244.2
550264.4
550308.8
550323.4
550458.6
562054.7
562181
562362.5
562393.5
562452.1
562496.5
562646.7
562651.2
562735.6
562960.1
562983.2
565041.2
565442.1
565458.9
565706.2
565956.1
566015.9
567553.9
567669.8
570801.5
571914.5
573187.9
574022.9
574207.8
574953
575480.5
575649.6
577558.2
577599.7
577613.2
577649.2
577686.3
577736.3
577737.4
578385.6
578394.4
578512.3
578620.3
578644.8
578823.2
578830.4
578886.7
578996.9
580385.2
580538.4
580650.3
580659.6
580666.7
580677
580706.5
580881.3
580956.2
581105
582950.1
583248.2
583929.5
583956.1
583973.7
584597.1
584731.1
584941.1
585164.8
585380.3
585491.1
585669.3
586845.9
587257
588254.6
588307.6
588318
588611.5
588641
588644.5
588691.8
588724.3
588749.8
588762.4
588938.3
589025
589131.5
589226
589283
589315
589404.3
589411.3
589448.8
590632.5
590798
590842.7
591593.5
594969.5
595110.7
596414.2
596446.3
596521.2
596580.9
596646.7
596698.9
596772.4
596913.8
596939.3
