18.1
134.9
2346.8
2354.2
2447.5
2465.1
2595.4
2710.6
2743.5
2762
2780
2782.1
2799.1
2805.6
2816.3
2867.1
2874.6
2891.7
3100.6
3135.3
3148.7
3246.4
3267.1
3314.6
3688.4
3700.8
3895.6
3935
4039.7
4147.6
7282.4
7296.2
7430.8
7442.5
7466.3
7593
12429
18985
19083.6
19479
20014.5
20124.9
20197.4
20215.7
20255.7
20283.9
20350.4
20548.6
20643.2
22880.9
23198.1
23956.2
29632
29728
30620.5
30649.6
30772
30831.7
30909.2
30935
31260.3
31998.8
32438
32729.7
36011.4
36016.7
36050
36106.8
36224.9
36234.9
36256.7
36274.4
36276
36300
36322.8
36401.5
36429.7
36774.4
37170.6
37255.7
37273.7
37325.8
37447.1
37472
37491
37499
37584.7
37617.6
37670.7
37731.8
37742.7
37811.9
37823.7
37902.1
37957.3
38003.8
38006.9
38072
38233.3
38235.5
38238.4
40912.6
41026
44903
45042.8
45278
45330.1
45365.6
45480
45606.3
45610
45677.1
45763
45775
45781.7
45808.7
45909.2
46036.5
46160.7
50891.6
51135.6
51248.9
51510.3
51661
51753.2
57615.4
57628.1
57658.7
61461
62302.8
62314.1
62460.1
62790.5
62820.8
62828
62877.4
62972.6
63013.3
63028.1
63143.1
63230
63372.5
63429.2
66559.7
66713.4
67360.4
70008.5
70025.6
70238.1
70255.5
70464.7
70571.8
70692.3
70733.1
71036.2
71071
71102.1
71355.9
71650.9
71670.6
71720.7
72019
72116.4
72167.3
72234.3
72309.2
72626.1
72926.8
73056.8
73293
76242.4
76256.3
76299.7
76365
76476.7
76492.6
76695.7
76732.4
76750.2
76761.3
76862.8
76952.9
77219.5
77362.1
77460.2
77527.3
77547.4
77596.3
77602.6
77709.9
77783.2
77784.7
77785.4
77798.8
77811.3
77826.8
77900.5
77904.9
77921.2
78079.5
78137.5
78245.2
78390.4
78509.4
78969.9
79013.8
79114.3
79147.4
79693.5
80243.6
82738.6
82739.3
82786.4
83396.7
83604.6
83640.9
84196.6
84532.7
84551.7
84826.6
84889.3
84907.5
84917.7
84956.2
85093.4
85101.2
85147.3
85170.7
85216.9
85220.9
85303
85322.3
85324.2
85335
85412.6
85417.4
85444.2
85653
85693
85728.1
85737
85853.8
85916.6
85920.7
86009.8
86195.6
86271.8
86327.5
86363.5
86404.7
86428.5
86669.4
86696.6
86701.7
86719.7
86784.3
86810.5
86817.2
86863.8
86886.5
86920.1
87008.7
87116
87127.1
87175.1
87191.5
87252.4
87336.5
87424.1
87553.7
87567.2
87581
87593.7
87597.7
87602.8
87618.8
87628.4
87819.2
87847.7
87863.9
87917.7
87943.9
87972.2
88009.7
88091
88120.8
88155.8
88331.5
88394
88419.6
88430.6
88458.5
88523.1
88527.2
88629.7
88657.7
88661
88716.2
88760.3
88901.7
89003.4
89014.6
89106.8
89156.5
89172
89269.7
89307.6
91239.2
91378.7
91415.3
91445.5
91774.3
92033.6
92135.2
92249.1
92260.1
92277.3
92320.9
92345.6
92366
92451.3
92493.6
92507.3
92543.8
92575.1
92620.1
92763.1
92825.1
92869.3
92897.7
92968.5
92985.5
93012.1
93013.7
93017.6
93017.8
93129.3
93226
93247.3
93761.5
93802.5
93985.9
94167.3
94179.4
94208.2
94261.5
94282.8
94463.5
94481.7
94507.8
94548.5
94588.1
94621.2
94658.7
94688.1
94810.2
94841.1
94846.8
95072.9
95083.1
95092
95112.1
95129.4
95541.8
95621
95747.6
95761
95836.8
95876.1
95973.1
96023.3
96042.4
96087.5
96124.8
96348.2
96355.9
96452.1
96460.8
96541.7
96708.4
96738.8
96775.1
97010.4
97113.4
97200.1
97256.9
97623.5
97675.5
97772.7
97895.3
97914.6
98031.8
98154.2
98194.1
98274.7
98292.3
98459.5
98529
98549.2
98976
99101.7
99146.3
99173.1
99312.7
99848.2
99852.3
99875.5
99901.5
100025.1
100042.3
100274.4
100410.5
100462.9
100474
100636.2
101137.8
101256.9
101331.4
101538.2
101626.8
101720.4
101824.7
101945.1
102139.6
102210.2
102247.6
102268.8
102353.1
102366.3
102461.2
102767
102842.4
102846.7
102895.6
102927.6
102951
103087.8
103120.2
103207.8
103271.5
103304.5
103340.3
103350
103700.7
103859.1
103952.4
104441.6
104530.3
104757.4
104758.2
105072.5
105112.6
105205.5
105363.3
107335.9
107803
107907.2
107948
107968
108017.3
108044.8
108108.6
108162
108172.3
108220.2
108382.1
108459
108497.5
108567.2
108567.7
108606.2
108644.8
108645.1
108680.4
108824.7
108826
109015.6
109029.9
109048.5
109143
109178
109225.9
109301.4
109305.5
109321.3
109328.8
109332.5
109383.2
109486.2
109538.6
109555.9
109565.9
109605.2
109610.9
109639.4
109649.9
109671.7
109682.3
109687.7
109688.2
109711.5
109769.2
109772.5
109783.1
109847.9
109849.2
109853.6
109857.5
109881.8
109900.1
109920
109933.2
110083.3
110085.9
110106.4
110122.1
110166.6
110255.4
110319
110449.3
110452.2
110543
110544.7
110566.1
110606.3
110685.2
110728.6
110729.6
110741.8
110833
110886.8
110925
115874.8
116391.1
116409.2
116615.5
116649
116705.1
116727.1
116819
117113.1
117396.1
117414.4
117555.7
117652.9
117658.3
117702.6
117740.6
117748.9
117788.4
117828
117828.9
117865.4
117878.1
117938.1
117994.8
118121.5
162100.5
169855.8
170677.7
170689.1
170698.4
170762.5
170948.1
170960.9
171012.2
171034.1
171057.2
171129.9
171147.5
171165.6
171244.6
171287.5
171333
171361.4
171416
171454.8
171485.4
171543.4
171557.5
171571.7
171598
171797.8
171949.8
172058.3
176197.6
176788.3
177204.2
177335.5
177735.8
177974.9
178102.3
178142
178165.1
178183.6
178239.3
178419.3
178485.5
178735.3
178784.9
178996.1
178999.3
179001.5
179189.9
179204.1
179246.5
179520.5
179545.2
179618.5
179706.2
179779.3
180863.3
180896.8
180963.7
180989.1
181274.1
181278.5
181308.9
181310.4
181319.1
181331.1
181347.8
181407.1
181420.4
181445.9
181572.6
181584.1
181596.7
181721.8
181729
181775.6
181898.5
182010.3
182052.4
182167.4
182230.4
182262.8
182277.9
182289.6
182383.4
182401.4
182413.6
182446.4
182498.5
182544.4
182581.9
182631.8
182645.9
182646.2
182746.8
182767.3
182780
182824.7
182887.9
182942.8
185223.1
185524.6
185736.3
185771.7
185790.2
185942.6
185961.7
186026.3
186139.2
186279.3
186320.4
186818.8
190865.6
194013.3
210609.9
211126
211188.3
211352.3
211360.3
211369.2
211403.3
211618.5
211682.7
211817.4
211884.9
211953.6
211956.5
212026.6
212040.2
212314.3
212364.1
212431.7
213152.8
217309
217924.9
218068.7
218131
218262.2
218262.4
218275
218375.8
218393
218692.7
218786.4
218959.2
219044.5
219187.7
222313.3
226149.5
226210.6
226232.5
226308.3
226358.6
226367
226391
226423.5
226439.6
226460
226540
226599.2
226599.6
226732.6
226783.3
226819.8
226835.3
226859.8
226864.1
226874.4
226874.9
226945
227120
227470.2
227562
227587.8
227596.2
227600.3
227697.8
227892.5
227907.9
227933.7
228085.3
228094.3
228102.4
228162.7
228326.3
228353.6
228837.2
228855.7
228863.9
228901.3
228902.3
228933.5
228975.5
229011.6
229053.6
229074.3
229157
229179.9
229213.2
230691.8
241849.6
250151.2
250478.3
250794.4
252417.3
252460.4
252527.1
252556.1
252727.1
252877.3
252929.9
253061
253152.5
254843.5
255192.1
255312.5
259808.1
259926.1
260096.7
260112.5
260118.1
260148.4
260159.6
260169.1
260243.6
260370.7
260495.7
260556.1
260613.8
260772.9
260862.1
260919.6
260927.7
260935.3
260998.2
261235.5
261586.9
261782.4
261803.2
261830.4
261848.2
261887.8
261947.1
262029.8
262107.2
262130.9
262144.6
262234.9
262531.2
262876.6
262997.6
263054.2
263056.9
263084.7
263391.3
263697.8
275570.7
275618.8
275725.4
275747.3
276012.9
276187.2
276222.7
276302.4
276420.3
276462.6
276575.1
276591.3
276931.2
277475.9
277689.3
277863
279729
279838.9
280010.9
280202.1
280210.1
280237.6
280322.3
280352.1
280367.3
280391.1
280498.7
280554.6
280584.5
280593.6
280907.4
281718
281740
281750.6
281810.5
281841.9
281855.6
281992.4
282025.6
282035.8
282061.6
282109.3
282141.8
282155.7
282197.8
282256.1
282257
282308.2
282364
282371.5
282469.2
282888.4
285648
289323.3
291047.2
292016.2
292084.9
292938.1
294270.3
295490.1
295695.7
295747.8
295798.3
295862.9
296039.2
296117.1
296153.9
296155.4
296197.4
296321.6
296356.6
296365.9
296386.2
296396.6
296422.9
296444.7
296473.3
296524.2
296537.5
296546
296581.5
296608.8
296654.1
296743.8
296806.6
296868.5
296924.7
296935.6
296948.8
296953.3
297026.1
297046.9
297105.7
297159.3
297168.8
297184.3
297196.8
297203.1
297289.3
297326
297362.8
297367.6
297381
297417
297485.4
297535.8
297570.8
297632.3
297689.9
297875.5
298413
298999.2
301905.6
301983.3
302005.8
302132
302366.1
302403.1
302591.3
302646.5
302727.8
302786.9
302865.7
302995.9
303099.4
303103.9
303108
303111.3
311332.9
311415
311544.5
311568.9
311626.5
311641.7
311756.7
311820.7
311835.8
322960.9
323040.6
323083.2
323097.5
323108.7
323137.7
323246.2
323255.8
323290.6
323406
323414
323542
323567.1
323660.6
323702.2
323727.5
323745
323929.1
324088.4
324127.7
324170.2
324224.7
324314.7
324315.5
324359.8
324376.7
324428.7
324431.8
324501.7
324710
324737.2
324752.7
324768.3
324794.7
324847.3
325080.8
325090.1
325099.8
325180.2
325212.1
325231.9
325242.5
325259.7
325373.3
325403.8
325527.7
325639.9
330895
332725
332907.1
333074.8
333114.1
333374.8
333387.8
333435.8
333458
333462
333528.1
333735.1
333745.7
333798.9
333807.9
333830.4
333833
334031.6
334049.9
334095.4
334168.5
334199.5
334246.1
334509.5
334594.7
334610.3
334651.1
334671.7
334768.4
334804.4
340827.5
343227.9
343663.5
343993.1
344057.7
344066.1
344086.8
344089.4
344133.4
344284.6
345094.7
345102.9
345106.9
345120.9
345159.7
345216.5
345236.5
345248
345264.6
345286.5
345401.1
345445.2
345534.3
345537.3
345667.5
345674.8
345684.2
345798.2
345974.9
346201
346303.8
346448
346469.7
346704.3
346907
347035.1
347591
351607.5
352130.8
352649
354963.4
354989.5
354995.5
355025.2
355100.2
355382.1
355415.3
355446.5
355462.7
355571.4
355716.6
355736.9
355746
355844.5
356136.5
356170.6
356177.8
356283
356339
356349
356368.6
356394.6
356421.4
356476.1
356566.4
356606.9
356622.5
356637.4
356650.1
356693.2
356722.4
356781.4
356794.8
356825.3
356888.9
356944
356965.8
356987.5
357003.6
357129.7
357283.8
357294.8
357307.2
357395.4
357408.9
357455.9
357480.1
357504.7
357592.2
357602.1
357651.3
357692.2
357743.6
357755
357770.8
357777.5
357878.6
357900.4
357909.1
357925.3
357941.1
357943.6
357954.1
358083
358272.6
358385.5
358390.3
358455.1
358587.8
358598.2
358599.1
358607.6
358633.6
358642.5
358658.1
358697
358834.8
358836.6
358902.7
358904
358950
358950.5
359109.7
359121
359153.1
359156.1
359297.8
359323.5
359389.3
359393.4
359393.9
359399.5
359400.1
359545.3
359577.1
359695.3
359716.3
359772.1
359848.6
359883.5
359904.4
359907.9
359993.9
360030.1
360047.9
360053.2
360100.2
360117.1
360162.2
360198.7
360219.5
360235.6
360368.5
360446.2
360566.5
360601.5
360647.2
360738.6
360738.8
360783
360822
360829.3
360832.3
360853.8
360952.5
360977
361102.4
361103.1
361167.3
361269.3
361279.8
361321.9
361328.5
361339
361389.8
361523.9
361581.7
361590.7
361615.7
361639.7
361699.6
361743.7
361758.7
361760.6
361786.1
361831.7
361915.5
361966.5
361977.3
361989.4
362004.1
362034.6
362076.8
362079.3
362106.2
362107.4
362152.6
362184.5
362233.2
362246.5
362256
362277.9
362282.8
362297.9
362323.1
362330
362330.5
362520.5
362585.8
362620.4
362649.2
362659
362672.5
362681.9
362687
362688.1
362701.1
362766.9
362847.8
362964.4
363050.9
363115
363146.3
363173.2
363247.6
363317.5
363356.3
363380.5
363406.8
363519.6
363520.4
363538.7
363684
363763
363992
364061.9
364085.3
364101.7
364163.9
364167.7
364277.7
364282.7
364294.2
364301.2
364313.8
364324.4
364358.3
364405.1
364550.9
364593.7
364680.7
364703.3
364746.5
364809.7
364862.1
364888
364976.4
364986.5
364998.8
365045.6
365184
365202.4
365285.7
365319.3
365485.5
365512.3
365943.3
366006.1
366431.6
366445.2
366703
366889
367255.3
367449.3
367580.6
368107
373400.5
373524.5
373561.7
373568.4
373630.7
373835.3
373847.5
373898.7
373968.3
374186.3
443797.6
447235.1
447250.6
447435.2
447586.7
447614.4
447819.7
447875.9
447923.5
447951.3
447981
448057.5
448084.8
448118.8
448123.8
448148.6
448178.8
448374.1
448409.1
448490.8
448629
448668.8
448857.9
454464
454482.4
454493.3
454521.3
454540.8
454556.7
454647.7
454685.1
454765.7
454790.3
454879
454890.6
454891.6
454900.5
454936.8
455001.2
455029.9
455049.9
455059.6
455082.1
455115
455122.7
455264.3
455264.6
455275.4
455369.1
455371.5
455390.8
455495.2
455521.4
455749.7
455810.4
455881.3
455897.1
455914.8
455918.5
456002.9
456032.4
456048.3
456074.4
456150.8
456160.1
456180.7
456526.6
460544.1
460681.6
460866
460945.1
461528.8
461761.8
461968.2
462305.9
462317.6
462649.9
462658
462741.4
462824.3
462828.4
462849.4
462864.2
462924.9
462986.1
463085.3
463284.9
463295.7
463319.7
463329.3
463331.1
463398.7
463416.8
463421
463432.1
463471.3
463622.3
465298.5
465299
465743.8
465866.3
465953.7
466108.4
466112.2
466170.4
466170.6
466212.6
466262.2
517633.3
517881.5
517955.1
517973.1
518100.9
518616.3
518675.2
518934.9
519065.5
519199.2
519315.7
519385.9
519457.1
519711
519800.8
519987.1
520054.3
520056.4
520084.4
520136
520142.5
520185.7
520193.4
520210.9
520227.7
520268.7
520409
520424.2
520444.8
520494.1
520516.7
520561.7
520629.5
520719.9
520748
520833.6
520845
520980
520993.8
521064.3
521107
521169.8
521185.8
521241.5
521256.3
521299.6
521334.8
521393.1
521400.3
521460.2
521535.9
521539.4
521602.2
521761.1
521783.4
521811
521837
521921.6
521977.5
522064.9
522079
522138
522228.5
522230.9
522263.7
522300.3
522303.7
522317.6
522347
522438.4
522448
522449.1
522471.5
522479.4
522491.4
522502.4
522510.4
522518.8
522631
522740.1
522740.6
522757.7
522779.3
522834.8
522891.2
522940
522949.5
522961.7
523017
523041.9
523048
523085.2
523171.8
523175.5
523400.6
523460.9
523512.2
523587.4
523736
523828.8
523859.2
523916.9
524002.4
524008.4
524039.6
524237.9
524281.4
524287.1
524326.7
524387.4
524441
524453.1
524466.4
524548.5
524724.2
524762.4
524790.8
524821.3
524823.3
524835.9
525258.7
525363.1
525384.4
525720.7
525843.5
530670.1
530735.7
530866.2
531209
531256.8
531357.8
531391.8
531628.8
531682.5
531761.1
531805.1
531886
531894.1
531938.5
531945.4
536806.9
537169.4
537259
537722.6
537812.5
537931.8
541671.9
541984.5
542159.2
542191.8
542271.1
542278.2
542306.4
542362.8
542772.9
542877.6
543021.2
543045.4
543096.5
543235.1
543409.7
543418.9
543463.8
543497
543543.5
543579.9
543848.1
543855.5
543962.9
544055.2
544129.5
544296
544464.8
544640.9
544693.2
544721.5
544752.3
544764.3
544803.2
544821.2
544913.9
544954.5
545048.3
545074
545144.9
545209.6
545375.2
545387.8
545462.9
545532.3
545550.7
545591.2
545640.3
545662.3
545831.6
545834.7
545885.2
545930.2
545976
546004
546028.4
546061.6
546064.5
546087
546148
546178.3
546194.1
546214
546240.4
546299.6
546455.3
546475.7
546491.6
546506.1
546520.7
546569.2
546571.9
546572.8
546742.6
546746
546808.7
546844.9
546846
546888.6
547019.5
547115.6
547117.4
547178.2
547192.8
547296.9
547326
547467.6
547718.3
549692.5
549877.4
549937.5
549977.9
550030.8
550117
550182.6
550183.7
550319
550334.5
550506.9
550508.7
550590.8
550680.2
550702
550807
551037.7
559868
561447.8
561478
561516.1
561639.5
561717.8
561761.1
561763.1
562016.5
562023.1
562245.8
562384.4
563050.7
563075.1
563249.2
563808.6
563851.9
564126.6
571210.9
571775
572020.5
572057.7
572073.4
572073.6
572143.2
572245.6
572247
572325.6
572326.1
572423.4
572476.7
572495.3
572558.7
572563.1
572597.8
572623.4
572628.3
572648.4
572678.4
572717.2
572807.4
572829.3
572878.2
572888.4
572948.5
572957.1
573025
573072
573136.4
573204.9
573239.4
573255.4
573295.2
573323.6
573336.8
573359.4
573403.4
573449.2
573453
573460.5
573694.4
573696.5
573711.4
573830.1
573853
573898.8
573909.2
573915.9
573953.4
574008.5
574011.4
574071
574099.5
574145.6
574244.4
574269.4
574331.4
574350.7
574354.3
574361.2
574391.5
574405.7
574418.9
574458.5
574473.5
574504.8
574650
574812
574927.1
574971.4
574974
575124.9
575141.3
575159.9
575166.9
575198.8
575223.6
575250.4
575281.6
575331.1
575375.5
575404.2
575436.7
575466.1
578376.1
578570.5
578695
578736.2
578775.2
578857.3
579106
579143.6
580746
580821.7
580932.2
580979.3
581069.6
581228.2
581399.2
581406.7
581617
581679.3
581971.6
582750.1
588272.9
588529.8
588692.2
588756.6
588926.4
591469
591487.6
591611.8
591659
591662.1
591697.1
591709.8
591712.5
591760.1
591805.8
591857.5
591863.1
591897
592054.7
592135.6
592240.8
592337.8
592365.1
592381.6
592522.4
592611
592632.8
592796.1
592885.8
592897.4
593205.5
593225.6
593292.8
593300.8
593472
593493.4
593499.4
593603.2
593633.9
593688.7
593728.9
593743.6
593770.7
593843.3
593913
593973.7
594003.1
594019.7
594033
594042.1
594048.9
594058.1
594121.5
594131.8
594170.1
594301.4
594370.3
594390
594490.1
596529.1
596601.8
596709.3
596830.2
596863.2
596945.8
596946
597033.2
597056.2
597069.4
597124.6
597125.2
597165
597189
597360.6
597367.6
597403.2
597433.9
597748.7
597753.6
597893.9
597933.6
598059.8
598208.9
598308.8
598320.7
598348.9
598479.2
598560.7
598699
598710.3
598817.8
598970.1
598980.5
599108
599161.5
599299
599320
599351.6
599352.2
599393
599439.1
599444.5
599532
599605.4
599629.9
599631.7
599643.5
599814.6
599838.5
