1396.8
1486.4
1598.1
2430.1
2682.4
2742.4
2753.7
2792.8
2810.8
2847.8
2880.8
2893
2924.5
3007.5
3014.6
3015.1
3070.7
3075.4
3127.8
3133.1
3143.7
3178.4
3233.3
3335.8
3403.2
3526.1
3542.9
3552.5
3613.6
3626.6
3650.5
3660.2
3673.2
3728.7
3772.8
3805.4
3872.4
3964.7
3999.5
4022.5
4162.9
4261.3
9313
9330.2
10348.2
10729
10745.5
10888
10894.1
10958.3
10983.7
11193
11395.3
11615.6
14305
14464.3
15679.1
15879.7
15901.2
15937.9
15999.4
16004.8
16125
16169.7
16177.7
16200.5
21369.4
21400.9
21411.2
21424.9
21489.9
21557.5
21642.5
21661.6
21663.8
21686.9
21779.7
21833.4
22037.9
22072.4
22112
22178.9
22219.7
22257.1
22332.7
22354.4
22488.6
22597.4
23927
23999.4
24111.7
24115
24234.1
24264.4
24285.4
24307.4
24534.3
24619
24619.6
24623.8
24781
24947.3
24959
25003.1
25019.4
25227.5
25229.8
25537.5
25825.3
25891
26453.4
26808.4
26895.4
27473.3
27642.9
27768.7
28254.4
28474.1
28533.7
28655.9
28665.1
28687.8
28734.4
28798.3
28841.8
28918.3
28923.3
28932.2
28988.9
29146.1
29156.4
29188.6
29236.6
29260.3
29399.7
29475.2
29617.5
29651.5
29665.2
30350.1
31079.9
31355.5
34385.7
36293.4
36311.9
36326.4
36362.2
36365.8
36426.7
36427.1
36428.3
36456.1
36643.9
36684.7
36733.8
36741.9
36764
36829.4
36931.8
37033.4
37097.3
37190.7
37203.4
37226.7
37257.8
37267.3
37319.5
37367.9
37492.2
37495.4
37529.2
37555.6
37713.5
37744
37850.1
37874.8
37901.3
37935.8
37973
38043.3
38963
39052.6
39058.9
39240.2
39249.7
39311.7
39426.8
39498.3
39521.4
39571.3
39575.8
39579.3
39762
39766.7
39780.2
39799.1
39831.5
39881.9
39887.6
39919.6
39968.5
40007.9
40070.5
40119.3
40146.7
40149.3
40170.9
40378.9
42261.9
42302.4
42436.2
42439
42623.3
42630.3
48256.2
48302.6
50251
50264.1
50349.7
50442.7
50477.6
50491.4
50530.9
50539.8
50546
50590.8
50609.5
50641.7
50692.3
50729.1
50736.6
50741.5
52494.8
52604.1
52616.9
52727.6
52795.8
52933.8
52992.7
53246.4
53601.7
53976.7
54853.6
54863.4
54965.6
55116.1
60087.6
60234.8
60254.5
60266
60300
60340.7
60361.9
60434
60709
60768.4
60809.9
60820.3
61410.5
61445.8
61487.7
62012
62094.8
62110
62127.2
62141.3
62337.7
62348.3
62351.5
62396.7
64279.8
68724.8
68812
68820.6
68862.7
68958.8
68978.5
69100.5
69127.6
69145.6
69166.9
69416.7
69468.6
72103.2
72545.7
72907.4
73128
73387.1
73547.3
73715.2
73877.5
73942
73978.1
74155.2
74219.3
74503.8
74543.8
76512.8
76566.2
76669
76725.9
76728.7
76773.6
76797.1
76837.4
76881.6
76953.5
76966.1
77043.1
77045.9
77163
77193.3
77340.3
77483.5
77532.7
77537.3
77597.7
77608.4
77627.2
77627.8
77657.1
77676.2
77678.9
77955.4
85213.8
85552.4
85557.4
85678.7
85687.1
85697.5
85705.4
85716.8
85805.4
85877.4
85887.2
85995.4
86033.6
86196.4
86515.5
86552.7
86555.3
86564.8
86621.1
86693.1
86704.2
86775.8
86816.9
86944.3
87356.1
87428.5
87623.9
87745.1
87747.3
87921.3
88828.4
89134.3
90470.7
90861.8
90930.3
90965.2
90994.5
91149.5
91213.3
91229.7
91426.4
93529
94559.4
94670.4
95693.7
96285.2
96355.6
96486.4
97101.7
98171.4
98387.4
98454.6
102099.5
103391.5
103686
103700.9
103722.7
103742.2
103751.4
103959.4
103994.6
104049.1
104084.7
104101.1
104156.7
104280.4
104312.4
104630.7
105619.9
105642.1
105694.6
105722.8
105794.1
105870.1
105919.9
105926.6
105934.3
105948.6
105952
106019.2
106035.8
106201.9
106210.9
106213.7
106279.1
108096.4
108289.4
108565.8
108842.2
108851.2
108995.1
109478.9
109600.8
109666.5
109923.5
109974.2
110184.9
110361.5
110687.6
110756.8
118574.2
118768.7
118780.8
118884.1
119020.9
119039.6
119356.9
119408.9
119414.3
119727.8
119834.5
119838.3
120060.4
120730.9
120972
121134.5
121609.9
121949.8
122715.6
124763.6
125153.8
125365.6
125397.2
125435.1
125509.7
125571.1
125734.1
125778.1
125839.2
125913.9
126489.3
126551.2
126563.9
126570.8
126683.6
126747.1
126787.2
126825.4
126840.9
126923.7
127006.5
127145.2
127201
127248.9
127250.8
127333.6
127349.7
127431.8
127467.6
127493.9
127499.5
127527.5
127568.7
127726.2
127732.2
127738.6
127772.5
127865.6
127898.9
127932.6
127946.4
127967.3
127976.5
127984.8
128064.3
128118.2
128163.5
128173.8
128362.4
128672.6
131633.1
131699.4
131973.3
132116.4
132372.3
132377.3
132434.1
132861.3
132920.5
133141.3
133490.2
133498.5
133630
133681.1
133776.9
133835.9
133860.1
133873
133925.6
133999.7
134016.1
134133.2
134146.4
134152.4
134211.4
134299.9
134317.9
134338.3
134341
134343.1
134384.1
134393.2
134412.5
134433.6
134458.7
134459.5
134517.4
134519.8
134570.9
134573.6
134631.3
134708.5
134788.9
134854.3
135023.4
135025.2
135220.6
135323.7
135356.4
135366.3
135382.2
135420
135427.1
135428
135472.4
135488.5
135593.9
135637.4
135788.4
135946.1
135981.7
136168
136191.3
136354.2
136369.4
136383.1
136405.8
136421.6
136508.1
136552.2
136633.6
136646.6
136771
136786.8
136822.3
136908.1
136948.6
136975.8
137152.9
137244
137278.4
137322.8
137325.6
137344.6
137396.9
137417.4
137417.8
137429.6
137592.2
137603.3
137768.7
137899
138077.3
138164.1
138213.3
138296.8
138483.5
138535.2
138637.5
138652.3
138732.6
138752.1
138833.2
138895.8
139006
139013.4
139087.1
139098.6
139148.3
139159.4
139228
139231.8
139270
139277
139376.1
139405.7
139446.7
139447.9
139493.9
139558.1
139670.7
139680
139709.5
139733.1
139738.5
139850.9
139856.3
139889.6
139927.6
139929.3
139945.1
139986.5
140063.7
140078.2
140097.8
140139.4
140176.2
140182.6
140222.1
140311.1
140311.2
140352.2
140422.6
140460.1
140468.2
140516
140526
140737.3
140904.4
140973.1
141751.7
141881.3
141966
142017.2
142043.7
142058
142070.7
142262.1
142470.7
142617.1
142677.7
142744.9
142887.1
142938.9
143330.2
144145.4
144384.8
144427.2
144431.3
144764.1
145000
145014.6
145124
145277.9
145426.5
145580.6
145795.1
145907
146247.6
146334.4
146379
146721.9
146737.8
146919.6
147061.4
147713.9
147800.9
147833.4
148048.9
148050
148079.8
148121.8
148168.4
148504
148681.1
148932.9
149033.8
149054.2
149056
149092.9
149122.8
149233.2
149249.8
149351.6
149906.1
150025.9
150166.9
150186.9
150456
150534.4
150535.1
150586.3
150614.4
151173.3
151324.6
151435
151562.5
151664
151672
151990.5
152186.1
152204.4
152249.9
152350.1
152462.1
152487.5
152611.9
152769.4
152786.5
152820.2
152834.5
153074.5
153117.5
153332.2
153515.1
153814.3
153865.4
153872.6
154093.1
154097
154128.5
154222
154282.8
154712.1
154718.9
154834.3
154903.1
154906.9
154936.7
154966.2
155001.3
155130.3
155206.6
155216.6
155350.9
155363.2
155568.2
155775.8
156049.9
156064.3
156172.2
156499.8
156527.1
156563.2
156659.3
156662.8
156929.1
157012.3
157076.4
157118.9
157130.8
157204.9
157346.3
157377.4
157381.3
157545.5
157546.3
157578.4
157585.3
157719.8
157752.4
157835.3
157857.1
157977.1
157986
158158.2
158274.5
158385
158449.3
158537.2
158701.8
158728.7
158753.5
158881.2
159513.7
159966.6
160006.5
160012.4
160052.2
160199.2
160342.3
160607.1
160656.2
160777.2
160842.2
160862.2
160944.5
161015.9
161088.2
161118.8
161304.5
167735
167980.3
171418.8
171448
171592.5
171599.7
171715.4
171795.8
171850.5
171856.9
171858.1
171881.3
172009
173240.9
173360.5
173546.3
173925.2
175850.9
176084.6
176198.1
176224.6
176276
176394.3
176566.9
176581
176611.4
176614.2
176653.5
176667.8
176866.3
176874.8
176879.7
176907.7
176926
177049.7
177098.1
177101.6
177121.8
177201.7
177203.3
177217.1
177229.7
177249.6
177267.6
177341.8
177422.3
177437.8
177515.5
178265.6
178649.2
178863.8
183328.3
183362
183412.7
183434.3
183464.7
183485
183576.6
183589.5
183650.9
183732.3
189223.4
189464.8
189690.2
189788.2
189932.6
189936.2
189964.8
190002.2
190099.7
190165.4
190199.7
190234.4
190283.6
190303.9
190374.1
193063.3
195220.3
195589
195634.9
195753.9
195824.8
196084.8
196410.8
197202.3
197884.8
198789.2
198922.8
199128.9
199170.4
199236.1
199282.1
199474.4
199734.8
199975.2
200022
200760.5
200918.6
201089.3
201441.9
201598
201692.8
201772.1
201843.9
202224.8
202267.3
202277.1
203178.5
203356.3
203677
203772.4
203778.1
203842.1
203934.7
204023.5
204309.3
204485.9
204800.5
204856.2
204899.1
205106.3
205470.7
205540.5
205616.4
205651.8
205652.2
205671.9
205696.1
205767.8
205787.1
205943.4
205982.7
206090.9
206104.1
206136.4
206146.7
206251.6
206380.2
206709
206828.2
206942.4
206953.2
206957
206968.4
206978.2
206989.4
207067.6
207083.5
207149.8
207159.7
207200.4
207292.7
207302.5
207317
207321.9
207406.7
207464.2
207467.2
207480.4
207532.1
207549.6
207583.8
207665
207753.6
207758.3
207782.5
207860.8
208017.8
208194.5
208303.2
208418.7
208453
208509.2
208567.5
208690.5
208713.8
208778
208826.4
209180.6
209211.1
209244
209311.1
209362.2
209384.8
209395
209574.8
209583.3
209630.9
210100.8
210193.4
210281.4
210295.7
212669.2
212859.1
212881.7
213174.5
214394.2
219558.7
219633.1
219650.6
219667
219722.1
219751
219800.3
219858.3
219965.6
219993
220094.6
220099.7
220104.6
220133.1
220133.2
220134.2
220166.1
220194.1
220274.7
220329.1
220539.7
220593.5
221238.2
221244.8
223496.7
223843.6
223870.2
223906.5
223957.3
224020.7
224080.5
224235.2
224242.4
224250.1
224308.6
224493.4
224567.9
224579.5
224580.3
224614.3
224615.3
224638.3
224654.1
224654.5
224658.2
224661.9
224681.3
224690.4
224716
224722.2
224767.5
224790.7
224976.8
225149.9
225194.9
226202.8
226382.4
227175.5
227317.2
227572.4
227664.2
228291.8
228915.4
229034.1
230113.3
230288.7
231680.5
234284.4
234360.4
234851.2
235578.3
236300.4
236935.9
237506.3
237811.5
238604.7
239070.3
239157.1
239158.6
239181.6
239182.2
239263.5
239272.5
239615.8
240109.6
240355.3
240358.3
240382
240517.5
240604.8
240917.9
240953.7
241066.3
241117.9
241139.8
241166.3
241413.7
241417
242434.9
242860.1
243064.4
243147.5
243235.4
243266.1
243554
243635.9
243697.6
244096.2
246948.2
246954.4
247012.1
247113.4
247187.1
247240.3
247276.1
247401.3
247555.9
247750.1
247862.1
247933.4
247972.7
248149.5
248310.4
248313.5
248330.7
248395.4
248431.3
248451.3
248533.1
248534.6
248543.6
248580
248647.9
248795
248935.5
249017
249055.7
249059.7
249133.8
249225.3
249240
249242.3
249416.3
249542.7
250778.3
251391.2
251484.4
251487.1
251490
251758.4
251765.5
251985.6
252019.3
252045.3
252075.9
252121.8
255973.2
256378.5
256440
257581.2
259948.7
259953.6
260045.8
260055.2
260156.6
260158.9
260218.5
260277.6
260326.6
260369.4
260376.9
260461.1
260466.4
260477.2
260493.1
260505.2
260549.8
260551.1
260554.6
260578.4
260622
260654
260658.7
260747.3
260759.3
260778.4
260865.1
260874
260877.6
260940.8
260955.1
261027.3
261049.4
261080.3
261236.8
261237.4
261245.8
261354.9
261357
261365.8
261417.2
261453.1
261493
261585.7
261593.7
261799.2
261830.8
261857.7
261962.8
262024.3
262290.2
262390.3
262436.9
262641.7
262784
262823.3
262831.3
262989.2
263113
263196.7
263469.5
268377.9
268563.1
268722.1
268744.9
268811.7
268868.9
268890.5
268916.2
268920.8
268977.3
268983.9
269106.1
269110.7
269112.2
269119
269169.7
269281.5
269283.1
269425.9
269534.5
269568.9
272946.1
273196.9
273665.6
274189.6
274382.4
283268.8
283956.8
284022.6
285877.9
286789
286832.3
286867.6
287370.7
287586.3
287922.3
296413.1
296520.1
296568.3
296662.4
297019.9
297225
297244.9
297247.7
297320.4
297341.7
297347.5
297423.2
297480.7
297546.8
297556.9
297647.4
297669.3
299603.9
299923.3
300132.4
300191.7
300279.4
300307.7
300343.3
300421.3
300437.6
300477.8
300500.3
300601.3
300605.6
300630.6
300733.7
300755.2
300785.6
300843.5
301008.1
301159.2
301179.9
301180.2
301456.3
301739
301775.3
303994.8
304041.7
304080.8
304168
304266.6
304284.4
304295
304438.9
304549.2
304613.9
304669.3
304674.3
304681.1
304709.7
304777.8
304791.5
304815.2
304974.2
304986.7
305004.2
305037.4
305065.9
305079.2
305116.3
305238.4
305262.1
305306
305327
305347.6
305362
305364.9
305385
305414.2
305519.1
305566.6
305597.1
305714.9
305751.1
306006
306011.4
306148.7
306274
306836.8
306955.8
308560
308667.1
308667.3
308674.2
308721.7
308897.4
308929.6
308967.2
308998.5
309041.3
309092.2
309128.2
309237
309349.2
309390.9
309393.6
309485.6
309621.4
309849.2
309867.7
310011.7
310172.1
310378.9
310382.2
310510.1
310544.7
310651
311202.1
312442.4
314376
316587.5
316824.7
317092.4
317099.9
317119.7
317451.6
317565
318297.6
318647
318995.6
319002.9
319102
319440.1
319762.9
326281.6
326505
326511.3
326556.3
326585.1
326591
326710.3
326732.2
327053.4
327243.5
327343.2
327396.3
327467
327607
327661.2
327675.7
327862.9
327878.4
327879.1
327884.5
327928.5
328022.1
328211.9
328306.7
328319.5
328393.8
328525.2
328604.4
328629.3
328659.1
328669.5
328716.4
328720.7
328782.8
328793.8
328801.4
328806
328846.5
328897.4
328925.3
328981.9
329015.4
329038.5
329105.7
329122.4
329132.8
329344.1
329539.5
332125.5
341759.9
341856.8
342134.3
342301.1
342406.8
342496.7
342569.2
342754.6
342829.1
342882.4
342916.4
342952.3
343303.6
343324
344441.7
349546.5
349603
349677.7
349701.2
349758.6
349868.9
349897.8
349942.6
349943.3
350029.4
350039.2
350083.1
350108.1
350173.8
350236
350243
350266.4
350393.3
350504.6
350522.6
350565.1
350605.2
350670.6
350679.6
350683.6
350696
350721.3
350761.5
350818.7
350837.7
350849.9
350869
350963.3
351116.6
352789.1
353473.8
354539
355346
355628.1
355706.2
355757.2
355790.8
355898
355940.1
355960.1
356173.8
356189.2
356235
356272
356301.8
356367.3
356415
356434.6
356441.2
356466.8
356467.6
356577.1
356654
356697.4
356705.3
356741
356746.6
356758.7
356800.6
356834.5
356844.4
356847.7
356906.2
356922.4
356950.7
356960
357040.6
357079
357094.1
357156.1
357194.9
357246.8
357364.3
357383.2
357401.6
357456.2
357514.7
357527.9
357544.4
357610.4
357617.8
357686
357780.3
357856.1
357922.8
357961.8
358023.2
358037.5
358066.6
358095.2
358210.7
358290.5
358317.4
358332.2
358377.9
358401.7
358466.2
358468.1
358474.4
358645.7
358671.4
358674.9
358730.4
358745.1
358791.7
358805.7
358813
358821.3
358923.4
358966.3
359010.4
359166
359175.3
359248.2
359285.3
359311.2
359507.9
359526
359561.6
359619.8
359673
359774.8
359806.2
359817.1
359862.9
359879.1
360014.9
360027.8
360120.3
360120.8
360171.6
360172.1
360230.9
360350.4
360473.4
360479.6
360514.8
360639
360665.9
360682.8
360732.2
360868.2
360887.6
360909.4
360956.2
360965.5
361151.7
361206.7
361310.4
361330.8
361344.1
361517.6
361968.3
362010.6
362110.3
362128.1
362174.3
362176.8
362178
362431.4
362484.6
362703.2
362740.9
362741
362752.9
362764.9
362807.5
362816
362819.1
362950
363031
363050.3
363095
363374.2
363450.2
363467.3
363547.4
363558.1
363629.2
363730.3
363818.1
363819.8
363905.4
364008.1
364026.6
364039.6
364054.4
364120.8
364130.2
364260.7
364409.2
364410
364447.4
364449.8
364479.6
364497.3
364525.2
364595.4
364674.3
364739.6
364753.6
364786.8
364793.5
364993.4
372638.4
372884.9
372888.8
373052.9
373106.2
373211.1
373212.1
373251.6
373286
373315.5
375412.4
375545.9
375562.6
375858.4
375873.6
376023.7
376159.6
376209.7
376252.4
376278
376296.4
376336.9
376352
376386.4
376413.4
376547.8
376607.9
376645.4
376670.6
376694.8
376780.8
377012.2
377027
377116.6
377192.5
377373.5
377642.9
377664.5
377809.3
377881.7
377907.9
378014.7
378050
378185.5
378234.6
378262.2
378268
378342.5
378353.6
378372
378485.5
378797.1
378831.7
378902.9
378975
378983.1
379032.4
379087.7
379210.1
379358.9
379362.5
379467.4
379634.9
379737.3
379797.7
379828.2
379891.4
379995.6
380013.6
380246.9
380297.2
380435.1
380534.7
380537.5
380611.1
380675.9
380751.1
380826.4
380858.7
380876.3
380887.5
380999.3
381504
381572.1
381581.5
381717.3
381887.4
381918
381920.3
382116
382187.4
382266.6
382312.3
382442.6
382481.3
382863.8
383057.5
383061
383122
383136.5
383187.1
383465.2
383521.8
383567
383652.6
383699.5
383940.1
384190.2
384291.6
384491.7
384540.6
384579
384605.7
384633.1
384691.7
384910.6
384973.2
385037.2
385068.7
385226.2
385316.6
385337.2
385365.6
385373.5
385540.6
385717.9
385763.6
385872.7
386182.9
386251.1
386455.7
386504.9
387415.3
387503
387805.9
388113.5
388583.8
389456.6
390127.4
390958.8
392283
392449.1
392987.7
392991
393045.9
393218.5
393256.6
393316.7
393352.4
393356.8
393453.6
393498.5
393525.2
393565.9
393602.3
393660.5
393684.8
393701.7
393709.5
393951
394016
394016.1
394053.4
394177.8
394307.9
394308.5
394373.4
394403.5
394488.6
394500.6
394759.7
394853.4
394912.4
394966.9
394980.4
395032.4
395150.9
395168.8
395289.9
395342.9
395385.2
395422.9
395452
395534.3
395537.3
395565.2
395638.1
395881.8
395963
395986
396041.8
396105.1
396108.6
396194.3
396222.3
396271.4
396279.6
396303
396305.9
396359.1
396426.2
396464.3
396584.7
396642.5
396737.6
396830.8
396938.1
396939.5
397562.9
397841.7
398143.3
398164.3
398402.2
398769.3
399657.3
399662.9
400001.8
400065.6
400175.5
400396.4
400741.3
400819
400822.3
400881.7
400907.6
400931.4
400989.2
401084.7
401139.8
401190
401418.4
401537.3
401596.2
401803.7
401922.1
402188.4
402202.5
402269.1
402473.9
402481.2
402527.2
402549.2
402560.4
402584.3
402615.6
402642.9
402666.2
402686.7
402718.2
402766
402793.9
402797.2
402808.1
402860.7
402873.8
402892.6
402893.4
402896.1
402896.5
402943.3
402993.1
403083.2
403128.2
403208.2
403212.9
403268.8
403281.1
403290.3
403342.4
403361.4
403376.1
403400.4
403456.1
403475.2
403550.7
403624.2
403625.7
403655
403665.9
403670.5
403811.2
403888.7
403894.3
404050.6
404072.4
404242.3
404292.5
404310.6
404359.6
404388.9
404431
404456.5
404499.5
404625
404634.5
404672.9
404981.3
405468.5
405654.8
406994.4
407029.8
407137.7
408019
408427.6
408661.4
408862.4
409119.6
409205.7
409207.5
409506.1
409655.2
409764.6
409883.4
409916.2
410140.7
410160.7
410748.9
410874.9
412279.8
413236.5
413395.1
413637.3
413938.5
414277.9
414495.5
414557.7
414713.5
414722.3
414752.8
414775.1
414851.2
415050.8
415154.7
415663.7
416194.5
416195
416276.2
416545.3
416638
416670.3
416691
416773
416835.8
417481.6
417491.8
417535.6
417583.3
417604.2
418131.4
418180.9
418186.6
418220.2
418290.6
418385.7
418440.3
418526.3
418742.2
418782.9
418828.3
418864.9
418925.2
419001.6
419008.3
419105.4
419299.2
419568.2
419618.9
419662
419783.3
419803.8
419882.5
420003.7
420078
420385.3
420535.7
420575.9
422705.6
422740.1
422756.8
422780.2
422889
422946
422983.3
423021.5
423126.4
424638
430791.7
430806.6
431020.7
431093.6
431263.1
431314.9
431625.5
431836.3
432080.6
432699
432761.9
432811.3
433039.7
433114.6
433253.7
433451.6
433488.2
433630.1
433637.1
433835.6
433923.1
433945.8
433990.1
434147.8
434220.9
434241.1
434245.9
434259.6
434562.8
434615.5
434710.9
434792.5
434977.4
434985
435010.3
435124.4
435160.4
435232.6
435460.6
435517.4
435607.4
435763.3
435896
435928.7
435993.2
436121.5
436206.2
436255.9
436337.7
436350.2
436423.9
436708.3
436770.2
436834
436954.3
437070.3
437135.9
437155.1
437289.9
437335.3
437407.4
437602.3
437701.2
437740.8
437976.3
438049.7
438319.2
438349.7
438355.8
438709.7
438750
438862.1
438905.7
438935.4
439082.7
439152.2
439243.8
439454
439579.8
439586.7
439645.6
439701.6
439715.4
439752.4
439767.2
439797.9
439829
439906.9
439962.3
439970.8
439983.3
439994.7
440027.6
440153.6
440159.3
440190.7
440272.7
440398.3
440946.9
440995.5
440999
441079.2
443426
446054.2
446239.7
446253
448679.3
448734.2
449114.5
449357.9
449366.9
449503.8
449521.5
449605.6
449680
449753
449760
449767.1
449815.1
449823.7
449829.9
449868.8
450020.6
450079.1
450087.4
450121.7
450384.8
450678.2
457435.8
458023
458097.7
458809.4
458902.6
459042.8
459351
459818
459930.4
460720.1
460838.8
462909.2
463101
464606.5
464797.7
464897
464976
464978.6
465003.7
465043.9
465081.2
465089
468050.5
468337.5
468435.4
468445.7
468466.7
468474.3
468506.2
468574.7
468692.2
468776.3
468815.9
468820.7
468921
469025.6
469175.3
469250.3
469586.9
469919
470004.8
470163
470286.4
470312.3
470449.8
470633.4
470683.2
470705
470793
470808.1
470814.3
470850.1
470953.4
471076.6
471127.4
471272.4
471362.8
471452.7
471461.7
471492.8
471548.6
471663.7
471692.9
471773
471779.2
471844
471867.1
471926.8
471956.6
472038.7
472153.4
472703.8
473509.5
473876.8
473937.3
474096.3
474152.6
474283.9
474288.4
474312.4
474416
474555.8
474620.6
474647.6
474683.1
474692
474714.1
474729.9
474745.4
474751.1
474795.6
474816
474912.6
474936.6
475078.4
475099.5
475158.3
475161.9
475222.5
475279
475319.3
475382.7
475411.7
475465.8
475544.8
475549.5
475601.2
475650.7
475699
475781.7
475799.4
475805.6
475846.6
475855.6
475861.6
475900.1
475902.2
475983.3
476023.1
476065
476123.1
476167.2
476266.4
476281.1
476282.1
476329.4
476435.6
476449.5
476470.2
476583.5
476633.1
476656.1
476696.9
476718.1
476737
476831.3
476883
477063.2
477191.8
477203
477241.9
477305.5
477380.1
477455.2
477513
477651.6
477660.6
477661.1
477702.6
477823.8
477825.9
477867.4
477920.2
478024.4
478060.8
478067.7
478161.6
478212.2
478216.9
478229.3
478239.8
478263.6
478269.3
478320.9
478350.8
478369.1
478380.6
478418
478476.2
478482.3
478492.8
478568.2
478623
478646
478683.1
478724.7
478734.9
478744.3
478754.1
478813.4
478876.2
478900.9
478921.3
478939.1
478969
479004.6
479147.1
479298.8
479304.6
479352
479537.9
479605.2
479815.5
479846.3
479862.4
479912.5
479934.2
479991.3
480020.9
480039.6
480076.8
480186.3
480209
480236.4
480300
480324
480336
480386
480477
480580.9
480641.3
480660.7
480671.9
480759.4
480774.4
480803.6
480823.2
480844.7
480895.2
481053.5
481172.9
481234.3
481419.1
481494
481583.5
481598.5
481639.3
481881.8
482053.5
482109
482437.1
482490.2
482494.7
482676.3
482691.7
482800.4
482922.9
482955.3
483131.2
483797.3
484196.7
484743.5
484816.7
484909.5
485051.8
485141.4
485279
485301.3
485442.5
485901.9
486018.5
486217.4
486548
486783.3
486863.3
486906.6
486961.6
487153.8
487230.6
487345.9
487377.8
487517.5
487598.9
487805.4
487828.6
488322.5
488613.7
488758.2
488978.3
489110.8
489134.1
489693.9
489818
489855
489891.9
490198.9
490366.5
490434
490533.7
490538.1
490667
490668.5
490906.8
491012.1
491022.4
491115.9
491191.7
491194.6
491234.7
491337.3
491367.6
491370.7
491380.9
491664.9
491770
491824
491826.1
492008.3
492065.5
492075.3
492086.1
492156.9
492198.7
492386.8
492582.5
492598.7
492627.7
492753.1
492753.9
492771.1
492790.8
492881.9
492902.4
493010.1
493050.7
493070.4
493079.3
493079.6
493151.3
493243.1
493290.7
493349
493494.6
493596.6
493607.2
493609.9
493619.7
493747.3
493817.2
493829.5
494113.8
494116
494184.3
494529
494590.3
494856
494878.9
494888.1
494905.9
494916.8
494922.8
495022.9
495177.2
495257.1
495307.5
495450.5
495554.6
495758.6
495799.9
495905.1
496011.9
496225.2
496235.9
496374.2
496496
496553.8
496572.6
496642.2
496668.7
496704
496807.8
497067.8
497173.1
497205.3
497279.2
497311.1
497588.5
497943.4
498200
498355.4
498514.3
498693.2
499018.6
499223.5
499455.4
499598.9
499653.9
499719
499733.7
499797.5
499828.3
500219.1
500225.1
500258.3
500262.6
500570.8
500586.3
501165.3
501263.4
501320.9
501421.6
501456.1
501685.8
501759.3
501809.8
501827.8
501952.8
502024.5
502152.9
502169.9
502263.2
502273.8
502387.6
502388.5
502445.8
502890.9
503067.4
503090.5
503115.4
503134.1
503187
503241.8
503290.3
503317.9
503421.4
503480.4
503515.5
503631.6
503882.8
504073.6
504139.8
504161.9
504185.4
504259.4
504306.7
504503.9
505082.5
505097.4
505171.2
505235.1
505274.7
505411.3
505433.4
505439.1
505445.1
505459.7
505460.3
505464.1
505527.3
505551.3
505572.7
505575.9
505597.6
505668
505707.4
505733.8
505770.8
505846
505849.7
505853.3
505930.3
505983.1
506059.1
506072.2
506173.9
506271.5
506286
506353.6
506368.9
506425.4
506485.3
506521.2
506562.6
506645.7
506679.7
506718.5
506884.4
507675.1
507767.1
507837.9
507993.9
508024.9
508045
508061.7
508095.1
508251.8
508351.2
508494.2
508528.2
508636.7
508647.7
508711.4
508715.9
508907.1
508922.8
508948.1
508982.3
509055
509067.5
509076.6
509167.6
509207
509225.9
509231
509241
509522.4
509563.9
509636.4
509639.5
509757.4
509822.5
509970.9
510051.3
510247.2
510493.4
510661.3
510685.8
510724.3
510807.2
510892.4
510913
510918.1
511133.2
511463.8
511844.6
512616.3
512837.4
512842.4
513020.5
513151.2
513253.6
513458.1
513775.6
516531.2
516765.5
516850.5
516982.3
517001.1
517036
517194
517222
517340
518027.3
518622
518641.5
528010.3
528162.4
528169.3
528190.2
528296.1
528296.2
528298.2
528300.5
528308.6
528314.2
528363.5
528452.2
528499
528523.2
528550.3
528626.9
532313.8
532676.6
532683.8
532704.9
532719.2
532723.4
532844.8
532883.2
532939.8
532989.8
533454.8
533667.6
533809.2
539826.6
540175.8
540645.5
540863.9
540945.8
541199.2
541202.7
541315.9
541317.4
541354.9
541847.3
542167.6
542247.9
547810.1
547818.5
548088.1
558813
558890.9
558919.1
559086.8
559811.2
562055.5
565324.9
565377.6
566301.3
566564.9
568282.5
568285.2
568359.5
568435.4
568483.1
568587.8
568639
568736.7
568882.8
568903.8
568947.1
568984.7
569168.8
569198.4
569240.2
569353.9
569585.7
569698.2
569876
569877.1
569961.7
570524.4
570666.1
570878.1
570978.8
570984.2
570996.6
571028.2
571035.5
571042.4
571098.8
571135.3
571182.1
571421.5
575916.6
575959.1
576104
576140
576140.3
576181.1
576255.5
579666.9
579862.3
579883.8
580937.5
585990.9
590100
