7578.6
12332.6
12392.5
14425.4
14563.6
15067.9
20230.6
20327.5
20381.8
20399.2
20420.4
20489.4
20536.2
20562.3
20562.9
20586.5
20593.3
20620.9
20631.8
20725.1
20789.5
20825.6
22955.5
22995.8
23087.7
30561.3
41110.5
41453.4
41572.9
41641.5
41652.5
41800.4
41912.4
41937.2
44081
44450.7
44484
44526.1
44647.4
44651.3
44733.9
44772.1
44826.8
44916.2
44985.7
44986.3
45035.3
45097.5
45115.9
45161.3
45168.6
45224.6
45226
45281.7
45350.4
45380.8
51407.4
51482
51570.3
51606.6
51661.1
51738.8
51745.6
51846.1
51852.6
51889.5
52035.9
56951.8
57024.1
57042.5
57104.7
57116.1
57159.1
57171.9
57178.5
57379
57533
57576.9
57580.5
57681.6
57769.5
57880.6
58433.6
58697.8
58864.9
63065.9
63172.1
63181.2
63223.1
63232.1
63274.8
63298.8
63442.9
63529.2
69672.1
69964.2
69970.2
69981.8
70103
70140.3
79016
79048
79358.9
79490.9
79567.6
79807.5
79889.8
80024.4
80326.1
80493.9
80503.4
80527.5
80561.4
80678.5
80682.5
80692.5
80734.1
80754
80759
80762.8
80811.8
80860.3
80885.3
80892.6
80924.8
81089.5
81138.2
81141
81144.1
81339
81345.3
81379.3
81405.6
81504.8
81566.5
81672
81677.4
81684.9
81752.2
81777.6
81899.6
81942.1
81957.5
82000.6
82077.4
82083.2
82086.6
82125.4
82185.4
82347.6
82378.6
82393.3
82538.3
83030.1
83438.3
83444.5
83562.6
83608.5
83767.5
83800.7
83836.7
83864.4
83898.2
84135.2
89078.3
89407
92421.4
92536.3
92545.8
92564.5
92595.5
92665
92689.6
92851.5
92899.9
92944
92953.6
92995.1
93010.2
93047.6
93089
93118.4
93162.9
93171.1
93300.2
93369.6
93694.8
93744.3
94211.5
94247.2
94372.4
94415.7
94476.1
94499.6
94613.6
94813.7
94928.1
94945.1
94947.8
96999.8
97048.3
97083.8
97251
97399.3
97430.6
97644.3
97799.6
98343.5
98567
99291
99399.3
99442.4
99707.9
99761.4
99843.4
99869
100337.1
100513.6
100656.4
100693.8
100714.5
100735.8
100905.9
101153
102069.9
102616
102640
102766.1
103066.7
103254.4
110033.8
117823.3
117921.1
117926
118013.5
118026.2
118049.9
118155.1
129576.2
151797.3
153882.8
161811.1
168217.8
168624
169204.6
169278
169340.4
169360.2
169361.7
169458.9
169484
169563.9
169586.7
169593.7
169610.7
169629.1
178001.6
178150.8
178776.8
179147.7
179201.4
179793.2
179808.4
180041
180245.3
180347.2
180388.4
180566.4
180825.9
180863
180894.5
180902.6
180920.4
180940.7
181045.3
181066.7
181094.7
181104.8
181122.2
181136.5
181184.1
181197.2
181256.8
181261.7
181323.9
181325.6
181405.9
181412.3
181433.7
181571.7
181597.7
181619.8
181722.9
181723.6
181899.3
181932
181941.8
181946.1
181981.1
182018.4
182019.8
182070.8
182138.8
182168.9
182265.6
182273.8
182310.2
182449.5
182498.8
182620.7
182685.9
186824.7
186908.1
187036.3
187123.5
187135.7
187147
187158.9
187258.9
187264.4
187359.5
187413.1
187528.8
194115.7
194409.6
194899
200099.3
203106.4
210441.3
210625
210728.8
210752.1
210861.4
211077.2
211152.3
211170.4
211173.8
211301.7
211329.3
211331
211353.4
211654
211660.1
211755.7
211930.1
211986.9
222231
222350.9
222379.9
222441.6
222503.1
222538.2
222581.7
222604.6
222765.6
223172.1
225538
225713.4
225839.4
225951.1
226046.7
226771
229079.4
229740.6
229855.8
229950.6
242801.2
244494.7
244672.8
244921.3
244975.5
245156.3
245598.4
250331
251592.7
259641.6
275147.3
275160.4
275314.7
275332
275376.3
275443.8
275493.1
275614.9
275678.2
275740.4
275745.2
275833.7
275852.4
275900.2
275951
275981.4
276152.8
276159.7
276344.4
276421.7
276453.9
276612.9
276613.8
276616.4
276761
276821
276872.1
276893.1
276963.5
277671.9
277805.8
277913.7
277937.9
279311.1
279374.3
279574.4
279940.6
279970.9
279978.5
279998.3
280035.4
280060
280064.1
280077.3
280088.8
280122.3
280125.5
280140.9
280169.3
280304.7
280309
280339.3
280382.2
280421.5
280445.5
280540
280603.6
280623.7
280699.2
280797.9
280800.4
280894.9
280946.1
280962.1
281094.6
281212.2
281238.5
281369.3
281572.1
281573.1
281604.6
281627.6
281641
281649.1
281706.4
281782.1
281848
282196.9
282304.3
282308.8
282353.2
288642.6
291157
293744.6
294747.6
295672.6
295705.2
295733.4
296333.8
297721.3
297915.2
298135.1
298147.5
298164
298229.2
298235.3
298299.2
298373.3
298434
298438
298443.6
298463.9
298513.7
298565
298572.7
298593.7
298641.6
298727.7
298731.5
298764.6
298850.6
298888.8
298912.3
298926.9
299054.1
301503.9
301815.9
302420.9
302548.5
302601.1
302744.2
302968
303171.3
303200.4
303220.9
303348.6
303400.3
311203.7
311749.6
325000.8
325287.9
325342.7
325392.8
325412.6
325526.7
325564.9
325591.6
325695.2
325852.7
325998.5
326005.8
330000.2
330538.2
331455.5
332637.8
332699
332769.1
332784.3
332907.4
332952.6
332992.2
333122.1
333155.4
333212.4
333270.2
333277.7
333299.7
333333.6
333366.2
333460.8
333469.2
333472.8
333473.1
333484.7
333485.6
333526.7
333528.9
333565.8
333586.1
333712.8
333814.9
333999.1
334086.4
334258.7
334329.7
334358.5
334379.4
334447
334633.3
334698.7
334908.9
337056.5
337732.3
337903.2
337907.8
337908.6
338025.1
338104.8
338106.6
338266.9
338426.2
344923.3
345325.8
346385.9
346786.6
346831.2
347181.7
354807.9
354819.1
365386.3
365514.2
365661.9
366111
366155.6
366212.7
366320.3
366372.7
366973.5
367001.1
367315.1
367421
373509.4
373707.3
373728.1
373772.4
373953.4
373970
374113.8
374157.3
374182
374317.4
424492.2
425160.1
425212.4
425302.8
425380.8
425396.2
425524.6
425687.1
426843.2
427132.2
427291.6
427343.5
427368.6
427422.8
427582.1
441742.9
442240.3
442440.9
442767.7
443254.8
443462.7
444039.2
444108.4
444259.5
446807.4
446890.9
447017.5
447075.9
447118
447162.6
447167.8
447182.1
447254.8
447362.6
447373.4
447380.4
447500.2
447509.5
447538.4
447610.1
447641.1
447695.8
447789.3
447851.1
448041
448059.1
448063.2
448109.4
448216.4
454440.2
454568.8
455041
455061
455132.6
455905.5
456033.2
456102.2
456122.2
456178.9
459908
460067.8
460311.1
460330.8
460335
460425.5
460430.1
460636.2
460744.2
461183.4
461197.2
461327
461384.2
462367.7
463523.3
463676.3
463740.7
463769.2
463792.8
463813.8
465679.1
465734.2
465889.4
465933.8
465973.5
466012.2
466115.3
466253.2
466295.4
467326.5
514728.2
515137.4
515211.1
515433.9
515585
515617.1
515670.2
515994.2
516065
516076.1
516079.5
516208.4
516267.1
518759.4
518912.6
519176.4
519243.7
519341.9
519359.3
519372.2
519392.2
519533
519540.6
519661.5
519683.6
519798.8
519809.9
519818.1
519893.9
519976.7
519996.5
520022.7
520025
520036
520076.2
520192.9
520308.5
520482.5
520565.5
520662.5
520672.5
520701.6
521053.4
521187.3
521224.1
521235.9
521247.2
521253.2
521275.3
521284.6
521326.1
521417.1
521518.2
521605.7
521716.3
521717.3
521739.6
521771.7
521810.5
521888
522012.5
522026.3
522044
522129.9
522153.6
522206.3
522214.7
522273.5
522276.9
522315
522378
522556
522619.8
522665
522705.3
522789.5
523094.1
523123
523142.4
523230.2
523246.9
523258.9
523334.1
523361.4
523398.6
523420.4
523453.6
523461.6
523525.8
523532.3
523672.7
523695.1
523815.4
523826.8
524054.9
524150.1
524241.2
524291.5
524294.4
524347.6
524373.2
524490
524562.1
524599.3
524617
524695.5
524743.1
524786.4
524915.8
524928.8
524940
524950.3
524950.5
524957.5
524973.4
525012.8
525057.8
525121.2
525127.1
525207.4
525225.7
525261.2
525292.7
525293
525354.3
525433.6
525500.4
525520
525547.4
525592.2
525616.7
525640.5
525740.8
525812.9
525833.8
525947.2
526125.5
526580.1
531295.5
531401.4
531409.8
531723.9
531826.1
535029.3
535075.1
535282.9
535283.1
535286.2
535294.1
535338.4
535373.2
535385.8
535417.4
535435.9
535483
535522.7
535570.2
535574.9
535582.3
535608.9
535640.8
535774.6
535902.6
535990
536080
536093.5
536094.1
536144.8
536285.4
536337.9
536465.6
536573.8
536706.4
536862.8
536867.8
536881.3
536940.5
536995.3
537003.4
537008.1
537056
537066.8
537129.5
537177.2
537238.1
537531.1
537704.7
537833
537850.8
538582.9
538941.1
539111.1
539219.2
539224.3
539248.5
539293.8
539432.6
539507.3
539516.1
539603.4
539749.2
539827.1
546689.5
546823.5
546838.3
546888.3
547038.4
547041.1
547057.4
550220.4
550259
563163
564296.3
564764.9
569124.9
573483.2
573613.3
574031.2
574166
574283.4
574429.4
574435.6
574456.3
574536.8
574569
574677.6
574699.3
574716.5
574796.8
574849.4
574981.3
574985.1
575070.4
575131.6
575257.3
575283.4
575300.9
575317
575412
575564.1
576524
576564.2
576799.1
576860.5
577039
577173.6
577182.9
577304.3
577307.8
579043.1
579763.6
580028.3
580158.7
580247.4
580531.1
580548.7
580938.7
581225.3
581731.5
586495
586643.9
586675.1
586703.2
586718.4
586724.7
586793.2
586818.4
586840.1
586905.3
586920.8
587025.8
587093.7
587124
587371
587446.7
587499.4
587761.1
588215.8
588558.7
589397.7
589598.7
589680.8
591362.9
591452.1
591513.1
591635.2
591674.9
591702.9
591724.8
591740.6
591757.2
591766.3
591793
591898.9
591932.8
592032.1
592107.2
592176.9
592225.2
592288.9
592356.2
592379.2
592405.3
592445.8
592510.9
592512.7
592514.7
592532.2
592646.4
592748.6
592788.6
592795.3
592848.2
592883.8
592902.2
593052.8
593102.1
593224.7
593443.3
593462.4
593477.3
593553.8
593672.9
593686.5
593963.3
594423.5
594429.5
594461.1
594494.8
594554.5
594968.7
596656.5
596767.8
596869.8
