1201.5
1362
1519.4
1636.6
1684.6
1685.9
1712.1
1725
1782.8
5857.7
5902.3
6906.7
6946.7
6960.5
7020.5
7142.7
7205.6
7214
7274.8
7451
7481.8
7608
18923.8
18960.7
19038.5
19083.2
19119.5
19132.2
19247.6
19277.6
19282.5
19335.3
19358.6
19387.9
19451.6
19580.5
19627.2
19643.6
19728.3
19813
20059.6
20067.1
20097.4
20146.4
20267.4
23956.5
24204.2
24210.4
24216
24362
24381.7
24451.2
24664.9
24671.1
24786
24793
24797.4
25035.1
25085.1
25089.2
25119
25187.5
25249.9
25292
25371.2
25386.9
25430.5
25551.9
25827.1
25876.3
25985.8
26006
26119.2
26305
26493.4
26577.3
26601.6
26728.3
26769.9
26899.4
26918.1
26968.9
26978.8
27247.9
27354.3
27414.8
27571.3
27681.2
27791.2
27832.1
27944.1
27958.7
27981.6
27994.3
28099.7
28110.7
28183
28308.2
28321.1
28344.1
28404.3
28500.4
28510
28519.2
28538.9
28684.8
28830.6
28834.2
28871.8
29087.1
29120.4
29154.6
29161.9
29196.4
29196.8
29474.8
29768.3
29875.2
29973.1
30202.7
30803.9
31511.5
34541.2
34637.1
48158.6
48227.4
48318.9
48325.8
48431.4
48721.9
48823
49161.2
49344.2
50013.3
50158.7
50280.6
50430.4
50434
50511.8
50599.6
50606.8
50644.6
50733.4
50756.4
50824
60102.4
60127.8
60128.9
60192.9
60339.8
60510.6
60578.2
61470.1
61879.3
62031.1
62255.3
62408.2
62441.4
62449.6
62575.8
70212
70319
70469.4
70480.8
70576
70766.4
70798
70852.5
70876.9
70928
70933.2
70969.2
71022.7
71045.6
71110.7
71134.6
71159.8
71237.8
71257.8
71281
71333.6
71366.5
71383.6
71463.2
71621.5
71624.5
71856.5
71900.7
72069.7
72077.3
72230.8
72296.9
72347.5
72430.1
72565.1
72764.9
72800
89744
90506.1
90544.3
90601.7
90657.5
90671.9
90673.1
90821.1
90853.9
90875.4
90938
90982.8
91059.3
91064.7
91123.4
93545.8
95430.7
96591.3
98235.3
98298.1
99058.7
103603.9
104058.8
104149.4
104184.1
104571.1
104584.6
105689.3
105693
105825.1
105834.2
105987.7
105987.9
106066.6
106158.2
106211
106316.8
106336.2
106373
106386.9
106409.5
106458.4
106506.7
106527.6
106543.7
106550.7
106556.2
106602.7
106686.5
106730
106899.8
107035.2
107044.2
107142.9
107212.6
110083.8
113873.4
114807.7
115562.2
115754.3
115794
115814.4
115860.4
115890.9
116028.2
116044.3
116070.5
116098.6
116115.4
116161.5
116220.7
116334.8
116405.4
116513.9
116644.3
116759.3
116774.6
116922.6
116992.2
116992.6
117018.3
117045
117069.9
117077.1
117080.9
117102.5
117204.2
117246.6
117257
117358.2
117468.5
117557.1
117676.8
117681
117752
117789.7
162590.5
168825.4
174565.4
174696.2
174762.9
175273.9
175491.1
175631.8
175789.1
175841.3
175980
176096.4
176108.4
176121.2
176177.6
176199
176226.7
176247.3
176253.7
176459.8
176482.7
176546.6
176549.8
176561.1
176662.3
176680.8
176783.4
176787.5
176802.9
176814.8
176893.7
176917.4
176945.4
177015.6
177355
177421.5
177475.9
178009.2
178080.2
183104.6
183726.8
183955.4
183975.9
184165.1
184239.3
184251.4
184349.7
184356.8
184448.7
185045
185265.9
211766.3
211948
211968.4
212112.5
212139.6
212257.9
212273
212531
212542.9
215215.8
216839.7
217055.1
217077
217098.7
217177.5
217189
217231.2
217329.6
217369
217371.3
217381.7
217386.2
217424.4
217435.7
217497.3
217500.4
217607.1
217657.8
217678.6
217702.8
217770.6
217829
217846.5
217870.5
218026.7
218039.7
218049.9
218053.1
218078.6
218136.2
218166.6
218290.2
218291.1
218404.8
218441.2
218443.1
218484
218486
218650.4
218681.3
218693.3
218704.6
218775.6
218854.5
218876.3
218908.7
218936.5
219059.1
219074.2
223240.2
223278.7
223564.8
223619.9
223870.6
223891.4
224002.5
224013.7
224100.2
224146.4
224166.3
224172.2
224176.4
224454
224481.2
224600.8
224610.8
224669.8
224784.5
224856.6
225035.4
225063.8
225075.6
225158.7
225171.5
225209.7
225251.8
225278.2
225596.9
250814.2
251285.4
251382
251522.8
251564.8
251862.5
251902.6
252089.4
252106.6
252199.6
252910.3
254885.7
255636.6
256143.5
256236.8
256297
256611.5
256744.1
256757.2
256825.7
256833.7
257034.3
257088.6
257238.5
257649.6
257729.7
257730.8
257731.9
257762.8
257806.6
257885.7
257909
257943
258016.6
258186.5
258254.1
258364.7
258500.5
258506.5
258512.8
258593.4
258593.5
258727.9
258947.8
258961.5
259002.7
259038.8
259065
259200.9
259396.1
275560.3
276809.2
279531.2
283346.8
283572.9
283693
283801.5
283989.6
284065.6
284187.8
284606.4
286028.1
286175.8
286343.4
286760.3
286787.5
286826.2
286828.5
286976.2
287070.7
287076.6
287122.9
287135.1
287246.7
287334
287385.4
287509.7
287562.5
287567.4
287811.4
288822.7
288856.4
291884.1
292186.9
292490.5
293988.9
294137.7
294166.4
294244.8
294429.8
294504.4
294886.3
295038.1
295096.1
299060.5
299301.2
299344
299374.6
299397.1
299439
299666
299779.2
299841.6
299958.3
300054.4
300210
300333.4
300506.3
300538.4
300640.7
300695.1
300833.7
301188
311747.7
311823.6
311834.2
311999.4
312072.4
312131.6
312151
312208.3
312218.6
318781.8
320665.6
320878.5
320998.9
321005.2
321095.4
321203.2
321213
321290.8
321468.3
321877.7
321977.5
322072.3
322448.2
322506.2
322599.5
322609.8
322670.1
322695.6
322720.1
322744.2
322901.9
322945.4
323023.6
323043
323153.1
323228.5
323242.7
323266.6
323267.8
323282.3
323284.9
323379.2
323409.6
323426.1
323474.5
323594.5
323607.9
323651.8
323664.8
323718.3
323725.2
323728.5
323762.6
323919.8
323945
323980.3
324033.4
324383.4
324633.5
324737.3
324796.8
324850.5
324900.7
325014.3
325031.2
325045.9
325073.3
334219.8
337232.9
337246.8
337257.6
337412.9
337433.7
337608.6
345242.7
345265.1
345281.5
345921
345964.3
346072.7
346089.7
349200.7
349237.6
349252
349564.1
349592.6
349595.1
349605.1
349615.7
349621.5
349681.3
349720.4
349880.5
350011.9
350020.4
350027.4
350227.5
350386.7
350416.6
350516.5
350545.5
350664
350763.5
350845.7
350853.4
351026.1
352922.7
352927
353121.9
353291.2
353379
353505.9
353684.3
354315
354362.9
370874.6
371393.5
371689.3
371700.3
372123.6
372257.4
372308.2
372373.5
372735
372964.8
373336.5
373750.4
421662.9
421986.9
422039.1
422346
422366.7
422719
422757.9
422873.1
422918
422958.1
423066.6
423116.6
423137.5
423276
423517.9
423533.1
423598.3
423630.8
423641.3
423890.7
423897.6
423998.2
424022.6
424025.3
424025.5
424116.5
424186.4
424244.5
424714.9
424780.9
424826
424997.1
448303.7
452667.2
453170.1
453219.9
453227.7
453265.9
453301.1
453318.6
453324.5
453416.3
453502.4
453521.2
453522.7
453549.2
453561.2
453639.6
453809.1
453825.2
453934.2
453966
453979.6
453982
454031.7
454060.7
454063.7
454067.5
454101.7
454123.4
454146
454159.6
454168
454204.4
454208.8
454302.6
454334.5
454347
454466
454466.3
454554
454555.4
454598.1
454613.5
454713.8
454754.7
454942.8
455412.6
463970.1
463986.3
464019.8
464079.5
464165.8
464259.7
464285.8
464323.8
464399.5
464433
464461.9
464509.1
464533.3
464683.6
464697
464767.3
464798.9
464828.3
464873.9
464956.6
465053.9
512492.9
512582
512849.3
512877.7
513235.7
513238.1
513360.4
513434.6
513501.6
513559.1
513622.1
513629.2
513703.7
513718.4
513915.8
513929.4
513942.5
513997.3
514054.8
514147.9
514301.6
514308
514387.5
514513.2
514601.6
514604.9
514775.8
514887.5
514978.5
515098.6
515100.5
515226.2
515255.2
515339.5
515625.1
515844.8
516231.4
516392.3
516451.3
516586.8
516589.6
516704.5
516795.2
516808.4
516871.3
516933
517074.6
517145.1
517147.4
517156.2
517235.3
517367
517452.6
517477.3
517528.3
517566.3
529897.1
531708.9
536488.4
536601.6
538059
539377.2
539544.1
539606.3
539672.1
539930.8
540057.1
540080.3
540095.3
540121.2
540275.6
540408.2
540480.3
540945.5
540952.4
540977.2
541122.4
542111.6
542148.2
547664.9
547861.6
548000.2
548019.1
548049.1
548053.6
548064.8
548262.7
548280
550517.3
550783.9
550878.3
550900.8
550919.8
550936.6
550952.3
550990.4
551024.3
551037.3
551057.2
551118.1
551120.5
551121.7
551172.4
551220.3
551227.9
551450.9
551603.5
551608
551723
551748
551753
559469.5
559795.3
559813.8
559883.6
559884.5
560539.3
560557.3
560590.1
560671.5
560746.4
560855.8
560954.1
561051
561107.2
561122.3
561192.1
561227.9
561401
561420.6
561697.2
567866.6
567985.5
567993.5
568028.3
568146
568185.7
568188.6
568220.7
568386.8
568529.4
568578
568793.4
568877.2
568886.1
569160.7
569277.5
569320.9
569330.2
569414.6
569487.7
569487.8
569544.6
569586.1
569595.2
569648
569648.7
569650.3
569679.1
569706
569756.5
569836.6
569951.5
570015.3
570019.9
570054.9
570103.3
570156.8
570160.1
570214.5
570250.7
570283.3
570291.9
570432.6
570450.3
570569.8
570627.1
570676.4
570683
570744.7
570758
570767.4
570790.4
570855.1
570940.2
570972.9
570984.4
571014.2
571072.9
571101.9
571163.9
571265.8
571277.9
571324.6
571408.9
571512.6
574380.1
575991.9
576134.6
576198.6
576208.8
576382.2
576443
576500.6
576664
576689.2
576848.5
577342.4
577429.6
577853.4
582394.3
582879.9
582975
582979
583232.9
583257.4
584871
585215.3
585295.1
585360.7
585376.4
585413.8
585462.6
585570.4
585573.1
585602
585776.4
585843.9
585881.8
585955.2
585993.9
585995.1
586191.2
586308.7
586429.7
586450.4
591153.4
596693.6
597066.8
597263.8
597902.4
597984
598014
598039
598148.4
598192.3
598499.9
598796.8
598805.3
599013.6
599061.1
599107.5
599127.3
599489.5
