11244.9
11991.1
12091.5
12099.3
12103.2
12132.1
12146.2
12160.6
12179.9
12184.8
12317.2
12326.2
12339.7
12382
12416.3
12511.6
12604.5
12611.6
12614.8
13260.7
21102.4
40770
40784.6
41330.4
41479
41489.1
41537.8
41807.8
41849.9
41861.7
52973.5
57098.3
57265.1
57400.9
57412.2
57443.2
57549.8
57549.9
57557.2
57692.3
57852.4
57985.3
58091.1
58110.7
58115.1
58173.4
58183.4
58259.7
58288.1
58327
58335.5
58369.8
58371.7
58376.7
58438.2
58443.2
58599.7
58606
58637.2
58671.8
58752.3
58828.8
58851.6
58857.8
58899.5
58918.8
58930.7
58962.5
59024.7
59095.2
59140.3
59168.1
59189.8
59237.5
59266.5
59366.9
59402.3
59417.9
59452.5
59454.2
59465.1
59492.8
64371.7
65635.7
65770.5
65962.9
66082.3
66623.7
68272.2
68349.2
68677.6
68739.3
68898.2
118078.7
118455.5
118473.9
118479.7
118635.6
118677.9
118705
126585.9
146999.5
151736.9
151900.6
151989.7
153852.4
154117.2
156162.7
158282.4
160696.6
160909.3
163259
164596.5
164596.7
164650.1
164752.8
164814.5
164822.4
164823.6
164835.6
164947.1
165070.8
165168.3
165283.1
165419.8
165428.2
165506.7
165641.4
165692.8
165897.8
165899.8
165947.8
166069.4
166121.3
166169.8
166304.7
166388.4
166874.8
167078.5
167126.6
167154.4
167166.9
167265.8
167487.1
167595.4
188817.2
189373.4
190653.7
190758.3
190832.9
190920.1
191116.2
191194.6
191212.1
191228.4
191348.6
191371
191451.1
191534.9
191548.7
191560.4
191695.3
191726.6
191785.2
192073.5
192088.9
192089.3
192126.2
192252.8
192277.7
192299.2
192300.6
192361.3
192410.3
192600.6
192606.4
192639.4
192667
192781.2
192796
192880.8
192946.8
193040.7
199646.7
199738.8
199789.2
199824.3
200237.4
200284.5
200410.9
200463.5
200575.1
200723.3
200844.1
200939.6
200945.7
201036.5
201183
201605
201606.3
201918.5
201927.3
202154.2
202269.6
202926.6
202986.7
204332.7
204383.4
204408.5
204774.8
205118.9
205302.7
210546.5
210573.1
210633.6
210986.1
211005.2
211006.4
211012.1
211047.4
211159.1
211311.9
211651.7
230542.1
230943
231026.3
231101.2
231122.2
231125.5
231163
231185.6
231305.1
231325.6
231341.4
231410.4
231412.2
231412.3
231482.5
231498.8
231531.1
231575.4
231597.5
231649
240612
241483.3
241720.4
241763.3
242027.2
242034.8
242098.4
242124.2
242126.4
242212.7
242217.8
242219.6
242260.5
242395.3
242448.9
242604.9
242610.6
242763.2
243227.6
243364.7
243732
243819.2
248879.8
249265.5
270225.5
270270.1
270301.9
270342.9
270553.3
270594
270752.9
270795.7
270798.1
270807
270818.4
270993.7
271017.1
271125.1
271165.5
271169.1
271213.6
271262.8
271287.7
271400
271420.1
271451.6
271461.5
271522.8
271534.1
271569.2
271643.8
271655.1
271736.8
271755
271761.9
271852.4
272033.2
272114.2
272204
272207.8
272328.9
272661
272705.3
274214.9
274347.1
274434.3
274549.9
274635.6
274679.6
274691.2
275038.1
275050.7
275154.8
275505.4
275825.4
276114.5
276175
276213.8
276381.8
276535
277020.3
277065.1
277122.5
277201.2
277293.9
277367.5
277493
277595.3
278058.4
278092
278105.4
278124.9
278206.1
278268.7
278313.1
278394.3
278402.3
278652.2
304163.1
309009.4
309024.6
309180.9
309203.5
309537.5
309869.7
309871.3
310357.1
310840.9
310874.6
310913.3
310934
310979.1
311004.7
311031.5
311062
311062.4
311144.8
311158.1
311226.9
311335
311365.1
325790.6
325815.4
325857
325866.7
326343.2
331575.1
332172.5
332199.4
332244.2
332282.2
332320.2
332378.9
332561.5
332617.9
332632.3
332643.8
332657.3
332720.4
332823.5
332874.3
332883.6
333041.8
333114.2
333122.9
333456.6
333800.3
334433.7
334819.5
334860.5
334995.9
335089.7
335114.7
335413.3
335418.5
343492.7
344033.3
344939.2
347013.9
347050.2
347063
347116.9
347136.6
347188.8
347201.3
347337.1
347401.5
347446.7
347452
347482.1
347567.2
347580.9
347661.2
347801.8
347811.1
347999.2
348570
419775.1
419854.1
420158.3
420609.7
420844.2
420904.5
420914.5
420968.3
421058
421151.7
421191.6
421263.2
421275.6
421320.5
428179.7
428268.5
428299.4
428481.4
428523
428541.3
428574.1
428607.6
428657
428684.8
428698.4
428846
428948.2
428993.1
429031.1
429120
429401.9
429436.7
429439.3
429445.1
429545.9
429632.5
430075.1
430133.9
444617.9
444740.3
444980.9
445037.6
445064.7
445112.9
445154
445177.7
445236.1
445354.7
445356
445381.6
445411.7
445483.4
445501.5
445588.5
445643.3
445752.9
445880.2
445902.4
446081.3
446118.3
446207.4
446420.4
446835.9
447124.2
448588.5
456322.9
456415.8
456462
456497.2
456530.5
456600.4
456832.3
456884.3
457173.7
467818.1
469078.1
469686.8
475534.2
480714.6
480876.4
480909.1
481120.2
481177.3
481238.8
481386.8
481876.2
481890.6
481905.1
482235.3
508251.4
509012.9
509185.6
509247.4
509358.6
509403.2
509425.2
509474.6
510000.1
510002.9
510038.3
510056.3
510800.8
510817.2
510977.9
511036.2
511038.4
511156
511428.1
511584.7
511843.6
511897.2
511942.2
511952
527744.3
528257.7
528382.3
528480.9
528571.2
528727.6
528910.3
528945.4
529137.7
529195.2
529533.7
529956.6
530026.5
530063.7
530131.4
530141.6
530190
530194.8
530203.2
530269.9
530315.3
530346.2
530347.5
530450.6
530527.2
530568.2
530594.1
530624.6
530778.9
530891.3
530915.5
531035.3
531388.8
531471.3
531561.4
531785.9
549370
549638.3
549671
549875.8
562367.7
562371.1
562423.8
562665
562936.1
563041.6
563255.4
563467.5
563727.2
564281.5
564413.1
564427.1
564490.9
564497.8
564526.6
564539.3
564557.8
564619.1
564733.8
564832.8
564835.2
564850
564979.3
565047.6
565130.8
565347.1
565686.7
565844.7
565866.4
565915.1
565991.9
566039.6
566081.9
566101.7
566133.7
566196.6
566544
566565
566690.6
566780.2
566809.5
566852.9
566854.2
566897.2
566997.5
567057.6
567129.8
567370.2
567491.1
577857.9
578031.1
578171.2
578184.1
578227.2
578264.8
578294.8
578485.2
578500.5
578522
579293.9
595285.7
595480.8
595572.4
595592.9
595637.8
595641.4
595661
595694.5
596132.8
596416.8
596423.4
596427.7
596453.3
596742.5
597047.2
