4258.5
4628.6
4631.7
4684
4694.2
4786.9
5054.7
7059.6
7490.3
7531.4
7598.2
7663.4
7758.9
16098.2
16178.9
16193.6
16527.3
16576.3
16676.4
16752
16786.3
20127.3
20234
20256.1
20281
20408.4
20517.5
20531.5
20561.2
20631.3
23668.5
23807.5
23832.1
23926
23955.4
23964.8
23965.9
23987.9
24020.5
24073.7
24143.8
24178.6
24181.8
24268.1
24393.5
24421.9
24429.2
24438.7
24467.4
24512.6
24531.7
24552.6
24566.5
24621.1
24643.9
24686
24761.5
24816.8
24835.4
24980
24992.7
24994.8
25038
25038.7
25063.7
25072
25088.4
25109.9
25256.9
25320.3
25327.7
25364.1
25387.7
25419.4
25508.4
25524.2
25570.5
25606.6
25607.4
25623.2
25641.4
25677.4
25720.7
25720.9
25731.9
25772.5
25812
25864.9
25894.4
25931.3
25955.3
26022
26023.4
26055.6
26087.2
26117.5
26120.1
26130.4
26154
26223.9
26375.9
26411.9
26451.9
26462.8
26478.1
26661.2
26918.9
26922.4
26940.1
26950.7
26987.9
27035.9
27071.7
27093.3
27107.5
27168.3
27169.8
27177
27254.5
27254.6
27280.3
27346.5
27372.5
27405.9
27418.1
27431.6
27479.9
27490
27516.3
27596.2
27606.2
27657.2
27835.7
27857.4
27876.6
27887.6
27970.3
27990.2
28124.2
28124.6
28161.7
28252.6
28256.3
28256.6
28261.2
28323.2
28360.9
28443.2
28462.5
28472.8
28502.4
28554.2
28622.3
28629.2
28780.2
28931.8
29000.9
29153.7
29263.4
29349.4
29430.4
29562.1
29727.5
38731.6
38792.5
38836.1
39107
41007.2
50782.2
50793.1
60058.4
60155.5
60234.5
60343.1
61822.4
62184
70009.1
70017.4
70215.1
70278.7
70352
70383.3
70511.5
71991.8
74689
74712.5
74746.9
74817.2
74922.6
74995
75075.9
75106.2
75237.3
75259.7
75286.5
75333.4
75439
75627.8
75819.5
90997.1
94754.3
96145.5
96152.5
99922.2
105982.9
106714.6
111443.9
111457.3
111603.6
111615.1
111630.9
111645.7
111654.9
111721.4
111724.7
111755.6
111809.1
111844.8
111908.1
111963.3
111991
112041.5
112074
112092.6
112178
112254.2
112377.1
112953
116405.6
116431.6
116488
116576.4
116591.8
116636.3
116643.1
116649.1
116719.3
116732
116800.6
116835.9
116858.9
117156.5
117483.4
117801
117832.9
117855.4
117885
117952.2
118020.7
118051.6
118146.4
152994.6
162228.7
162288.7
162404.6
162427.9
162438
162446.9
162506.5
162521.1
166392.9
172529.2
172534
172615
172681
172685.7
172757.1
172757.7
172759.3
172772.2
173005.9
173307.4
174473
174569.6
174684.7
174804.3
174860.1
174918.7
174950.9
174987.6
175008.3
175098.9
175149
175348.9
175424.3
175432.3
175540.3
175541.4
175866
175876.6
175962.6
175962.9
176237.2
176411.8
176601.5
176710.9
176839.2
177047.5
177164.6
177344.4
177433.2
178727.1
187732.1
194464.7
194776.8
202328.3
211021.7
211518.4
211550.6
211633.5
211668.9
211687.3
211704.6
211707.3
211767.6
211819.6
211848.3
211853
211894.6
211992.3
212022.7
212136.8
212157.8
212194.8
212199.2
212309.4
212680.3
218235.7
218399.1
218767.6
221156.1
221327.3
221327.8
221376.1
221432.9
221437.6
221525.7
221536.1
221554.4
221556.6
221567.7
221586.7
221603
221638.8
221690.9
221722.3
221766.7
221768.2
221940.5
223040.4
223108.9
223169.6
223409.6
223466.4
223564.6
223657.9
223660.7
223735.9
223772.3
223772.5
223808.6
223912.2
223941.7
224180.2
224226.2
224243.3
224341.3
224533.7
224770.9
224810.4
224878.8
227303.8
250351.5
250490.6
250969
250987.8
251186.3
251296.2
251302.8
251341.7
251381.8
251393.9
251413.9
251474.6
251474.9
251480.9
251542.5
251719.8
251780.4
251821.6
251975.5
252012.4
252036.1
252036.7
252057.1
263735
264061.5
264155.9
264186.7
264188.6
264278.8
264402.2
264416.4
264502
264662.6
264768.4
264910.4
265561.6
265827.1
266067.3
266484.4
266913.3
266955.7
276124.6
276621.3
276743.7
277022.9
277812.3
277821.7
278028.4
279714.7
284297.7
299146.2
299193.2
299589.6
299777.3
299783.6
299808.1
299808.4
299901.7
299906.4
299939.5
299966.3
299994.8
300026.2
300026.3
300043.8
300078.7
300126.3
300187.6
300198.2
300238.1
300263
300332.7
300352.1
300526.6
300589.1
300592.6
300624.1
300857.2
301104.4
301141.3
301186.7
301281.4
311509.6
311523.6
311598.6
311600.7
313313.5
313371.7
313514
313760.6
313871.7
313934
313964.5
313974.2
313991
314138.1
314140.3
314149.2
314157.4
314217.5
314311.1
314345.5
314366.9
314369.5
314415.9
314423.7
314478.8
314494.2
314542.2
314579.1
314588.6
314619
314639
314653.7
314666.5
314699
314747
314765.4
314780.7
314785.7
314840.4
314857.7
314865.2
314895.5
314903.2
314979.6
314996.7
315012.8
315067.3
315131.1
315158.3
315182.7
315262.8
315292.5
315293.2
315294.5
315398.6
315408.6
315518
315525.4
315547.9
315565.2
315601.5
315765.6
315792.6
315814.3
315831.9
315870.4
316723
317154.1
317339
317373.3
317453.6
317592.6
319025
323113.9
323414
323737.7
323961.1
324053.9
324067.9
324276.5
324535.1
324700.9
324854.4
324894
324983.5
325088
325149.7
325152.4
325178.9
325185.5
325193.5
325196.7
325211.5
325217.8
325249.8
325326.5
325332.3
325356.5
325360.8
325407.2
325418.8
325490.7
325663.9
325680.1
331791.2
333138.6
333156.6
333371.9
333441.9
333480.6
333604.9
333694.1
333909.7
333978
334046.4
334052.6
334057.1
334090
334118.2
334146.4
334238.1
334278.2
334418
334441.4
334444.3
334464
334484.9
336896.1
337423.3
337424.7
337523.9
337565.4
337871.2
337880.1
339468.6
339481.2
339801.7
339841.9
339897.3
339948.7
340007.3
340021.9
340041.8
340078.3
340109.9
340129.2
340135.5
340155.5
340167.3
340241.2
340248.8
340250.6
340394.4
340427.3
340461
340482.3
340482.4
340498.8
340524.4
340580
340580.3
340665.7
340685
340729.6
340789.2
340838.9
340882.7
340906.3
340930
340971.7
340976.5
341007
341024.8
341041
341055
341073.6
341132.6
341147.2
341183.3
341190.9
341214.9
341265.8
341310.5
341320.8
341415.5
341442.1
341447.3
341449.1
341469.8
341474.3
341474.6
341479.9
341484.8
341529.8
341568.1
341617
341807.9
341901
344326.2
344998.4
345429.2
345512.8
346507.6
347036.4
349293.5
349447.7
349457.4
349461.9
349470.9
349480.4
349523.3
349589.8
349668.3
349676.5
349684
349784.5
349792.8
350178.2
350211.5
350244.1
350254.9
350411.7
350569.4
350593.3
350808.2
373088.3
373430.7
421553.9
421640.3
421717.1
421806.5
421806.9
422009.1
422262.6
422402.8
422633.5
422641.4
422822.3
422964.5
422978.5
423032.7
423071.3
423096.6
423116.2
423139
423265
423351.3
424157.9
447049
447305.5
447325.5
447338
447350.7
447472.4
447633.9
447709.6
447899.3
447904.3
447914.4
448002.8
448011.8
448064.3
448065.8
448116
448131
448133.5
448237.4
448243
448276.3
448443.7
450050.9
450199.5
450346.4
450377.8
450673.7
450786.7
450828.7
454088.5
454235.4
454273.9
454433.7
454466.2
454469.4
454474.7
454519.1
454550.1
454599.6
454719.5
454727.7
454740.4
454750
454849.5
454897.8
454900.4
454973
455157.3
455192.2
455248.4
455271.7
455276.2
455317.6
455505.5
455526.1
455722.6
455772.1
455881.4
455975.4
456041.8
456127.7
456138.6
459155.8
459212.4
459497.6
459712.5
464153
464308.5
464319.1
464386.1
464613.4
464788.4
464844.4
464883.8
464941.8
464957.3
464963.4
465271.2
465317
465355.6
465483.4
466521.4
512597.6
512626.3
512676.7
512685.1
512743.3
512760.5
512817.7
512833.8
512867.7
513015.8
513016.2
513073.2
513100.7
513120.8
513144.4
513160.5
513169.5
513208.3
513227.5
513257.7
513423.7
513449.9
513450.5
513506.3
513535.4
513630.2
513640.8
513722.3
513830.5
514071.2
514113.6
514139.1
514188.4
514288.6
514369.3
514420.4
514503.4
514527.5
514973.5
515212.4
516418.6
516799.1
516842.4
517141.3
517208.5
517277.3
517294.7
517295.2
517306.1
517357.1
517374.8
517403
517455.4
518015.7
518654.1
530700.1
531085
531088.6
531100.8
531169.9
531567.8
531598.3
531762.5
531774.1
533189.4
533709.2
533867.5
533919.1
534117.2
534198.6
534250.9
534261.5
534284.3
534311.2
534345.3
534389.6
534392.9
534641.8
534739.3
539531.2
539587.1
539715.1
539891.4
539938.3
539978.9
540005.8
540034.5
540111.4
540129
540199.5
540239.6
540254.7
540288.9
540377.4
540386.9
540395
540468.6
540548.9
540644.9
540750.3
540797.6
540826.3
540830.2
540835.9
540849.5
540875.9
540993.2
541021
541023.3
541079.2
541107.8
541200.6
541364.9
547605.9
547676.8
547702.9
547723.5
547824.5
547829.4
547886.7
547901.3
547929.5
547946.1
547960.7
548016.8
548062.3
548110.9
548199.8
548215.7
548219.3
548225.2
548232.8
548242.7
548284.9
548296.5
548314.2
548371.5
550216.9
550468.2
555368.1
555387.2
555421
555462.6
555498.1
555570.6
555645.9
555854.7
555962.6
555972.6
555977.5
556146.1
556191.8
556320.9
556524.5
556615.6
556857.9
556990.4
557438.8
557557.6
557584.5
557774.7
557832
557904.4
558001.3
558603.1
561772.3
562265.5
563449.6
567492.2
567536
567730.9
567794.7
567917.1
567922.2
568019.3
568085.1
568097.2
568121.1
568126.7
568162
568167.2
568194
568203.1
568336.3
568893
569005.7
569013.6
569013.7
569031.1
569153
569169
569227.4
569385.7
569530.6
569542.2
569581.4
569675
570085.7
570174.2
570186.6
570236.2
570374.8
570385
570601.7
570700.9
570903.1
575724.2
575818.3
575960.2
576006.6
576083.3
576083.7
576124.2
576172.5
576335.7
576966.5
577119.1
577168.9
577337
578450.4
578633.4
578657.7
586291.5
590834.7
590928.3
591103.5
596725.1
596920.1
597210
597924.8
597932.5
598523.4
598804.6
599009.7
599088.2
599088.4
599157.9
599692.5
599840.1
599935.7
