1288.1
1292.6
1378.8
1477.6
1623.8
1715.7
1787.9
1889.5
1901.8
1902.6
1997.5
7387.4
7440.8
7453.9
7458.9
7497.5
7533.4
7575.1
7618.3
7640.2
7709.4
19288.9
19374.8
19857.8
20058.3
20180.3
20262
20441.2
20451.5
20467.8
20491.9
20494.8
20530.3
20902.7
23906.7
23958.8
24169.4
24317.1
24505.7
24687.3
24705.7
24721.7
24789.4
24817.1
24918.6
24985.7
25214.3
25321.8
26106.1
26326.6
26986.1
27046.8
27252.9
27299.8
27625.3
28099.9
28121.9
28481.4
28743.3
28852.7
28901.3
28930.5
29096.2
29174.5
29217.7
29251.6
29299.6
29310.3
29321.4
29329.6
29334
29449.4
29581.9
29652.3
29713.5
29738.1
29879.2
29879.4
30025.2
30089.8
30118.6
30233.9
30260.6
30280.2
30369.2
30441.2
30673.1
30698.8
30772.2
30790.4
30841.4
30863.2
31121.8
31199
32058.7
33553.4
33841.5
34222.9
34267.1
34437.1
34506.1
34546
34547.9
34677
34686.1
34713.6
34805.2
34855.7
34926
35151.4
35249.2
35260
35373.1
47202.5
47494
47573.6
47675.6
47822.8
48179.1
48283.9
48376.9
48399.4
48436.8
48492.4
48560.3
48590.6
48978.1
48994.7
49078.1
49228.6
49229.3
49237.8
49276.4
49277.5
49368.9
49520.6
49633.9
49704.8
49721.2
49856.9
49884.9
50101.2
50208.5
50230.2
50295.8
50316.6
50328.2
50397.2
50459.1
50519.6
50532.9
50581.1
50583.2
50629.8
50635.1
50671.9
50919.5
50943.4
57049.1
57244.6
57471.8
60234.8
60342.7
60398.1
60443.1
60460.5
60531.4
60561
60667.4
60680
60713.1
60786.4
60833
61229.1
61292.7
61386.9
61415.9
61454.4
61470
61586.7
61677.6
61890.4
61902.4
62157.3
62168.2
62244.3
62279.7
62383.2
62483.4
62769.3
63398.7
69915.1
70219.5
70242.1
70289.7
70346.1
70417.4
70434.5
70436.3
70518.8
70652
70721.3
70721.4
70723.2
70858.7
70863.2
70954.9
71038.3
71057.7
71062.1
71123.7
71231
71490.1
71696.4
90111
90389.8
90444.5
90664.6
90678.9
90685.9
90694.4
90735.4
90853.3
90902.9
90990.5
91047.6
91102.1
91126.3
91161.6
91219.7
91337.3
93018.9
93218.7
93934.2
94233.9
94943.3
95345.3
95495.4
95569.5
95577.6
95644.1
96285.6
96355.7
96558
96560.3
96573.1
97097.2
97342.8
97687.4
98843.5
100106.6
100608.1
102693.4
102897.9
103442.7
103546.5
103611.3
103800
103850.2
103963.2
103984.8
103994.6
104052.4
104111.9
104177.1
104208.6
104218.5
104240.9
104246.9
104318.7
104374.3
104648.9
104676.1
104722.9
104727.5
104731.9
104736.2
104736.5
104934.6
105085.8
105317.5
105491.7
105501.9
105502.1
105666.5
105675.7
105755.4
105770.5
105883.1
105946.9
105986.6
106102
106132.7
106285
106287.5
106347.7
106560.2
106602.3
106647.4
106653.4
106742.8
107175.5
115904.9
116119.3
116201.3
116285.5
116329.1
116338
116377.7
116399.4
116489.1
116521.4
116615.7
116641.4
116685.9
116718.7
116751.7
116783
116811.8
116842.4
116845.3
116874.4
116894.3
116916.2
116927
117150.5
117178.7
117384.5
117392.4
117434
117542.5
117558.6
117603
117669.9
117795.3
117853.2
118020.4
118031.7
150176.9
151453.9
162172
162251.8
162283.3
162293.7
162335.7
175197.7
176008.2
176077.5
176159.4
176279.3
176290.6
176307.4
176415.2
176417.2
176448.2
176632.6
176676.1
176784.3
176881.8
176932.3
176970.2
176971.5
176987.2
177019.6
177069.9
177097.6
177114.5
177164.6
177179.6
177385
177463.4
177569.4
177658.3
177669.9
177705.4
177733.1
178613.6
178645.5
178655.3
178670.2
178849.3
182903.7
183019.9
183113
183176
183217.1
183300.8
183308.1
183336.8
183373.2
183381.6
183502.9
183523.2
183551.3
183634.3
183662.1
183847.2
183935.9
184037.1
184082.2
184176.2
199736.4
211331.6
211427.7
211447.2
211764.3
211770.2
211864.4
211877.7
211899.1
212115.4
212431.4
217303.1
217942.4
217955.9
218102.9
218259.7
218336.2
218440
218669.9
218767.4
223787.2
223836.3
223871.6
223960.9
224021.3
224099.8
224276.4
224353.3
224589.4
224650.7
224660.3
224708.8
224724.3
224751.1
224789.3
224817.8
224881.4
224912.9
224926.3
224951.2
225036.7
225046.2
225335.5
251017.2
251229.8
251325.6
251345.9
251413.9
251427.1
251555.4
251562
251591.7
251677.7
251765.2
251892.9
251973.6
252019.3
252091.2
252770
254581.5
254675.5
255862
255863.1
255864.7
255954.4
256078.6
256089.2
256205.5
256242.4
256253.7
256265.8
256273.6
256297.8
256303.6
256634.3
256728.5
256996.5
257052.4
257075.8
257210.3
257399.5
257706.1
257827.7
257862.2
257998.8
258102.7
258135.1
258209
258223.7
258306.4
258508.3
258706.8
258860
259459.4
275643.4
277481.6
282820.5
282939
282962.3
282984.3
283015.1
283111.4
283338.8
283361.4
283364.6
283486.6
283552
283600.9
283767.1
283946.9
283975.3
283987.1
284003.5
284051.4
284084.3
284398.2
284544.7
284633.7
284805.5
284842.7
284918
284929.2
284973.7
285060.1
285323.4
285327
285512.2
285570.4
285739.5
286048.5
286109.5
286121.5
286492
286835.2
286948.3
287095.2
287197.4
287336.8
287341
287393.6
287522.6
299360.7
300007.3
300202.6
300302.5
300421.4
300515.4
300663.7
300689.7
300846.7
301083
301130
301240.3
301301.3
301418.8
301510
301708.9
311619.4
311958.7
321430.9
322904.6
323069.6
323314.3
323759.7
323902.8
324113.8
324559.9
324580.5
324616.9
324707.1
325193.5
325196.4
325329.7
325344.8
325407.1
332654.5
333116.5
333157.3
333349.2
333805.8
333860.6
333921.9
334337.1
334596
334613.3
334735.9
337312.1
337396.9
337499.9
344342.7
344496.1
345081.6
345459.2
345729.9
346371
349416.5
349563
349642.7
349644
349758
349758.3
349880
349922.6
349987.1
350006.2
350024.3
350178.9
350182.8
350262.5
350333.4
350428
350463.3
350545.3
350570.5
350585.7
350590.8
350607.4
350953.7
351000.4
351042.4
351045.2
351058.7
351251.7
351286.3
351315.8
351317.4
351319.1
352897.1
353153.8
353196.6
353314.7
353363.8
353366.7
353386.9
353403.4
353493.1
353517.5
353622.7
353870.6
353938.4
353989.3
353994
353999.6
354355.8
370534.9
371854.2
372029.7
372159.5
372185.1
372587.4
372706.7
372720.3
372752.2
372772
372781.8
372828.6
372864.4
372949.5
372969
372983.5
372985.4
373008.5
373008.7
373058.7
373070.4
373110.9
373160.1
373170.6
373171.9
373198.6
373311.2
373422.6
422672.3
422818.8
422872.8
422888.7
423369.7
423511.8
423764.1
424045.7
425085.6
447204.4
447288.1
447404
447573.9
447757.9
447815.4
447846.3
448020.4
453510.4
453558.4
453749.9
453770.1
453857.5
454024.6
454080.5
454200.9
454295.7
454317.3
454367.9
454426.9
454451.8
454484.4
454487.2
454557.5
454578.2
454602.8
454617.7
454661.8
454662.6
454980.8
455019.4
455024.3
455100.1
455170
455313.4
455766.3
455981.3
463938.3
464205.6
464213.8
464473.7
464583.2
464629.2
464808.9
464812.2
465027.8
465052.4
465106.3
465251.7
465314.7
512737.2
512807.5
512853.1
513131
513385.7
513418
513795.3
514074.6
514144.9
514349
516542.9
516886.7
516888.2
517081.1
517153.5
517189.4
517269.4
517463.5
517591.6
517623.8
517762.2
517882.8
518074.9
518281
518427.1
518549.8
520147
521303.1
531387.3
539794.7
539930.9
539983.8
540064.1
540303.5
540451.4
540995.8
541053.3
541165.1
541228.3
541233.1
541259.3
541272.8
541315
541362.2
541373.3
541443
541491.3
541496.8
541522.5
541544.8
541609.9
541960
542010.5
542167.5
542179
542319.2
542438.2
542617.5
542655.7
545173.4
545705.6
546488.2
546739.8
547556.7
547578.7
547582.9
547721.8
547875
547878
547893
547940.7
547966.1
547999.5
548082.6
548083.6
548277.7
550212.6
550229
550422.2
550854.9
550958.5
551095.7
561436.5
563142.4
563404.4
568119.3
568261.1
568339.5
568367.9
568372.4
568503.6
568655.4
568690
568816.2
568897.7
568939
569201.4
569292.3
569343
569358.1
569492.1
569598.9
569770.7
569782.3
570116.6
570420.8
570744.1
570747.2
570771.3
570785.1
570816.5
570852.8
570931.3
570946.3
570987.5
571002
571012
571037.2
571119.4
571119.7
571120.5
571156.1
571192.3
571212.4
571294.3
571342
571373.4
571426.4
571453.5
571492
571505.2
572563.5
572798.1
575202.4
575931.1
576034.3
576063.5
576070.6
576143
576145.2
576651.8
582802.1
583211.4
583670.5
583808.1
585121.2
585404.6
585870.1
586091.9
586252.1
586287.7
586419.5
597336.1
597783.4
597798.5
598654
599084.7
599122.1
599492
599758.5
