5204.1
5215.9
5420.5
5497.4
5518.6
14818.8
14958.4
15305.4
17107.5
17191.4
17319.4
18048.1
18671.1
18763.9
18907.5
19527.5
19536
19576.1
19629.9
19660.4
19714.9
22913.3
23178.8
29110.2
30195.3
41479.8
41781.5
41816.4
41855.4
42183.5
45248.2
45538.6
50883.7
51020.9
51334.3
51475.2
51500.8
51654.5
51717.9
51720.5
51774.4
51786.5
51926.5
57021.8
57152.7
57183
57237
57240.4
57244.9
57301.6
57516.8
57527.1
57617.7
57652.5
57694.1
57787
57905.8
58048.2
58054.5
58584.3
58686.8
58697.3
58780.8
58887
62348.4
62650
62831.3
62991.7
63075.7
63096.2
63110.5
63246
65889.2
67602.4
79194.7
79643.2
80105.9
80502
80674.9
80748.3
80919.4
81024
81048
81061.4
81090.3
81105.2
81269.7
81319.2
81354.2
81416.3
81428.8
81566.7
81623.1
81681.3
81749.6
81776.2
81842.3
81845.1
81897.8
81929.3
82034.3
82425
82885.4
83700.2
83705.1
83720.7
92563.3
92642.4
92714.6
92756.7
92763.3
92812.9
92878.9
92941
92961.5
93010.7
93067.6
93081.6
93141.8
93197.8
93218.8
93247.5
93300.8
93457.5
93461.4
93598.3
93747.5
93803.2
93873.6
94204.3
94271.5
94305.7
94310.2
94324.3
94416.8
94489.1
94516.3
94600.5
94633.7
94652.5
94666.7
94733.8
94769.9
94771.6
94786.6
94790.5
94881.8
94912.8
94933.6
94939.4
95067.9
95134.2
95157.7
95286.5
95340.4
95442.1
95510.6
95532
95570.7
95642.1
95643.5
95701.4
95777.4
95942.6
96015.4
96224.3
96227.9
96358.9
96393.4
96542.8
96754.2
96902.8
96907.5
96942.7
97009.3
97020.4
97047.2
97054.8
97095.3
97117.2
97254.6
97349.4
97354.4
97376.3
97380.8
97537.5
97755.7
97796.2
97940.5
98058.3
98094.8
98295.7
98378.5
98419.5
98441.9
98444.5
98530.5
98589.7
98672.6
98968.3
99230.5
99334
99362
99382.7
99427.4
99470
99493
99569.9
99578.8
99678.1
99717.2
99762.2
99804
99825.7
99924.3
99926.6
99936
99947.7
99970.9
100014.9
100060
100071.2
100119.7
100176.5
100212.5
100248.2
100266.1
100394.9
100399.5
100486.7
100530.9
100746
100773.7
100848.7
100903.1
101120.7
101147.1
101189.3
101189.5
101202.9
101296.3
101314.7
101380.2
101480.1
101482.8
101589.6
101609.5
101692.7
101766.3
101888.7
101940.6
102047.6
102099.2
102127.6
102197.6
102339.8
102362.9
102401.5
102433.4
102462.3
102602.7
102672.9
102787.2
102815
102823.8
102830.6
102876.3
102880.2
102982.5
103075.7
103141.6
103145
103154.8
103163.4
103513.6
103594.3
103928.7
112515.7
113167.7
113271.8
113425.2
113556.6
118299.1
118386.8
118400.2
118437.3
140011.5
140430.7
153491.2
153789.3
154615.4
154702.2
155023.9
155250.8
155300.4
155890.2
156864.3
157109.9
157332.3
157637.2
157821.1
157943.6
158315.8
168486.9
168940.9
168947.8
169020
169062.4
169105.4
169123.5
169161.8
169170.3
169509.4
175578.5
178021.2
178169.4
178555.4
178649.7
178668.8
178996.1
179083.3
179099.2
179216.3
179241.9
179287.1
179440.4
179991.4
180649.5
180964.3
180969.9
181087.7
181095.7
181229
181293.9
181322
181333.9
181628.4
181823.5
181896.4
181898.2
181956.8
181965.8
182057.4
182111.7
182127.8
182190.1
182208.4
182256.6
182324.9
182366.4
182369.3
182425.1
182466.1
182545.3
182643.1
187217.2
187565.7
187941.3
187946.8
192171
192237.8
192305.5
199926.8
200057.8
200175.2
200365.8
200507.9
200588.9
200606.6
201169.3
201325.6
201498.8
201546.6
201608
201922.9
201955.5
201999.1
202059.8
202156.1
202632.7
202780.1
202964
202997.5
203356.5
203393.9
203596.2
203621.1
203704.1
203709.4
203825.3
203917.9
203988.3
204150.3
204160.2
204203.9
204272.2
204310.8
204401.5
204471
204716.3
204862.9
205020.5
205098.7
205177.8
209912.7
210185.2
210283.9
210420.1
210556.9
210562.2
210606.9
210620.6
210849.9
210884.5
210915.4
210917.3
210940.9
211005.4
211038.6
211256.5
211390.4
212950.6
212972
213021.9
213077.7
213165.6
213335.3
213371
213423.7
213475.7
213487
213572.9
213610.5
213763.2
213838.6
213980.8
213983.1
214115.8
214124.2
214182.5
214238.2
214270.3
214381.6
214408.5
214412
214700.2
214798.2
214811.8
214927.3
214974.6
215133.9
215178.9
219318.6
219590.6
222180.1
222273
222380.7
222394.1
222528.3
222630.3
222740.5
230180.7
231450.1
241250.3
241455.1
241464.4
241734.1
241782
241794.7
241806.8
241914.2
242022.5
242468.6
242611.6
242628.1
242857
250084.1
250096.9
250335.9
250413.4
250438
250490
250530.8
250585
250604.9
250717.3
250782.3
250807.8
251146.3
259753.1
267823.5
267824.9
267867.2
267873.6
267896.5
267898.9
267964.8
268142.2
268181.8
268213.2
268391
268400.5
268407.6
268475
268510.1
268566.7
271138.6
271415.6
271469.7
274377.4
274414.6
274520
274643.3
274666.5
274710.1
274738.3
274864.1
274900.9
275016.7
275063.6
275178
275190.9
275377.1
275463.5
275696.4
276091.2
276114
276122.5
276139.3
276198.9
276290.1
276295.1
276415.1
276777.2
276905.6
277017.2
277051.2
277079.5
277097.5
277174.4
277178.8
277227.9
277228.9
277243.5
277244.1
277315.1
277383.8
277383.9
277385
277413.8
277467.7
277472.7
277509.6
277526.8
277607.2
277612.5
277642
277662.8
277665.9
277701.6
277702.1
277712.6
277730.2
277817.1
277847.3
277874.1
279349.5
279362.1
279382.7
279445.9
279625.7
279693.6
279809.8
279869.1
279897
279998.7
280022.7
280024.1
280088.3
280221
280444.7
280487.6
281000.1
281752
281854.2
281895.5
281962.2
282010.1
282192.4
288999.1
297968.4
298114.2
298331.1
298542.4
298567.8
298581.2
298608.9
298668.1
298757.9
298801
298801.5
298837.7
298921.9
298935.7
298991.8
300974.2
301739.3
301806.3
301904.7
301984.9
301991
302078.4
302078.9
302228
302230.8
302254.4
302289.8
302511.2
302540.8
302544.7
302545.1
302604.1
302819.4
302828
302841.4
302957.5
302992
303070.6
303108.1
303141.2
303323.1
309125.3
310771
310963.4
311009.7
311045.8
311083.1
311086.1
311119.3
311134.8
311440.3
312337.3
312519.6
312577.5
312591.8
312670.2
312697.9
312893.9
312927.8
312968.7
312989.5
316479.5
317640.2
317820
318102.5
318615.6
320129.5
320269.1
320291.3
320392.4
320725
322203.4
325467.4
325488.3
325604.9
325770.1
325788.9
325830.1
325860.5
325941.4
325989.7
326016.7
326028.5
326063.8
326070.3
326092.7
326200.4
326205.3
326386.2
332471.5
332569.4
332743.5
332766.2
332779.5
332800.1
332915.9
333024
333275.6
333342.2
333445.4
333649
333694.2
334124.7
334281.4
335878.4
336264.3
336330.3
336572.6
336869
337179.7
337612.2
337906
337950.6
337999.9
338025.7
338028.5
338072.6
338096.3
338130.2
338137.4
338782.3
338885.9
373694.2
373732.9
373774.3
373836.4
373903.8
373905
374066.7
374143.1
425147.3
425350.4
425358.8
425382.2
425404.4
425425.5
425430.7
425466
425502.2
425509.6
425601.7
425604.3
426130.9
426775.8
426827.2
426925.1
426945.2
427025.9
427167
427196.1
427243.2
427266.5
427269
427270.1
427421.3
427619.9
427659.2
442245.5
443232.2
443631.5
445362.5
445873.1
446527.9
446531.8
446622.5
446650.4
446663.4
446664.4
446671.6
446715.1
446733.7
446762.4
446762.7
446769.6
446906.3
446937.6
446938.7
446980.2
447033.6
447288.3
447359.6
447595.6
451103.8
451128.1
451158.8
451165
451178.3
451182
451315.1
451377.6
451396.5
451487.7
451540.9
451544.6
451684.6
451901
452115.1
452120.8
453397.9
456145.8
456682.5
456905.5
460019.1
460020.8
460130.9
460132.9
460137
460156.1
460174.6
460189.6
460278.3
460324.8
460397.7
465049.2
465499.4
465507.9
465545.4
465607.4
465609.7
465630.6
465682.6
465682.8
465744.6
465770.9
465792.4
465795.8
465830.6
465852.8
465858.3
465895.9
465995.5
466027.3
466044.6
466087.1
466127
466138.2
466170.5
466228.3
466273.1
466355.5
466358
466399.4
466420.1
466949.7
467307.9
480219.7
481137.3
481430
481710.5
509639.4
510282.4
510619.4
514247.3
514434.6
514743.9
515442.8
515588
516250.5
517978.6
517982.2
518060.3
518082.6
518133.4
518148.2
518858.7
518877.5
518900.3
518923.2
519026.4
519094.6
519105.1
519107
519135
519138.3
519176.3
519181
519206
519227.1
519355.1
519411
519432.2
519442.8
519450.2
519464.5
519525.7
519543.3
519546.8
519571.6
519573.6
519600.6
519722.4
519772.1
519776.3
519805.3
519869.6
520035
520080.7
520152.1
520180.5
520187.5
520223.2
520245.9
520270.5
520300.1
520482.8
520492.2
520602.9
520811.1
520932.7
520933
520985.6
521027.5
521043.6
521171.9
521615.3
521636.8
521657.7
521711.4
521719.1
521763.5
521833.7
521913.6
521948.4
521952.2
521988.9
522059.5
522174.2
522226.8
523595.5
524263.7
524304.2
524392.5
524693.9
524803
524812.7
524897.1
530232.7
530387.4
530637.3
530660.1
531183.2
531270.4
531309.1
531589.6
534954.5
534984.2
535107.5
535370.2
535467.6
535541.5
535667.5
535695.8
535730.4
535753.8
535778.2
535913
535934.6
535953.3
535962
535988.8
536172.8
536189.2
536260.5
536323.3
536370.8
536623.6
536670.2
536684.7
536820.3
536893.9
539281.6
539411.9
539424.2
539432
539466.8
539481.1
539507
541820.3
542265.1
546582.5
546595.5
546752.7
546777.2
546893
546900.9
546953.6
546968.1
547008.7
547136.8
547177.5
547189.7
547196
547201.7
547248.7
547293.5
547402.9
547484.6
551661.1
551690.4
551728.3
551754.5
551798.6
551868.4
551907.7
551941.4
551981.6
552020.1
552097.1
552265.2
552279
552430.3
552504.3
552857.4
558469.5
558514.1
558550.3
558604
558651.1
558769.2
558887.5
558967.8
559066.5
559079.9
559099.9
559193
559309
559316.3
559462.6
559516.6
559527
559854.6
559915.2
560005.4
560122.1
560148.3
560211
560217.8
560406.9
560426.1
561020.5
561056.3
561273.6
564572.3
564799.7
565075.4
566103.5
566306.3
566577.8
572794
572800.9
573113.9
573135.5
573250.8
573612.4
574105.6
574156
574255.2
574310.1
574340.5
574392.8
574408.1
574419.3
574479.5
574529
574549.6
574580.3
574599.7
574633.1
574685.1
574701.9
574744
574779.8
574790
574792.6
574810.6
574829
574886.2
574941.1
575018.1
575061.9
575102.9
575121.9
575190.6
575322
575337.6
575359.1
575418.4
575453.9
575487.5
575501.4
575614.9
575700.3
577024.4
577099.2
577166.5
577229.6
577302.6
577345
577354.8
578882.7
580088.1
580132.6
580242.6
580260.9
580318.9
580581.3
586546.8
586656.3
586786.7
586890.3
586975.8
587078.9
587101.2
587104.9
591319.6
591404.5
591551
591556.2
591618.8
591649.3
591663.8
591682.2
591706.4
591720.8
591725.9
591847.1
591897.3
591987
591991.9
592220.6
592569.2
592960.1
593262.8
593407
593422.4
593738.6
593751.5
593856.2
593870.5
594016.5
594356.7
594469.4
594503.1
