12588.2
12791.4
12964.8
13009.3
13102.8
13211.6
16041.9
16182.9
16239.8
16262.7
16263.9
16343
16514
16536.4
16720
19154.4
19392.6
19859.4
20067.6
20169.7
20758.6
20786.9
20897.2
22743
22864.4
22931.7
23027
23045.6
23068.9
23199.9
24433.3
24437.3
24441.1
24527.4
24569.4
24672.2
24900.6
24938.6
24993.4
27701.2
28687.4
28737.3
28830.2
28880.7
28911.3
28911.6
28932.7
28936.4
29152.9
29163.9
29203.7
29345.2
35822.9
38897.9
38939.7
40498.6
41883.7
41904.2
41918.6
42038.3
42105.2
42148.4
50437.5
50504.1
50566.3
50587.6
50644.6
50660.7
51248.4
51409.4
51538.1
51743.4
51901.1
52018.1
52066.5
52099
52212.8
52242.9
56916.9
56918.4
56944.8
56989.1
57017.6
57020.7
57045.4
57064.4
57129.3
57139.6
57150.9
57255.6
57267.5
58597.1
60066.4
60085.2
60114.4
60371.2
60596.9
60619.2
61635
63669.7
65161.3
65231.5
65265.1
65330.2
65405.6
65686
67063
67110
67478.7
67531.7
67705.9
67752.4
68311.9
69919.6
71425.1
71543.2
71686.5
71717.9
71822.8
71836.9
71879.5
71933.8
71992.8
72064.2
72106.4
72142.1
72142.5
72159
72164.2
72166
72202.8
72207.5
72219.9
72224.7
72230.3
72332.2
72341.1
72389
72412.5
72522.7
72618.8
72637.1
72674.3
72678.4
72715.5
72738.7
72778.8
73121.9
73163.7
74341.6
74344.6
74348.5
74405.7
74428.5
74597.2
78173.7
78327.7
78442.3
78463.1
78585
78594.4
78624.3
78693.5
78700.6
78709.9
78779.5
78839
78849.1
78952.3
78984.5
79090.1
79152.5
79193.7
79216.6
79220.1
79254.6
79309.7
79363
79370.9
79451.2
79451.8
79484.1
79492.3
79586.3
79666.1
79668.8
79763.1
79780.9
79799.6
79820.2
79843.3
79886.2
79999.6
80022.1
80080.7
80166.6
80168.1
80187.4
80199.5
80204.3
80252.8
80280.7
80416.1
80444.7
80680.6
80689.4
80962.1
81120
81664.2
81975.6
82706.9
82783.7
82822.1
82941.9
83028.3
83031.7
83060.7
83063.5
83068.6
83166.7
83238.5
83353.6
83481.6
83555.7
83607.5
83611.8
83769.8
83774.9
83911
84175
84345.7
88219.8
88937
88958.9
90666.3
90831
91012.9
91022.7
91052
91077.1
105928.8
105931.4
105963
105986.6
106056
106107.9
106131.6
106200.6
106250.1
106299.6
108733.9
109054.9
109070.9
109505.1
109829.7
118122.9
118176.1
118197
118304
118316.1
118338.4
118350.3
118389.5
126025.6
146676
148597.4
148801.2
149411.6
151320.7
153461.9
153533.5
153591.4
153839.8
153949
155279.8
155440.5
155698.7
156317.7
157142.4
157504.1
161420.2
161606.5
161770.1
162943.6
163075.5
163127.6
163181.5
163186.4
163254.5
163319.5
163347.3
163507.1
163529.3
163693.1
163707.4
163745.7
163928.9
164164.3
164168.8
164217.9
164254.7
164330
164389
164427.8
167294.8
167296.1
167540.4
167686.8
167727.9
167956.6
168073.6
168080.5
168098.6
168163.6
168170.9
168205.3
168310
168378.1
172449.2
172630.2
172638.1
172717.6
172724
172765.4
172815.1
172864
172967.5
172990.7
172998.6
173119.5
173143.3
173719.2
173805.3
173817.8
173889.6
173989.8
174048.9
174081.9
174086.6
174123.9
174165.1
174167.9
174178.4
174355.6
174507.1
175952.6
176112.3
176113.7
176258.8
176517.9
176696.8
176724.5
176750.9
176779
176832.6
176958.7
176992.3
177014.3
177059.5
177084.8
177103.8
177172.4
177198.3
177243.7
177254.7
177363.3
177364.3
177418.8
183375.2
183563.3
185795.5
185973.2
186280.8
186366.3
186497.2
186517.7
186551.4
186598.3
186732.3
186781.5
186789.1
186813.2
186819.8
186891.4
186896.5
186965.7
187001.1
188172.5
188312.5
188393.5
188404
188459.7
188543
188631.1
188638.2
188748.1
188836.6
188880.3
189047.8
189087.1
193814.3
193853.6
193862.1
193903.8
193922.9
193927
193945.1
193980.3
194065.7
194149.9
194361.9
194762.6
194891.8
194903.8
194984.2
195020.5
195056.8
195124.7
199564.1
200064.3
200321.4
200479.7
201298.2
201431.9
201705.7
201769.6
201845.9
202324.6
204188.7
204314.4
204351.1
204542.2
204573
205009.5
205015.5
205066.7
205113.3
210013.8
210378
210522.1
210542.9
210587.9
210622.4
212207.2
212380.8
212396.6
212495.4
212529.9
212561
212605.2
212628.7
212727.7
217831.7
218099.8
218308.4
218368.3
218483.8
218621.6
218748.5
218794.5
218925.8
219020.7
219046.8
219065
219078
219284.7
221003.9
221158.8
221203.5
221256.1
221406.8
221558.4
221579.1
221753.3
224033.7
224039.1
224083.8
224128.8
224132.9
224142
224150.8
224182.1
224217.9
224254.4
224309.1
224472.2
224608.5
224700.7
224758.2
224779
224785.6
224789.8
224820.6
224941.1
225981.7
225983
225995.5
226037.1
226063.7
226063.8
226080.2
226134.4
226199.4
228905.2
232135.1
232484.6
232511.8
232763.4
233534.6
240626.4
240846.6
241019.7
241638.5
242505.7
242619.3
242917
244975.3
245073.5
245286.5
245922.8
246428.6
249873.4
249962.4
249996.5
250009.6
250017
250110.6
250116.6
250122.4
251373.7
251772.2
251794.5
259570.9
264273.8
264283.2
264388.9
269978.4
269990.3
269995.1
270089.9
274802.6
274828.2
274837.2
274968.9
274993.5
274999.9
275002
275075.1
275174.5
275177.4
275228.5
275237.1
275249.7
275334.9
275399.8
275510.4
275566.9
277009.2
277161.5
277193.4
277230.5
277321
277413.1
277541
277572.5
277655.8
277734.3
279111.2
281482.2
288801.8
289553.7
290319.8
290602.7
290683.5
293196.5
293757.2
295470
295518.4
295569.4
295666.4
295718.7
295722
295764.2
295775.1
295941.1
295993.5
298143.3
300404.7
300490
300493.4
300522.2
300651.1
300678.3
301276.2
303182.5
303418
311573.7
311773.5
311812.2
311879.2
311880.6
311960.1
311981.3
311989.6
311991.4
312036.8
312091.9
312119.1
312416.2
313569.8
313656.5
313700
313792.2
313850.6
314280.9
314320.9
314538.8
314601.6
314624.3
314958.4
315381.2
315431.1
315441.3
315559.5
315590.8
315630.9
315676.2
316546.9
316954.8
323044.5
323160.4
323317.4
323344.5
323353.2
323483
323494.2
323520.6
324030.9
324099
324123.8
324146.1
324158.4
324247.3
324273.8
324418.4
324458.3
324529.8
324728.3
324820.6
325083.9
325683.8
325722.7
330058.9
330119.8
330122.1
330131.4
330170.8
330205.4
330210.6
330308.6
330337.6
330386.2
330449.7
330453.2
330510.7
330597.5
330653.5
330676.3
330808.7
330840.5
330852
330875.6
330895.1
331083.1
331144.6
331242.9
331278
331336
331429.2
331713.9
331813.4
332383.1
332590.8
332812.6
332978.2
333078.4
335223.6
335412.3
335597.7
335606.6
335627.4
335650.9
335754.4
335824.6
336318.2
339723.1
339724.2
339824.7
339943.1
339953.4
340083.4
340307.1
340416.5
340419.2
341523.3
341541.4
341583.5
341649.8
341675
341714.1
345682
346010.2
346046.6
346065.6
346086
346148.3
346171.6
346299.5
346321.6
346371.5
347909.5
348030.1
348050.4
348103
348194.7
348214.5
348383.9
348508.7
349554.6
349631.9
349637.9
349650
349750.6
349754.1
349776.2
349784
349784.2
349814.7
349850.1
349881.1
349888.1
349927.9
349935.1
349942.2
350021.2
350040.5
350137.9
350166.7
350183.8
350194.1
350198
350353.9
350372.3
350857.4
350882.3
350945.4
350992.5
351057
355235.2
365403.8
365449.4
365504.9
365564.5
365759
365876.8
365929.6
366084
366218.2
366267
366313.1
366349.7
366350.6
366406.9
366428.9
366453.5
366535.4
366638.8
366762.5
366804.2
366817.4
366820.8
366821.6
366896.9
366930.3
367006.1
367076.7
367103.8
367109
367134.8
367159.7
367267.8
367445.4
367446.1
367512.9
367517.9
367518.9
367618.4
372764.7
373017.5
373026.3
373054.1
373055.2
373085.2
373320.3
374258
374685.1
420377.1
422558.5
422674.7
425808.2
425909.9
425935.6
425953.7
425963.2
426013.2
426030.9
426105.3
426125
426211.7
426245.1
426247
426257
426269.8
426423.3
426598.6
426736.5
427765.8
427864.4
427907.9
428012.1
428045.1
428142.5
428159.6
429953.1
430149
441746.5
441816
441842.1
441873.6
441975.3
442195.2
442242.3
442358.1
442378.6
442455.6
442588
442651.7
442682.4
442714.7
442770.3
442771.3
442934.8
442971.5
443054.7
443074.4
443095.4
443138.1
443278.8
443348.3
443363.8
443380.2
443406.6
443417.2
443446.3
443452.2
443496.5
443515.6
443516
443600.4
443601.8
443704.3
443714.6
443761.7
443769.9
443826.9
443914.7
443977.4
444005.9
444023.4
444108.2
444136.6
444139.8
444163.6
444181.2
444195.7
444347.6
444349.4
444399
444435.5
444437.8
444657.4
446304.5
446496.4
446926.1
446935.5
447447.7
448954.1
449133.7
450191.4
450239.1
450257.6
450432.6
450453.1
450459.4
450524.4
450580.1
450586.9
450607.7
450625.5
450655.2
450708.7
450750
450763.2
454733.2
455481.5
455592.7
457035.2
457707.3
459009.5
459025.9
459093.6
459127.1
459206.3
459290.7
459294.2
459478.6
459516.9
459535.8
459634.3
459648.8
460497.6
460611.9
460684.1
460716.1
460738.7
460803.4
460815
460820.1
460944.8
461042.7
461062.9
461100.5
461204.4
461210.3
461225.2
461258.5
461366
461381.6
461384.7
461417.3
461455.6
461663.6
462045.9
462500.3
463666.2
463671.9
463698.7
464393.9
464446.5
464625.5
464708.1
464714.8
467091.6
467168.2
467169.7
467237.5
467388.1
467492.5
467601.8
467620.9
467634.9
467651.4
467669.5
467718.4
467754.1
467772.6
467792.1
515597.8
517210.1
517223.4
517227.3
517235.5
517242.5
517268.1
526447.3
526871.7
526933.1
532389.3
533219.7
533256.8
533320.3
533385
533393
533455
533558.5
533592.4
533652.9
533690.9
533816.3
533907.9
533940.6
534016.3
534040.8
534122.3
534170.2
534210.5
534236.7
534380.8
534412.3
534438
534481.8
534505.3
534553.7
534659.6
535702.4
536867.1
536933
537190.7
537209
537269.2
537341.4
537463
537467.7
537512.4
537549.8
537555.9
537698.5
537705.9
537707.9
537758.8
537800.5
537862.5
537959.4
538005.6
538147.7
538175.3
538194.5
538332.4
538350.3
538538.9
538549
538582.1
538727.6
539089.5
541118.9
541913.7
547790.8
547910.9
548079.7
548706.6
548815.8
548916.4
548966.5
548978.3
548993.9
549000.3
549009
549092.2
549103
549132.7
549146.1
549231.5
549237.1
549275
550554.8
550604.3
550643.7
550709
550806.2
550818.7
550833.8
551021.6
551038.1
551045.1
556038.8
556525.6
556580.3
556988.9
557769.3
559648.9
559891
559981.4
560044.8
561159.1
561297.9
561390.8
561437.6
561455
561461.8
561481.1
561500.9
561687.1
561719
568317
568620.6
569078.6
569130.6
569547.4
569557.5
569561.7
569777.3
569945.5
570033.2
570638.6
571059.2
571123
571137.4
576167.9
576196.7
577876.1
577884.9
577902.8
577963.8
578053.3
578094
580729.3
580990
581208.1
581606.1
581711.2
588009.2
588989.9
589075.5
589746.2
589947.8
589950.9
590165.2
590358.9
590361.6
590366.9
590407.3
590416.3
590465.4
590483.2
590503.3
590637.2
594722.8
594736
594737.6
594749.6
594757.9
594797.8
594808
594885.1
594895.5
594940.4
594987.9
595223.7
597234.3
597255.8
597326.8
597455.2
597500.4
597513.9
597651.7
597663.1
597710.2
597743.8
597794.9
597871.1
597903.1
597928.7
597972.7
597998.4
598043.8
598044.6
598049.9
598083.3
598092.1
598164.6
598393.4
598422.9
598446.8
598476
598697.1
598729.9
598749.6
598788.9
598811.5
598812.1
598830.3
599091.5
599736.2
599864.3
599887.2
599910.8
