22.6
173.9
224.2
228.5
276.1
366.6
375.9
451
476
552.8
584
615.3
651.7
749.4
749.9
778.8
790.6
793.9
796.5
798.6
844
891.9
954.2
1595.5
1694
1704.4
1713.5
1766.3
1802.8
1811.5
1827.1
2261.6
2411.1
2418.6
2437.9
2522
4522
4668.4
5505.1
6547.6
6697.1
6778.2
7957.6
8105.3
8145.9
8231
8423.1
9075.6
9232.9
10109.5
10379.6
10420.1
10445.7
11330.8
12015.2
12252.5
12328.6
12340
12348.8
12394.9
12488.6
12591.7
13532.6
18678.2
21061.4
21970.2
23232.3
23365.6
31590.1
31791.8
31903.7
31922.7
31961.8
32021.9
32097.6
32137.5
32233.9
32266.6
32329.4
32338.4
32399.5
32411.4
32434
32455
32460.9
32487.8
32490.6
32501.1
32526.4
32554.1
32563.9
32579
32742.4
32757.3
32766
32775.8
32785.6
32838.1
32919.7
33073.7
33109.3
33188.9
33196.7
33207.1
33227.3
33229.4
33267.1
33327.4
33369.2
33392.2
33396.2
33451.9
33452.5
33456.7
33508.7
33550.9
33720.4
33725.5
33736.7
33748
33764.3
33821.2
33846.6
33880.3
33886.2
33919.7
33956.4
33959.8
34443.6
34449.2
34680.4
34697.6
34709.7
34872.9
34880.8
34884
34896.8
34954.1
34976.4
34979.2
35041.2
35043.8
35051.1
35122.2
35291.8
35831.3
35990.1
36049.1
36088.6
36174.6
36194.1
38812.5
42343.9
42497.7
42512
42552.9
42658.8
42666.3
43470
43615.8
43642.9
43677.6
43739.8
43761.9
43803.7
43841.7
43951.6
43960.4
44092.9
46111.6
46112.9
46172.4
46315.2
46389.9
46404.9
46407.9
46412.2
46428.5
46431.3
46560.9
46596.5
46685.5
46774.4
46781.2
46876.7
47007.2
47041
47090.7
47128.3
47153.7
47171.2
47172.9
47203
47353.1
49317.9
49496.7
49648.1
49869.4
49914.6
49916.8
50012.7
50071.8
50107.2
50139.3
50182.7
50965.5
50990.4
51150.5
51230.1
51534.3
51793
52637.8
52860.8
53009.2
53269.6
53429.5
53762.7
53770.6
53772.4
53938.3
53946.6
53960.3
54207.7
54526
54671.1
54727.8
54769.5
54792.1
54843.2
56346.1
56355.4
57979.8
58099.7
58126.5
58244.5
58291.1
58446.7
58472.1
58884.9
58891.6
58911.1
58921
58955.3
58969.5
59004.7
59047
59051.6
59115.9
59148.1
59341.6
63939.6
63980
63992
64003.3
64123.9
64137.1
64154.1
64188.5
64238.8
64323.7
64329.1
64425.8
64456.5
64498.7
64552.2
64603.5
64634.4
64641.3
64662.8
64751.8
64781.1
64830.7
67242.6
69372.7
69373.8
69415.6
69429.4
69481.8
75927.5
77777.7
77910.1
77971.8
78029.1
78064.5
78074.2
78087.6
78216.8
78229
78245.4
78367.6
78520.5
78615.2
79218.9
83053.3
84305.8
84546.3
84559.5
84777
84955
84978.1
84989.7
85027.9
85088
85206
85225.2
86482.6
87826.2
87951.2
88011.8
88032.2
88052.6
88197.8
88350.9
88457.3
88532.2
88554.9
88608.8
88634.6
88695
88966
89117.8
89241
89291.6
89320.4
89375.7
89429.4
89465.8
89551.7
90580.3
93204.2
93225.1
93234.1
93240
93327.7
93417.3
93459.6
93469.4
93544.1
93551.9
93569.9
93689
93733.1
94613.3
94835
95461.4
95489.6
95895.6
95965.3
95990.8
96003.8
96140.6
96215.6
96248
96329.8
96387.3
96449
96590.2
96628
96656.5
96887
96997.7
97013.9
97188.7
97432.7
97778
97844.8
97883.5
98046.7
98107.6
98371.8
98435.4
98502.3
98656.4
98782.4
98863.4
98871
99052.4
99101.2
99173.1
99226.2
99295.3
99387.7
99479.2
99525.2
99618.7
99832.7
99892.1
99927.5
100043.2
100054.5
100064.8
100335
100383.8
100391.8
100399.8
100411.8
100435.5
100514.4
100544.4
100686.9
100733
100872.7
101243.8
101355.6
101553.9
101627.9
101633.7
101655.9
101721.1
103159.6
104999.9
105397.3
106356
106625.3
106649.9
106758.2
106762.4
106795.9
106862.2
107509.6
107793.6
107837.9
107838.3
107920.4
107920.6
107948.1
107948.8
107978.6
107982.4
108255
108575.7
108762
108934.8
109078.4
109683.1
109698
109822.3
109828.5
109905.9
109971.8
109998.3
110051.7
110074.1
110121.9
110124.7
110182.9
110255.9
110310
110372.1
110409.9
110453
110554.4
111335.4
111493.9
113594.4
115391.7
115503.3
115505.3
115516.6
115527
115533.3
115558.8
115619.2
115631.4
119068.4
119178.1
119189
119222.4
119246.5
119321.6
119330.9
119403.5
119446.7
119456.5
119573.1
119666.4
119669.9
119698.9
119700.8
119801.1
119839.1
120187.6
125265.2
125303.8
125630.1
128441.6
128445.2
128449.3
128488.3
128502.5
128577.2
128697.3
128734.6
129845.1
129880.9
129894.9
129911.1
129964.9
130018
130204.1
130230.5
130258.6
130266.5
130303
130320.4
130340.5
130365.3
130405.3
130416.8
130499.4
130535.6
130572.2
134806.1
134970.3
135682.1
136000.4
136877.9
138399.2
138572.2
138836.1
140893.1
140953.6
141015.4
141051.4
141153.1
141221.4
141278.5
141331.1
141369.4
141455.8
141553.8
141595.6
141614.1
141659
142129.4
142306.2
142915.9
143591.6
143663.8
143698.7
143778.8
143780.1
143858.8
143867.7
143872.5
143926.4
144001.7
144006.3
144070.9
144167.3
144249.3
144352.7
144398
144545
144819.6
144879.4
145790.1
146164.4
146305.8
146408.9
146428.3
148019.1
148527.1
149890.4
151049.3
151298.2
151750.9
153473
155339.2
155793.5
156838.6
156950.5
157276.2
159126.9
159220.4
159379.6
159519.6
159549.4
159616.4
160629.6
160698.1
161926.9
165330.4
165332.8
165382.7
165878.8
168450.8
168475.9
168510.9
168679.5
168731.8
168767.1
168855.6
171299.1
172453.4
172475.9
172519.9
172527.1
172591
172593.8
172706.6
172737.7
173046.1
175294
175625.4
175700.3
175708.2
177749.4
177867.7
179075.6
181060.9
183629.3
183752
183802.2
183827.5
183829.8
183858.9
183881.5
183925.3
184026.5
184041.2
184075.7
184141.1
184202.7
185328.5
185343.1
185491
185538.7
185615.1
185690.7
185739.3
185792.9
185866.1
185903.4
186031.6
186048.4
186074.4
186103.4
186117.7
186126.3
186145.2
186178.7
186183.2
186278.7
186583.6
186603
186769.7
186821.8
187457.7
187476.2
187531.6
187535.8
187597.7
187642.7
187666.1
187773.8
187796
188016.9
188066.1
188120.1
188128.3
188161.2
188182
188236.9
188366.3
190843.9
191219.9
191246.8
191291.5
191330.6
191380.9
191470.1
191975.3
192152.5
192243.5
192421.6
192535.9
192566.3
192642.3
195293.8
197221.7
197327.4
197374.2
197616
197647.5
197664.9
197876.2
198487.2
198588.8
198607.1
198661.5
198684.9
198746
198783
198855.4
198856.4
198936.8
199084.5
199288.6
199307.3
208047.8
208153.7
208156.7
208189.3
208826.9
209052.2
209093.5
209096.5
209103.3
209104.4
209119.3
209172.2
209173.3
209175.4
215590.8
215888.9
215922.3
216963.3
217071.5
217126.8
217214
217436
217438.9
217670.5
221139.4
221226.1
221255.2
221350.3
221390.4
221657.5
221714.2
221767.3
221772.4
221830.1
222516.1
222603.3
222660.4
222694.8
222760.3
222782.5
222829.7
222911.6
223497.8
224857.5
226127.4
229150.9
231083.5
231191.9
231373.1
231396.4
231424.2
231428.8
231442.5
231473
233092.5
233267
233307.6
233396.9
233470.7
233483.7
233998.2
234000.1
236041.7
239033.7
239226
239230.2
239576.7
239597.6
239626.9
239628.5
239680.7
239746
239752.6
239754.4
239849.4
241737.9
242143.2
244008.3
246430.4
246535.8
246627.8
246721.7
246748.5
246765.4
249511.7
250234.6
250288.3
250298
250360.4
250373.4
250384.9
250391.5
250488.6
250498.5
250509.6
250961.9
251118
251958.7
251959.4
253024.2
253197.3
253205.3
253235.6
253373.1
253453.8
253479.6
253526.1
253546.9
253554.5
253682.5
253704
253768.5
253828.1
253846.8
253864
253889.1
253896.4
253927.3
253979.6
253989.4
254082.9
254094.5
254106.5
254111.6
254135
254272.9
254323.9
254328.9
254330.4
254378.6
254399.4
254421.9
254450.8
254463.8
254776.2
254835.8
254868
255000.3
255183.1
255196
255221.2
255259.2
255285.5
255350.5
255373.6
255397.5
256283.6
256313.8
256373.5
256408.6
256491.2
256540
256596.3
256603.3
256605.8
256805.3
256805.4
256835.2
256895.6
256928.8
256948.5
257011.9
257082.2
257090.4
257114.7
257149.4
257254.7
257275.9
257295.2
257303
257315.2
257337.3
257345.4
257375.4
257376.7
257411.4
257496.7
257611.4
257687.9
257690.8
257705.3
257718.3
257798.3
257911.4
257948.3
257956.7
257977.7
257978.1
258033.1
258100.5
258107.1
258138.1
258155.4
258202.1
258366.3
258413
258424.2
258494.5
258514
258586.7
258655.5
258779.2
258806.6
258857.2
259807
259841.5
259856.9
259873.9
259885.9
263679.1
263892.9
264024.8
264110
264177
264198.3
264314.3
264539.7
270566.7
270665.2
270725.8
270775.9
270888.4
270929.3
270963.1
270988.1
271006.1
271071.2
271076.5
271092.5
271142.6
271142.8
271154.3
271181.8
271191.8
271206.2
271236.8
271243.7
271352.3
271376.7
271388.8
271414.1
271420.4
271461
271471.3
271486
271519.6
271580.7
271645.4
271692.9
271696.4
271879.4
271931.6
273271.5
273709.2
273742.9
273870.1
273925.9
274002.9
274090.9
274420.2
278176.1
278234.6
278284.2
278327.6
278489.8
278500.4
279233.7
279253.3
279323
279349.7
279361.8
279373.5
279392.8
279393.4
279410.4
279427.8
279444.8
279509.7
279545.2
279547.4
279565.2
279582.8
282732.3
282897.6
285669
285933.9
286832.9
286922.6
286923.5
287012.3
287021.6
287022.6
287123.5
287245.6
287337.4
287681.6
289093.7
289120.1
289832.3
290012.8
290905.7
291488.6
292013
292190.8
292384.4
293706
293759.4
295816.4
295962.8
296032.1
297019
298962.3
301763
301843.7
302068.8
302260.9
302495.7
302570.9
302704.8
302768.3
302907.8
303051.5
303157.2
303564.1
303586.9
303652.5
303666.9
303698.4
303746.2
307380.9
307729.3
307871.5
307952.5
308336.9
308356.6
308372.7
308475.2
308514
314646.9
314995.3
315150.5
320872.1
320978.3
321076.7
321101.5
321151.8
321161.4
321198.4
321206.4
321211.7
321249.9
321253.8
321283.7
321336.5
321340.2
321355.3
321361.2
321392.6
321424.7
321456.7
321516.7
321520.6
321529.2
321590
321617.6
321623.9
321747.3
321747.6
321749.1
321802.8
321815.4
321822.6
321965.1
321997.3
322084
322127
322262
322467.7
322505.6
322532.8
322560.2
322567.3
322605.6
326789.2
327129.4
327138.8
328090
328110.2
328206.6
329442.8
329491.2
329519.9
329548
329624.6
329641.4
329658.1
329670.7
336564.3
336636
336684.1
336721.6
336848.6
336920.8
337038.1
337659.6
337791
337963
338040.7
338956.2
339615.3
339633.8
339693.8
339759.4
339791.2
339813.7
339916.5
340002.1
340018.5
340032.5
340036.4
340106
340243.3
340391
340427.4
340457.3
340466.5
340489.7
340550.9
347082.4
347539.5
351610.6
351665.7
351678.2
351809.5
351836.5
351858
351917.9
351924
351963.1
352021.4
352075
352095.5
352122.8
352161.8
352254.6
352287
352301.5
352306.8
352332
352343.6
352365.3
352383.4
352413
352510.5
352708.1
353424.5
353508.4
353527
353628.1
353681.4
353705
353829.3
353854.7
354244.1
354985
355062.3
355232
355239.6
355290.7
355295.9
355366.1
355404.6
355455.6
365317.9
366084.2
366312.1
366748.3
367393.8
367493.4
372705.8
372762.5
372774.2
372779.6
373469.5
373694.6
373897.7
374855.3
374856.6
375204.1
375256.9
375374.9
375554.6
375860.7
376169.2
376175.7
376253.5
376294
376343.2
376611.4
376953.6
378161.8
379914.2
380320.1
380527.9
380800.9
381390.8
381495.4
381499.6
381594.3
381635.2
381976.8
382050.3
382239.4
382622.5
382947.8
383316.3
383622.8
383808
383963.3
384010.5
384331.1
384463.5
384529.2
384910.5
385037.7
385127.2
385232.1
385361
385528.4
385806.7
385828.1
385959.8
385977.5
386086.3
386179.9
386347.6
386349
386360.7
386377.7
386417.4
386425.8
386471.4
386570.6
386667.9
386708.8
386744.7
386847.3
386998
387024.9
387157
387251.6
387299.3
387441.7
387499.8
387524.6
387554.2
387576.1
387612.8
387771.2
387871.7
387928.9
387941.5
387978.1
387993.7
388026.7
388066.6
388077
388189.7
388278.1
388431.7
388487
388510
388524
388618.8
388673.8
388681.3
388820.8
388906.1
388952.3
388982.8
389035.1
389140.7
389159.6
389278
389301
389379.5
389721.3
390657
391174.4
392140
392334.8
392466.8
392824
392897.6
392957.4
392997
394306
394426.9
394472.3
394927.7
394974.7
396663.9
396964.1
396985.5
397131.7
397156.8
397215.6
397238.1
397248
397339.3
397341.5
397413.3
397472.5
397480.4
397542.4
397587.1
397614.4
397652.8
397668.8
397688.5
397691.1
397701.3
397724.3
397727.4
397729.4
397741.9
397762.5
397764.5
397834.7
397849.3
397927.8
397982.2
398004.5
398004.7
398106.3
398294.4
398311.2
398394.9
398431.1
398859.1
400151.4
400252.9
400273.1
400428.4
400613.6
400740.1
400740.8
400746.2
400757.2
401405.8
401743.2
402102.9
402134.4
404870.4
404881.2
404904.7
404984.9
405065.8
405581.5
405698.1
405832.1
405973.3
406026.7
406050.4
406069.5
406309
406365.7
406441.3
406472
406523.9
406597.6
406667.5
406695.7
406715.6
406829.8
406918.6
406965.6
406989.9
407001.5
407046.2
407072.9
407088
407099.2
407288.6
407354.9
407407.8
407469.1
407469.8
407505.2
407523.1
407541.3
407549
407550.8
407578.2
407622.5
407719
407862.6
407872.6
407883.3
407924.7
407962.7
408094.9
408272.1
408325.1
408393.3
408394.2
408405.9
408415.9
408459.3
408467
408472.9
408597
408627.6
408638.1
408718.3
408738.4
408789.5
408818.1
408838.1
408846.2
408879.6
408972.6
409040
409089.5
409118
409146.9
409212
409255.9
409295.6
409309.9
409421.8
409570.2
409576
409622.2
409719.8
409910.2
409972.2
410038
410057.5
410096.8
410328
410339.1
410375.8
410400.9
410689.1
410716.3
410776.1
410794.4
410920
410952.7
411065.8
411119.7
411180.7
411182.4
411183.7
411186.9
411197.2
411217
411267.4
411310.3
411310.9
411426.8
411483.7
411521
411715.6
411724.6
411820.4
411833.8
415832.5
420989.1
422032.7
425244.8
425938.6
426074.6
426477.7
426946.6
426966.8
427010.3
427630.9
427873
428397.4
428539.2
428571.7
428685.4
428711.8
429028.5
429580.3
429737.3
430570.3
430658.1
430761.3
430765.3
431330.7
431423.9
431497.7
431855.5
436593.6
440330.9
440443.9
440454.6
440583.8
440600.8
440615.4
440789
440855.2
440872.8
440921.7
440970.7
441039.6
441093.9
441314.5
441396.9
441458
441513.3
441550.7
441564.9
441565.9
441604
445139.4
445168.4
445174.7
445492.1
445645.9
445676.9
445814.6
450515.1
452996.2
453011
453042.8
453186.8
453220.1
453220.4
453222.7
453250.5
453269.3
453291
456563.9
456734.8
456822.8
456953.3
459578.3
459653.9
461792.8
461807.5
461902.8
462104.5
462354.7
462374.1
462417.4
462424.6
462497
462525.3
462537.3
463505.9
463534.6
463560.8
463667.2
463677
465569
465573
465575.9
465621.8
465698.8
465738.8
465797.2
466318.8
466332
466377.1
466394.5
466427.6
466789.7
466903.4
467073.3
467178.4
469731
470021.3
470072.1
470078.7
470126.9
470135.2
470209.9
470265.8
470286.7
470380.6
470424.8
470461.3
470484.4
470534.7
470802.4
472968.7
473197.6
473494.6
473541.5
478210.9
478387.1
482638.9
482670.8
482784.2
482831.1
482879.8
482925.9
482978.7
482986.8
482987.5
483089.8
483221.8
483325.5
483331.1
483415
483438.7
483458.3
483528.1
483529.6
483535.8
483645.3
483716.1
483722
483738.4
483753.4
483770.8
483802.8
483839.8
483862.4
483879.8
483963.4
483971.7
483980.5
483994
484015
484094.2
484113.4
484116.8
484148
484154.9
484180.5
484228.5
484252.7
484322.2
484324.3
484344.2
484417.9
484456.1
484574.6
484865
484998.8
485979.2
487036.1
487052.3
487063.1
487185.1
487232.4
487627.1
487741.2
487834.6
487842.3
487904.1
488199
488394.9
488542.1
488665.8
488883.5
489465.7
489664.5
489772
489948.8
490454.2
492660.9
492865.1
492898.2
493509.6
494523.4
495055.5
495152.2
495256.2
495326.5
495744.3
495908.2
496007.7
496477.3
496492.3
496714.7
496846.7
496882.3
496947.1
496956.8
497304
497491
499025.2
499118.8
499408.1
499438.5
499696.1
499880.6
500544.5
500557.6
500913.9
501595
501728.2
501853.5
502255.5
502467.6
502727.2
502945.7
503547.2
503599.8
503657.4
503682
503870.6
503939.5
504573.4
506354.6
506410.4
506715.6
506909.7
507004.2
507070.4
517598.7
519331.5
519854.2
519898.7
520319.4
527196
527371.4
527424.8
527966.9
529997.5
530273.8
530324
530338.5
530396.2
530428.8
533405.7
533789.3
534537.6
534684.9
534757.3
538398.9
539556.7
547229.3
547362.7
547400.4
547633.5
551304
551404.9
551453.9
551465
551554.6
560217.8
560233.3
560602.8
560831.3
560984.1
564645.8
564711.4
565129.4
565460.7
565893.1
566694.5
570852.7
575274.9
575441
575521.9
577036.2
577173.9
577204.9
577546.3
577644.9
580967.5
581012.2
581056.5
581149.4
581272.4
581310.1
581372.9
581435.8
581439.6
581499.3
581609.5
581622.2
581690.9
581705
581775.4
581864.9
581944.7
582135.8
583911.6
584269.1
585522.2
591292.8
591317
591332.1
591353.7
596269.9
596319.9
