7006.2
7045
7218.4
7319.1
7357.8
7391.4
7402.6
7431.1
7451.9
7492.4
7540.9
7541
7551.3
7566.4
10934.8
11094.3
11361
11444.6
11590.6
11599.8
13258.7
14672.7
14912.3
15364.1
15608.1
15619.7
19660.7
20106
20177
20214.7
20350.7
20380.5
21849.8
21859.1
21873.9
21932.1
21998.3
22118.1
22156.1
22351.3
22578.2
22666.8
22714.2
22758.1
22782.7
22895
27732.5
43384.9
43639.4
43659.9
43661.8
43727.3
43787.4
43895.2
43925.6
43931.6
43964.7
43968.8
44213.7
44238.2
44276.7
44448.1
44873.8
45223.9
45248.9
52245.1
52253
52298.9
52320.5
52325.9
52330.5
52331.3
52402.8
52738.1
52911.7
53011.7
53038.1
53038.9
53101.2
53196
53260.1
53318.8
53342.1
53466.3
53541.2
53647
53650.3
53716.9
53724.5
53827.4
53849.1
54009.9
54025.2
54071.1
54116.6
54127.9
54212.5
54303.6
54323
54430.8
54436.9
54625.3
54626.4
54638.9
54813.2
54953.4
63597.7
63616.4
63647.2
63654.3
63733.3
63849.1
63892.4
64030.2
64061
64062.4
64062.8
64110.8
64121
64148.1
64190.3
64265.5
64307.9
64336.1
64376.8
64428.4
64542.5
64620.9
64667.8
64670.8
64682.3
64694.4
64794.6
64802.3
64816
64817.4
64897.2
64899.1
64964
65003
65079.4
65095.7
65254.2
65367.5
65378.6
65580.9
67140.3
67426.9
68967.7
70403.7
70413.1
70620.4
70669.4
70683.3
70721.8
70722.2
70725.7
70791.6
70859.4
70880.8
71422.4
71913
72279.2
78369.1
78913.4
79203
79649.6
79697.6
79849.1
79868.7
79907.3
80025.3
80149
80262.8
80366.8
80418.4
80536.1
80539.5
80573.3
80584.7
80598.6
80619.8
80657.1
80675.1
80713.9
80761.4
80764.6
80862.5
80897.2
80955.6
80964.6
80980.4
80998.3
81016.8
81112.1
81206
81251.5
81252.6
81311.9
81323
81342.3
81416.7
81421.3
81476.6
81492
81554.3
81653.8
81736.9
81808.1
81836.9
81911
81962.1
82051
82168.5
82187.8
82196.6
82214.8
82442.7
82957.7
83065
83099.6
83263.8
83285.4
83306.7
83352.4
83560.1
83727
83734.9
83748.8
83797.1
83823.8
83892.1
83985.9
84010.6
84104.5
86586.5
86611
87752.9
88761.3
89375.5
89528.5
92890.3
107143.7
108579.5
115884.7
115889.4
116053.8
116107.8
116236.1
116244.4
116317.4
116326.6
116339.7
116344.4
116377.2
116433.3
116455.2
116481.6
116488.2
116657.4
116691.9
116703
116709.5
116743.8
116768.5
116803.3
116811.2
116814
116865.7
116889.7
116947.6
117026.6
117031.4
117040.1
117098.1
117116.8
117142
117293.1
117300.2
117382.4
117417.9
117476.1
117492
117513.9
117517.3
117596.3
117748.3
117755.7
118804
119112.3
119118.1
119209.4
119232.1
119306.6
119409.3
119722.3
119743
119785.9
119840.8
119878.1
119961.4
119970.2
120029.3
120033.1
120090.6
120136.4
120162.1
120523.6
124765.9
124831.1
124861.4
124985.9
125355
125363.9
125406.8
125534.1
125583.1
125672.9
125723.6
125773.7
125815.8
125964.6
126096.1
126185.4
126243.6
126289
126300.1
126346.6
126366.5
126422.5
127000.8
127521.7
127617.2
131794.9
131996.5
132607.3
133917.1
134740.8
134863.8
135012.9
135280.6
135500.5
135631.8
135829.5
135905.3
135918.4
135962.2
136001.5
136011.4
136017.1
136821.5
136964.6
137083.6
137114.5
138124.7
138475.1
138535.5
138543.6
138636.9
138644.2
138898.7
139020.2
139338.8
139436.3
139791.9
139973.1
140057.2
160524.8
160996.2
161231
161254.5
161752.8
164242.8
168838.9
168912.9
168929.4
169070.5
169100.8
169183.9
169236
169241.6
169271.8
169278.1
169314.5
169393.3
169450
169486.8
170187.5
170626.5
176258.6
179760.4
179863.5
180040.8
180076.7
180263.8
180499.2
180580
180804.2
186189.8
186237.4
186567.1
187022.2
187077.4
187123.2
187184.4
187345
187417.4
187446.8
187496.1
187532.1
187583.2
187688.9
187842.9
187980.6
193367.6
193509.2
193667.6
193913.8
194038
194962.7
195044.3
195069.1
195130.5
195159.9
195183.4
195214.5
195224.4
195231.6
195265.4
195272.2
195329.9
195350.2
195616.9
205984.4
207563.3
207640.8
207817.8
207908.6
207940.6
208025.8
208086.6
208174
208224.9
208328.5
208337.3
208405.9
208448.7
208533
208658.5
208719.1
208801.2
208812.9
208875.3
208971.5
208987.6
209015.9
209083.1
209090.7
209265.4
211630.7
211853.7
211890.7
211967
211984.1
212102.1
212195.1
212256.3
212261.9
212322.2
212418.2
217868
217933.6
218054.3
218110.5
218369.7
218488.4
218608
218625.2
218719
218747.4
218870.9
218872.4
222220.6
222313
222395.8
222406.9
222414.5
222499.6
222562.5
222786.8
225929.8
225987.3
226100.8
228544.3
228706.8
229655.9
229870.7
231852.2
231988.9
232041.8
232138.5
232142.9
232150
232175.6
232223.7
232228.7
232254
232331.3
232479.2
232502.2
232714.8
232976.9
233027.2
233051.6
233076.9
233120.1
233145
233149
233170.4
233342.8
233349.6
233363.8
233391.2
233402.6
233427.1
233442.7
233446.4
233542.9
233550.7
233555.3
233678.5
233729.4
233742.4
233829
233869.1
233971.4
233988.5
234318.3
234986.3
238214.7
243767.2
244052.1
244090
244133.1
244200.5
244310.5
244394.6
244400.6
244754.8
244862.2
244962.1
244993.1
245082.6
245096
245176.1
245262.7
245314.6
245386.8
245419.7
245471.1
245487.7
245509.4
245523
245581.7
245648.7
245668.6
245685.2
245787.1
245833.6
245857.2
245913.8
245915.8
246030.5
246035.4
246053.8
246094.8
246166.1
246200.5
246338
246408.6
246429.9
246446.3
246507.2
246561.4
246609.4
246719.4
246776.2
246854.5
246858
246864.1
246931.5
247812
247861.6
249171.1
249823.5
249974.9
250101.1
250110.5
263488.9
272879.2
273108
273319.5
273406.8
273442.4
273447.7
273499.2
273685.9
273720
273772.6
273797.3
273825
273859.2
273913.1
273983.2
273983.3
274130.5
280641.6
281187.5
281298.2
281412.7
288047.5
288666.6
291772.4
292814.2
293325.8
293516.4
295944.4
297782.2
297784.4
297994.4
298079.3
298093.5
298143
298170.7
298179.6
298215.5
298323.9
298558.6
298587.7
298612.5
298697.5
298863.8
298924.2
298989.2
298997.8
299017.5
299124.1
299354.9
303628.4
304034.2
304491.9
305286.9
305681.7
306215.4
308800.8
309316.3
309497.6
309499.4
310301.9
310704.7
312147.3
322980.3
323094
323223.3
323309.8
323339.3
323349.8
323627.5
323797.3
324104
324207.3
324307.9
324481.6
324709.2
324741.5
324753.8
324762.3
324794.4
324806
324960.4
325005.8
325089.3
325092
325148.1
325287.3
325309.7
325405.1
326969.1
327319.1
327327.3
327777.8
327814.1
327928.9
328074.2
328082.1
328093.8
328295
328337.9
328528.3
328649.2
329281.3
329380.9
329449.1
329613.2
329647.1
329647.5
329735.8
329740.1
329758.7
329761.8
329767.3
329781.9
329797.2
329869.8
329956
330123
330174.4
330192.6
330344.1
330942.3
331110.6
331431.9
331758.7
333531.7
333815.5
335985.1
337279.9
337475
337815.2
338065.1
338139
338163.8
338182.8
338219.1
338295
338480.5
338527.4
338573.5
338876.7
339274.8
339281.2
342538.6
355141.3
355172.1
365178.8
365218.7
365286.6
365518.8
365602.9
365865
365992.2
366070.2
366226.7
366255.6
366267.6
366289.5
366658.4
366876.8
367095.1
367261
367530.7
374276
374321.2
374335.6
374507.7
374519.6
374596.5
374612.8
374665.4
374723
374748.7
374764.6
374795.7
374821.3
374857.7
374916.9
374919.1
374939.2
374981
374991.2
375028.6
375075.7
375103.7
375170.8
375259.7
375317.4
375381.5
375437.4
375596.8
375621.4
375714.1
375809
396767.6
396925.8
396928.8
397025.9
397026.2
397075.4
397139.8
397298.9
397353.9
397453.7
397507.1
397541.5
397747.3
397794.2
397798.1
397805.8
397857.9
397882.3
398181.8
398435
398537.5
398614.5
398653.8
398698.8
398864.7
399004.8
399093.3
402526.9
403049.2
403125
405568.7
413440.1
413688.2
414163.9
414234.3
414266.5
414617.7
418302.1
418914.9
419247.6
419527.2
419651.5
423241.9
424100.5
424253
425075.2
425108.7
425190.3
425311.6
425427.3
425466.2
425545.5
425683.7
426830.2
427057.7
427181.1
427186.4
427225.2
427278.9
427400.3
427424
427435.8
427500.6
430358.1
430386.8
430422.4
430504.7
430549.4
430592.4
430619.3
430635.5
430742.8
430889.6
430939.7
431006.5
431088.2
431481.2
431672.4
432653.7
432849.8
433545.8
433915.9
434510.1
434926.7
435599.8
435933.8
436593.5
437346
437609.6
438280.8
438580.8
438665.5
438912.9
438990.6
439204.2
439508.3
439513.2
439874.5
440231.4
440261.3
440290.3
440399.1
440443.2
440542.1
440549.2
440586.9
440690.8
440741.9
440875.8
440897.9
440978.5
440990.5
441000
441035.7
441205.1
441321
441347.3
441390.4
441446.7
441473.2
441477.7
441497.4
441559.6
441657.6
441781
441837.3
442138.3
442262
442654
442924.3
442999.7
443516.2
443542.9
444252.7
444792.9
444813.6
448045.6
448191.3
448330
453606.1
453852.3
453927.6
454039.3
454077.8
454165.8
454246
454260.4
454289.2
454294.5
454319.3
454417.9
454425.3
454441.2
454446.7
454450.3
454547.7
454599.2
454853.3
455734.2
457949.5
459945.1
460131.7
460153.2
460162.2
460175.2
460215
460270.3
460325.6
460454.5
460981.7
461046.6
461081.8
461295.4
461352.3
462052.5
463765.9
463770.8
463797.8
463956.4
468319.6
468705.3
468769.1
469501.5
469627.3
469650.2
469714.2
469792.8
469814.3
470007.2
470025.5
470046.3
470103.5
470216.6
470453.3
470492.1
470601.4
471029
471167.5
471178.7
471242.6
471656.6
471710.5
471718.6
471737
472074.9
472150
472154.8
473996.1
477576.6
477994.9
479859.4
480197
480284.5
480627.3
480645.5
482396
482536.4
482539.5
482551.4
482649.7
482813.4
482852.7
483019.2
483042.5
483152.7
483160.4
483209.5
483299.9
483353
483361.9
483394.7
483419.2
483421.2
483467.3
483529.6
483529.7
483587.7
483617.2
483689.2
483763.3
483802.4
483803.3
483827
483865.9
483928.1
483940.4
484041.1
484117.5
484155.9
484200
484215
484253.2
484260.4
484294.9
484332.6
484362.4
484383.6
484536.1
484590.5
484726.8
484760.4
484765.2
484767.9
484940.5
485555.9
491527.3
501615.9
505515
508272.1
510777
513679.2
513927.6
514653.6
514754.5
514762.6
514990.7
515198.4
515458.8
515570.1
515707
515760.4
515770.6
515834.2
516100.8
516186.3
516257.8
516319
516333.2
516374.2
516795.1
525498.3
525603.3
525631.5
525767.4
525847.2
525889.7
526015.8
526239.7
526252
526441.8
526498.8
526644.3
526672.7
526679.5
526790.6
526893.8
526921.3
526923.6
526967.6
526986.8
527000.2
527005
527089.2
527095.6
527151.5
527184.6
527191
527207.4
527270.7
527274.8
527317.6
527335.6
527349.1
527351.9
527406.4
527439.4
527447.3
527479.4
527805.3
527922.3
528050.8
529280.8
534960.4
535004.6
535179.3
535189.9
535202.2
535293.4
535398.3
535423.1
535424.3
535452.7
535522
535664.3
535767.3
535785.1
535900.4
536022.8
536048
536073.7
536103.4
536148.5
536266.5
536281.4
536324.4
536340.7
536476.6
536499.3
536511.6
536530.4
536557.1
536579.4
536588.3
536632.2
536703.2
536735.3
536765.2
536765.6
536775.1
536800.1
536818.9
536840.3
536867.6
536919.3
537097.2
537145.3
537154.9
537182
537202.5
537400.6
537472.4
537583.3
537783.5
537882.9
537954.4
538054.2
538168
538574
538749.9
538862.5
538913.8
539012.7
539382.7
539390
539393
539444.9
539650.5
550560.4
550933
551012.7
551220.5
551245.6
551395.7
567951.2
568186.6
569643.9
576483.5
576495.4
576712.2
576780.3
576782.9
576884
577028.8
577035.4
577049.8
577153.7
577320.8
577424.9
577496.1
579973.4
580287.4
580312.8
580328.6
580416.4
580587.3
580727.5
580752.9
586495.7
586506.8
586663
586682.1
586682.4
586723.8
586754.9
586761.7
586797.9
586865.2
586899.1
586950.9
586966.5
587067.2
587359
587538.8
587726.2
588038.9
588321.2
588402.9
588500.1
588681.4
588892
589024.6
589373.2
589643.8
589793.1
594600.1
594819.1
595196.3
596757.5
597834
597875.8
598082.8
598719.9
598894.5
599128
