4248.8
4326.9
4364.7
4395.1
4399.4
4423.6
4428.5
4466.6
4535.1
4571.5
4573.3
4583.6
4657.9
4659.4
4793
23071.5
23156.7
23181.6
23247.6
23336.9
23556.5
23611
23748.7
23970.4
28361.5
28584.2
28660.1
29110.1
29173.4
29334.8
29358.5
29381.4
29398
29949.8
29971.2
30043.3
30244.6
30381.6
30707.9
30790.3
38211.5
38281.1
38394.4
38483.8
38543.9
38581
38618.3
38668.2
38715.7
38807.4
38827.2
38844.4
38936.7
44774.3
45197
45351.2
45454.3
45523.9
50461.8
50749.3
50838.3
50864.3
50970.8
50994.1
51011.6
51015.4
51039.2
51051.7
51084.7
51126.7
51181.9
51209.5
51316.5
51571.6
51751.4
51828.7
59797.5
59893.1
60053.4
61135.1
61260.9
61586.4
61653
61979.3
62642.5
62713.3
62874.3
62943.9
63019.3
63021.9
63067.8
63119.6
65995.7
66078.2
66464.5
66828.2
67491.4
67963.6
68156.6
74960.6
75173.7
75194.4
75291.4
75385.3
75513.1
75573.8
75598.7
75619
75625.6
75695
75764.6
75918.4
75943.7
76008.5
76026.9
76067.6
76108.1
76138.3
76213.1
76377.9
81968.7
85570.1
87001.8
87208.2
87513.4
91638.2
92201.5
92959.3
92982.8
93103.6
93113.5
93223.8
93237.2
93266.6
93315.1
93366.1
93383.7
93385.3
93386.2
93388.2
93445.7
93465.1
93525.4
93545.5
93567.4
93599.9
93731.1
93763.6
93767.2
93916.9
93966.4
94082.9
94142.2
94158.9
94241.9
94277.3
94317.4
94612.5
94618.9
94730.5
94764.7
94783.8
94816.8
94829.2
94829.9
94870.2
94873.3
94893
94896.4
95023.9
95042.4
95052.6
95073.2
95178.7
95198.5
95267.7
95281.3
95293
95298.5
95341.4
95343.1
95375.6
95391.8
95414.7
95431.8
95511.5
95552.5
95570.8
95701.1
95704.9
95712.4
95884.2
95945.2
95978
96019.5
96054.2
96089.9
96105.1
96182.8
96210
96259.3
96345.6
96414.9
96608.6
96636
96670.8
96689.3
96727.9
96773.9
96798.7
96825.5
96828.1
96843.3
96847.4
96871.3
96890
96922.6
96952
97021.5
97037.1
97044.8
97052.7
97082.3
97127.8
97242.8
97272.1
97291.7
97340.5
97485.9
97491
97551.7
97562.9
97605
97649.4
97654
97667.5
97680.1
97759.8
97840.8
97846.2
97858.5
97901.4
97922
98008.1
98096.5
98176
98176.9
98204.4
98219.9
98256.9
98324.5
98327.8
98339.8
98462.9
98489.4
98496.6
98497.1
98510.3
98686.7
98707.2
98709.1
98733.8
98748.2
98766
98815.3
98857.2
98866.9
98908.1
98927
98998.7
99026.7
99032.5
99068.2
99113.1
99151.4
99167.1
99186.1
99214.8
99327.3
99341.6
99343.6
99502.3
99519.9
99596.1
99638.6
99640.6
99699.7
99733.1
99780.5
99811.1
99899.5
99916.3
99929.7
100059.9
100063.4
100076.1
100134.8
100233.8
100234.9
100329.5
100386.9
100429.9
100536.2
100583.9
100598.7
100694.5
100720.3
101048.3
101117
101122.5
101183.5
101346.7
101405.3
101447.8
101496.6
101539.1
101586.8
101603.1
101627.5
101632.2
101643.1
101662.8
101667.3
101746.6
101772.5
101811
101827.6
101857.2
101896.6
101912.2
101920.4
101957.5
101983.2
101999
102053.5
102107.7
102139.2
102294.9
102298.9
102308.4
102387.2
102412.2
102434.2
102529.1
102540.3
102731
102877.6
102974.8
103089.5
103177.4
103250.5
103275
103335.4
103366.5
103377.2
103406.7
103429.1
103447.5
103457
103524
103574.5
103582
103646.3
103701
104337.4
104683.7
104877.7
104923.3
105163.8
105947.4
111317.4
111320.2
111323.3
111353.1
111512.9
111581.2
111583.3
111591.9
111765.4
111855
161548.9
161788.1
161901.1
162066.8
162106.5
162120.1
162309.9
162347.6
169615.7
169889.5
170105.2
170249.2
171665.5
171713.9
172053.2
172107.9
172224.2
172267.3
172270.5
172294.7
172327.7
172414.7
172434
172467.5
172468.6
172517.7
172601.7
172676.2
172769.6
173025.7
173078.4
175217.6
175296.5
175342.4
175496.9
175534.6
175555.8
175571.7
175591.8
175650
175701.6
175862.5
175899.3
175975.3
175977.3
176396.5
176454.4
176491.1
176537.3
176553.2
176682.9
176694.5
177096.3
177287.1
177755.6
177819.1
177840.2
177880.5
177887.8
177929.3
177936.2
177982.8
178058.6
178110.9
178251.3
178282
178295.5
178303.1
178443.2
178473.8
178546.4
178569.3
178651.5
178755.8
178770.5
178863.6
179099.8
179115.5
179131.5
179280.9
180384.1
181052.2
181780.6
181806.3
181862
182433.8
182471.1
182601.8
182903
182995.1
193957
194075.5
194109.7
194252.9
194332.5
194367.2
194424.7
194562.1
194678.5
194719.1
194721.9
194745
194816.1
220921.7
221150.1
221249.8
221307.4
221398.8
221475.2
221541.6
221583.4
221859
221868.9
221876.1
222015.5
222033.6
222040.7
222246.4
224271.7
224527.7
224590.2
226987.1
227367.5
227387.3
228943
229586
229732.2
244832.5
245027.9
249979.5
250065.2
250334.6
250400
250566
250671.5
250689.1
250691.1
250725.9
250842.3
250845.9
250998.8
251196.4
251300.3
251386.9
251499.9
251524.4
251532.2
251565.6
251677.2
251794.2
251818.9
251826.8
251831.5
251856.2
251886.4
251983.5
252159.2
252169.1
252194.1
252257.5
252298.7
252637.2
263500.2
263507.7
263597.5
263664
263683.8
263844.2
263879.5
263911.5
263988.9
264006.6
264164.2
264175.4
264250.6
264366.6
264517.4
267856.1
279170.3
279181.4
279190.2
279263.2
279390
279406.5
279413.4
279430.1
279643.5
279685.6
279702.4
279756.1
279901
280061.3
281835.9
282021.5
282263.9
297642
297670.4
297782
299378.4
299556.8
299695.5
300245.8
300936.7
300960.4
300974.3
301034.8
301127.3
301134.5
301188.1
301209.3
301252.9
301253.4
301289.5
301300.2
301375.2
301398
301482.7
301486.5
301524.2
301585.6
301620.4
301745.2
301755.4
301764.2
301774.7
301786.4
301994.4
302116.3
302152.2
302170.2
302249.1
302268.7
302355.6
302403.8
302489.1
302501.2
302508.6
302560.1
302596.6
302611.8
302626.4
302741
302776
302777.4
302973.5
303032.2
303180.1
314205.6
314265.7
314296.5
314561.8
314647.9
314830.3
315121.8
315626.1
319571
330353.7
330634.8
330917
330948.6
330961.4
331867.8
336174.6
338663.8
338976
339306.1
339537.8
339881.6
339918.4
339936.7
339961.9
339966.1
339986.6
339995.9
339997.5
340049.8
340051.8
340056.2
340146.3
340155
340169.2
340232.9
340413.4
340436.6
340457.2
340520.1
340638
340678.4
340922.3
340989.4
340991.5
341283.2
341324.5
341394
341506.5
341540.2
341590.9
341866.1
348561.5
349232
349250.3
349443.5
350109.5
350165.1
350591.3
350736.6
351001.4
362980.3
364789
365477.8
373122.2
373304.1
373304.5
373435.1
373439.4
373458.4
373487.5
373543.2
373609.4
373624.2
373664.2
373670.9
373674.1
373687.3
373692.8
373696.5
373852
373878.9
373913
373918.7
374074.5
374117.6
421484.5
421686.5
421936.6
422113.3
422281.8
422375.1
422556.2
422633.6
422756.6
422767.8
422911
422977.1
441901.4
441902.7
441990.8
442101.7
442370.3
442684
442901.1
443083.4
443336.5
443367.1
443966.7
450373.8
450429.6
458820.1
459843.5
459881.9
459911.6
460058.1
460156.3
463479.7
464772.1
464865.6
465060.7
465073.3
465318
465343.6
465415.1
465451.1
465481.9
465496.5
465597.6
465629.9
465695.5
465749.7
465757.2
465799.4
465828.2
465839.2
465919.3
465963
465980.2
465989.8
466042
466061.5
466084.3
466103.6
466170
466183
466254.9
466301.5
466395.5
466396.1
466482.9
466484.4
466599.2
466657.9
466956.2
467073.7
467085.9
467331.7
511913.6
512165.9
517573.4
517601.4
517628.9
517663.4
517780.7
517797
517826.6
517956.6
517985.8
518026.7
518038.5
518060.8
518313.9
518319.2
518334.1
518418.6
518453.3
518459.4
518497.4
518609.9
518668.4
518681.4
518687.8
518733.6
518734.4
518800.4
518813.3
518824.7
518976.2
518983.3
519071.3
519232.4
519415.6
519428
519436.1
519482.7
519506.9
519507.7
519708.3
519978.7
520000.3
520092.6
520105.7
520129.2
520332.9
520517.1
520582.3
520596.8
520652.5
520849
521145.9
521722.8
521742.5
521784.2
521829.7
521979.3
522423.9
522555.4
522719.9
522933.5
523620.9
523678.9
524870.5
524970.1
525008.8
525245.7
525261
525425.4
525467.5
527616.6
529111.1
533531.3
533616.6
533861.4
534039.4
534354.8
534391.1
534623.1
534632.8
534680.6
535459.2
537199.1
540452.1
540628.7
540831.9
540871.1
541021.7
541220.8
541267.5
541472.1
541504.2
541935.7
542012.5
542039.1
542049.4
542169.7
542224.3
542357.4
545203.2
545601.6
546240.1
546510.2
546570.1
546600.6
546610.8
546711.8
546720.1
546726.8
546954.2
546970.4
546976.4
547006.6
547141.3
547158.4
547332.2
547398.2
547402.2
547420.1
547522.7
547580.9
547591.2
547618.6
547684.7
547741.9
547746.8
555327.3
555688.4
569065.7
571313.7
571545.2
571726.6
572001.2
572322.3
572556.1
572607.9
572652
572696.3
573023.8
573103.9
573218.7
573982.6
574015.8
574077.4
574124.9
574275.7
574434.7
574438.8
574468.2
574517
574533.9
574558.1
574739.7
574767.2
575334.7
575447.2
575513.2
575560.4
575655.1
575677.3
575700.4
575700.8
575729.8
575732.8
575755.8
575949.8
575968.8
575983.6
576027
587708.5
587763.9
587779
587941.1
588122.6
588138.4
588356.6
588387.7
588454.4
588584.8
588817.8
591142.6
591211.4
591380.5
591702.4
591757.8
591778.4
591882.7
591961.4
591973.4
592171.8
592458.1
592484.6
592524.9
592906.6
593065.2
593736.5
593752.9
594339.5
594673
