1980.6
2106.2
2115.8
2124.6
2302.7
6026
6720.3
6727.8
6738.5
6892.9
6932.1
7009.4
8039.5
8071.5
13186.3
13400.9
13414.3
13783.2
16091.8
16214.8
16226.8
16233.4
16362.6
16400.5
16404.9
16603.2
16632.8
16636.8
16652.9
19235.1
19379.5
19382.5
21003.4
21064.6
21072.7
21139.7
21181.9
24482.1
24517.2
24531.9
28665.4
28797.2
28913.3
28932.1
29015.7
29053.8
29196.9
29284.2
29334.5
29369.3
29405.3
29428.4
29429
29481.1
29483.8
29506.2
29523.5
29568
29684.7
29986.6
30338.1
30684
35414.4
35457.8
35614.7
35647.6
35653.1
35705.6
35726.9
35783.2
35795.7
38162.5
38251.9
38355.4
38370.3
38370.8
38381.1
39193.5
39206
39206.4
39237.7
39285.1
39355.3
39386.6
39407
39471.2
39474.4
39478.6
39634.5
39695.2
39852.4
41298.8
41399.1
41484.3
42136.6
42152.2
42243.3
42254.7
42259.8
42285.8
42340.2
42385
42391.6
42407.9
42457.6
50450.2
50559.2
50595.7
50599.4
50755.6
56648.5
56822
56861.7
57463.7
57564.7
57588.8
57595
57645.5
57647
57773.3
57789.4
57822.4
57825.7
57848.5
57861.3
57894.2
60116.6
60153.7
60227.2
60240.7
60263.9
60272.6
60288.3
60327.4
60366.3
60402.1
60423.9
60595.8
61753.7
62060.1
62060.3
62373.4
62378.5
62405.2
62449.7
62527
65203.4
65553.4
65658.4
65739.6
65761.7
65765.3
65829.5
65943.5
65949.2
65965.6
65994.4
66010.6
66031.7
66052.7
66090.5
66164.9
66239.6
66281.8
66332.4
66362.4
66465.8
66694.6
67138.9
67207.9
67234.8
67326.9
67617.5
67810
67864
67914.2
67915.3
67967
68010.6
68041.8
68047.4
68057.6
68083.9
68124.5
68150.1
68268.3
68304.6
68396.1
69254.2
69463.8
69468.3
69549
69573.3
71323.9
71356.2
71426.9
71499.9
71564.6
71591.1
71629.5
73829.8
73847.1
73894.9
73964.9
73989.8
74079.5
74115.9
74192.2
74222.2
74223.5
74400.6
74426.6
74475.7
74477.3
74489.1
86665.7
86688.2
86746.4
86895.5
87175.8
87460.2
89691.3
89703.6
89725.5
89745.3
89797.2
89853.4
89880.9
89966
90292.5
90300.6
90317.1
90406.6
90896.4
91112.3
91163
103551.3
103750.8
103955.5
104013.7
104069.5
104227.7
104244.8
104342.3
104655
105711.9
105739.8
105786.6
105924
106039.2
106076.8
107227.7
107238.5
107248.4
107260.2
107300.3
107339.9
107369.4
107374.9
107402.1
108766.1
110945.7
111040.2
111040.9
111047.3
111050.4
111069
111148.1
111149.6
111171.4
111174.1
111200.5
111222.5
115571.6
115578.2
115637.7
115683.5
115711.5
115795.4
115872.3
126986
128014.3
128059.7
128103.4
128106.8
128207.9
128218.1
128267.5
128410.5
129547.2
129814.2
129851.5
130217.5
140018.4
140085.8
140389.8
140791.6
140898.3
140946.4
141008.9
141034.4
141064.6
141208.9
141221.3
141528.2
141535.5
141841.4
141919
142151.3
142970.5
143274.7
143286.7
143649.3
143739.4
143859.7
143869.5
144032.2
144148.9
144197.2
144241.2
144387
144388.3
144407.3
144408.8
144549.4
144557.4
144696.6
144707.8
144765.7
144797.9
144802
144934.9
145053.7
145077.1
145178.2
145304.2
145318.8
145366.6
145439.7
145479.8
145501.3
145541.9
145544.8
145551.1
145579.9
145582.3
145586.7
145790
145820
145885.7
145963.3
146030.3
146051.7
146062.7
146081.5
146158.7
146188.3
146213.1
146304.7
146310.2
146316.5
146340.7
146364.3
146398.4
146435
146543.5
146606.6
146683.3
146801.6
146815
146879.9
146956.5
147119.4
147132.8
147153.5
147161.9
147177
147197.6
147339.6
147346.4
147381.5
147437.7
147504.8
147522.7
147530.8
147547.4
147578.2
147612.9
147677.9
147683.5
147722.3
147765.3
147811
147811.2
147864.7
147900.5
147936.9
147939.3
147978.3
147982.5
148023.6
148065.8
148084
148133.3
148140.1
148146.6
148156.3
148176.6
148210.2
148262
148326.4
148377.5
148396
148422.4
148429.4
148506.1
148568.7
148682.8
148701.6
148711.9
148753
148757.6
148800.5
148890.6
148968.8
149092.6
149111.2
149131.1
149177
149242.6
149278.3
149315.9
149364
149565.4
149640.9
149668.1
149702.5
149888.5
149934.4
149937.1
149964.6
149968.1
150023.6
150050.4
150063.6
150068.6
150072.1
150149.7
150156.5
150179.9
150201.1
150242.7
150291.1
150302.9
150318.8
150434.1
150437.5
150463
150493.1
150571.2
150571.4
150574.2
150608.6
150614.8
150677.6
150779.2
150797.8
150798.5
151005.9
151050.6
151159.4
151166.5
151280.9
151287.3
151304.2
151312
151326.3
151347.3
151487.2
151511.8
151621.1
151639.7
151693
151697.4
151714.1
151718.7
151735.7
151881
151904.2
151988.4
152047.2
152165
152221.3
152237.2
152257.2
152265.2
152301.9
152315.9
152438.4
152475.2
152519.5
152533.5
152560.9
152561
152570.3
152665.2
152763.6
152954.5
152969.8
152993.6
152998
153012.6
153016.9
153030.6
153266.8
153271.8
153318.5
153377.9
153416.8
153509.7
153606.3
153629.4
153632.1
153695
153735
153789
153815.4
153817
153850.1
153887.1
154016.3
154209.9
154268.9
154278
154328.3
154398.8
154492.5
154566.3
154736.2
154789.7
154824.4
154896.4
154977.3
155123.9
155156.2
155157.5
155221.9
155295.9
155404.3
155556
155584.8
155713.7
155734.9
155794.4
155800.3
155898.2
155915
155980.8
155993.1
156034.6
156051.6
156157
156200.8
156207.2
156270.8
156295.8
156407.8
156535.5
156538.8
156687.2
156698.9
156738.3
156755.7
156832.7
156950.7
156967.1
157027.2
157042.5
157097.7
157112.4
157201.2
157246.1
157509.7
157596.6
157863.6
157987.6
158042.2
158135.7
158140.5
158197.7
158239.6
158363.1
158386.2
158522.5
158607.9
158758.3
158772.6
158882.2
158910.5
158927.5
158960.4
158991.2
159016.2
159051.8
159155.5
159160.2
159201.1
159225.2
159238.2
159312.6
159397.2
159526.3
159785.3
159803.8
159828.4
159891.6
159933.3
159981.4
159999.8
160002.5
160005.6
160068.9
160099.4
160107.3
160147.8
160306.1
160363.4
160366.2
160422.9
160452.3
160492.2
160567
160579.7
160655
160671.5
160674.5
160729.8
160742.9
160782.4
160784.1
161723.1
161846.2
163663.6
164219.5
166858.3
168226.6
168360.9
168436.7
168569
168627.5
168660.4
168668.7
168728.3
168837.9
169928.3
170012.8
170013.3
170049.8
170104.8
170165.2
170421.1
170468
170494
170526.2
170564.5
170573.9
170604
170628.8
170672.6
170705.2
170735.5
170930.7
171414.5
171468.4
171539
172730.1
172833.4
173246.3
174339.4
174366.9
174545.5
175976.9
176119.1
176268.8
176320.2
176344
176394.3
176487
176489.2
176515.5
176520.6
176682
176732.5
176745.6
176757
176779.2
176829.5
176846.6
176889.2
176908
176915.2
176944.2
177024.8
177035.9
177038.5
177066.9
177081.4
177099
177233.1
177417.4
177424.2
177462.5
178544.6
183314.3
183348.1
183383.8
183434.9
183551
183573.6
184470.1
184900.4
184958.9
185143.3
185483.4
187251.6
187492.9
187594.1
187658.6
187670
187681.7
187692.8
187693.2
187703.6
187752.5
187770.3
187831.1
187832.1
187852.6
187861.8
187991.1
188059.8
188116.7
188146.2
188146.6
188155.6
188192.1
188288.8
188389.7
190795.6
190837.7
190866
190883.7
191998.3
192671
192919.9
192965.9
193062.4
193178.3
193511.4
194282.2
194841.4
198918.3
199086.2
199322.7
199441.6
199445.9
199666.8
201531.1
204017.9
204369.9
205376.1
205430.5
209885.3
209930.6
210136
210285.7
210336.3
211221
211231.3
211355.3
211425.1
211685.4
217064.7
217122
217149.6
217170.4
217302.2
217317
217321.6
217337.4
217372.6
217400.7
217545.8
217619.8
217737.2
217746.4
218225.8
219785.8
220000.2
222430.2
222634.4
222722
223831.4
224070
224070.2
224118
224412.8
224422.9
224511.2
224541.3
224574.1
224602.4
224666.2
224699.1
224724.1
224729.6
224754.9
224767.6
224839.6
226503
226650.2
227008.3
227074.2
227077.4
227165.8
227240.4
227240.7
227269.4
227341.9
227372.4
227377.7
227390.2
227605.7
227831
227835.5
228250.3
228294.3
228315.3
228517.8
229092.8
229146.1
229169.9
229203.3
229244
229268.3
229310.1
229361.7
229401.9
229447.5
229478.5
236209
238960.4
239953.6
240155.2
240172.3
240197.7
240264.4
240288.9
240323.4
240339.3
240377.9
240390.7
240477.5
240509.7
240573.7
240672.6
240828.8
241067.5
241075.7
241133.9
241150.9
241203.8
241374.6
242617.1
242865.5
242918.8
249780.8
249925.6
250062.4
250073.6
250784
251659.4
251915.6
251921.2
252147.5
259113.5
259253.2
259306.3
259336.9
259442.1
259494.3
259501.4
263651.4
267922.7
268146.7
268155.5
268702.7
272262.2
272329.3
272405.5
272468
272468.3
272547.9
272766.3
275834.7
275898
275905.8
276173.1
276202.7
276293
276307.5
276320.2
276443.5
276454.5
276476.4
276627.6
276655.7
276705.7
276716.1
276863.3
276889.8
276912.2
276915.4
276928.7
278022.3
279079.2
287908.6
287961.8
287982.1
287983.2
288030.6
288049.7
288054.2
288083.9
288181.1
288215
288278.1
288285.8
288460.5
288477.5
288652.9
288658.5
288701.8
288730
288779.7
288833
288861.4
288863.7
288974
289057.5
289099.8
289102
289237.5
289283.5
289289.6
289502
289521.2
289547.3
289555.4
289631.8
289678.3
289688.4
289791.1
289992.7
290103.1
290113.1
290137.7
290269.4
290269.7
290285.7
290492.3
290574.9
290656.3
290742.5
290890.4
290987.6
291099.8
291214.2
291270.6
291297.7
291342.2
291360.5
291467.8
291582.9
291661.5
291976.5
292164.6
292297.3
292375.3
292488.3
292557.1
292578.4
292584.5
292611.7
292629.6
292728
292734.3
292779.5
292798.5
292846.8
292953.1
292975.1
292986.3
292994.1
293003
293048.9
293069.3
293119.2
293136
293171.1
293197.8
293452.2
293901.9
293959.8
293975.6
294029.3
294080.1
294229.8
294235.1
294240.3
294319.8
294331.1
294341.1
294400.8
294409.6
294434.6
294455.3
294456.5
294609.5
294666.9
294834.2
295019
295137.6
295149.3
295163.8
295184.8
295207.9
295282.2
295317.7
295329.5
295335.8
295343.3
296357.6
296758.9
296881
298811.5
300435.1
300592.6
300613.9
300650.6
300724.2
300965.2
301063.3
301472
305912.3
308367.5
308578.6
311405.2
311414.9
311419.9
311461.2
311509.2
311524
311575.2
312067.9
312168.3
313162.6
316254.9
316292.3
316551.9
316624.3
316694.4
316746.2
316757
316804.7
317033.3
317083.1
317219.6
317485.2
317691.4
317762.8
317885.5
317997.7
318410.5
318706.1
318955
319064.9
319173.9
319187.3
319372.4
319439.4
319672.4
320921.2
320941.4
321133.3
321310.1
321388
321524.8
321562.9
321598.5
321720.3
321929.6
322049.3
322711.7
322789.4
322796.1
322811.5
323220.6
325536.7
326305.9
330755.4
330792.4
331441.6
331443.2
331530.5
331614.3
331683.5
331721.6
331770.5
331807.5
331862.8
331892.3
331899.1
333373
334028.2
334149.4
334154.6
334341.5
334403.9
334411.9
334558
334561
334563.2
334587.8
334603.9
334760.8
334790.5
334881.5
336239.5
336250.9
336315.2
336431.5
336491.6
336521.6
336525.7
336542.8
336544.6
336552.1
336558.9
336591.9
336609.2
336629.1
336716
336904.5
339176.3
341620.6
341707.7
341728.9
341799.6
341853
342010.7
342049.6
342064.6
342109.5
342200.6
343857.9
345021
345131.1
345356.6
345429.5
346625.9
346710.8
346734.7
346796.2
347089.8
347721.4
349638.7
349665.8
349716.7
349730.3
349863.7
349952.2
349955.5
349967.9
349990.3
350016.8
350041.2
350049.8
350182.1
350253.1
350323.1
350325.2
350370.1
350435.5
350438
350483.2
350565.8
350596.8
350634.7
350706.2
350711
350730
350777.6
350820.8
350846.4
350872
350875.9
354350.5
354458.9
354542.8
354559.9
354598.7
354683.7
354774.7
354792.1
354796.2
354876.6
354905.4
362849.7
363738.3
364183.7
364804.8
367730.2
367754.2
367755.3
367773.6
367823.8
367841.1
367849.4
367916.6
368019.3
368105.5
368167.4
368176.9
368254.3
368299.9
368364.9
368404.9
368503.9
368628.6
368630.9
368641.5
368705.8
368715.5
368792.1
369013.8
369033.9
369082.8
369103.9
369176.5
369195.3
369202
369222.7
369255.4
369300.2
369392.9
369402.9
369408.8
369464.7
369479.3
369520.5
369550.5
369630.1
369642.3
369762.8
369851.1
369990.4
370001.8
370067.9
370160.5
370233.7
370241.5
370267
370376.4
370397.8
370404.6
370415.7
370435.1
370501.7
370525.7
370650.6
370657.9
370660
370697.5
370744.2
370756.5
370826.9
370836.2
370882.5
370900.3
370929.2
371057.2
371066.2
371157.7
371199.1
371227
371353.8
371372.4
371552.3
371967.6
372202.5
372962.4
373133.5
373200.3
373255.5
373444.7
376175.3
381769.3
382484.1
382570
382589
383192.5
383216.1
383529.2
383605.7
383618.2
384259.5
384271.2
384347.3
384695.8
385192.2
385196.9
385260.6
385294.8
385390.5
385407.4
385484.7
385783.5
385879
385996.2
386006
386267.4
386823.2
386845.2
387286
387390.8
387441.6
387467.9
387486.9
387598
387884.8
388015.9
388026.5
388300.9
388367.5
388419.4
388426.7
388589.8
388728.2
388948.4
388959.8
389083.7
389138.6
389164.7
392889.3
393015.9
393562.2
393806.6
394400.4
394532.8
394629.9
394760.8
395045.7
395582.7
395585.4
396241.9
400273.6
400944.2
401170.5
401635.4
401758.5
406941.1
407254.7
407356.3
407442.5
407520.1
407537.5
407791.6
407819.1
407896.4
407959.8
408066.5
408793.6
409362.2
409513.8
409899.8
409997.4
410252.7
410333.3
410540.8
410571.6
410613.4
410809
410977.9
411048.2
419932.5
420144.4
420263.2
421080.5
421145.4
423097.5
425428.8
425502.4
425520.4
425582.4
425731.9
425750.2
425771
425826.3
425829.9
425832.6
425851.2
425868.3
425930.2
425953.3
426136.3
426259
426320.3
426322.4
426383.5
426415.3
426464.5
426568.3
426687
427670.5
427751.2
428960.2
429673.7
429816.5
429896.8
429916
429975.6
444691.6
444982.7
445082.5
445168.4
445197.3
445199.5
445223.5
445227.9
445283.6
445289.6
446682.6
447203.6
448188.5
448271.8
448297
448302
448369.8
449785.6
449909.3
450082.1
450155.7
453288.9
453316.3
453394.6
453395.8
453405.4
453441.2
453515.9
453523.5
453545.9
453575.4
453624.9
453905.3
454803.5
455193.5
455955.6
456122.8
456140.9
456171.9
459288.4
461184.8
461856.6
462910.5
464604.1
464625
464643.8
464797.3
464883
464884.2
464975
465114.2
465136.4
465335.2
467189.1
467325.1
467442.2
467498.5
468081.1
474831.7
474875.8
475026.9
475040.7
475113.3
475376.2
475439.6
475483.7
475773.7
475850.4
475868.5
475944.1
475970.5
476080.3
477334.6
477742.8
477766.3
477870.8
477967.1
478625.2
481463.4
487971.5
488032.2
488456.9
490973.4
491082.8
492180.8
494265.3
494985.4
495673.1
497793.9
499456
501813.6
503464.6
505922.1
506302.1
506953.2
511798.8
511846
513212
516893.6
517259.8
517343.6
517507.8
517706.6
529064
529100.6
529127.3
529219.8
529247.3
529251.3
529325
529370
529438.5
529460.8
529503.8
529632.5
529633.6
529642.3
529673.4
529693.5
529729.6
529919.3
529959.7
530138.9
530748.8
530854.3
530928.8
530944.4
530975.8
531002.3
531131
531290.2
531457.2
531519.5
531642.6
531729.9
531769.3
531777.8
531781.9
531868.9
531931.3
531958.8
531983.9
532077.1
533335.4
533402.2
533493.9
533637.2
533688
533748
533851.7
538441.9
539058.2
540989.3
541131.9
541247.2
541268.3
541349
541438.5
541448.8
542588.3
547882.9
549750.2
549823.5
549985.5
550064.3
550066.3
550139.1
550154
550214.9
550229.3
550231.9
550242.8
550243.5
550264.2
550322.6
551088
551168.4
551349.2
551363.4
551373.4
551390.4
551411.2
551420.7
551449.1
551452.4
551518.7
551582.4
558383.3
558670
558752.8
559946.6
560285.3
560287
560424.1
560565.6
560588.9
560674.7
561734.6
561762.1
561923.2
562078.2
562196
562296.4
562343.6
562375.6
562438.3
562456.1
562599.6
562623.8
562646.7
562651.7
562663.9
562665.8
562694.7
562723.6
562735.1
562744
562825.4
562935.6
563130.1
563149
563390.6
563438.4
563591.7
564003.3
564127.5
565905.1
566013.9
567050.4
567077.2
568890
569139.6
570219.5
571017.8
571031.1
571091.5
571168.3
571248.3
576034.7
577444.7
577595.7
578537.4
578549.1
578616.2
578641.9
578667.8
578695.7
578714.5
578721.2
578808.3
578882.3
578894.7
578903.2
578955.4
578967.3
578981.4
578999.8
579068.1
579120.2
579160.9
579209.3
581892.9
582000.1
582420.6
582479.4
582482.2
582517.1
582529.6
582537.3
582551.5
582634.4
582641.3
582646.4
582668.4
582689.2
582772
584061.3
584296.5
584326.7
584459.7
584818.2
584859
584879.2
584936.4
585130.5
585229.6
585424.5
585430.9
588626.9
588717.1
588767.7
589926.4
594929.6
594983.2
595024
595060
595068.8
595139.4
595169.2
595210.9
595238.2
595254.6
595255.4
595298.2
595390.2
595516.2
595528.3
596342
596444.7
596476.2
596549.3
596583.7
596669.1
596673.7
596728.2
596737.4
596834.9
599849.8
