4117.2
4370
4544.4
4640.7
4679.5
4751.6
4809.6
5019.7
13159.8
13995.3
14000
14152.1
14448.4
14498.7
14655.2
14713.2
14917.8
14924.5
14987
15050.8
15077.2
15184.8
15209.6
15225.9
15648.7
15696.7
15749.3
15800.7
15807.1
15827.4
16016.4
16022.1
16078.4
16295.6
16388.3
16395.2
16437.4
16459
16580.3
16664.5
16725.2
16807.5
38327.6
38415.1
38420.4
38461.4
38519.4
38702.8
38704.8
38712.7
38765.1
38774.3
38785.4
38788.6
38799.4
38870
38879.1
38910.6
38927.8
38944.4
39108.1
39215
39262.3
39426.1
39616.1
39840.8
39950.6
40314
40534.2
72868.3
73816
74374.3
74392.8
74439
74566.7
74623.3
74725.1
74889.7
75048.1
75054.9
75199.3
75299.2
75487.8
75503.2
75846.1
75892
76299.6
78187
79602.9
80078.4
81024.3
81042.5
81306.6
81890.3
81978.3
82060.2
82064.7
82230.5
82392.7
82533.6
82776.1
82808.8
82973.8
83100
87206.6
87459.1
88789.3
109350.3
109436.9
111218.5
111226.2
111231.4
111250.5
111310
111350.1
111360.5
111426.3
111499.9
111585.2
111661.8
111721.9
111846.3
111868.5
111891.1
111900
111919.3
112297.1
112428.2
112841.1
168815.7
168827.1
168944.7
169368.8
169670.2
169729.9
169748.3
169781.4
169854.9
170089.2
170105.1
170109
170381.1
170385
170399.8
172239
172399.7
172440
172608.1
172675.2
172686.2
172713.4
172725.8
172751.1
172802.1
172847
172889
172921.9
172975.1
173007.2
173022.9
173088.5
173183.2
173204.7
173404.5
173414
173452.9
173504.4
173590.2
173597.8
173752.8
186425.6
187568.7
187619.5
187725.5
188030.8
188121
188868.8
189721.4
189937.9
189941.1
190062
213554.6
213941
219628.6
219861.9
220010.7
220057.5
220099.6
220313.6
220458.3
220475.7
220476.3
220637.6
220864.3
220941.7
220950.2
220975.6
221008.7
221048.5
221050
221053
221207.3
221220.5
221225.1
221294.6
221306.6
221308
221342.9
221431.3
221538
221571.9
221655.5
221705.1
221726.7
221752.9
221874.8
221889.2
221959.6
221973.1
222031.9
222054.3
222146.1
222167.3
222225.8
222231.4
222359.4
227239.7
227317.6
227345.9
227430.1
229055.2
229298.4
229303.1
229312
229394.1
229447.8
229565.1
229617.7
229667.4
229688.2
229712
229834.6
229903.6
229988.6
230198.4
230207.1
230325.2
263605.9
263951.3
263979.8
264025.2
264087.5
264113.5
264168.7
264257.4
264300.1
264349.1
264349.8
265710.7
266244.5
266534
266850.7
266862.4
266993.8
268058
268972.4
269070.2
269177.6
269189.8
269210
269236.4
269254.9
269412
269422.8
269424.8
269445.1
269531.9
296015.2
296415.7
296546
297650.8
297714.6
297962.8
298147.6
298355.9
298476.1
298565.8
298592.3
298671.1
298824.8
299126.2
313285.3
313297.3
313672.7
313715.8
314006.1
314178.2
314230.2
314272.9
314344.7
314528
314589.4
314650.1
314699
314714.5
314757
314775.7
315028.7
315040.8
315108.8
315207.4
315334.6
315406.1
315455.7
315539.1
315551.3
315611
315655.4
315668.8
315720.8
315728.4
315776.4
315860.4
315863.8
315869.4
316397.8
316455.3
317081.5
317150.3
317756
317763
317897.7
317915.1
317968.5
318328.5
318721.8
318737.3
318776.7
318931.7
319065.4
319189.3
319391.5
319600.7
319632.9
319805.5
319904.4
336314.6
336647.4
338032.7
338130.2
338139.3
338462
338470.3
338563.7
338685.2
338743.4
338786.9
338800.2
338857.4
338897.9
338898.9
338944.3
338953.3
338987.5
339074.1
339092.5
339093.8
339172.6
339202.9
339313.8
339381.4
339427.3
339542
339648.1
339652.8
339664.7
339677.5
339695.4
339827.6
339839.8
339854.3
339868.6
339948.2
339957.1
339981.6
339991.1
340025.7
340101.8
340150.3
340150.8
340153.7
340172.8
340189.9
340220.2
340223.4
340303.1
340311.4
340314.5
340403
340512.5
340626.4
340682.3
340751.1
340760.6
340891.6
341026.5
341081.3
341083.8
341143.1
341210.3
341314.6
341332.9
341430.8
341559.4
341657.8
341746.3
341823
341958.9
342051.1
342098.2
342106.6
342151.2
342171.1
342220.4
342235.7
342257.6
342345.6
343044.8
343589.1
359111.7
363662.9
364255.3
364275.7
365002.8
365150.3
365318
365581.4
365890
366942.8
425556.3
449339.8
449642.4
449822.9
450082.5
450117
450134.8
450173.6
450192.3
450192.8
450246.1
450257.5
450269.6
450316
450320.6
450340.1
450409.7
450549.3
450576.6
450601.8
450606.2
450627.2
450645.2
450685.4
450816
458308.5
458410.3
458435.8
458541.9
458604
458669
458714.7
458831.4
458926.9
458946.2
459029
459040.6
459072.5
459126.1
459252
459293.8
459320.1
459372
459413.2
459420.1
459443.2
459485
459510.3
459571.1
459626.8
459667.8
459736.4
459746.6
459817.4
459857.2
459863.3
459879.1
459883.6
459906
459962.4
459970.1
460167
460497.7
461022.8
461519.3
462575.1
463524.1
532627.3
532770
532775.6
533114.6
533124.9
533176.4
533192.5
533293.1
533314
533325.1
533340.9
533368.4
533431
533474.9
533498.6
533523.7
533625
533656.9
533701.3
533749.2
533779.6
533923.5
534048.1
534137.5
534170.6
534249.2
534252.4
534264.9
534317.6
534365.7
534392.1
534448.5
534471.3
534484.7
534582
534625.4
534647.3
534668.8
534674.1
534776.1
534791.9
534926.4
534948.4
534951
535038.2
535094.1
535333.8
535405.4
535737.7
536345
536950.7
537201.3
537294.8
537439.7
537604.3
553772.9
554174
554536.6
554870.3
555059.1
555387.6
555644.1
555843.1
555926
556231.1
556279.6
556336.6
556542.3
556566.1
556635.1
556680.6
557212
557245.8
557322.9
557362
557678.9
557815.9
557917.9
558073.4
558179.4
558196.4
562068.5
579732.7
579907.2
579995.1
580105.9
580176.6
580210.8
580228.3
580275.6
580416.7
580450.2
580456
580465.7
580479.8
580657.9
580674.5
580932.5
581370.1
586876
587116.9
587136.5
587143.7
587371.7
587426.4
587632.6
587645.3
587686.7
587751
587761.4
587774.8
587788.5
587829.5
587845.1
587941.6
588034.2
588053.3
588074.4
588076
588077.7
588096.3
588249.9
588265.2
588676.8
588820.3
589116.8
589216.6
589396.7
589432.3
589565.5
589780.4
597646.1
