11179
11336.7
11361.5
16035.5
16210.8
16248.1
16436.5
20612.6
20636.9
20675.5
20747.9
20767.2
20920.7
21754.1
21813.3
22029.2
22267.1
22374.9
22436.8
22498.1
22564.3
22670.7
23989.8
25836.7
25856.6
26427.8
26529.1
27287.3
27510.2
27959.4
38981.3
39169.5
39311.3
39546.2
39656.6
39657.9
39677.9
39748.4
39752
39790.3
39871.9
40073.9
40103.5
41477
41633.9
41675.6
41816.5
41952.8
41958.2
42062.1
43516.4
43630.4
43751.4
43768.1
43787.5
43801.7
43847.9
43953.5
44064
45408.5
45452.8
45505.8
45621.7
45715.8
45762.7
45789.4
52303.5
52379
52433.8
52434
52923.7
52925.4
52950.5
53033.7
53087
53256.9
53281.4
53360.4
53377.5
53473.6
53499.4
53588.5
53638.3
53801.1
53831.1
53854
53914.9
53996.7
53997
54039.4
54050.5
54051.8
54133.6
54190.7
54249.1
54258.3
54286.6
54341
54354.9
54358.6
54372.1
54463.1
54504.2
54737.7
54754.8
54874
55071.6
56994.1
57037.2
57104.3
57216.8
57225.1
57236.9
57247.9
57373.9
57706.4
58679.1
61080.9
62705.8
62716.1
62732.4
62791.6
62832.2
62863.2
63958.9
63960.4
64084.7
64095.8
64096.5
64162.2
64171.8
64196
64239.6
64263.6
64359.7
64387.4
64419.6
64434.9
64465.1
64469.2
64470.4
64471.4
64472
64485.6
64487.8
64520.2
64520.6
64529.5
64573.1
64601.8
64637.6
64711.2
64720.1
64731.9
64733.3
64742
64829.8
70008.1
72721
73571.4
73594.7
73723.1
73969.1
74006.6
74083.6
74167.8
74228.7
74314.5
74375.5
78384.9
78446.5
78455
78513.7
78555.9
78586.1
78605.1
78678.6
78696
78733.8
78805.3
78847.2
78879.6
78898.4
79232.4
79484
79576.7
79630.1
79831.4
79875.1
80138.2
80225.4
81724.8
82034.9
82050.1
82265.3
82272.2
82750.6
82782.8
82806.8
82838.7
82938.6
82961.6
82994.9
83033.1
83051.3
83127.7
83204.6
83237.9
83436.8
86074.3
86439.8
86776.8
86814.6
86973
87139.3
87282.2
87531.4
87710.2
87924
88064.5
88391.3
88643.4
88655.4
88727
88971.6
89040
89086
89153.5
89168.3
89212
91509.7
91541
91694.7
91727.2
91728.2
91742.6
91752.4
91803.9
91812.3
91852.4
91889.5
91928.6
91941.6
91991.8
92118.2
92168.8
92173.4
92200.2
92335.1
92471.4
92657
92914.3
93745.6
93823.1
94097
94323.6
94562.6
95157.6
97147.4
102118.1
102320.4
102456.5
102553.9
102622.6
102677.4
102930
102965.5
102968.8
103437.3
104890
104901.5
107875.3
108063.7
108079.3
108219.4
108368.2
108537.2
108663.8
108708.4
108808.4
108847.8
108862.8
108900.3
108925.9
109076
109426.4
109437.6
109469.6
109541.8
109620.2
111046.7
117967
117987.2
118002
118003.2
118005.9
118127.3
118127.7
118161.9
118183.2
118183.6
118274.2
119093.2
119128.3
119166
119211.1
119223.3
119247.3
119290.7
119314.7
119352.5
119467.8
119472.8
119474.4
119519.7
119523.4
119574.4
119670.4
119694.9
119766
119803.4
119822.8
119843.9
119944.7
120004.6
120098.8
120147.6
120174
120189
120348.4
124925.9
125005.5
125271.8
125347
125427.7
125558.6
125584.9
125661.6
125769.4
125785
125898.7
125985.2
126100
131783.3
132530.7
133375.5
134697.7
134887.9
135001.2
135234.1
136272.1
136848.6
137148.3
137218.4
137342.3
137679.5
138032.4
138227.7
138363
138400
138495.2
138571.5
138819.3
139401.5
162428.3
162497.7
162669.8
162677.9
162755.9
162769
162796.6
162838.4
166116.6
166513.7
169764.1
169817
170548.5
170635.1
170700.5
170794.1
170884.4
171109.5
171488.4
171684.8
173048.8
173473.1
174203.7
174299
174325.2
174365.7
174383
174402.4
174505.2
174633
174794.5
174814.4
174817.1
174900.6
175098
176038.5
177780.8
177963.3
182202
182780.7
182790
182821.8
182840.5
182931.6
185616.8
185888.6
186453.7
186477.8
186535
186559.9
188340.6
189974.4
191150.1
193648.4
195128.4
195235.3
195239.6
195449.2
199639.1
200200.9
202480
207606.5
207831.4
207855.6
207918.8
207990.2
208096.6
208100.3
208123
208216
208232.6
208317.5
208386.6
208414
208635.1
208770.5
208817.9
208942.8
209116.9
209563.8
210732.6
210737
210794.3
210869
210958.8
210960.8
211239.1
211419.1
212732
212952.9
213841.9
219465.2
219480.2
219523.9
219528.3
219549.1
219563.6
219584.4
219616.5
219621.4
219673.7
219675.4
219724.4
219744.2
219762.2
220241.2
222959.7
223011.8
223126.6
223180.8
223202.7
223249.9
223291.8
223305.6
223388.5
223394.3
223404.8
223443.8
223498.7
223667.4
223704.1
226016.7
226602.7
226639.6
226659.9
226852.1
226883.3
226959.2
227082.1
227556.2
227565.8
227578.1
227634.8
227682.5
227702.8
227775.2
227788.2
227795.7
228193.3
228218.1
228332.6
228465.7
228517
228525.6
228651.2
228737.4
228778.4
228971.9
229004.5
229111
232130.2
232558.2
232734.2
232910.7
232992.1
233057.2
233071.9
233091.5
233096.9
233100.8
233162
233177.4
233183.9
233208.1
233213.5
233257.2
233426.5
233465.1
233490.9
233708.5
233959.7
243933.8
243973.8
244014.6
244083.3
245658
246016.8
246464.2
246656.4
246711.1
246713
246745
246791.2
246797.5
252327.1
259768.7
259812.4
260008.6
260082.3
260169.6
267854.1
268068.8
268104.7
268174.9
268663.6
268673.9
268683.8
268694
268726.4
268736
268740.4
268769.1
268771.6
268813.7
268824.9
268845.3
268854.5
268856.8
268880.6
268905.7
268917.7
268921.3
269311.3
272101.4
273123.4
273395.4
273577.9
273635.7
273709.8
273714.9
273719.3
273883.7
273981.7
275145.9
275303.5
275324.4
275332.1
275406.4
275451.5
275496.5
275574.4
275577.5
275627.4
275646
275668.5
275678
275679.1
275682.6
275720
275731.9
275761.2
275965.6
276182.1
276659
277046.8
277053.7
277145.4
277172.9
277576.7
277625.4
277629.6
277853.7
279655.9
280382.1
281984.7
282040.3
282100.1
282239.1
282338.6
282355.9
282471.6
282547.2
295791.1
295863.2
296030.1
296043.1
296056.1
296112.9
296129.8
296164
296183
296384.8
296445.4
296460.3
296516.3
297808.4
299367.6
299680.9
303465.3
303608.2
303647.3
303757.8
303812.2
303926
304059.3
309694.4
309992.7
311283
312563.6
312918.6
316802
316835.8
317400.1
317406.9
317415.7
317453.1
317987.6
318127.1
318421.9
318507.8
318597
319014.4
325488.6
325497.5
325552.2
325604.4
325629.1
325636.2
325652.1
325723.3
325785.6
325924.3
326910.3
327393.2
327445.5
327759.9
327787
328162.3
328405.7
328514.5
329357.7
329424.8
329433.5
329455.7
329471.2
329521.6
329567.6
329667.1
329669
329689.2
329880.2
330087.2
332618.4
332779.3
332914.6
333033.6
333129.2
333213.9
333260.3
333262.4
333294
333315.3
333317.4
333323.4
333354.5
333386.8
333388.1
333524.8
333535
333581.5
333585.9
333613.9
333640.3
333657.3
333685.4
333787.4
334170
334521.6
334616.9
334818.8
337466.8
341736.2
342295.4
342390.5
344224.9
348762.1
348783.7
348835.1
348839.5
348850.5
348852.2
348857.8
348908.7
348944.8
348996.4
349072.8
349122
349133.8
349224.7
355371
355563.8
355665
356344.1
357765.6
359889.2
360169.3
360505.1
360704
361632.9
362897.9
362935.8
362997.6
363298.7
364292.6
364952.4
364983.8
365021.1
365264.8
365272.6
365291.5
365301.6
365332.8
365381.3
365383.2
365404.9
365413.7
365422.4
365530.1
365535.2
365561.4
365617.3
365632.4
365670.4
365699.5
365715.1
365718.9
365766.4
365784.1
365819.7
365874.5
365920.6
365931.7
365957.6
366234.4
366588.2
366684.2
366877.5
374523
374594.3
374664.5
374708.3
374860.3
374861.4
374904.4
375317.7
375320.6
375415.4
375423.8
375634
396449.9
396805.9
396864.5
396960.1
397020.3
397027.7
397128.6
397163.5
397167.2
397295.1
397391.7
397426.3
397491.1
397511
397553.2
397567.6
397645.2
397677.3
397718.6
397744.4
397821.4
397838.5
397893.5
397895.4
397908.7
397909.1
397925.7
398003.9
398416.1
398552.6
398700.1
398703.5
414319.4
418840.7
421390.7
421434.9
421444.1
421467.8
421572.9
421575.6
421582.6
421599.4
421681.4
421738.8
421794.4
421903.7
421965.1
422001.7
422015.9
422020.4
422076.3
426803.5
430479.3
430479.9
430480.7
430739.2
430767.2
430845.6
431142.3
431401.7
431486.1
433416.1
433853.6
436807.2
437023.2
437265.5
437898.7
438403.3
438415.7
439161.4
439367.3
439905.4
439951.8
440179.5
440304
440304.7
440318.9
440461.2
440495
440592.1
440617.4
440724.6
440736
440752.3
440767.4
440864
440873.5
440912.1
441224.8
441228.9
441293.1
441331.1
441336.8
441371.8
441443.8
441464.3
441504.8
441514.2
441643.1
442870.3
446729.5
446888.5
446964.5
447045.5
447061.7
447148.3
447168.8
447180.7
447214.9
447274.9
447289.9
447323.2
447332.3
447354.3
447450
447456.9
447506.9
447522.1
447568.8
447606.6
447680.8
447713.6
447734.5
447983.2
449722.1
449791
449817.4
449881
449893.3
449906.8
450543.8
450893.5
460569.2
460649.2
460671.1
460758.9
460799.8
460910.4
461116.1
461130.3
461135
461216.5
461293
461382.4
462492.6
462553.6
462681.7
462685.7
462693.8
462735.9
462898.3
462907.1
463005.6
463035.1
463101.4
463273.3
463304.8
463409.7
463436.2
463512.7
463513.4
463618.2
468914.2
469290.5
469390.8
469459
469960.5
470044.7
470115
470146.2
470182.3
470249.8
470265.4
470545.7
470667.4
470695.2
470872
471708.8
471732.6
471893.2
472169.3
472182.9
480453.7
482681.1
482687.7
482718.4
482844.2
482935.3
482959.8
483082.2
483088.5
483210.7
483406.1
483457.8
483473.3
483498.4
483617.6
483669.4
483718.4
483733.3
483758.8
483830.1
483832.8
483906.8
483940.5
483964.2
483970.1
484128.3
484193.5
484194.8
484425.7
484436.6
484462.1
484614.2
484661.2
484687.9
484800.1
512360.1
512606.6
512740.1
513100.2
513212.3
513396.1
513499.9
513951.1
518034.6
518158.6
518302.3
518385.7
519567.9
520676.5
520710.7
520749.4
521408.4
521631.4
521728.2
521761.4
522008.3
522497.5
523431.7
524054.3
526553.4
527162
527240.6
527458
527473.1
527490.5
530700.9
531476.9
531511.4
531540
536979.7
537021.4
537042.8
537166.7
537179.2
537304.6
537310.4
537362.9
537465
538266.9
539842.6
540190.6
540829.7
540950.7
542308.6
542546
542595.3
542979
542979.2
543093.4
543162.2
543204.8
543256.6
543366.3
543392.4
543482.4
543606.1
543613.7
543682.2
543755.5
543840
543897.4
544026.9
544123.2
544190.6
544254.4
544573.1
544604.1
544648.1
544686.8
544689
544810.2
544898.4
545116.1
545123.3
545257.9
545527
545641.6
545690.8
545815.7
545926.6
546127.5
546133.4
546152.3
546161.5
546201.4
546244.8
546255.9
546430.2
546448
546460.2
546492.1
546556.6
546625.2
547194.4
548314.7
548317.2
548410.3
548419.4
548493.5
548560.8
548587.8
548607.4
548635.8
548869.8
558299.7
558654.2
558866.1
558902.7
558991
559104.5
559240.9
567487
567606
567638.2
567638.7
567673.6
567715.4
567805.2
567827.5
567828.7
567927.2
567951.3
568065.8
571805.4
571891
572099.1
572116.2
572227.9
572298.4
572318.8
572366.6
572429.8
572444.3
572462.3
572501.1
572522.3
572536.9
572594.2
572602.3
572744.3
572761.1
572783.3
572786.3
572827.4
572834.8
572901.9
572919.3
572928.5
572967.3
572979.3
572981.5
573131.5
573216.4
573277.7
573351.2
573371.7
573484.9
573493.6
573513.2
573533.6
573573.2
573661.2
573783.1
573897.8
574032.6
574036.2
574151
577514.1
577576.7
577776.1
577829.2
577856.2
577998.2
580681.7
580751
580788.7
580807.8
580809
580849
580880.2
580898.6
580914.1
580927.6
581061.9
581068.5
581149.5
581340
581446.2
581456.2
581464.8
581532.2
581784.4
588428.4
588430.6
588630.1
588722.7
588812.7
588830
588870.4
588893.1
589046.1
589099.3
589129.4
589432.9
590466.9
590650.6
590741.7
590770.9
590853.3
591099.8
592107.9
592660.2
593760.7
593820.3
593862.2
593914.3
593951
593966.5
594035.8
594143.4
594154.6
594186.6
594287.7
594348.4
594366.9
595894.3
