0
76.9
353.5
378.8
418.3
689.6
723.5
1008.5
1051.8
1497.2
1587.8
5449.5
5970.7
6052.2
6058.5
6208.8
6242.5
6671.8
6725.8
6736
6746.3
6758.2
6766.8
6825.8
6868.2
7013.6
7037.8
7084
7122.7
7162.4
7174.4
7193.1
7292.2
7314.2
7328
7415.6
7416.2
7497.9
17532.6
17848.2
18461.9
18697.2
18851.6
18869.1
18903
18967.9
19024.4
19067.1
19118.7
19221.8
19250
19264.6
19298.6
19443.5
19574
19614.1
19621.5
19711.4
19853.2
19939.1
19949.6
19994.4
19999.7
20052.1
20053.3
20057.9
20140
20239.2
23633.3
23922.5
24579.2
24634.9
24772.9
25061.3
25793.3
26729.8
26910.8
26946.7
27157.4
28113.4
28754.8
28769.5
29089.5
29101.7
29117.1
29127.9
29151.4
29254.3
29333.7
29367.4
29373
29456.6
29602.8
29606.7
29635
29695.3
29717.6
29746
29849.3
29859.7
30050.2
30152.6
30177.4
30190.2
30270.5
30293.3
30327.6
30362.3
30489.1
30489.8
30536.4
30542.9
30586.8
30608.4
30630.3
30653.3
30662.7
30791.3
30833.2
30948.6
30976.7
30978.5
31067.7
31077.3
31115.9
31121.2
31183.9
31307.1
31319.7
31336.5
31424.5
31514
31545.3
31547.6
31576.5
31793.3
31895.9
31922.3
32067.5
32132.5
32149.6
32227.7
32680
32700.5
32746.8
32959
33094.4
33106.8
33327.5
33486.6
33781.7
34142.5
34305.9
34331.9
34333.3
34378.5
34394.1
34670.4
34801.8
41169.8
45702.8
45832.3
46130.5
46311.8
46453.1
46473.8
46684.5
46795.4
47005.1
47303.9
47369
47412.3
47469.8
47493.7
47630
47644.6
47806.8
48092.7
48097.4
48732.5
48775.1
48808.3
48857.7
48994.4
49123.4
49136.4
49560.2
49649
49756
49769.9
50230.6
50265
50385.2
50415.7
50518.6
50544
50600.9
50606.4
50750.9
50898.6
51022.1
51890.9
59793.4
59910.9
60128.7
60330.3
60432.2
60464.1
60469.7
60502.9
60541.4
60618.4
60620.2
60656.3
60657.6
60688.4
60718.5
60868.9
60976.4
61020.3
61040.6
61068.5
61094.2
61168
61315.5
61412
61689.4
61709.4
61733.4
61805.1
61850.6
61856.8
61887.1
61897.5
61900.4
61950
61967.1
61980.8
62003.7
62063.8
62080.2
62086.4
62116.8
62153.9
62171.5
62176.7
62184
62265.3
62267.3
62320.9
62380.8
62383.3
62489.5
62546.1
62559.7
62572.3
62582.6
62625.5
62737.1
62882.9
63124.3
70655.3
70808.5
70870.1
70919.6
70931.7
71133.9
71135.9
71139.4
71201.9
71210.2
71263.2
71360.9
71396.1
71400
71410.8
71438.6
71443.6
71464.3
71495.6
71510.7
71511.7
71533.3
71551.3
71591.5
71604.1
71680.1
71687
71783.3
71884.1
71982.5
72313.4
72615
72650.1
72988.7
73262.4
90690
90766.3
90782.7
90792.4
90909.8
91046.7
91085
91159.8
91245.7
91264.8
91447.2
91498.2
91525.9
91711.8
91718.2
91743.9
91776.9
92292.3
92475.8
92509.7
93227.3
93546.1
93562.5
93847
93916.6
94013.1
94043.3
94128.4
94242.8
94288.2
94318.5
94556.2
94678.8
94933.7
95013
95123.9
95370.6
95464.1
95469.1
95476.7
95507.8
95742.2
95798
95808.2
95833.5
96182.2
96312.1
96340.3
96348.3
96377.8
96379.6
97060.7
97241.3
97329.4
97722.1
97831.5
97851.8
97895.8
97896.5
97911.2
97944
97963.6
98110.2
98190.4
98313.2
98620
98694.6
98887
98990.1
99133.2
99339.5
99361
99510.5
99628.6
99665.6
99908.1
100365.5
100506.6
100662.7
100990
100995
101134.7
101249.5
101359.7
101367.4
101627.9
101642.8
101683.4
101820.6
101823.1
101843.5
101868.5
102051.2
102056.6
102065.2
102186.9
102378.9
102533.3
102538.3
102688.5
102766.2
102952.5
103054.8
103125.5
103203.2
103216.4
103238.8
103253.5
103320.8
103382
103404.4
103491.8
103582.7
103606.9
103610.1
103647.3
103710.3
103733.6
103742.3
103777.2
103791.6
103805.4
103822.1
103877.1
103913.1
103960.8
103965.3
103975.5
103975.9
103994.1
104008.8
104027.1
104076.8
104096.5
104134.3
104138
104147.7
104322.3
104347
104402.8
104474.3
104476.6
104507.6
104520.9
104542.7
104572.3
104634.1
104672.4
104684.7
104776.4
104809.5
104827.2
104837.5
104979
104986
105003.8
105026.8
105095.4
105109.7
105237.7
105561.7
105601.7
105605.6
105645.4
105665.6
105666.2
105732.6
105742.3
105756.2
105766.9
105782.6
105836.4
105912.4
105916.4
105948.1
106041.9
106098.9
107033.2
113668.4
114041.1
114062.3
114113.8
114529.8
114890.8
114910.6
115267.3
115475.6
115517.4
115564.2
115567
115599.6
115645.5
115681.9
115725
115873.8
115896.6
115959.5
115997.4
116002.6
116107.5
116179.3
116202.3
116271.3
116281
116359.8
116420.7
116524.2
116882
116908
117066.9
117072.8
117358.4
117371.4
117505.8
117560.2
117565.3
117589.7
161949.3
162126.6
162196.2
162279.9
174877.5
175322.5
175544.5
175754.3
176318.6
176525
176527.3
176549.8
176551.6
176819.7
176940
177153.2
177181.2
177218.2
177227.4
177228.8
177259.9
177261.7
177264.8
177412.1
177462.3
177473.6
177480.7
177488.1
177534.3
177646.2
177651.6
177658.8
177675.1
177690.2
177777.1
177790.7
177819
177886.3
177890.5
177988.7
178015.3
178042
178063.2
178127
178221.9
178237
178249.3
178367.9
178434.9
178456.6
178486.2
178533.4
178546.4
178697.2
178726.9
178733.6
178852.2
178915.3
178922.1
179015
181141.1
181918.5
181949.6
182593.2
182685
182722.6
182867.3
182899.9
182939.9
182966.6
183052.7
183065.7
183087.8
183134.2
183143.8
183161.7
183169.5
183229.2
183230.2
183315
183347.7
183360.6
183376.3
183401.3
183415.5
183481.3
183516.2
183609.2
183625.6
183955.7
189654.4
189738.3
194573.2
211726.3
211857.9
212114
212187.9
212480.3
212499.9
212507.7
212539
212582.9
212592.7
212699.1
212710.8
213102
213283.8
213402.1
213693.1
214773.4
214821.7
214853.9
214857.4
214992.4
215027.4
215091.4
215575.5
215596.8
215774.4
215835.7
215932.7
215977.8
216157.2
216191.5
216206.3
216292.4
216513.3
216654.1
216849.5
216898.1
216926.9
217001.8
217052
217128.9
217174.8
217236.8
217343.7
217350
217413.1
217437.9
217525.6
217604.1
217680.2
217718.6
217809.2
217826.8
217859.1
217977.5
218065.4
218188.8
218249.9
218265.3
218323.8
218371.3
218397.8
218399.6
218483.9
218595
218603.4
218669.2
218723.7
218812
218837
218947.8
218998.2
219082.1
219153.1
219184.3
219411.1
223928.1
224008.1
224108.5
224165.4
224231.3
224249.7
224384.6
224446.3
224452.2
224556.7
224556.8
224564.6
224578.8
224639.9
225045.6
250472.6
250619.3
250909.6
251057.7
251098
251103.2
251135.5
251256.1
251782
251916.3
251945.5
252087
252132.5
252168
252217.9
252243.8
252327.1
252443.5
252496.3
252517.1
252590.5
252596.3
252619.8
252627.1
252730.6
252738.5
252791.6
252798.3
252821.6
252986.2
253023.6
253120.7
253355.9
253527.6
254167.3
254261.7
254299.6
254313.3
254471.2
254559
254665.3
254779.7
254820.9
254876.9
255040
255104.1
255258.8
255430.6
255518.8
255607.7
255762.2
255779.7
255816.7
256217.7
256636.5
257058.7
257132.3
257478.7
257833
257946.9
258163.7
258400.8
267503.6
279318
279442.5
279447.3
279493.7
279674.6
279685.2
279760
281416
281947.9
282119.4
282310.1
282320.6
282791.3
282852.4
283035.5
283062.5
283224.5
283273.7
283300.7
283534.5
283733.1
283936.5
284016.3
284033.8
284066.7
284108.7
284109.6
284266.7
284398.1
284427.3
284630.9
284900.3
284947.7
285121.1
285142.4
285409.6
285541.5
285547
285593.7
285598.1
285647.7
285662.2
285774.6
285782.6
286079.6
286112.6
286203.4
286221.6
286357.5
286409.1
286503.4
286657
286768.7
286812.8
300007.8
300032.2
300293.9
300369
300395.7
300473.7
300476.9
300484
300514.3
300583.5
300622
300706.3
300768.6
300778
300923.5
300928.8
300962
301037.2
301076.8
301100.8
301108.3
301173.1
301232.1
301256.9
301375
301488.5
301498.3
301703.2
301744
301885.1
301901.3
301913.8
301916.3
301931.7
301946.9
301987.2
302006.9
302233.4
302367.6
302446.6
302568.5
302979.3
303017.3
311946.1
311964.5
311996.3
312051.3
312057.2
312194.8
312217
312459.2
312583.1
312637.3
318430.7
319965
320390.6
320422.8
320493.3
320527.2
320617
320662.9
320754.9
320955.7
321037.8
321059
321120.6
321167.6
321168.1
321172.1
321236.1
321337.9
321347.8
321361
321421.1
321427.1
321525.1
321547.1
321571.7
321608.4
321709.1
321744.7
321746.3
321758
321787.3
321932.7
321991.9
321992.3
322062.5
322255.7
322261.2
322294.3
322345.8
322387.8
322489.8
322521.9
322651.9
322707.5
322709.5
322811.1
322874.8
322928.2
322998.8
323082.6
323186.4
323322.6
323494.9
323498.3
323518.6
323562.5
323619.3
323718.7
323760.8
323834.7
323875.8
324204.9
324294.2
324375.1
324434.5
324456.9
324473.2
324485.6
324517.5
324707
324708.6
324750.8
325029.8
325088.9
325296.2
330240.3
334213.3
334574.6
343557.9
345344.6
345869.6
346069.7
346114.6
349459.9
349591
349613.5
349693.1
349710.8
349805.4
349893.8
349995.4
350114.7
350132.7
350267
350324.8
350331.9
350541.3
350568.2
350605
350607.7
350609.8
350715.4
350772.2
350790.6
350870
351129.2
351131.1
351187
351227.2
351262.7
351319.3
351417.7
351482.8
351490.9
351510.9
351511.6
351575.3
351576.6
351655.8
351710.1
351780.1
351853.9
352261.8
352554.9
352738.6
352761.9
352801.5
352862.4
353046.7
353071.2
353099.4
353154.9
353376.4
353377.8
353468.9
372684.4
372835
373045
373178.7
373199.1
373252.2
373353.1
373377.3
373387.1
373398.4
373412.6
373429.4
373471.6
373497.7
373541
373576.5
373723.4
373756.6
374045.1
421919.2
421987.7
422447
422520.7
422536.2
422738.9
422863.9
451503.1
451510.9
451852.7
452259.8
452485.9
452842.7
452904
453043.1
453141.6
453146.8
453147.9
453280
453362
453391.8
453424.4
453454.5
453470.7
453492
453539.1
453564.5
453565.6
453574.9
453639.1
453668.9
453687.5
453715.1
453771.3
453774.4
453834.2
453903.3
453925
454020.1
454099.2
454337.3
454412.6
455434
455488.8
455582.6
455705.9
455845.4
464663.6
464907.9
464970.1
464979.5
465101.5
465155.2
465349
465583.8
465654.4
465802
466074
466382.2
512937.3
513128.8
516834.6
516835.4
517002.5
517332.3
517369.1
517620.9
517812.6
517856
517939.9
517999
518033.4
518073
518237.6
518248.6
518288.5
518360.2
518395.6
518430.5
518541.1
518591.5
518634.2
518790.1
518897.2
520216.7
520570.5
520604.8
520934.9
520939
521151.4
521232.9
521799.7
521918.7
522910.3
523876.3
524014.3
524320.3
525132.9
539965.3
540444.3
540960.4
540962
541080.1
541187.3
541249.4
541281.1
541311.7
541511.9
541573.3
541696.3
541741.3
541855.6
541858.3
541859.9
541886.8
541904.8
541978.5
542004.6
542004.8
542013.7
542039.9
542103.4
542117.5
542140.2
542140.7
542148
542191.6
542249.9
542270.2
542332.9
542382.6
542413.9
542446.2
542520.8
542568.9
542584.1
542593.9
542601.2
542680.8
542741.4
542768.9
542813.8
542880.9
542904.2
542914.8
542922.2
542943.6
543019.2
543063
543128.9
543138.2
543158.1
543249.7
543319.9
543345.8
543446.4
543559.7
543850.2
544170.6
544308.3
544787.4
544811.1
544892.1
544959.9
544994.9
545114
545167.8
545174.8
545576.2
545714.6
545976.5
545986.5
546008.2
546057.8
546177.1
546244.8
546373.5
546855.6
547476.5
547805.1
547846.9
548114
548424
550414.8
550591.2
550661.5
550782.6
550824.8
550828
550986.2
551062.1
551093.8
551095.2
551143.1
551162.2
551167.9
551206.9
551256.6
551258.8
551317.5
551384
551498.6
551502.1
551519.3
551611.4
551611.9
551621.6
551704.6
551950.5
551995.1
552301.6
554396.8
559312.1
559673.9
559674.3
559698.9
559699
559749.5
559800.3
559940.5
560045.3
560063.1
560199.9
560215
560268.2
560382.7
560384.7
560389.7
560400.7
560726.5
560764.7
560812.6
560889.7
560931.6
560995.9
561016.8
561078.6
561130
561145.3
561273
561341.3
561346.9
561384.4
561424.2
561489.6
561578.1
568126.9
568272.3
568387.2
569031.5
569403.8
569497.7
569501.8
569656.7
569899.7
570499.6
570538.9
570907.5
570949.1
570955.6
571010.9
571015.1
571034.5
571038.9
571064.7
571133.5
571238
571317.6
571346
571400.4
571436.2
571518.3
571606.1
571695.8
571715.6
571724.3
571728.6
571758.2
571778
571804.4
571817.8
571823.3
571922.5
572202.1
572211.2
572239.1
572370.4
572389.2
572550.4
572757.6
572815.3
572941.9
573026.3
573206.3
573238.2
573280.5
573285.6
573325.1
573330.8
573537.3
573749.6
573830
573831.2
574026.7
574044.8
574151.6
574184.6
574236.9
574378.1
574431.5
574856.5
575045.1
575183.1
575548.8
575551.2
575634.4
575714.4
575739.2
575971.4
575988.1
576028
592347.1
593443.9
593864.5
593902.3
593918
594046.6
594192.5
594306.5
594329.9
594380.2
596577.3
597117.6
597359.2
597451
597642
597796.6
597849.6
597884.9
597932.2
597963.3
597998.5
598068.5
598080.5
598298.5
598351.1
598425.7
598430.2
598463.3
598483.6
598506.4
598520.3
598565.1
598768
598810.7
598931.4
599033.9
599553.4
599831.1
599832
