1161.8
1363.3
2764.3
4113.3
4272.7
4305.2
12276.4
12317
12465.6
12475.4
20291.7
20401.1
20423.6
20615.8
20674
20685.3
23995.9
24005
24346
24494.7
24532.6
24662.9
24841
24867.9
24921.9
25621.2
25678
26621.6
27224.6
27528.1
28124.7
28398.8
28601.5
28619.4
28638.3
28658.5
28713.7
28809.7
28819.5
28908.3
28978.3
29060
29063.5
29330
29402.1
29436.6
29451
29479.4
29503.1
29538
29596.1
29618.1
29632.5
29670.3
29688.5
29691.5
29701.3
29708.6
29714.9
29734.4
29778.8
29787
29789.5
29824.1
29835.6
29860
29886.5
29894.9
29922.1
29956.3
29968
30012.4
30016
30096.4
30098.1
30150.1
30244.4
30303
30304.7
30337
30426.1
30591.7
30654.4
30793.7
31076.3
31329.1
31583
34175.7
34368.6
38286.9
38315.9
38390.6
38398.8
38401.2
38448.6
38543.5
38607.4
38655.8
38664.3
38732.7
40815.9
41086.1
41188.1
41277.2
41337.7
41344.7
41469.7
41486.9
41497.3
41586.5
41612.6
41624.5
41638.8
41676.7
41717.8
41736.7
41738.2
41849.5
41851.9
41903.5
42179.1
47980.6
49108.6
50366.2
50389.4
50399.9
50454.6
50542.6
50571.7
50661.6
50668.7
50675.3
57313.9
57340.7
57370.7
57440.3
57460.9
57498.5
57510.8
57586.8
57610
57664.7
57713.6
57775
57876.3
57882.2
57913.5
58056.4
58119.8
58132.7
58985.8
58989.9
58998.7
60112.8
60131.8
60172.1
60201.1
60214.9
60260.3
60285.5
60416.8
60426.4
60542.3
60572.8
60685.7
60764.1
60767.5
61239.1
61479.6
61483.2
61561.8
61573.7
61622.2
61690.8
61693.2
61736.6
61784.8
61803.3
61938.6
61980.2
62032.8
62045.9
62073.5
62101.5
62114.7
62128.9
62170.2
62186.8
62310.9
62334.6
62369.6
62415.9
62419.4
62479.5
62524
72137.5
75856.1
76303.8
76581.8
79992.6
82276.1
82296
82307.1
82374.1
82406.8
82582.2
82589.9
82808.2
82870.9
82894.3
82898.2
83153.2
83276.7
85234.8
86105.7
86752.8
86885.5
87005.9
87100.8
87112.6
87323
87425.5
87436.5
87540.1
88794.8
90920.9
90964.1
90995.3
91072.2
91080.2
91092.9
91098.9
91126.4
91134.7
91162.6
91246.3
91282.8
91310
91441.4
91526.5
91633.2
93505
94657.4
95006.6
95051.4
95190.3
95222.7
95521
95545.6
95826.6
96317.9
96648.8
96676.7
97526.3
97811.2
98154.4
98200.9
98403.8
98688.5
99008.5
99774.4
100812.1
101005.5
101399.3
101416
101622.9
102184.2
102234
102723.9
103051.3
103265.9
103686.7
103777.2
103821.9
103893.4
103909.7
103943.3
103954.6
103990.5
104087.9
104120.7
104195.4
104227.1
104298.9
104446.4
104520.8
104549.9
105703.2
105791
105859.7
105878.8
105897.6
106009.4
106036.9
106055.7
106061.9
106132.1
106166
106166.4
108582.5
108738.5
108851.2
108917.3
108975.6
109240.4
109272.6
109610.4
109840.1
110959.2
111278.9
111302.1
111538.8
111874.7
117904.1
117925.5
118014.3
118030.5
152492.4
162272.9
162302.2
164320.7
164729.9
168103.8
169373.6
169702.1
169703.4
169706.1
169775
169797.3
169799.3
169842.8
169915.1
169918.4
170035.9
170036
170040
170059.6
170071.4
170093.3
170106.6
170140.3
170145.3
170239.8
170289.7
170319.4
170351.5
170430.1
170470
170482.6
170506.7
170568.8
170577.2
170585.4
170610.1
170634.3
170691.6
170752.3
170788.8
170793.7
171252.5
171266
171434.1
171472.6
171623.5
172140.7
172158.7
172179.8
172304.2
172512.5
172623.1
176058.1
176086.3
176153
176300.6
176418.7
176469.9
176537.8
176567.9
176677.8
176734.7
176751
176875.8
176910.3
176944.7
176946.3
176985.3
177011.6
177117
177134.5
177135.6
177179.4
177257.9
177322.7
177347
177408.5
177423.2
177450.2
177505
177533.3
177539.5
177542.8
177577.7
177645.8
177652.7
177702.1
178112.3
178147.6
178272.2
178276
178299.2
178429.6
178573
178772.3
178832.8
178839.7
178919.9
179000.3
183015.3
183030.2
183058.7
183261.9
183270.6
183280
183286
183375.4
183501.8
183523.2
183592.7
183594.9
188834.6
190629.2
190770.2
190944.5
190956.3
191052.6
191154
191242
191315.2
191338.9
191347.7
191542.2
191573
191925.3
192068.5
192268.7
192274.1
192398.1
192430.2
210632.9
210762
210790.4
210817.7
210824.5
210891.3
210947.8
210981.6
211010
211015.3
211021.6
211076.2
211134.2
211167
211184.4
211191.1
211225.4
211248
211276.6
211301.4
211320.8
211443.9
211585.7
221112.3
221688.7
222068.9
223937.5
224258.4
224329.7
224381.1
224477.3
224478.9
224507.6
224533.7
224561.7
224625
224715.2
224732.2
225084
226268.1
226338.9
226421.8
226442.2
226446.2
226482.7
226499.5
226502
226602.6
226666.4
226842.6
226908.9
226979.6
226993.5
227057.2
227173.2
227264.2
227312.6
227429.6
227496.3
227497.9
227684.2
227968.2
228018.5
228121.2
228285.6
228369.1
228410.4
228433.1
228524.1
228787.5
228798.1
228822.6
228970.8
229089.8
229113.6
229170.5
229200.3
229282.7
229507.4
229551.7
229568.9
229683.1
229736.1
230701.2
230723.6
230807.7
240785.4
241760.4
242169.5
242170.5
250290.2
250650.6
250992.8
251062.6
251067.2
251100.5
251109.8
251168.1
251221.1
251267
251365.7
251405.7
251419.8
251465.1
251567.7
251586.4
251816.4
251819.3
251906.1
251936.4
252117.4
252325.2
252382.2
252421.2
252442.3
252449
252593.5
255665.4
255761.4
261257.3
261550.2
263280.8
263354.5
263458.4
263480.7
263487.9
263523.7
263537.8
263597.8
263689.6
264130.8
270304.8
270403.5
270831.8
271533.1
275406.5
275578
275661.9
275745.9
275803.9
275906.7
275932.9
275965.5
275990.3
275999.6
276009.1
276078.6
276080.7
276179.2
276236.4
276269.4
276275.5
276277.2
276282
276285.7
276388.3
276454.9
276523.9
276528.2
276596
276629.3
276687.4
276710.6
276733.8
276788.5
276828.4
276923.5
276949.9
277004.8
277009.8
277842
277878
277932.5
277947.6
278024
278154
278230.8
278335.1
279613.1
283049.1
284246.1
286363.7
286805.3
286874.8
295874.4
295944.2
296051
296102.5
296313
296428.8
296668.1
297558
297730.4
297733.9
297935.9
298168.8
298228.2
298352.4
299240
300029
300032.8
300224.1
300243.6
300254.4
300309.3
300497.7
300823.7
300836.4
300905.5
300909.1
300964.8
301076.8
301187.9
301197
301198.9
301199.5
301282.3
301306.6
301591.7
301604.6
301634.5
301649.9
301870
310773.9
311072.3
311100.7
311242.1
311406.6
311432.7
311454.9
311477.8
311527.6
311551.8
311553
311590
311662.2
311668.9
324298.3
325156.4
325377.6
325512.3
325705.1
325732.8
325754.1
326018.1
332500.3
332620.5
332861.7
332915.1
333118.9
333187.9
333235.1
333256.4
333271.6
333309.4
333468.7
333477.6
333502.7
333513.7
333524.5
333636.8
333743.2
333779.1
333794.6
333811
333827.8
333850
333851.5
333909.4
333952.4
333995.4
334010.6
334039.7
334095.9
334099.4
334174.5
334180.7
334247.3
334359.7
334392.8
334421.4
334449.9
334521.4
334574.2
334618.2
334808.6
334808.8
334828.2
334834
334841.1
334919
334960.7
335282.7
335304.7
338134.4
338551.6
338753.2
338819.6
339015.2
339076.7
339119.9
339255.3
339660.6
340097.9
341092.7
343328.7
344267.4
344356.8
344703
344710.9
344898
345047.6
345123.9
345170.9
345238.9
345342.7
345482.4
345546.1
346521.9
346527.2
346636
346719.9
346739.4
346790.2
346905.6
347012.8
347028.3
347037.9
347051.7
347074.1
347096.5
347125.3
347127.7
347134.7
347223.6
347318.4
347378.2
347617
347694.7
349618.4
349701.8
349784.2
349985.9
350044.5
350093.6
350112.9
350132.9
350229.7
350272.3
350361
350416.1
350425.5
350432.4
350471
350610.6
350692.2
350703.9
350713.8
350745.6
350773.1
350779.6
350808.3
350873.7
350883.4
350888.6
350893.6
350932.8
353167.6
355686.8
356358.9
356457.1
357009.8
357069.9
358685
358830.6
359015.5
360826.6
361330
362224.2
362409.7
362907.9
363166
363633.5
363673.8
363842.1
363934.1
364124.8
364197.5
364236.4
364448.6
364565
364677
364930.5
364936.2
365095.3
365518.4
365603.6
365703.5
365777.3
365986.1
367068.5
367199
372826.8
372919.6
372951.3
372972.4
373022.3
373270.4
373320.8
373443.6
373497.8
373790.4
422565.2
422697.7
422805.1
423115.9
428290.7
446880.1
446979.9
446994.2
447136.1
447210.5
447213.5
447225
447691.1
447931.4
448041
448062.3
448164.4
448184.9
448202.3
448405.7
454704.2
454942.8
455040.6
455116.5
455472.8
455850.3
455931.1
455932
455949.9
455962.5
455973.1
456025.1
456036.7
456045.6
456111
456171.7
456266.3
456268.1
456526.5
456558.9
456563.9
456565.9
456760.3
456976.5
460373.6
460396
460754.3
462538.4
462701.1
462965.7
463007.8
463197.3
463382.4
463438.5
464367.7
464419.3
464466.1
464680.2
464727.8
464861.2
464878.3
464957
465005.3
465067.5
465111.7
465190.7
465598
513131.3
516900.8
517075.7
517167.6
517191.3
517231.5
517279.4
517318.7
517379.9
517392
517413.9
517420.8
517491.3
517554.2
517707.9
517763.7
517995.3
518148.8
518165.7
518317.8
518473.6
530452.7
530584.5
530601.9
530754.3
530766
530766.2
530847.9
530961.4
531028.3
531043.8
531051.9
531062.7
531084.9
531126.6
531261.6
531388.7
531445.6
531484.3
531505.5
531506.7
531539.5
531585.3
531606.9
531740.3
531745.7
531776.5
531798.1
531894.2
531896.3
531980.1
532357
535386.5
536035.7
536924.2
537031.5
540046.4
540944
541078.4
541147.9
541225.2
541300.2
541300.4
541360.7
541381.6
541420.8
541486.1
541520.2
541523.6
541583.2
541637.2
541762.7
541854
541876.7
541885.8
541910.7
541916.2
541957.7
542104.7
542172.7
542308.1
542341.5
545525.3
545911.8
547245.3
547367.4
547406.7
547480.8
547548.3
547621.6
547752
547796.9
547886.4
548056.1
549897.3
549899.1
549942.9
549968.7
549999.9
550047.9
550053.5
550279.7
550302.2
550319
550353.7
561635.5
561675.7
561847.6
561919.2
561997.5
562038.9
562101.5
562221.2
562420.3
562586.1
562671.2
562686.8
562721.2
562742.8
562789.7
563057.5
563470.9
563536.5
563692.4
563722.2
563724.4
563746
563860.1
563972.2
564174.2
564312.8
564470.2
564720.7
568251.6
568592
568772.8
568970.6
569324.9
569603.1
569872.8
570333.4
570402.4
570912.5
571075.6
571102.8
571169
571177.7
571213.9
571306.9
572018.1
572295.6
572487.2
573191.1
573257.6
575438.8
575701.8
575772.6
575780.8
578434.7
578451
578478.6
578587.7
578589.1
578734
578757.1
578757.2
578758.7
578773.7
578887.8
578890.4
578933.1
578947
578966.3
579397.3
580375.5
580699.7
580747.2
580844.6
581005.7
581036.6
581625.8
587384.3
587841.6
588186.9
588199.2
588263.3
588358.7
588401.8
588421.8
588525.7
588536.6
588564.6
588631.3
588638.5
588649.4
588765.1
588840.4
588846
588917.4
588969.4
589050.1
589152.4
589187.6
589197.3
589225.9
589268.1
589296.9
589344.4
589417.1
596342.1
596409.7
596595.6
596665.5
596677
596699.2
596720.9
596782.3
596784.2
596840.9
596845.2
596947.2
597247.5
597493.4
599249.8
599319.9
599682.8
599882
