1520.2
1680.1
1789.8
1795.9
1813.5
1836.4
1893.6
1900.5
1904.4
1937.7
1967.3
2023.2
7317.8
7558.7
7564.8
7665.2
8235.1
8270.5
8284.2
8290.7
8295.4
8347
8372.4
8399.6
8419.1
8840.9
8900.8
9036.9
9050.7
9133.5
9152.1
9174.4
9220.4
9247.8
9283.4
9322.9
9541.2
9543.2
9546
9592.4
9685.3
9714.3
9744.3
9789.7
9843.8
9894.6
10017.5
10022.5
10131.5
10155.4
10210.3
10211.8
10246.2
10277.8
10471.6
10489.4
10550.8
10686.2
14601.3
14603.3
14643.5
14677.9
14837.6
14888.5
14955.5
15001.8
15124.1
15355.5
15555
15640.6
15646.4
20150.8
20208.6
20245.9
20418.6
20444
20553.5
20584.2
21124
21124.5
21189.3
22742.4
23353.2
23392.3
34496.8
34577.3
34587.1
34705.2
34829
34963.6
35011.8
35037.9
35090.6
35121.8
35149.2
35249.2
35273.4
35275.6
35280.5
35280.7
38778.7
38799
38806.6
38840.7
42621.9
42873.6
48431.7
48515.1
48603
48719.8
48768.5
48802
49220.8
49245.1
49312.5
49330.1
49616.3
49675.3
49692.3
49700.3
49785.6
49816.5
49821.2
49827.5
49854.4
49929.6
49948.3
49966.4
49973.1
49984.9
50004.2
50016.4
50028.8
50073.8
50167.2
51151.3
52036.6
52228.7
55266.3
55391.1
55415
55549.6
55719
55849.6
56076.1
56114.1
56121.2
56220.6
56226.2
56316
59705.6
59709.9
65300.8
65361.6
65508.8
65711.1
65745.3
65782.1
65848.2
65890.5
65923.8
65997
66056.2
66185
66217.3
66246.1
66260.5
66275.3
66420.6
66524.7
66530.9
66556.5
66607.2
66654.6
66697.7
66759.6
66789.9
66916.5
67091.2
67102.8
67110
67111.9
67230.7
67276.8
67299
67329.2
67338.3
67343.5
67389.2
67391.6
67683.3
67807.6
67816.2
67860.4
67959.7
67974.5
68113.3
68176.2
68198.1
68278.2
68324.2
68325.1
68340.9
68421.3
69283.3
69474.4
70976.5
70993
82220.8
82225.6
82366.8
82419.5
82484
82509.1
90193.9
90284.9
90462.4
90532.2
90552.6
90586
90626.3
90718.7
95189.7
100894.8
106634.4
106668.2
106712.1
106775.4
106841.2
107046.4
107056.6
116500.9
116695.9
116727.4
116732.7
116737.4
117458.6
117545.1
117676.9
117742.8
117768.5
117798
117834
117868.7
121033
121127.6
121150
121271.4
121446.5
121459.2
121464.1
121482
121820.5
122002.6
122191.7
122482.9
122514.2
122667.1
122934
123313.8
123623
123880.2
123922.8
124050.2
124098.5
124122
124383.1
128171.4
128348.4
128409.8
128450.3
128550.1
128693.4
128736.3
129476.4
129842.3
129977.5
129982.9
130210
130256
130327.3
130371.4
130380.6
130524.3
130580.5
130584.7
130619.5
130672
130688.4
130802.9
130931
131132.5
131291.3
139783.8
140777.6
140873.1
141014
141080.9
141140
141208.6
141214
141268.2
141269.4
141307
141356.8
141362.4
141415.9
141423.7
141451.4
141456.7
141537
141568.3
141630
141689.6
141702.4
141747.4
141768.5
142027
142372
142433.8
142452.2
142904.3
143297.8
143357.5
143381.5
143487.8
143604.1
143773.6
143903.4
143925.8
143944.6
144133
144311.8
144436.4
144832.3
144896.3
145493
145859.1
148255.6
150507.7
150804.8
155385.7
156697.8
157498.9
158192.2
159537.6
159583.1
159605.3
160477.7
161528.8
161559.2
161691.4
161802.4
161914.2
165329
166026.4
166040.5
166167.9
166442.3
166470.4
166556.9
166593.2
166729.5
166742.7
166756.5
166836.5
166852.4
167079.5
168939.8
168989.5
169135.8
169217.3
169333.1
169393.4
169445.6
169505.1
169780.9
169832.8
169909.2
170047.4
170462.8
173469
173476.5
175439.6
175494.4
175532.5
183818.3
183840
183872
183888.8
183965.8
183980.3
183987.6
184123.5
184149.1
184178.9
184293
184476.6
184603.7
184685.8
184849.1
187211.1
192654.9
192758.4
192906.2
192910.3
194028.7
194274.4
194304.7
194357.5
194382.2
194404
194450.1
194556.4
194672.9
194677.7
194876.1
196187.2
196209.8
196345.8
196536.9
196609.8
196740.4
196751.7
196763.3
196872.5
196873.3
196998.4
197005.8
197009.2
197021.7
197032.7
197046
197099.4
197113.3
197140.5
197168.8
197285.9
197424.8
197493
197531.6
197557.2
197610.7
197625.7
197654.4
197787.2
197797.3
197810.4
197810.7
197918.8
197928.2
197943.9
197948.1
197949.8
197966.5
198045.6
198077.8
198090.4
198358.3
198386.6
198492.8
198636.1
198643.9
198690.4
198854.7
198901.2
198919.8
198924.5
199180.4
206088.2
211518.2
211584.6
211740.7
211746.4
211762.9
211817.5
211829.5
211835.2
211913.6
211943.9
211970
212073.4
212097.3
212134.5
212201.9
212247.8
217970.5
218473.3
218504.1
218765.2
219166.9
221043.7
221798
221826.7
221847.6
222075.5
222101.9
222136.1
222179.9
222209.8
222342.2
229480.6
229594.1
229736.7
229833.5
229885.5
229897.5
229927.8
230081.5
230122.4
230172.5
235496.1
235822.2
235863.4
235923.6
236259.7
236669.8
237104.8
238746.7
238860.8
239037.3
239049.5
239049.7
239077.7
239085.3
239108.1
239329.9
239381.3
239473
239473.6
239866.7
239912.8
240051.7
241323.8
243996.4
247951.2
249887.8
249912.8
249945.3
249951.5
249987.9
250063.4
250073.8
250231.3
250262.8
255991.5
256014.2
256019.8
256082.4
256091.1
256173.3
256213.8
256262.9
256309.6
256328.2
256351.5
256387.9
256429.2
256470.1
256484.4
256530.6
256555.1
256588.9
256675.9
256700.6
256742.8
256856
256945.6
256948.9
257013.1
257053.4
257055.6
257110.5
257167.2
257213.7
257364.4
257391.4
257429.9
257557.9
257587.3
257604.3
257635.7
257723.3
257766.6
257797.5
257801.6
257843.5
257884.1
258017.7
258024.4
258039.4
258049.2
258138.2
258166.4
258241.7
258254.8
258265
258293.8
258359.7
258369.1
258380
258406.6
258421.5
258442.8
258479.1
258590.5
258626.2
258635.2
258642.8
258698.2
258758
258813.7
259136.1
259382.7
272586.2
272605.1
272835.6
273060
276375.2
276733.9
278923.2
278953.2
279032.7
279205.9
279243.2
279308.9
283420.1
286685.8
286889.5
286928.3
286928.6
287042.4
287161.5
287214.3
287247.5
287406.5
287451.7
287496.9
287800.6
287811.9
298187.2
298221.4
298453.9
298531.5
298544
298570.5
298669.6
298715.4
298746.4
306276.4
306406.6
306484.5
306569.3
306578.9
306619.2
306678.9
306714.1
306751.2
306763
306763.7
306791.5
306844.5
306878
306966
306971.8
307004.4
307090.7
307100.1
307103.1
307158.7
307181.8
307478
307479
307501.3
307518.2
307613
307616.2
307671.4
307697.8
307746.2
307807.3
307810.9
307900
307916.9
307943.8
308008.2
308025.5
308133.8
308191.8
308193.6
308199.5
308205.8
308223
308228.4
308228.7
308251.6
308266.4
308297.4
308312.8
308538.1
308540.3
308562.7
311493.6
311521.7
311559.4
311634.7
311686.3
311824.2
311868.6
323319.6
323652
323690
323731.3
323769.5
323813.7
324104.9
324223.5
324252.9
324279.7
324332
324368.6
324431.4
324547.7
324599.4
324696.7
324718.3
324821.5
324863.2
324880.2
324880.5
324986
325103.4
325214.9
330498.2
330563
330617
330755.2
330798.7
330867.7
331124.4
331150.5
331178.2
331246.5
331328.2
331466.1
331471.5
331540.4
331608.4
331645.9
331705.3
331732.2
331830.5
331868.2
331993.8
332015.2
333759.3
334218.3
334323.7
334413.6
334500.5
334510.7
334530
334713.4
338113.5
338121.2
338190.9
338220.3
338221.1
338261.9
338435.6
338463.7
338499.7
338512.4
338519.1
338530
338567.7
338579.6
338691
338707.1
338752.9
338810
339006.2
339027.6
339061.1
339100.8
339150.9
339160
339173.5
339183.2
339237.9
339252.6
339255.9
339294.1
339457.7
339496.3
339502.8
344123.1
345339
345836.1
346542.6
346951.3
346986.2
353257.6
353607.1
353646.2
353647.6
353667.8
353718.3
353747.2
353765.2
354029.3
354055.5
354228.7
371419.5
371488.4
372553.8
372657
372728.9
375879.1
376133.5
376232.7
376576.2
376591.8
376879.4
377057.8
377063.9
377065.2
377076.1
377129.4
377314.1
377487
377530.6
377687.4
377687.7
377940.9
378251.3
378494.1
378756.4
378788.5
379047
379207.6
379431.4
379561.5
379843.3
379918.5
380152.3
380202.1
380213.1
380455.3
381042.2
381171.6
381223.8
381427.7
381439.5
381457.3
381530.1
381664.4
381693.8
381759.5
382054.6
382258.8
382379.8
382513.3
382620.8
382702.6
382734
382874.7
383105.5
383270.7
383303.7
383416.7
383490.9
383705.1
383722.7
383734.9
383755.4
384286.5
384371.3
384412.1
384640.5
384690.3
384727.1
384758.6
384864
384897.4
384910.9
385234.7
385433.5
385626.2
385638.9
385655.2
385804.9
385849.3
385860.7
385874.3
386060.6
386067.1
386099.5
386194.5
386335
386341.4
386407.7
386422.7
386435.3
386435.8
386492
386553.9
386634.3
386687.7
386840.8
386886.7
386954.5
387026.5
387219.2
387361.8
387375.6
387385
387540.6
387627.2
387670.6
387693.6
387709.1
387791.3
387920.5
387971.8
388012.6
388260.5
388324.6
388427.8
388496
388869.5
388957.2
389218.6
389232.7
389253.2
389253.7
389384.9
389400.3
389420.6
389447.8
389451.8
389457.3
389480.2
389557.5
389574.1
389600.1
389614.7
389681.9
389717.7
389749.1
389799.6
389808.4
389901.7
389953
390138.8
390442.1
390448.3
390558.7
390940
390949.6
391061.2
391091.4
391122.3
391126
391289.8
391326
391366.5
391545.6
391578.7
391636.6
391712.8
391807.3
391847.9
391869.7
392002
392031.9
392052.7
392204.9
392300.2
392330.4
392371.9
392482.4
392535.8
392691.8
392726.2
392780.3
392876.9
393062.3
393062.6
393103.4
393109.4
393123.3
393170.6
393215.4
393216.1
393421.9
393557.9
393850.9
395603.5
399706.4
399706.5
399743.8
399767.9
399812.7
399838.2
399864.3
399964.5
400381.6
400735.8
400771.8
400885.6
401065.3
401130.6
401442.1
401540.2
402070
402440.5
403925.6
404326.5
404616.9
404912.7
404914.9
405008
405040.2
405066.5
405146.7
405167.9
405570.1
405729.7
405788.7
405844.6
405948.3
405972.9
406023.9
406067.3
406079
406115.4
406126.7
406138
406155.2
406216.2
406250.9
406459.1
406504.1
406512.5
406538.4
406546.9
406585.5
406609.3
406612.6
406677.2
406684.9
406845.8
406889.1
406929.1
406941.9
406978.8
407007.3
407422.1
407467.6
407534
407543.5
407550.7
407585.4
407710.7
407745.3
407823
407866.9
407994.4
408054.6
408142.9
408226.2
408430
408443.7
408455.1
408785.9
408810.7
408991.7
409020
409060.9
409089.3
409090.7
409116.9
409146.3
409205.2
409225.2
409246.1
409277.4
409351.5
409356.4
409479.1
409505.1
409577.2
409637.5
409746.9
409871
409881.7
409967.6
410005.7
410197.4
410375.9
410733.3
410764.7
411021.7
411038.8
411063.4
411068.3
411123.2
411124.8
411167.5
411178.4
411202.2
411220.3
411243.5
411497.8
411520
411520.2
411673.9
411730.9
411796.6
411798.5
411799.4
411936.5
412000
412020.9
412037.8
412042.7
412046.9
412047.8
412061.6
412087.9
412125.4
412133.2
412213.4
412305.2
412595.7
412934.3
415528.9
415694.2
415830.7
416078.6
416102.9
416158.2
416221.9
416347.1
416351.2
416379.2
416586
416618.2
416815.9
416841.7
416945.8
416948.6
416972.2
416999.9
417118.1
417212.4
417219.1
417314
417354.7
417401.3
417409.7
417546.2
417636
417876.7
418057.2
420940.4
421098.3
421106.2
421204.5
421507.8
421560.4
423875.7
424691.9
424850.4
426831.9
427633.6
428818
428943.6
429330
429540.8
429658.3
429767.4
437018.2
438079
439548.9
442119.1
442280.7
442502.1
443732.1
443836
443981.2
444413
444445.9
444693.5
444741.8
444869.2
445088.9
445124.1
445632.4
447974.3
447974.5
448077.1
448086.1
454193.4
454389.8
454462.8
454489
454498.8
454517.5
454574
454582.4
454632.6
454691.7
454740.5
454879.8
454931.9
454940.9
454959.6
455149.5
455245.7
455269.9
455291.6
455298.7
455429.6
455444.4
455516.4
455516.8
455595.8
455868.1
455980.8
458463.9
458512.6
459130.4
459819
459858.8
459893.7
459922.4
459953.7
459955.8
459988.4
460054.1
460115
460184.4
466493.8
466740.4
466987.7
466990.4
467084.9
467233.8
467419.8
467510
467573.4
467586.3
467647.7
467750.8
467948.5
467981.8
468052.2
468353.2
472603.1
472798.7
473485.4
473490.4
473508.9
473663.2
473932.6
474101.9
474368.1
474501.6
477082.1
477715.6
485802.1
486462.9
486568.2
486802
486924.2
486978
487043.1
487076
487084.8
487105.4
487138.2
487141.8
487290.5
487370.5
487427.3
487445.8
487616.3
487701.2
487733.5
487741.5
487764
487771.7
487935.4
487964.3
487980.4
488042.9
488193.7
488359.7
488451.1
488471.8
488537.9
488570.9
488587.2
488766.9
488795.6
488810.7
488928.1
488943.5
488994.7
488998
489081.1
489308.4
489379.7
489402.9
489428.9
489491.7
489498.8
489516.7
489588.3
489700.6
489835.8
489868.7
489986
490004.6
490024.9
490046.7
490098.1
490207.6
490278.2
490393.5
490418.5
490497.7
490582.8
490689.8
490745.3
491638.4
491662
491827
491856.6
491967.5
492264.6
492616.6
493035.6
493061.6
493382.2
493649
494251
494440
494481.9
494621
494621.8
494994.8
495056.9
495128.7
495132.1
495189.5
495567.7
495605.2
495671.4
495713.8
495734.1
495919.7
496038.6
496078.4
496104.8
496357.8
496371.9
496403.3
496422.2
496578.6
496653.2
497096.9
497208.8
497286.5
497428.3
497437.1
497633.3
497676
497747.2
497997.2
498257.2
498319.1
498550.5
498593
498618.9
498660.4
498678.1
498796.6
498965.6
498999.1
499052.7
499062.6
499078.1
499267
499290.5
499340.6
499389.8
499579.2
499593.5
499960.1
499984.3
500048.3
500170.8
500213.6
500239.8
500312.8
500385
500713.3
500836.3
500838
500860.1
500924.5
500942.4
501041.6
501163.8
501167
501381.6
501539.7
501561.2
501581.2
501659.1
501795.2
501839.7
502070.9
502072.3
502221.5
502305.7
502532
502561.2
502616.7
502650.2
502855.4
502955.6
502975.3
503123.5
503366.6
503470
503471.6
503499.5
503503.4
503507.4
503610.3
503726.1
503808.7
503830.1
503859
503903.6
503975.3
503998.3
504146.9
504277.6
504294.5
504333.9
504452.1
504568.5
504604.4
504667.4
504724.2
504771.1
504784.7
505016.7
505188.7
506103
506656.4
506658.4
506766.1
506989.2
507160.6
507188.3
507451.4
507524.1
507811.1
507837.9
507910.1
511931.5
511987.5
512012.3
512025
512029.7
512038.7
512065.7
512077.1
512103.3
512161.7
512243
512253.4
512324.6
512327.7
517125.6
517159.7
528982.9
529104.5
529290.6
529297.2
529323.9
529329.4
529350.1
529390
529440.5
529448.3
529471.6
529510.6
529527.6
529619.4
529620.2
529634.5
529655.7
529667.7
529688.5
529779.7
530006.3
530021.6
533440.9
533590.3
534723
534862
534981.8
534991.7
535003.3
535016.9
535052.1
535066
535111.7
535122.6
535209.1
535219.5
535257.9
535444.3
535567.8
535942.9
537160.1
540520.1
550470.6
550547.6
550572.3
550634.2
550722.9
550740.5
550852.8
561261.4
561518.8
565234.6
565463.8
565647.4
565884.5
566025.7
566103.4
566964.9
567108.6
567156.3
567435.5
567721.4
570770.5
580049.7
580315.2
580370.2
580370.9
580390.2
582753.8
582943.7
583192.4
583219
583292.8
583372.1
583407.6
583492.8
583534.5
583597.8
583925.1
583958.5
584282.1
584781.6
586926.2
586963.5
587012.6
587038.3
587088.9
587093.5
587297.6
587305.7
587324.9
587371
587406.6
587461.1
587552
587650.4
587655.7
587682.6
587731
587737.4
587872.2
587929.6
587983.5
588001
588054.5
588064.9
588070.9
588146.8
588166.5
588184.5
588216.5
588902.6
589488
589595.1
589604.3
591072.9
591089.1
595068.5
595132.9
595158.5
595164.1
595250.9
595308.2
595357.6
595901
596775.5
596925.4
597023.3
597094.1
597154.3
597476.6
598063.1
599008.1
599137.2
599229.6
599347.5
599551.8
599578.3
599634.5
599688.8
599705.4
599729.5
599753.9
599851.5
