1297.7
1525.2
1601.8
1793.2
2592.5
2659.2
2661.9
2734.8
2779.8
2801
2817.4
2929.2
2963.6
3088.6
3224.4
3418.5
3536.2
3623.1
3624.1
3652.2
3680.4
3690.8
3698.3
3797.4
10940.9
11119.8
11161.1
11191.6
11341.5
11460.3
11469.2
11470.2
11479.9
11555.1
11579.7
11581.4
11612
11626.6
11658.2
11737.7
11756
11770
11792.3
11821.6
11857.7
11860.5
11866.7
11950.6
12203.1
13249.7
13283.3
13897.8
13918.9
14004.8
14024.4
14050.5
14052.1
14060.4
14148.2
14199.9
14241.8
14243.9
14317.2
14363.7
14419.5
14429.5
14483.5
14617.8
14755.6
15195.4
15217.8
15460.8
15556.4
15661.1
15726.8
15785.7
15788.3
15810.7
15843.7
15941.8
15948.1
16019.2
16111.7
16133
21339.2
21514
21784.5
21872.4
22111
22217.3
22228.7
22492.3
22519.6
24033.1
24266.2
24511.1
24744.6
24761.4
24921.8
25153.8
28457.4
28521.8
28667.5
28831.1
28891.1
29215.6
30027
30610.3
35037.2
36284.1
36315.3
36328.5
36344.3
36402.7
36567.2
36567.9
36607.4
36734.6
36843.2
36888.1
36948.2
37029
37112.3
37179.4
37185.9
37210.6
37332.9
37392
37471.6
37505.5
37548.5
37576.6
37601.3
37747.9
37782.3
37799.7
37802.9
37852.2
37854.9
37949
37984.2
38109
38977
39019.1
39020.3
39130.7
39298.2
39305
39730.3
39794.6
39928.8
39940.4
39989.2
40016.8
40019.8
40081
40180.4
40197.8
40265.4
40266.1
40277.8
40311
40329
40387.3
43553.4
47773
47897.8
48066.6
48103
48126.5
48344.7
48580
48655.1
48732.5
48984.9
48985.5
49019.5
49362.9
49432.7
49436.7
49494.6
49547.3
49764.1
49807.1
49821.8
49849.2
49961.7
49970.4
50012.8
50123.6
50185.8
50276.4
50327
50418
50460.4
50467.6
50493.5
50512.2
50515
50555.3
50575.5
50617.3
52342.4
52373.2
52461.2
52557.1
52560.8
52613.1
53145.5
53182.4
53268.5
53375.3
53389.3
53389.7
53422.2
53532.6
53651.7
53664.9
53681.2
53853.3
53950.1
54062.4
54068.9
54187.9
54320.4
54674.8
58482.3
60302.2
60414
60451.7
60524.3
60574.9
62323
62411.3
62511.9
64132.1
64455
64598.6
64603.3
64924.5
65203.3
65233.3
65328.1
65385.5
65410.7
65606.8
65745.4
65785.6
67663.3
68264.2
68332.3
68568
68610.5
68751.6
68792.5
68890
68905.9
69057.8
69085.1
69146.5
73953.8
74296.3
74305.1
74355.6
74396.6
76699.8
76785.3
76862.8
76999.5
77053.2
77127.5
77142.4
77162.2
77175.5
77306.9
77323.3
77364
77464
77474.8
77498.1
77596.5
77597.1
77647.2
77679.7
77776.7
77777.3
77782.4
77812.2
84947.8
85184.3
85265.8
85389.8
85392.7
85641.4
85668.1
85742
85918.1
85958.7
86063.4
86091.5
86160.3
86223
86236.2
86248.1
86248.5
86275.1
86292.6
86333
86352.8
86440.8
86741.6
86937.6
86967.3
86975.4
87157.9
87413.3
87596.5
87644.8
87653.9
87661.5
87803.3
88320
90677.8
90717
90733.4
90770.7
90843.6
90859.3
90884
90914.3
90973.6
91004.2
91102.2
91121.3
91209.9
91216.5
103904.9
105882.5
105901.3
106001.9
106006.4
106175
106230.6
106318
106403.1
106459.4
106475.5
106475.6
106534.6
106574.6
106857.9
108161.8
108230.7
108411.8
108583.3
108832.3
109440.8
109526.4
109851.6
110586.9
110722.8
110849.9
118749.6
118823.4
119597.7
119658.5
119688.7
120532.4
125255.5
125356.1
125385.8
125584.5
125664.3
125665.6
125697.1
125715.6
125900.9
125927.9
126001.8
126017.5
126019.3
126233.1
126240.6
126334.3
126350.5
126372.3
126386.1
126399.7
126414.8
126481.8
126491.6
126572.5
126587.7
126640.3
126675.6
126805.9
126973
127049.9
127059.9
127127.3
127172.7
127310.5
127346.8
127378.3
127470
127618.4
127708.3
131666
132481.3
133718.6
133989.2
134002.8
134053.3
134100.2
134126.7
134151.7
134255.7
134518.4
134521.9
134597.7
134660.7
134802.7
134959.8
135032.5
135524
135580.7
135634.5
135654.4
135708.5
135713.7
136085.7
136090.6
136192.6
136220.6
136394.7
136448.6
136506.5
136829.2
137096.2
137372.7
137998.7
138008.9
138052.3
138196.4
138287.7
138421.2
138679.9
138783.7
138965.2
139053.3
139062.6
139147.6
139438.7
139762.6
140088.8
140342.1
140434.1
140517.5
140667
140668.2
142733.5
145976.6
147651.2
147930.3
151599.7
153017.7
154333.9
154353.8
154438.8
156784.9
157412.8
157628.6
157935
160753.2
160917
160953.9
161036
161036.7
161040
161167.6
161215.7
161227
161269.9
161325.7
161442
161447.1
161536.4
161709.1
163947.5
164147.1
168947.1
170776.1
170873.8
170991.3
171088.7
171166.9
171234.1
171369.4
171445.1
171523.8
171649.5
171946.9
172617.8
173077.5
173255.6
173394.4
173441.3
173463.6
173498.9
173502.7
176043.3
176092.6
176119
176171.2
176218.5
176448.4
176543.6
176589.3
176767.3
176825.7
176979.3
177045
177092.6
177183.1
177253.7
177275.3
177305
177417
177515.4
177646.9
178630.4
183258.7
183485.1
183520.6
183568.5
183614.5
183642.3
183780.9
183806.6
188821.7
189512.6
189530.2
189595.2
189619.3
189621.3
189832.2
189897.4
189920.2
189933.7
189938.8
189947.3
190022
190026.7
190041.4
190049.3
190054
190061.9
190103
190121.3
190200.5
190219.5
190297.5
190304.8
190310
193171
193186.5
193270
193282.2
193305.2
193333.4
193450
193484.7
193495.6
193551.4
193634.2
193735.6
195761
199422.3
199721.1
199979.5
200167.9
200762.3
201532.8
202116.6
202406
202915.3
202952.6
202956.9
203095.9
203854.7
203963.1
204386.9
204911.3
205340.8
205342.7
205389.8
205490.3
205501.2
205531.4
205737.2
205798.1
205829.6
206050.2
206444.1
206902.6
207081.3
207176.6
207386.9
207466.8
207812
207936
208041.4
208045
208083.8
208220
208265.2
208381.5
208398.1
208461.5
208560.8
208619.2
208643.7
208659.1
208683
208695.3
209115.1
209119.6
209130.9
209463.8
209558.1
209710.8
209797.5
209865.6
209899.3
219389.4
219807.6
219883.7
219900.1
219913.7
219951.6
219966.2
219983.5
220124.2
220138
220159.4
220197.4
220240.7
220588.2
220617.1
220711.9
220758
220760.7
220766.7
220844
220943.4
221044.6
221083.6
223832.8
224150.6
224189.9
224486.1
224612.9
224656
224696.7
224905.1
224917.1
224934.2
225042.4
225105.7
226438.6
226581.3
226872.3
227113.3
228144.8
228551.9
229717.6
230243
230434.3
230475.7
231604.7
231630.5
231822
231825.4
231831.1
231845.8
232126.2
232157.8
232161.7
232432.9
232449.1
232647.1
232776.6
233990.3
234074.8
241001.6
241008
241378.3
241402.5
241418.7
241673.8
242403.3
242412.6
242474.9
242805.1
243138.4
243288.1
243374.2
243425.7
243453.9
243550.4
243601.7
243624.5
243635.1
243639.3
243642.5
243659.9
243669.4
243681.8
243713.2
243752.6
243752.8
243976.1
244416
246186.2
246743.3
246805.6
246905.9
247125.2
248552.9
248555.2
248739.7
248741
248832.8
248850.7
248857.9
249327.9
249370.3
249390.9
249392.6
249431.4
249539.7
249604.7
249664.2
249721.5
249783.1
249851
249922.6
255920.3
255963.9
256005.6
256008.3
256033.4
256064.6
256195.8
256293.1
256356.9
256456.6
256472.3
256928
256996.7
257044.4
257081.7
257125.3
257191.8
257230.8
257238.1
257289
257400.5
257462.2
257558.5
257769.2
257972.1
258015.4
258076.5
258526
259005.9
260048.3
260107
260128.5
260140.2
260254.8
260281.2
260324.8
260365.4
260541.7
260717.4
260814
260835
260873.4
260962.1
260969.7
261055.5
261066.6
261159.1
261182.7
261240.5
261301.4
261315.2
261659.8
262069.2
262275.3
262278.4
262401.5
262586.2
262712.6
262723.2
262747.2
262762.7
262846.7
262872.7
263005.4
263089.5
263172
263330
268881.2
269036.4
269150.8
269237.5
269366.2
269423.1
269424.5
269512.3
269526.8
269537.8
269538.6
269560.4
269564.8
269572
269580.1
269614.9
272892.8
272937.9
273016.5
273352.7
273407.7
273450.5
273523.5
273530.6
273612.9
273625.6
273697.8
273727.2
273730.9
273750.7
273827.9
273844.5
274073.1
274113.6
274189.3
274218.7
274316.1
274375.9
274404.8
274408.4
281020.2
283098.8
283372.8
283426.5
283919.1
284183
284916.8
286636.5
286708
286723.1
286856.6
286883
286911.4
286930.5
287083.6
287171.1
287209.2
287242.9
287321.2
294497.5
296416.1
296581.9
296741.4
296742.7
296876.6
297056.4
297093.1
297117.9
297163.1
297258.8
297263.1
297308.5
297456.7
297470.1
297670.9
300209.1
300411.3
300577.4
303692.7
303704.2
303845.9
304299.2
304479.1
304533.3
304568.6
304742
305023.3
305325.4
305574.1
305628.1
305914.6
308911.5
309040.7
309085.4
309218.8
309247.8
309335.2
309386.8
309394.5
309452.9
309542.3
309611.1
309641.9
309680.2
309792.4
309837.6
309861.4
309867.9
309878.9
309890.7
309959.2
310102.7
310112.6
310124.7
310236.2
310277.9
310375
310458
310484.1
310497.3
310563
310703.8
316839.3
317996.2
326145.9
326170.6
326257.6
326343.4
326427.5
326516.9
326523.5
326551.3
326555.6
326566.6
326894.3
326954.3
327705.7
327862.1
328024.4
328048.8
328441.4
328638.3
329152.5
329486.6
329699.2
331792.7
331995.7
332085.9
332153.1
332188.6
332207.2
332229.8
332352.5
332607.6
337130.1
338579
338600.1
339633
339705.1
342155.3
342209.5
342354.7
342379.8
342514.2
342555.7
342635.9
342644.8
342660.9
342730.3
342733.6
342741.9
342756.3
342761.3
342776.4
342872.7
342885.3
342931.2
342955.7
342999.9
343016.6
343051.4
349730.1
349732
349883.4
349916.2
349949
350049.1
350050.2
350261.5
350354.9
350384.8
350802.4
350806.5
350884.7
350975.9
350989.9
351115.8
353060.6
353335.9
353352.1
353352.4
353485.4
353516.5
353518.8
355369
355757.3
355817.6
355843.9
355904.5
356125.4
356141.5
356155.5
356165.5
356225.3
356270.6
356270.8
356278.8
356299.4
356341.5
356357.5
356501
356560.2
356598.8
356599.9
356606.3
356645.6
356686.7
356714.9
356728.7
356733.8
356763.6
356778.4
356888.1
356941.4
356944.1
356974
357046.4
357195.1
357201.5
357325.1
357329.4
357383.2
357386.8
357456.1
357488.8
357611.9
357642.6
357712
357736.3
357782.4
357832.2
357869.2
357887
357890.4
358010.4
358140.6
358201.1
358398.8
358408.9
358466.7
358518.1
358586.6
358702.9
358729
358745.4
358763.6
358819.4
358827.4
358829.8
358853.8
358942.6
358968.6
359009.6
359060.8
359069.1
359188.3
359194.4
359245.9
359247.5
359258.3
359354.4
359380
359437.3
359437.9
359476.3
359491.6
359529.1
359547.5
359552
359689.9
359709.7
359731.1
359784.7
359901.4
359920.4
359926.1
359926.8
359931
359989.9
360060.5
360066.7
360073.7
360084.3
360174.4
360279
360303.7
360354.3
360394.4
360455.5
360512
360542.9
360690.6
360875.8
360930.9
361178.7
361214
361215.4
361223.5
361298.6
361530.2
361576.6
361712.9
361734.3
361854.5
361913.2
362014.3
362081.6
362312.5
362347.7
362349.7
362417.8
362420.5
362482.6
362647.5
362720.2
362742
362773
362825.4
362853.4
362917.3
363132
363151.3
363153.7
363198.6
363281
363450.8
363516
363592.1
363718.1
363980
364035.5
364051
364067.8
364132.1
364216.7
364261.3
364375.4
364382.2
365045.3
372475.3
372638.7
372767.3
372792.5
372819.4
372837
372862.3
372922.2
372990.9
373299.5
373373.9
375285.6
375495.5
377235
388006.8
392334.1
392845.5
393819.1
394734.1
396083.1
396386.6
396459.4
396557.6
396763.7
396785.7
396861.4
396878
397259.5
397322.8
397630.7
398778.1
400495.5
401310.4
403222.7
403239.5
403246.2
403348.8
403517.4
403611.2
403727.1
403828.9
403951.4
403951.8
404058.8
404100.1
404189.2
404247
404292.6
404422.2
418269.1
418354.3
418559.8
418584.8
418642
418852.2
418888.2
418941.4
418956
418981.7
419051.9
419095.2
419142.9
419150.2
419163.1
419193.8
419241.2
419272.4
419371.8
419377.6
419398.7
419406.7
419417.2
419449.8
419467.1
419555.4
419634.3
419646
419660.9
419669.6
419678.6
419684.1
419724.8
419755.1
419967.6
420000.5
420151.3
420535.2
420600.2
420632.9
420659
420738.7
420766.8
422863.5
422889.5
422929.9
423515.4
423875.5
424266.8
427645.6
429604.6
429997.4
430171.5
430404.4
430419.3
430866.1
431141.2
433044.4
434313.4
435748.8
435903.6
436501
437454.2
438285.6
439019.3
439469
440485.9
440548.7
440570.2
441551.2
444687.3
444703.3
444747.4
444757.9
444797.2
444798
444823.9
445048.6
445762
445831.7
446106.8
446144
446195
446207.4
446277.4
446402.1
446443.9
448756.6
449133.6
449182.6
449293.8
449318.4
449366.4
449464.1
449510.7
449531.9
449574.1
449631.2
449684.7
449723.5
449754
449920.3
450158.3
450281.2
457633.6
457777.7
457908.6
457930.2
457956.8
458036.9
458083.6
458149.7
458189.6
458537.9
458563.7
458610.2
458779.8
458780.4
458808
458826.2
458887.7
458897.3
459079.3
459414.5
459643.6
459900.1
463198.6
464274.6
464442.3
464526.1
468002.1
468033.4
468198.1
468210
468214.4
468275.6
468276.4
468294.8
468296.3
468326.5
468334.6
468353.8
468356.8
468421.8
468423.8
468439.1
468458.6
468526.6
468544.6
468562.7
468576.4
468627.3
468673.2
468688.8
468697.7
468740.1
468745.6
468767.9
468935.2
468992.9
469077.2
469254.3
469430.6
469547.6
469642.4
469665
469674.3
469715.5
469741.9
469923.4
469991.8
470027.2
470118.2
470210.2
470322.2
470391.4
470640.3
470739.4
470920.2
470927.4
470969.8
471028
471076.3
471170.5
471754.7
474823.3
474885.6
475360.7
475565.8
475816.6
476005.9
476218.6
476320
476810
476861.6
476877.5
477477.5
477822.7
478021.9
478632.4
478648.3
478748.7
478920.9
478921.3
479028.3
479085.7
479135.9
479167.8
479181.1
479233.2
479367.1
479373.9
479461.7
479465.7
479501.2
479547.5
479637.9
479671.3
479772.9
479912.8
479941.1
480002.6
480051.1
480084.9
480092.3
480122.6
480143.4
480200.6
480212.8
480360.2
480408.7
480488.7
480500.4
480524.1
480556.4
480558.7
480602.8
480607.1
480658.4
480744.2
480763.5
480769.1
480775.5
480780.8
480846.3
480848.3
480870.4
480935.8
480981.2
481044.7
481112.1
481332.9
481420.1
481532.2
481581.3
481611.2
481714.3
481735.9
481940.9
481953.2
482013.9
482043.9
482044.4
482071.7
482125.6
482133.9
482161.7
482187.4
482190.5
482247.4
482370.7
482472.1
482498.5
482553.2
482649.7
482791.1
482807.5
483954.1
488244.8
491196.5
491896.1
493972.8
496296
498155.9
499264.8
501940.1
503408.1
505191.2
505623.7
505691.9
505824.5
508305.9
508322.7
508397.5
508468.2
508564.2
508568.7
508614.9
508616.3
508626.1
508756.3
508842.3
508871.7
508894.4
508956.9
509008.8
509021.3
509034.2
509043.3
509069.9
509070.5
509097.3
509130.8
509196.7
509300.6
509326
509377.4
509381.5
509398.2
509408.7
509443.5
509482.6
509581.9
509604.7
509711.9
509802.2
509810.9
509864.3
509869.3
509871.2
509901.3
509969
509979.1
510043.2
510099.6
510137.5
510146
510224.9
510226.3
510232.9
510233.7
510277.7
510342.8
510383
510384.3
510399.4
510441.5
510524.3
510578
510584.3
510607.9
510609.5
510610.6
510639.5
510676.4
510722
510765.4
510766.6
510849.6
510921.1
510998.9
511129.1
511130.8
511132.4
511175.1
511219.8
511249.4
511291.5
511309.1
511340
511383.7
511409.1
511423.8
511438.1
511458.3
511483.2
511488.4
511557.2
511557.3
513461.8
513615.3
516798.1
516808.2
517009
517082.9
518063.9
527400
527482.8
527511.4
527626.4
527637.9
527639.5
527646
527653
527662.7
527687.4
527734.7
527759.5
527781.6
527789.8
527881.7
527916.9
527939.3
527944.4
528142.8
528202.3
528220.5
528221.4
528223.1
528248.7
528260.8
528309.9
528322.5
528338.3
528346.2
528354.6
528368.2
528417.8
528423.9
528424.3
528526.1
528546.2
528578.2
528609.5
528613.2
528731.5
528735.1
528761.1
528775.9
528783.5
528848.6
529725.4
532380.9
532410.7
532560.7
532597
532610.6
532627.2
532631
532639.9
532670.6
532677.4
532727.3
532746.9
532932.4
532963.1
533077.1
533080.3
533190.9
533195.2
533297.7
534738.6
539815.8
540196
541004
541227.1
541314.3
541443.7
548121.9
563136.4
565328.9
565377.5
565476.7
565511.3
565665.6
565848.3
566086.6
566127.3
566147.1
566156.5
566187.6
566474.7
566591.2
566735.3
566737.9
566738
566834.5
568244.4
568245.5
568465
568476.3
568516.4
568634.9
568720.8
568748.1
568812.9
569130.4
569452.3
569850
570571.7
570715.3
570748.7
570791.4
570878.9
570919.3
571043.5
571057.4
571070.9
571080
571394.7
571459
579718.3
579721.2
579811.1
579828.9
579918.8
580977
581227.4
583079.5
584716.2
585882.8
586111.9
587301.6
587747.8
588587
589673.8
589741.1
590093.8
590139.8
595015.7
