2254.3
2404.3
2496.5
2537.7
2579
4584.7
4599
4605
7056
7099.9
7135.8
7169.6
7197.8
7249.6
7301.7
10821.6
10868
11057.9
11360.2
12914.9
13251.8
13376.9
13512.9
13586.9
13640
13727.3
13765.2
14268.9
14457.5
14909.8
15068.3
15123.9
15222.9
15232.2
15267.6
15318.7
15331.8
15517.1
15531.7
21230.7
21236
21392.6
21405.8
22142.7
22278.3
22298.5
23494.7
23507.2
23519.6
23523.2
23553.1
26587.4
35832.6
35848.3
35909
36079.4
38639.6
39305.6
39434.9
39570.6
39641.9
41309.8
41348.6
41362.5
41389.2
41415.5
41534.9
41742.4
45634.2
45749.9
45790.9
45797.1
45818.1
45957
52509.6
57697.2
57699.3
57739.7
57761.1
57770.2
57905.3
59627.6
59638.5
59723.2
59754.5
59778.2
59843.5
59860.9
61153.9
66058.4
66097.3
66326.1
66353.2
66395.7
66395.8
66439.5
66458.7
66510.5
66575.5
66604.1
66608.8
66623.9
66754.1
66871.9
66909.7
66940.1
67095.6
67231.1
68117.1
68921
69021.1
69023
69088.7
70750.4
70751.8
70850.2
70910.9
70960.6
71023.2
71159.9
71165
71185.2
71246
71249.5
71255.2
71338.6
71411.8
71443.2
71496.6
73612.1
73648.5
73692.3
73741.3
73745.4
73878
73909.1
73916.9
73954.5
74344.6
75501.3
75537.5
75576.8
75688.9
75705.9
78022.8
78040.2
78082.5
78199.3
78245
78308.7
78362.7
78480.8
78499.9
78524.1
78543.1
78599.8
78706.3
78740.8
78937.2
79021.7
79178.4
79519.6
80185.8
82984.9
83080
84862
85138.9
87852.1
88068.6
88104.5
88107.1
88116
88137
88152.9
88188.5
88308.1
88440.8
88465.5
88469.8
88531.4
88548.9
88554.7
88657.7
88709
88749.2
88765.7
88775.9
88881.2
89064.8
89072.3
89107.3
89156.4
89173.5
89293.2
89396.3
89449.8
90448.1
91497.2
92010.6
92272.4
92277.6
92285
93947.3
93949.4
94095.4
94168.8
94190.5
94229
94330.9
94391.3
94479.7
102484.2
102735.8
103200.6
105052.7
106026.2
106067
106301.6
106423
106521.6
106523.1
106573
106580.8
106644.6
106748.9
107543.6
107777.2
107841.1
108077.9
108102
108390.3
108508.5
108675.1
108794.1
108982.7
109007.6
109150.9
109842.4
109859.6
109973.4
110127.8
110270
110271.7
110362.3
110406.6
110503.2
110564
110582
111268.3
111319.3
111329.2
111385.1
111422.8
111434.7
111477.5
111486.2
111488.6
111772.6
115724.9
115788.1
115800.5
115925.9
116085
116092.6
116115.7
116128.6
116151.8
116204
116215
116365.5
117022.4
117234.6
117306.8
117335.8
117373
117601.6
118653.5
118781.5
118910.3
119844.1
119851.2
119924.5
124995.9
125655.7
126465
126594.4
126627.2
126627.8
126695.4
126701.1
126714.8
126720.9
126736.2
126783.9
126925.6
126926.6
126936.4
126993.3
127032.3
127056.5
127068
127080.2
127088
127138
127143.1
127171.7
127181.3
127207.5
127210.6
127288.3
127306
127322.4
127332.4
127374.1
127798.8
127816.4
127845.3
127914.4
133804.8
133811.8
134038.7
134046.7
134071.8
134133.1
134216.4
134309.5
134322.6
134412.1
134426.8
134807.9
134808.1
135070.7
135555.5
135559.4
135842
135907.7
136416.1
136451.5
136481.5
136745.3
136969.3
137708.9
137896
138360.7
138377.1
138535.7
138767.9
138823.6
138843.2
138887.1
138927.5
139045.8
139158.8
139264.1
139484.4
139497
139587
139749.9
139772.8
139803.2
139924.5
139932.4
139961.6
140015.2
140193.7
140225.4
140284.1
140314.4
140324.8
140327.2
140358
140387.2
140420.3
140436.2
140476.6
140500.3
140508.9
140633.1
140709
140718.1
140828.4
142919.9
143214.6
146781.4
153393.4
153723.5
154015.5
154789.9
155014.1
155108
155260
157362.9
157905.8
158127.6
158183.8
158278.9
158348
158697.9
158929.2
160693.4
160801.4
160820.4
160820.7
160883.7
160901.8
160987.1
161065.4
161829.6
161868.1
161998.7
163432.5
163603.1
163953.4
165901.1
165953.7
166376.8
166499.8
166647.7
166682.9
168397
168412
168475.1
168523.9
168618.6
168735.5
168759
168796.3
168826.8
168860
168907.2
168968.5
169057.8
169101.1
169179.8
169180.2
172266.7
172275.9
172326.3
172377.5
172413.4
172426
175093.6
175158.6
175408.9
175509.6
178042
178856.5
179034.1
182875.2
182976.4
185404.2
185438.5
185555
185738.9
185760.3
185781.1
185814.9
185834.6
185844.6
185927.3
186031.9
186084.3
186085.3
186085.4
186130.7
186223.8
186225
186306.6
186313.5
186456.5
186464.7
186466.6
186645.9
186660.9
186668.5
186697.4
186709.9
186740.7
186769.2
186847.8
186894.5
187431.4
187873.7
187875.5
187938.2
188005.6
188087.7
188106.2
188124.8
188130.5
188159.4
188197.3
188319.8
189348.3
191171
194310.3
194392.8
194415.3
194487.2
194489.4
194520.2
194525.4
194565.9
194594.8
194651.4
194681.8
194730.9
194790.6
195724.3
201093.8
201628.2
202429.4
202501.3
204643.6
205421.3
205460.5
205563.7
205667.2
205701.4
205840.9
205878.6
206019.4
206220.7
206233.7
206691.1
206894.1
206978.3
207007.5
207031.7
207041.9
207046.8
207072.8
207182
207243.4
207280.8
207301.8
207329.3
207429.2
207460.2
207473.9
207584.6
207837.3
208445.7
208449.7
209508.9
209532.3
209697.3
209789.5
209818.6
210829.9
210999.7
211181.3
211260.3
211286
211318.9
211471.2
211503
211557.5
212847.5
212873.2
212984.1
213097.8
213598.2
213740.9
213755.2
213762.9
217285.8
217571.2
217609.7
217753.1
217782.4
218464.3
218986.5
219454.4
219519.8
219623.8
219654.6
219681.8
219767.4
219874.1
221837.9
222397.8
222521.7
222612.3
224882.6
224934.4
224944.8
225074.3
225083.9
225421.1
226778.9
228034.7
228622.8
228650.8
228681.3
229021.2
240568.9
240886.3
240970.7
241010
241068.7
242609.3
243540.9
247014
248135.6
248234.5
248263.7
248301
248463.1
248619.8
248672.7
248795.2
248803.2
248861.7
248886.1
248965.1
248986.2
249088.3
249094
249130.1
249155.3
249205
249265.5
252384.8
257605
258351.5
258737.6
259692.3
259714.7
259773
259793.4
259797.4
259815.4
259905.7
259984.9
263540
263769.4
263808.3
263812.1
263828.1
263946.4
263954.1
267907.7
267929.2
267980.3
268138.1
268244.3
268407
268501.9
268675.3
268717.1
268743.6
268759.1
271518.5
272474.2
275578.3
275600.6
275699.1
275724.2
275801.2
275817.7
275834.7
275946.4
276048.7
276101
276154.8
276193.9
276217.7
276229.5
276261.7
276269.3
276327.3
276331.4
276335.1
276403.6
276452.2
276459.6
276489.8
276521.3
276526
276540.9
276577.7
276598.4
276662.6
276680.4
276795.1
276861.8
277119.7
277801.1
277866.5
277999.4
278024.4
278148.7
278944.4
279166.9
279243.5
279265.4
282082.4
282180.2
282243.6
282262.8
282404.4
282410.7
286970.6
287195.7
287310.4
287522.3
289365.4
290240.6
291819.9
293639.3
295447.7
295485
295543.2
295686.8
295750.3
295761.8
295831.8
296144.5
300221.3
304253.7
304340.6
304403.3
304456.3
304609.7
304663.9
304723.1
304752.7
304757
304784.8
304895.5
304995.1
305122.2
305166.6
305329
305350.8
305568.4
305614.2
305620.4
305620.7
305692.9
305709.4
305993.1
308653.8
308698.7
308722.4
308749.4
308789.8
308844.4
308936.8
308940.1
308964.1
308984.1
309119.7
309158.1
310154.3
311374.9
311443.9
311478.9
311503.4
312953.7
312987.7
317724.8
317920.1
318180.8
318714.1
318834.6
318996.6
319426.2
319470.9
322956.9
322992.6
325666.2
326574.5
326602.8
326821.5
327836.9
327879.7
328748.5
328813.2
328878.1
328909
328921.1
329020.1
329108
329112.6
331130.5
331478
331648.9
331682.8
331720.9
333593.8
334111.7
334256.4
334578.4
334632.2
334746.4
334879
334880.2
334914.2
334933
335064.5
336042.8
336114.7
336365.1
336443.6
336514.7
336520.2
339991.6
340242.8
340629.9
340645.6
340699.5
340976.3
341129.6
341208.8
341306.9
342102.1
344890.1
347122.3
347311.1
347320
347327
347356.5
354887.4
354923.6
355075.7
355133.9
355139.2
355273.3
355304.1
355420.5
355432.3
355451
355451.8
355471.2
355495.8
355781.1
365157.8
365384
365912.8
365924.2
366151.3
366359
366463.9
366608.4
366792.6
367070.9
367108.9
367147.5
367233.4
367275.5
367505
367744.2
372712.1
372819.3
372968.6
376730.7
376806.4
378390.3
378520.9
381787.6
381994.5
382334.6
382658.4
382830.9
382909
383062.7
383153.9
383792.3
383932.6
385362.3
385756.2
392435
393051.2
393554.3
394089.3
394099.4
394282.4
394326.2
394326.8
394327.9
394389.9
394393.4
394521.8
394565.6
394570.9
394760
395170
395191.7
395207.2
395470.3
395517.4
395673
395707.3
395734.1
395832
395932.6
396001
396001.3
396053.4
396054
396099.9
396303.2
396350.8
396352.3
396437.7
396491.1
396493.2
396515.9
396540.8
396594.9
400342.2
400380.3
401211.8
401331.5
402161.4
402263.3
402407.5
402430.1
402450.4
402663
402688.4
402746.3
402751.7
402820.3
403032.1
403095.9
403124
403153.8
403241.9
403273.4
403386
403481
403498.1
403503.7
403510.5
403525.8
403637
403642.2
403654.3
403719.2
403808.3
403817.3
403934.5
403935.8
403998.9
404075.6
404162.4
404170.2
404192.1
404395.3
404407.2
404484.7
404484.9
404488.2
404562.1
404614.4
418693.6
418956.2
419124.3
419573.7
419576.7
419619.3
419629.5
419741.4
419768.2
419856.1
419856.5
420144.4
420410.8
421307.6
421546.9
421620
421742.4
422061.2
423148
423201.8
423470.8
423697
423725.2
424477.5
424807.1
425338.9
425545.7
425579.9
425610.6
426503.1
426527.7
426571.2
426612.3
426637.7
426645.5
426661.4
426736.1
426787.3
426904.9
426920.3
427022.7
427034.9
427614.1
427657.7
427662.1
427687.9
427711
427713.3
432834.8
434827.7
435431.2
435958.8
438190.6
438265
438489.5
439841.6
439893.3
440041.7
440147.4
447044.4
448144.7
450919.6
450947.4
451043.7
451233.7
453910.2
454001.5
454017.8
454018.3
454030.3
454094.5
454118.6
454125.1
454134.5
454136.7
454147.5
454233.9
456042.3
456064.9
456106.4
456223.4
456269.5
456401
461063.6
461224.7
461510
461510.9
461792.2
462175.5
462179.2
462370
462378.8
462515.7
463221.5
463495.4
463507.6
463560.4
463643.4
463663.9
464172.4
466534
466573.3
466630
466650.8
466769.6
468572.4
468965.5
474830.3
474963.8
474967.1
475054.7
475181.2
475194.2
475196.3
475223.9
475506
475555.2
475569.7
475687.5
475690.6
475870
475952
476061.8
476075.4
476079.2
476120.2
476162.3
476167.4
476237.1
476300.4
476313.2
476485.1
476635.5
476887
476996.4
477029
477191.7
477245.6
477418.6
477467.4
477492.4
477568.1
477684.8
477750.9
477830.6
477887.4
477964.5
477974.6
478138.2
478359.6
478370.9
478452.3
478473
478525.7
478550.1
478566.8
478617
478654.7
478725.6
478981.1
479005.8
479058.9
479141
479213.3
479226
479267.5
479295.6
479433.7
479526.7
479748.7
479770.8
480043.1
480303.2
480573.4
480654.9
481188.3
481299
482438.3
482444.8
482553.5
484820.2
485970.3
491294
491352.6
492185
493389.7
493571.7
493650.7
493691
493776.1
496393.1
498899.5
503127.9
505224.4
505482
505537.7
505542.9
505544.9
505606.3
505636.2
505722.8
505872.6
505903.6
505938.3
505975.6
505989.9
505992.3
506029.3
506030
506059.7
507982.7
508074
508121.7
508145.2
508165.7
508207
508237.4
508326.3
508367.3
508381.5
508502.9
508544.6
508552.8
508599.4
508696.2
508735.3
508783.1
509058.7
509062.3
509077.7
509401.8
509513.9
509593.6
509652
509661.2
510011
510520.2
510658.9
510812.2
512043.8
512182.6
512278
512292
512333.3
513630.6
516736
516745.3
516751.6
516794
516814.4
516818.8
516908.5
516915.1
516917.5
516925.9
516958.2
516973.6
517015.3
518301.9
518307.7
518511.3
520563.9
521632.6
522129.2
522394.8
522527.2
522897.5
522981.7
524023
528149.4
528285.5
528290.2
529415.6
529420.1
529554.1
529626.7
529634.4
529639.3
530666.1
530782.2
530798.1
530802.8
530832.7
530879.8
530887.7
530888.7
530975.2
530987.9
531034.5
531050.8
531074.6
531101.1
531184.8
531212.1
531251
531262.6
531311.6
531369.9
531513.3
531596.3
531721.3
531739.6
531748.5
531755.9
531874.2
534044.9
537448
537537.2
537578.6
537689
538037.3
538125.1
540718.5
542297.7
542330.6
542444.9
542876.8
542878.1
542918.2
543062.3
543181.2
543191.8
543296.7
543411.6
543556.7
543573.5
543650.5
543977.1
544338.6
544408.7
544580.9
544614.3
544647.5
544697.8
544706.9
544718.2
544749.6
544876.7
544921.1
545055.8
545072.6
545125.3
545320.9
545328.1
545410.5
545591.2
545733.7
545779.3
545884.1
545892
545970.6
546155.5
546165.5
546181.6
546301.2
546309.4
546330.5
546532.7
549745.1
549776.6
549788.4
549980
549990
550068.6
550098.7
550184.3
550327.4
558546.3
558604.1
558612.9
558614.3
558652.4
558686.4
558692.8
558703.3
558869.7
558905.7
558994
562328.1
562419.8
562436
562476.2
562584.3
562602.1
562625.7
562760.7
562944.7
563525.3
563608.8
563922.6
564018.1
564370.2
567500.4
568304.4
568558.4
568568.1
568644.8
568768.4
568800.5
569013
569135.1
569278.9
569286
569398.1
569622.1
569708.8
569723.6
569785.7
569991.2
570572.4
570581.9
570645.4
570666.2
570682.5
571982.3
572034.6
572073.3
572195.4
572275.1
572330
572342.6
572356.2
572383.7
572397.1
572457.6
572517.6
572562
572569.7
572601.4
572609.6
572661
572681.7
572738.4
572742.7
572875.2
572913.2
572946.1
572997.1
573022.5
573028.1
573078.6
573119.2
573164.4
573267.9
573275.4
573396.1
573472.1
573619.6
573652
573653.3
573664.1
573682.2
573726.9
573777.3
573787.8
573795.5
573854.2
573881.3
573914.1
573952.7
573984.3
574065.1
578485.3
578645.5
578663.9
578717
578724.7
578804.8
578819.9
578880.5
579953.1
580021.8
580188.1
580967
581020.4
581113.8
581166.7
581173.3
581215.4
581269.7
581272.3
581329.1
581366.3
581417.2
581496
581562
581600.1
581605
581653.1
581656.4
581681.6
581692.4
581863.3
581945.9
585523.7
585531.5
585697.9
585714.3
585988.4
586081.6
586167.4
586844
589805.9
589882
591012
593885.5
594107.2
594168.3
594178.9
594199.7
595070.4
596352
596387.7
596408.7
596467.8
596490.6
596504
596828.8
