49.6
1967.4
2484.1
2530.6
2684.2
4359.3
4460.7
4555.4
7022.5
7043.3
7090.1
7158.3
7174.7
7196.5
7198.7
7338.5
11467.1
11663.3
12653.1
13802
14655.5
15114.4
15236.1
15481.6
15545
15648.3
21342.8
21402.7
21698.7
21962.3
22021.5
22188
23472
23545
23557.4
23692.8
23735.9
23771.2
24005.9
30316.5
31015.8
31327
31536.2
31848.8
32081.5
32093.9
32134.1
32328
32836.6
33401.6
33494.5
33713.4
33757.4
35940.8
36147.6
36160.5
36176.6
36222
36238.9
36337.1
39308.7
39356.9
39377.7
39850.8
40749.3
41001.2
41261.2
41264.9
41341.7
41362.4
41434.4
42524.7
45840.8
45921.2
46065.3
46179.6
46191.5
46347.5
49846.2
50059.6
50089
50163.3
50171.5
52590.7
52763.5
52786.3
53615.6
53624.6
55003.9
57467
57483.2
57628.8
57737.8
57744.4
57891.1
59559.3
59688
59722.6
59801
59831.4
59842.5
59871.4
59873.9
60862
61044.4
61058.6
61183.4
61186.5
61271.7
62570.4
62596.3
66594.3
66608.6
66641.4
66734.2
66762.9
66853.3
66870.2
66874.3
68811.2
68813.4
68863
68878.2
69040.1
69329.8
70710.3
70812
70839.7
70868.3
70959.3
71067.5
71106.4
71163.8
71167
71196.2
71196.3
71199.5
71272.3
71289.4
71299
71342.5
71345.9
71454
73109.7
73633.9
73776.4
73782.5
73790.8
73828.7
74001.3
74278.6
74320.3
74502
75469.9
75493.3
75538.3
75598.6
75645.7
75646.6
75699.2
75701.7
75835
75862.7
75881.8
75886.2
75905.1
75976.4
75980.3
76012.6
77849.1
77853
77878.1
77901.8
77928.9
77940.2
77940.7
78114.1
78138.4
78175.8
78216.3
78253.6
78299.3
78408.2
78451.9
81030.9
81769.1
84681.6
84870.5
84959.5
85144.9
85180.3
85265.4
85381.8
85403.4
85459.5
85562.3
85851.6
86045.9
86565.2
86615.2
86859.7
86896.8
87805.7
87839.3
88123.8
88293.1
88352.4
88804.4
88953.5
89015.5
89237.6
89363
90164.8
90479.7
90546.2
90631.3
91482.1
91484.4
91525.3
91603.1
91603.7
91614.2
91625.9
91639.6
91690.1
91731.1
91745.1
91787.8
91830.8
91854.1
91882.1
91996.1
92157.6
92197.6
92281.9
102436.7
102694.1
102851.3
104586.1
104888.3
104898.2
104914.6
104942.1
104997.3
105009.2
105037.4
105195.5
105257.4
105314.8
105431.8
105505.2
106453.7
106469.7
106538.2
106557.4
106628.8
106687.9
106697.4
106706.5
106743.9
106745.2
107727.1
107737.2
107858
107896.4
107900
107902.8
107947.7
107999.3
108060.1
108083.7
108222.9
108246.8
108518.5
108578.7
108971.4
109199.5
109210.8
109262.1
109559.1
109604.9
109621.1
109688.3
109706.3
109719.8
109720.3
109732
109757.3
109766.8
109882.6
109903.1
109912.8
109971.5
110062.8
110082.9
110275.6
110305.7
110313.1
110319.4
110331.1
110353.2
110375.5
110542.7
110600.2
110606.3
110675.5
110688.4
110721.8
110758.1
110766.4
111182.6
111499.3
111554.1
115653.2
115804
115814.6
115836
115879.6
115941
115970.6
116023.9
116057.7
116061.3
116105.3
116119.2
116177.7
116178.5
116324.8
116340.9
116635.5
117160.3
117163.8
117167.9
117308.4
117340.4
117434.2
118691.5
118712.2
118731.6
118769.8
118778.9
118909.8
118950
125077.4
125207.6
125261.1
125285.1
125524.3
125556.6
125568.4
125747.2
125852.8
125975.3
126177.4
126428.8
126512.9
126647.8
126648.4
126655.9
126699
126723.9
126725
126795.9
126803.6
126944.1
126967.9
127002.8
127066
127104.4
127108.2
127113.3
127116.6
127255.9
127279.8
127315.9
127339.8
127460.5
127750.4
127758
133400.2
133566.7
133705.6
134302.4
134369.1
134416.4
134494.2
134935.4
135055.5
135398.6
135439.9
135544.3
135638.1
135687.9
136007.3
136224.1
136384
136569
136822.2
136937.4
136967
137276.4
137314.8
137368
137661.8
137801.8
137877.6
137928.5
138121.4
138165.9
138653.6
138872.7
139165.6
139216.2
139463.2
139487
139561.9
139650.6
139654.7
139684.4
139709.2
139725.5
139860.3
139968.9
140017.7
140339
140339.5
140418.8
140424.1
145001.7
147317.4
147372.8
147967.4
152502
152867.4
154871.2
157488.1
157966.2
160810.5
160872.6
160929.5
160962.9
160982.3
160984.2
161023.6
161028.1
161081.9
162113
162431.7
164798.6
166438.8
168690.4
168695.2
168695.4
168781.7
168930
168949.8
168982.2
169010.9
169015.3
169047.1
169070.8
169124.6
169141.8
169203.4
169241.5
169260.6
169263.8
169278.6
169551.7
172270.4
174956.8
174989
175098.9
175284.9
175366.8
175539.4
175675.7
182749.2
182826.8
182903.4
182914.1
183836.7
185601.3
185679.8
185756.5
185915.2
186220.3
186597
186704.8
186745.8
187603.1
188267.4
189070.8
189309.2
190944
190944.4
190948.5
191070.6
191093
191115.3
191192.3
191487.4
191744.5
191807.1
191823.2
192032
194667.8
195535.7
200207.7
201774.1
202698.7
204915.6
205352.5
205442.6
205520.1
205532.7
205577.5
205962.4
205991.2
206083.4
206146.8
206202
206265.2
206432.6
207092.4
207142.7
207147.2
209077.4
209467.6
209489
209489.3
209509.4
209595.1
209640.7
209686.6
211277.7
213797
214219.8
217352.9
217509.3
217669.7
218527
219566.5
219588.2
219593.7
219616.7
219634
219640.6
222368.1
222452.4
222463.3
222510
222530.1
222648
225236.9
225319.8
225328.5
225347.4
225472.5
228673
229809.1
230011.6
230089.1
230124.7
230133.2
242741.6
242752.2
243175.6
243207.1
243247.9
243678.6
247023.1
247656.8
248237.4
248474.5
248540.1
248545.5
248600
248606.1
248655.6
248770.4
248793.1
248795
249019.6
249063.3
249071.6
249124
249196.5
249324.5
252441.9
252555
252564.4
252569.5
252600.3
252898.7
253005.3
253057.9
254509.9
254973.8
255238
256153.7
256355.8
256371.9
256769.9
256794.8
257017.2
257138.6
257350.6
257452.3
257480.5
257561.4
257697.7
257907.3
258052.7
258063.5
258327.6
258363.9
258479.6
258493.9
258563.9
258634.2
258644.6
258650
258707.1
258720.7
258747.9
258776.5
258804.6
258865.1
258906.2
259752.8
259761
259802.2
259813.2
259896.1
259929
259953.4
259964.1
260093.5
263634.6
263722.1
263779.4
263802.4
263834.2
263925.1
267698.6
268007.5
268029.6
268056.8
268075.1
268093.6
268116.4
268159.8
268179.4
268201.4
268387.7
268457.8
268607.7
268629
268630.3
268645.7
268651.1
268672
268697.1
268791.9
270283.7
270341.4
273507.9
274120.1
276219.7
276267.6
276271.8
276368.6
276475.9
276538.6
276550.5
276566.4
276725.6
276842.8
278141
278200
278202
278278.4
278847.2
278996
279111.1
282602.9
282666.2
286886.7
287050.2
287095.3
287190.7
287191.7
287196
287252.3
287276.1
287317.4
287354.5
287380
287432
287489.7
287559.3
293606
293631.4
294885.2
295057.3
297204.4
297456.2
298630.8
298639.4
298697.5
298803
298815.9
298869.2
299650.4
304299.1
304350.1
304511.5
304525
304642.9
304807.1
304943.5
304980.6
305319.8
305675.3
305902.9
305987.5
308691.2
308779.2
308843.7
308894
308912.8
308953
309079.8
309084.2
309169.4
309268.2
309287.2
309340.6
309358.8
309361.7
309456.3
310128.8
310177.8
310317.3
310453.9
310494.8
312598.8
312722.1
312778.3
312898.7
312918.5
312929
317549.2
318106.2
318354.6
318398.4
318750.3
319272.1
322979.8
326423
326454.3
326516.7
326530.1
326554
326613.4
326627.9
326664.1
327471.9
327789.9
328341.8
328499.7
328630.1
328729.8
328766
328875.1
328876.3
329008.2
329102.7
334703.9
334883.4
334964.3
335011.9
335057.4
335074.7
335141.3
335360.4
336206.6
336408.8
336432.1
336604.7
337969.7
338103.6
338275.8
338282.2
338313.4
338430.9
338526.4
338887.9
341198.4
343394.2
343569.3
345024.3
346701.2
346776.7
346840
346857.4
346875.5
346944.1
346950.2
346992.6
347129.6
347412
348683.6
351248.3
352493.7
353643.1
353652.3
353734.9
354298.8
355413.2
355500.1
355514.2
355595.4
355669.4
355759
355764.5
355851.5
356284.9
357212.1
357625.6
357835
357841.2
358437.9
358872.6
359168.3
359274.2
359829.9
360150.9
360615
361679.5
361708.6
361967.6
362668.9
363877.3
366005.8
371629.7
371631
371755.1
372078
372547.1
372618
381902.4
393368.5
393504
393797
395376
395750.5
395867.2
396070.9
396302.7
396411.7
396857.4
402358.5
402895.2
402963.5
402967.6
402979.9
403082.8
403118
403276.8
403444.2
403524.6
403537.4
403563.9
403580.4
403702
403778.3
403829.3
403843.5
404348.5
419048.9
419332.8
419351.7
419504
419632.6
419658.4
419688.4
419698.4
419866.8
419902
419982.1
420148.9
420194.7
420514
421332.7
421452.3
421616.8
421619
421770
421977.1
421980.7
422075.9
422099.9
424599.3
424742.3
424838.6
424870.4
424899.9
424977.1
425388.5
425467.1
425470.5
425485.4
425572.8
425586.4
425609.2
425754.2
426187.5
426550.1
426588.3
426880.4
426952.1
426986
427099.8
427117.8
427297
427337.7
427387.7
427450.4
427468.3
427472
427506.2
427511
427539.5
427550.8
427655.4
434859.5
435496.8
438218.4
438708.9
439241.8
439782
439891
440102
446283.7
446492.7
450988
451023.5
453656.3
453752.6
453983.7
454016.2
454031.5
454035.6
454056.8
454072.5
454085.1
454122.8
454161.5
454169.2
454195.5
454224.5
454231.9
454235.4
454247.1
454318.5
456212.7
456367.9
456382.4
456387.5
456592.6
461187.2
462121
462473.4
462498.9
462523.3
462526.8
462533.8
462573.7
463540.6
463576.2
466740.9
468530.1
468589
468632.9
469040.7
469206.4
469222.8
469385.8
469422.7
469545.6
469563.5
469586.4
469710
469819.7
471004.1
471040.1
474690.3
474841.2
474900.1
474902.5
475260.1
475679.3
475703.9
475764.7
475882.8
475889.6
475957.6
476003.2
476035.3
476056
476131.9
476312.1
476947.4
477003.6
477167
477279.2
477454
478026.2
478320.5
478370
478740.2
478911.4
478948.9
478972.8
478985.8
479064.9
479110.2
479167.2
479229.7
479232.9
479372.7
479387.7
479394
479437.1
479655.8
479697.1
479767.7
479838.9
479918.1
480111.9
480125.7
480136.3
480339.8
480375.4
480543.1
480616
480684.1
480730
480784.4
480848.7
480869.6
480955.7
481124.4
481245.4
481571.4
481610.5
481700.9
481737.4
481888.1
481975.9
482330.8
482369
482445
482462
482706.2
493090.4
493245.8
503517.1
505375.7
505641.6
505658
505873.3
505983.4
506080.3
506107.5
508067.3
508232.5
508341.7
508372.8
508390.8
508396.6
508397.7
508450.3
508451.4
508635
508639.5
508676.3
508770.8
508826.1
508874.8
508992.7
509029.5
509118.5
509141.6
509169.9
509207.6
509276.8
509305.9
509320
509340.6
509373.5
509413.3
509466.5
509608.8
509711
509940.4
509952.7
509994.4
510236
510275.4
510360.9
510503.5
510720.3
510882.3
510940.6
511028.8
511121.9
511264.9
511334.6
511438
512047.3
512335.5
512378.7
512382.7
512415.2
512608.7
516667
516724.1
528102
528350.2
528399.5
528456.7
528624.7
529584.2
529659.9
529693.1
530577
530583.1
530586.7
530671.7
530884
530908.4
530909.6
530945.7
531038.7
531049.8
531826.3
531874.2
531930.7
532109.8
532125.9
532229.5
535505.8
535889.2
536058.9
536147.4
536371.8
536436.8
540469.8
540529.9
540755.4
541836
542123.4
542156.8
542185
542447.1
542624.7
542848.3
542868.3
542960
542961.2
543014.3
543060
543105.5
543307
543341.3
543530.9
543571.6
543615.8
543722.1
543769.6
543830.9
544000.8
544069.5
544118.9
544277
544311.2
544717.5
545014.6
545062.4
545141.1
545171.3
545276.1
545557.1
545700.3
545713.5
545853.2
545884
545897.9
545907.3
545936
545967.9
546359.6
549633.3
549707.5
549730.2
549836.2
549900.7
550043
550159.4
551156.7
558195.5
558272.8
558308.4
558468.6
558656.6
558745.9
558755
558783.2
558804.7
558873.3
558881.3
558894.9
559103.1
559221.3
562084.9
562242.3
562308
562370.8
562398.3
562416.6
562429.3
562511.9
562592.4
562640.6
562643.5
562755
562783.2
562917.8
562937
562939.7
562948.2
562965.2
563026.9
563053.3
563110.6
563121.4
563137.5
563138.2
563151.7
563221.3
563251.2
563536.3
563546.8
563577.2
563614.4
563721.6
563965.9
564130.8
564171.3
564196.5
564249.5
564285
564336.3
564339.2
564368.6
564380.7
564445
564539.4
564576.9
564716.4
565169.9
567245.9
569519.7
570695.7
570847.7
571578
571626.6
571841.8
571914.8
571944.1
571959.5
572109.6
572148.6
572716.1
573662.1
573754.5
573886.2
574095.3
577358.7
578272.3
578335.7
578394
578396.7
578461.2
578573.9
578607
578692.9
578710.7
578734.4
578798.4
578829.5
578837.7
578977.5
579142.8
579147.1
579442
579856.9
580109.4
580184.6
580284.7
580485
580496.9
581017
581140.4
581179.3
581206.7
581290.3
581338.3
581602.3
581642.9
581654.9
582236.1
582844.2
583347.8
584425.6
585434
585671.6
585682.6
585784.9
586088.4
586788
586803.7
586977.9
586994.2
587014.8
587024.8
589667.7
589673
589755.6
589780.1
590959.7
590988.7
591012.2
591044.4
591085
591134
591148.3
591215.1
591243.5
596289.5
596296.3
596396.5
596453.9
596975.2
