12656.2
12723.6
12840.3
12912.6
13046.7
13117.3
13126.2
13191
13225.8
13275.7
13295
13299.6
13302.1
13467.8
13503.8
13547.4
13628.8
13687.7
13732.1
13819.2
13887.5
13908.2
13937.4
14000.4
14221.1
14363.9
14395.7
14515.1
14701.1
14741.3
14775
14829.6
14841.9
14843.2
14849.3
14966.1
14992.9
15058.6
15083.5
15142.9
15187.8
15189.4
15231.1
15269
15322.7
15395.3
15397.1
15408
15459.8
15532.4
15540.4
15621.5
15657.9
15724.5
15777.5
15871
16604
23921.4
24312
24648.2
24649.7
26302
26447.6
26561.1
26621
26650.4
27026.7
27358.6
27841.7
27874.9
27997
28356.5
28538.6
28606.4
29144.2
38510.2
38846.7
40260.3
40266.1
40300.3
40428.1
40794.3
40797.9
40934
41074.5
58591.4
59712.3
59900.9
73958.9
79264.6
79396
80053.9
80157.5
80271.3
80355.1
80579.3
80614
80728.1
80735.1
80799.3
80887.6
81023.8
81123.4
81310
81410.5
81689.9
81925.4
81933.8
81939.6
81945.1
81967.3
82063.6
82219.7
82315.7
82583.6
82586.3
82736.2
82760.2
83529.8
83548.5
83855.5
83933.7
84354.9
84464
86521.3
86586.1
88640.2
89301.1
89593.9
89884.5
96596.1
100929.6
106332.5
106423.3
111040.8
162619.5
162635.5
162696.6
162864.7
162972.4
163189.4
163192.7
163253.8
163388.2
163585.8
163810.1
163868.3
163869.1
163881.6
164048.8
164167.7
164216.5
164280.7
164770.9
164830.4
164922.4
165530.1
166930.4
167155.5
168025.8
168035.5
168141.9
168157.2
168172.4
168290.7
168318.8
168357.4
168377.2
168388.5
168531.5
168557.6
168567.4
168597.9
168621.3
168636.1
168722.7
168755
168829.3
168870.4
168895.2
169025.3
169033.4
169080.8
169106.8
169178.3
169179.2
169317.2
169405.1
169406.2
169408.4
169414.1
169461.1
169523.8
169554
169579.7
169804
170051.9
170148.2
170688.4
172680.3
173308.1
173375
173397.1
173410.7
173506
173549.1
173693.8
173815.1
173889.3
174097.2
174108.7
174202.4
174318.2
174370
174371.6
174434.6
174511.3
174724.6
174910
185983
186556.5
186995.6
187014.2
187022.2
187099
187117.5
187166.8
187217.6
187322.9
187323.1
187450.3
187488.3
187580.3
187791.9
187818.9
187823.7
187894.1
188062.2
188099.9
188123.2
188130.5
188164.8
188299.3
188338.4
188504.7
188651.4
188716.5
188785.9
189011.7
189096.5
189125.4
189166.7
189379.5
189467.4
189688.5
189820.4
190187.3
190207.1
190221.4
190248.2
190269.5
190284.3
190338.4
190379.5
190430.7
190713.2
191511.5
219689.7
219962.8
220191.6
220388.1
220472
220484.2
220678.9
220681.9
220751.3
220880.5
220970.7
221034.3
221505.5
221621.9
221735.1
221883.6
222175.9
222203.7
222240.2
222379.3
222397.7
222407.4
222410.9
222470.3
222490.5
222597.5
222627.6
222633.5
222660.6
222669.2
222778.8
222779.5
222790.3
222793.9
222799.3
222902.7
222923.5
222954.6
222993.8
223028
223031.6
223034
223095.7
223267.2
223614.5
225095.4
225134.5
225395.9
226651
227630.8
227697.9
228472.4
228622.7
228967.6
229250.7
229254.2
229535.1
229621.6
229675
229709.4
229714.7
229730.7
229740.2
229906.4
229906.9
229919.2
229936.6
229975.1
230076.9
230085.4
230092.8
230098.1
230247
230252.3
230305.5
230432.6
230571
230602.7
230745.4
258466.1
259143.2
259481.8
259704.6
264178.3
268399.2
268576.7
268888.6
268991.8
269019.4
269100
269200.6
269213.3
269310.7
269314.9
269392.1
269478.8
269584.4
269682.4
269714.4
269875.3
270004.3
270105.6
270294.8
270438
270713.4
271268.5
271953.3
272373.2
278401.4
278498.4
278570.7
287845.9
288359.1
289340
291021.1
295244.2
296096.7
296931.2
297707.8
297853.9
297870.8
297943.9
297949.6
297985.9
297995.3
298030.1
298127.7
298286
298298.9
298305.5
298403.9
298464.6
298520.8
298555.2
298726.6
298773.3
298830
298873.6
299037.4
299042.1
299045.1
299065.4
299121.1
299193.9
299518.5
314767.5
317549.5
318396.6
319142.2
335168.5
335624.1
335636.4
335732.8
335745.1
335831.9
335842.4
335874.6
335936.5
335952.3
335957.8
336028.9
336079
336112.1
336125.6
336248.7
336254.8
336286.7
336297.3
336308.1
336402.2
336421.2
336430.5
336489.6
336569.8
336688.7
336731.6
336766.8
336839.4
336925.6
336964.8
336993.2
337267.8
337414.2
337440.3
337533.1
337540.6
337553.2
337876.2
337899.7
337954.8
338017.8
338092.7
338202
338320.3
338390.6
338444.4
338486
338534.5
338576.2
338623.1
338634.8
338678.3
338768
338874.7
338900.9
339045.1
339117.6
339244.6
339280.6
339292.1
339351.3
339373
339531.3
339700.5
339712.8
341568.6
341860.5
342390.8
342607.9
342854.6
342901.9
343139.7
343319.4
347166.5
347260.9
347266
347491.3
347723.6
347896.5
348373.3
348741.9
348753.4
348838.3
349002.3
349212.9
349255.5
349346.4
354825.8
365386.6
365624.7
366055.5
366119.8
366191.3
366263.3
366591.4
366718.8
366934.4
367025.3
367067.8
371856.6
371863.7
372281.7
421158.2
421413.7
421536.9
423307
423454.6
423551.9
423983.4
424104
424201.1
424538.9
424945.4
424970.7
425215.7
425240.3
425247.2
425395.9
425464.1
425554
425559.6
425562.8
425565.5
425585.1
425594.3
425628.5
425629
425629.3
425630.3
425661.8
425665.4
425764.7
425798
425827.6
425869.6
425872.3
425894.8
425914.7
426050.5
426053.4
426068.3
426068.8
426074.6
426092.4
426204.6
426222.8
426378.8
426385.6
426387.4
426388.5
426400.8
426594.5
426624.8
426657.7
426710.5
426738.9
426768.1
426772.2
426806.1
426891.7
426906.8
426977.1
426994.6
426996.9
427034.6
427074.2
427140.2
427265.2
427268
427293
427322.6
427337.5
427367.9
427390.5
427398.2
427454.9
427486.2
427513.4
427514
427551
427562.5
427729
427779.5
427968.6
428015.9
428293.9
428294.1
428330.7
429383.4
429388
445234.4
445815.8
446807.9
448766.4
448901.2
449124.9
449154.6
449155.6
449242
449276.7
449504.3
449509.4
449652.2
449852
450312.6
456844.6
456903.4
457143
457427.8
457554.6
457590.9
457615.3
457753.8
457799.6
457828.6
457930.1
458018.2
458100.4
458146.9
458172.2
458446.1
458452.5
458570.7
458682.5
458715.3
458940.2
459124.5
459643.4
459831.9
460028
460179.8
460278.2
460328
460369.8
460424
460529.9
461000.1
461665.5
461666.5
463867.8
463911.1
464020.8
464198.8
464308.2
465160.8
512586.5
513489.3
513522.9
513590.7
513811.4
513980
514027
514054.3
514173.6
514446.8
514612.2
514949.7
515107.3
515346.8
515522.1
515542.9
515638.5
515844.5
515958.2
516036.6
516341
516432.9
530193.7
530403.1
530927.9
532324.8
532378.9
532436.3
532527.5
532565.2
532576.7
532769.4
532842.9
532847.5
532849.6
532875.9
532959.9
533029.3
533093.5
533229.2
533521.7
534814.9
535004.2
535085.4
535115
535124.6
535317.8
535386.4
535402.5
535463.8
535606.7
535619.2
535700.6
535706
535731
535880.6
535880.9
535900.7
536079.6
536163.5
536236.3
536276.3
536384
536393.5
536483.6
536557
536579.4
536653.5
536679.7
536773.6
536780.1
536793.5
537111
537241.7
537443.4
537470.4
537670
537796.9
538047.6
538138.8
539228.3
539335.6
539498.8
539537.6
539652.4
539705.1
539706.2
539724.7
540523.2
540746.8
540924.2
548321.6
548339.4
548416.3
548620
548660
548738.2
548950.2
548958.7
549065.1
549070.4
549099.1
549100.7
549201.1
549297.5
549313.1
549390.6
549778.4
556921.2
561352.5
562084.4
563275.6
564356.6
567218.9
567378
567690.7
567758.5
568079.7
568270.9
568762.8
570431.2
570513
576317
576483.6
576523
576545.7
576723.6
576733.6
576750.7
576791.2
576818.7
576926.7
577062.4
577077.4
577135.5
577152
577161
577262
577343.4
577401.6
577409.1
577412.1
577416
577419.9
577420.4
577471.9
577484
577506.2
577511.9
577525.6
577554.7
577606.7
577642.5
577682.8
577715.2
577751.9
577805.8
577808.3
577840.3
578048.5
578357.1
579514.9
579546.4
579570
579636.7
579717.3
579847.3
579975.5
580183.7
580247.6
580330.6
580453.5
580461.7
580603.6
586403.3
586517.8
586903.8
586970.5
586972.4
586975.8
587032.2
587100.2
587122
587137.8
587246.5
587326.3
587517.3
587619.6
587662.1
587675.4
587717
587798.9
587825.6
587932.6
587969.5
587975.5
588477.1
588660.1
588969
589036.3
589145.1
589281.2
589285.9
589307.4
589369.4
589443.5
589624.1
589650.9
589732.6
589766.7
589773
589786.2
589830.7
589835.2
589852.8
589877.1
589960.3
590044.6
590097.1
590201.8
590222.6
590259.4
590563.3
590735.8
595943.1
596155.2
596168.1
