1576.9
1610.7
1869
2036.8
2156.1
2206
6789.5
6930.4
6949.3
7146.4
7225.7
7260
7273.1
7291
7328.2
7369.3
7375.5
7388.4
7625.7
7684.8
19085.9
19946.7
20051.1
20150
20163.9
20173.7
20220.2
20221.7
20305.8
20338.9
20378.9
20423.5
20499.4
34995.6
35047.7
35100.5
35150.4
35245.2
35253.2
35290.3
35320.4
35395.7
35425.2
35491.1
35496.8
35533.2
35557.7
35683.8
36166.2
49385.4
49677.6
49755.8
49968.1
50444.4
70198.6
70296.1
70305.2
70386
70437.2
70545.7
70677.3
70725.3
70725.9
70764.6
70824
70957.8
71047.2
71071
71176
71202.8
71257.4
71337.2
71341.6
71473
71483.9
71536.8
71642.9
71942.1
72030
72033.8
72036.9
72044.6
72058
72073
72661.6
72679.7
78142.3
78220.2
78230.5
78234.4
78301.4
79306.4
79395.3
80192.1
80439.7
80471.9
80582.3
80607.7
81928.5
82786.1
82805.8
83239.6
83510.7
84152.6
84241.1
84464.6
84503.7
84529.6
84618.3
84739.6
84819.2
85088.1
85132
85151.6
89010.5
89036.3
89310.9
89394.6
89475.5
89584.1
89657.3
89764.7
89844.8
89845.7
89871.4
89877.3
89897.9
89933.2
89947.8
89958
90091.7
90124.9
90137.9
90150.1
90162.6
90184.6
90303.3
90402.3
90424.4
90458
90483.3
90502.5
90510.2
90543
90555.2
90565.8
90604.1
91097.4
106199.6
106384.3
106414.7
106527.3
106682.5
106792.1
106970.1
107018.7
107021
107092.1
107107.3
107158.1
107176.7
107206.3
107230.6
107269.8
107279.4
107322
107392.8
107409.1
107411.6
107467.3
107528.9
107546.9
107721
110347.7
115560.2
115723.9
115763.9
115771.1
116031.5
116042.2
116080.5
116115.2
116140.8
116171.2
116311.1
116327.7
116328
116372.1
116524.1
116590
116604.9
116626.1
116654.9
116660.2
116668.6
116690.1
116742.3
116825.8
116826.5
116838
116840.4
116881.5
116884.1
117070.3
117124.4
117139.9
117172.1
117239.9
117248.6
117257.8
117308.3
117376.6
117400.8
117488
117623.1
117678.7
117738
117743
117767
117782.8
117787.4
117808.9
117828.9
117910.1
117944.5
117950.4
117962.9
171521.1
177140
183539.6
183782.9
183813.5
184004.9
184034.1
184066.2
184109.2
184133.8
184174
184227.4
184240.1
184300.5
184315.4
184467.7
184467.8
184474.4
184511.6
184587.2
184639.8
184749.3
184791.6
184795.7
184855
185046.8
185109.1
185126
185162
185206.3
185259.7
185273.7
185288.6
185557.2
185625.8
186278.6
186327
186580.7
186725.9
187031.8
187045.3
187099.9
187254.3
187432.2
210909.9
211379.2
211612.6
211642
211732.1
211767.5
211840.8
211928.9
211933.4
211934.9
211957.3
211995.7
212043.8
212175.6
212201.3
212247.1
212296.5
212311.5
212321.6
212368.1
212369.2
212496.4
212604.1
217091.6
217408.4
217468.8
217635
217890.4
217966.8
218028.8
218129.6
218142.5
218216.5
218262
218282.8
218295.8
218332.5
218334.9
218382.6
218424.3
218524.1
218536.1
218559
218567.6
218583.4
218594.4
218684.7
218763.6
218847.9
218892.9
218903.8
225000
225281.5
225400.2
225441.8
225515.2
225618.3
225640.5
225810.3
225929
225932.5
225986.5
228409.8
256288.1
256524.1
256532.6
256541.7
256545.3
256638.7
256651.2
257033.6
257053
257134.7
257190.3
257200.7
257540.5
257624.1
257790.4
257934.2
258010
258160.6
258286.9
258458.5
258501.5
258520.8
258557.4
258572.3
258597.6
258872.9
258954.4
258976.6
259029.9
259032.8
259039.3
259045.8
259051.4
259088.1
259204.7
259451.4
259455
259817.2
275791.1
276786.6
276854.6
283296.9
286959.7
287015.1
287068.7
287089.4
287120.4
287294.6
287453.4
287628.2
287719.5
287779
287907.8
287908.8
287933.9
287970.6
288020.4
288034.7
288074.8
288102.7
288106.7
288337.5
288356.7
288666.3
288779.5
288825.4
288888.3
288895.9
288993.1
289067.9
289112.9
289130.5
289154.6
289156
289164.9
289224.5
289236.7
289273.8
289401.7
289419.5
289439.1
289582.2
289582.9
289730.4
289807.1
289810
290030.6
290095.9
290180.9
290183
290213
290228.7
290291.4
290309.4
290358.6
290393
290523.4
290565.1
290609.1
290730.9
290740.1
290918.9
290949.6
290994.7
291041.2
291043.9
291061
291191.5
291193.2
291241.1
291269.4
291325.6
291380
291411
291476.1
291494.5
291547.4
291560.6
291590.3
291706
291917.7
291959.9
292040.2
292116.6
292198.3
292256.8
292341.2
292415
292451.9
292534.1
292551.6
292551.9
292694.7
292862.4
292872.2
292948.8
293032.8
293056.2
293080.6
293145.2
293164.1
293257.4
293269.1
293316.3
293392.2
293453.6
293467.2
293572.6
293576.3
293591.4
293716
293809.1
293819.9
293833
293939.4
293980.9
294012
294091.6
294137.8
294393.5
294491
294517
294527
294540.6
294566.1
294614.5
294711.8
294780.7
294876.1
294918.7
294933.8
294984.5
295019.5
295123.9
295163.3
295168.1
295181.7
295195.6
295199.6
295219.8
295228
295273.8
295292.3
295371.4
295471
295484.7
295608.5
295768.2
295785.7
297726.3
311673.6
311704.9
311762.6
311792.1
311801
311849
312351.3
312449.1
321441.3
321521.4
322161.4
322762.5
322853.7
322906.1
323017.8
323065.6
323242.1
323325.9
323400.9
323427.3
323454.8
323473.7
323555.2
323689.3
323728.8
323737.7
323762.8
323788.9
323851.1
323894.1
323949.2
323985.8
324013.8
324044.8
324056.2
324056.6
324155.4
324265.3
324336.2
324358.6
324437.2
324535.2
324536.7
324558.2
324581.4
324646.7
324659.9
324704.4
324735.9
324765.6
324792.8
324832.3
324966.6
324971.8
325073.9
325152.9
325173.7
325177.1
325190.7
325230.8
325261.1
325287.9
325540.2
333048.1
333420.9
333967.8
334309.7
334362.2
334681.4
334790.7
337157.9
337247.8
337441.3
343749.8
343830.6
344012.2
344090.9
344958.5
345457.9
345483.2
345935.6
345968.8
345992.1
346167.8
346321.1
346539.4
350110.1
353699.4
353799.8
353818.7
353836.8
353870.7
353872.8
354027.6
354035.2
354193.3
354337.6
354365.4
354468.4
354477.7
354484.3
354557.5
354592.1
354606.7
354692.2
354716.8
354808.2
354811.2
354933.1
355678.2
365917.8
365977.8
366194.8
366256.7
366618.4
366752.5
366827
367057.4
367247.3
367325.1
367482.4
367587.2
367693.8
367739.3
367765.3
367798.3
367818.4
367823.4
367864
367891.1
367942.6
367994.1
368157
368270.1
368324.4
368337.9
368352.7
368361.9
368581.6
368608.9
368779.2
368799.6
368810.9
368819.6
368886.5
368951.9
368957.1
368974.1
369030.3
369036.8
369081.9
369169.1
369190
369215.5
369222.9
369295.8
369362.1
369372.8
369387.5
369392.9
369577.5
369601.5
369657.7
369659.6
369659.8
369731.8
369790.3
369889.9
369932.2
369952.5
370028.4
370057.7
370058.3
370142.3
370196.1
370344.8
370347.3
370348.8
370373.9
370443.6
370479.2
370496.9
370509.7
370523
370545.7
370571.5
370587.6
370614.3
370649
370681.3
370685.2
370696.1
370704.2
370751.8
370852.4
370894.3
370912.6
371023.5
371040.5
371064.4
371096.6
371107.4
371145.1
371174.9
371181.5
371185.5
371193.2
371207.8
371239.8
371250.4
371312.6
371456.1
371472.6
371539.3
371624.4
371628.1
371655.8
371662.3
371666.6
371679
371887.2
371907.8
371964.4
371991.3
372066.8
372077.3
372162.3
372275.4
372281.1
372283.3
372377.5
372465.5
372523.9
372582.6
372595.9
372613.6
372619.3
372623
372722.1
372736.9
372941.6
373109.3
423203.6
423421.9
423576.6
423635.4
423726.5
423745.3
423924.8
423966.8
423989.8
424000.5
424021.7
424258.5
424273.7
424343.7
424358
424502.2
424529.6
424536.3
424562
424586.7
424734.7
424779
424788.9
424837.1
424863.8
424892.3
424938.5
424952.3
425041.2
425120.4
447053.7
447389.6
447705.2
448156
448249.7
448287.9
448293.7
448304.2
448467.2
453297.8
453491.2
453585.8
453679.6
453750
453775.3
453854.2
453880.8
453974.9
453998
454050.6
454081.9
454179
454212.4
454230.9
454321
454368.9
454397
454429.6
454435.7
454445.1
454446.3
454484
454498.5
454520
454625.4
454681.2
454731.8
454804.3
454854.8
454866.7
454954.3
455008.9
455154.7
455420.6
455532.6
455950.8
455962
456013.1
461209.5
461366.9
461572.3
461582.3
461590.1
461772.7
461795.7
461872
461942.2
462101.6
462116.2
462234.9
462245.4
462332.6
463831.2
464203.4
464229.4
514279.2
514392.3
514610.2
515013.2
515125.3
515179.5
515319.4
515535.8
515574.5
515642.4
516322.2
516333.5
516429.5
516557.5
516611.8
516678.4
516715.4
516805.3
517156.4
530772.4
530892.7
531825
535548.3
535871.6
536111.8
536644.1
536647.1
537006.2
537543.3
537616.9
537707.9
537993.3
538016.2
538089.7
538140.6
538233.5
538240.2
538254.7
538265.2
538298.6
538340
538425.8
538433.7
538477.6
538764.5
538772.6
538877.8
538882.9
538967.6
539511
539683.4
547945.7
550225.6
550239.5
550338.1
550547.1
550592.2
550740.6
550832.4
550911.7
550967.5
551175.3
551876.1
559705.4
559819.8
559879.5
561581.6
561728.9
562048.4
562911.5
563394
568225.5
568326
568332.7
568351.7
568507
568888.6
569020.6
569683.8
569771.2
569797.3
570022.5
570650.1
570827.3
570883.7
570936.9
578557
579171.7
580398.7
581571.6
581656.8
581762.8
581801.8
581949
582137.2
582423
582574.6
582643.9
582671.4
582724.4
582738.5
582844.4
582847.8
582851.6
582887.6
582947.9
583085.6
583107.9
583129
583239.9
583252.6
583362.1
583380.4
583433.2
583581
583706.3
583716.5
583772.7
583787.9
583795.3
583890.9
583965.3
583971.8
583972.4
583987.7
584081.4
584138.8
584139.8
584188
584228.2
584240.5
584364.1
584380.9
584387.3
584388.1
584577.4
584616.2
584673.7
584695.7
584827.5
584881.6
585138.5
585248.7
585316.6
585326
585331.8
585352.9
585363.1
585413.9
585514.5
585521.9
585568.2
585571.3
585588.6
585675.4
585699.6
585789
585821.5
585888.5
585924.5
586432.7
586561.4
588701.8
596935.1
597031.6
597447.1
597531.9
597538.2
597562.3
597675.2
597935.3
598303.5
598365.3
598437.8
598827.6
598884.9
598896.6
598908.7
598921.5
598947.7
598994
599003.1
599035.1
599050.6
599149.7
599493.5
599647.9
599652.7
599726.2
599953
