2114
2116.5
2122.9
2146.3
2204.8
2235.6
11009.4
11099
11113.3
11157.1
11356.9
11363.9
11429.1
11451.7
11463.8
11492.3
11556.6
11620
18935.1
19036.2
19165.9
19212.2
19224.9
19408.6
19658.5
19732.8
19750.7
20036.9
20038.1
20075.7
20235
20332.8
22405
22474.1
22651.8
22697.1
22817.2
22852.5
23069.9
23266.1
25050.5
26247.2
26554.3
34538.2
35030.7
35088.7
35110.7
35153.3
35210.2
35256.1
35382.2
35428.4
35445.3
35497.1
35563.1
35605.8
35662.5
35681.5
35686.1
35757.2
35777.7
39307.3
39757.6
40184
41229.7
41302.5
41309.9
43401.7
43418
43555.1
43576.6
43622.2
43630.1
43649.6
43654.6
43663
43665.4
43771.6
43785.2
43879.9
43888.5
43890.2
43890.7
43894.4
43907.6
43914.8
43946.7
44019.4
44056.6
44083.1
44127.9
44207
44367.1
44383.8
44803.7
44984.3
45074.5
48680
49103
49530
49902.1
49903.7
50056.4
50080.7
51285.8
52046.1
52373.3
52395.6
52400.7
52463
52522.3
52558.2
52622.8
52931.9
52936.2
53017
53118.6
53140.1
53174.9
53366.6
53404.2
53432.6
53438.8
53476.3
53491.2
53499.8
53556.1
53607.9
53757.3
53760.3
53999.5
54027.2
54052.7
54082.2
54171.3
54190.4
54254.6
54258.2
54320.5
54459.5
54543.4
54594.2
54603.1
54606
54620.9
54898.5
60434.5
63673.9
63680
63736
63870.5
63873.2
63973.9
63976.3
63987.2
63991.9
63992.8
64069.3
64108.4
64120.4
64188.7
64196.9
64270.4
64314.9
64315.6
64355.3
64359.5
64412
64451.1
64495.5
64533.8
64561.5
64614.6
64657.1
64667.3
64690.1
64733.7
64744.3
64808.6
64844.5
64903.8
64947.4
64983.8
65021.5
65174.5
65194.4
65290.8
65618.2
65668.5
67463.3
67760.4
68354.2
68501.3
68507.6
68605
68774.3
68843.7
68851.3
68859.7
70989
71685.7
71732.6
71861.3
71917.3
71987.9
71996.1
72088.7
72119.1
72135.2
72143.1
72159.8
72211.4
72222.6
72277.8
72294.8
72365.6
72421.9
72444.3
72453.7
72456.2
72467.4
72617.5
72643.5
72656.6
72667.2
72683.1
72714
72716
72763.6
72775.8
72777.9
72911.7
72947.5
72957.7
72974.8
72994.1
73030.6
73043.4
73059.2
73069.2
73089.1
73102.9
73283.9
73320.7
73384
73448
73502.3
73682.7
73683.7
73727.1
73740.9
73743.5
74468.7
78479.1
78582.1
79374.3
79426.3
79941
80137.4
80653.8
81191.6
83865.6
83934.2
84240.9
84307.2
84374.6
84589.3
89573.9
89679.2
89687.2
89729.3
89860.1
89861
89889.7
89896.3
89907.6
89925.8
89958.8
90029.9
90050.1
90054.8
90104.6
90527
90544.4
90653.1
92647
106443.6
106498
106834.7
106850
106924.6
107039.3
107051.6
107082.6
107101.4
107124.3
107275.7
107319.7
107388.2
107491.4
107619.2
107656.2
116473
117417.3
118789.2
119011.3
119023.6
119094.8
119266.9
119385.9
119399
119408.4
119474.3
119567.6
119689.5
119910.4
119915
119941.2
120038.5
120193.6
120354.9
124877.6
124956.7
124973.4
125110.8
125125.1
125553
125749
125876.7
125915.9
125943.7
125982.1
126019
126067.3
126231.2
126380.5
126474.3
127721.9
127803.1
132408.8
132465.9
133227.2
133537.2
134980.8
134996.7
135100.1
135543.6
135891.2
136273
136388.1
136938.6
136971.2
137212.9
137343.9
137381.4
137677.8
138258.4
138678.5
139170.1
139830.6
142808.9
156873.7
161260.5
161264.9
161293.7
161410.3
161414.7
161434.9
161435.8
179262.3
179514.3
179803.6
179891.5
179946.8
179980.2
180016.4
180046.3
180161.5
180171.9
180271.1
180331
180389.8
180416.9
180457.1
180491.6
180538.7
180656.3
180786.3
183852
184089.3
184248.1
184264.3
184330.1
184338.9
184347.1
184359
184488.4
184548
184677.6
184684.2
184882.7
184931.9
184959.1
185027.3
185027.8
185275.7
185518.6
185695.9
189488
189585.9
189586.1
190341.2
193000.1
193107.1
193698.5
193914.1
194296.1
194891.6
194961.1
194976.8
195169.9
195214.5
195332.6
195416.4
205653.9
206041.2
206908.4
207123.9
208039.9
208124.1
208287
208479.7
208483
208659.7
208741.9
208835.8
208874
208935.5
209167.8
209238.3
211696.6
211712.1
211913.7
212048
212137.4
212184.7
212316.5
212378.7
212406.7
212413.2
212428.8
212516.2
212519
212521.1
212546.1
212640
212644.3
212778.6
212985.3
213032.6
217966.1
217970
218039.2
218097.9
218151.6
218178.9
218239.6
218251.9
218399.2
218421.3
218558.6
218713.7
218783.7
218819.9
218912.4
218996.4
219002
219087.9
219128.9
219140.5
219164.2
219244.2
219450.7
219490.9
219522
219694
224967.9
225053.3
225057.1
225215.8
225323.5
225323.9
225466.1
225579.2
225705.8
225860.8
230763.8
231742.8
231924.5
231988.7
232093.7
232189.8
232273.5
232277.6
232314.4
232407.8
232440.6
232441.7
232461.3
232464.1
232505.7
232544.4
232656.6
232758.4
232761.6
232763.7
232790.4
232799.2
232829.8
232961.6
232988.6
233026.8
233078.8
233091.2
233092.8
233153.3
233236.8
233303.3
233342.9
233349.2
233404
233424.7
233525.7
233581.8
233703.9
233735.4
233736.4
233804.8
233839
233906.8
233939
233957.9
233961.3
243217.6
243678.3
243701.9
243938.3
243952.6
244057.7
244059.3
244081.2
244099.2
244178.8
244229.6
244237.9
244242.7
244277.6
244324.2
244378.3
244405.3
244592.1
244598.3
244631.7
244686.4
244722
244741
244832.5
244887.9
244930.9
245001.3
245107.7
245118
245209.6
245234.2
245256.6
245303.4
245416.6
245484.5
245500.9
245566.4
245690.1
245783.6
245786.8
245847.1
245868.8
245888.2
245931.2
245945.7
246084.3
246113.5
246127.2
246148
246217.7
246243.7
246360.2
246376.8
246418.1
246450.5
246482.5
246530.4
246580.3
246587.7
246590.2
246635.2
246637.6
246643
246678.8
246719.4
246746.2
246758.4
247751.5
248739.3
248745.3
249384
249487.5
249629.7
249678.6
249722.9
250174.5
256007.5
256582.1
256638.4
256819.4
256839.1
256902.6
257071.2
257195.9
257270.2
257348.5
257382.4
257571.1
257577.4
257788.5
257823.5
257892.2
258184.2
258209.2
258245.9
258636.7
258638.8
258748.1
258771.5
258954.2
259035.1
259043.4
259063.8
259113.8
259135.7
259209.4
259248.1
259250.2
259299.6
259312
259354
259451.3
259479.1
259488
259529.8
268132.1
268229.8
268295.9
268392.5
268512.4
268947.6
272908.5
273114.4
273126.5
273165
273206.8
273299.8
273307.2
273313.6
273388.7
273430.4
273477.4
273517.5
273575.6
273754.4
273839.8
273841.1
273857.4
273961
273965.5
273983
273993.4
274162.9
276054.6
276486.4
276514
279986.2
280858.2
280935.4
281081.1
281096
281138.2
281143.2
281154.3
281172.1
281311.4
281511.6
281632.9
287039
287160.1
287187.2
287210.8
287222.9
287358.8
287365.8
287380
287555.6
287572.1
287698.8
287849.4
287954
288021.8
288049.2
288062.2
288063.5
288083.9
288104.5
288109.3
288125.3
288215
288215.1
288246.5
288253.4
288286.3
288324.2
288346.8
288363.7
288378.2
288395.9
288398.4
288456.3
288494
288622.8
288690
288862.4
289172.8
289206.9
289231.6
289440.7
289497.2
289524.9
289935
289937.9
289947.1
289994.8
290052.7
290170.2
290215.1
290266.1
290476.3
290499.8
290576.9
290588.7
290627.7
290661.3
290740.1
290800.8
290849.3
290964.5
291079.5
291106.2
291232.4
291595
291626
291782.7
291976.3
292018.3
292034.8
292117.5
292261.9
292322.1
292339.9
292433
292513.4
292746.1
292785.6
292854.3
292893.3
292922
293131.1
293145.3
293167.7
293173.5
293246.3
293570.5
293624.3
294000.4
294142.1
294186.8
294246.6
294277.7
294346
294494
294524.1
294546.7
294566.5
294681.9
294751.7
294798.5
294813
294828.7
294963.3
295007
295057.8
295113.3
295159.3
295304.6
295363.5
299180.5
303341.2
303491.3
303502.5
303559.3
303697.9
303819.6
303923.2
303967.3
304007.6
304114.6
305506.6
305716.5
305847.1
309374.2
309422.4
310138.6
310146.4
310162.6
310429
310664.3
311649.9
311758.9
311845.3
311883.9
311890.7
311937.6
311964.1
311975.9
311991.2
312106.1
312135.6
312161.5
312188.9
312191.7
312305.5
312449.1
312511.6
312536.5
312609.9
321635
322396.3
322871.7
323125.7
323238.9
323292.6
323296.5
323306.4
323366.8
323391.6
323549.7
323563.6
323564
323681.9
323839.6
323867.2
323943.8
324035.4
324059.9
324098.7
324121.3
324150.8
324205
324489.8
324510.5
324531.8
324726.1
324742.4
324817.4
324836.4
324876.3
324893.3
325064.3
327368.6
328066.1
328275.5
329331.6
329400.6
329478.6
329590
329590.2
329601.8
329641.3
329645
329682.5
329775.2
329948.8
329975.5
330049.5
330067.6
330158.9
330573.4
330753.9
331065.7
331457.1
333408.5
333661.4
333696.1
334441.3
337742.8
337797.1
342424
343579.2
343592.8
343817.1
343854.6
344071.5
344107.4
344151.5
344226.8
344336.3
344455.9
344801
344847.1
344921.7
345130.9
345151.4
345178.2
345283.2
345527.3
345562.4
345575
345578.8
345589.8
345616.1
345756
345784.2
345785.9
345823.1
345835.5
345846.9
345853.7
345939.1
346086.4
346094.6
346113.4
346165.4
346224.1
346249.2
346268
346319
346356.7
346366.1
346429.5
346521.3
346599.4
353401
353688.5
353690.8
353751.9
353752
353803.5
353869.5
353954.9
354008.3
354015.6
354159.4
354263.3
354267.5
354301.7
354334
354368.7
354465.2
354467.4
354511.4
354514.6
354547.8
354574.1
354659
366473.3
367536.4
367662.4
367721.6
367763.9
367807.3
367933.4
368022.5
368064.1
368083.2
368230.6
368273.7
368355.5
368369.2
368443.4
368462.8
368519.1
368527.1
368533.1
368591
368603.2
368674.8
368721.1
368730
368780.7
368800.4
368830.2
369042.5
369074
369173.5
369189.5
369210.7
369216.4
369319.8
369475.5
369616.2
369687
369739.5
369824.2
369950.6
370020.8
370027.3
370049.6
370124
370139.9
370149.2
370150.2
370154.6
370165.4
370186.9
370193.4
370204
370257
370265.2
370292.6
370313.1
370482.7
370496.4
370530.6
370560.7
370562.1
370581.4
370596.9
370600.2
370601.5
370616.4
370670.6
370695.4
370779.1
370781.8
370864.6
371031.9
371158.1
371165.4
371180.8
371191.4
371263.1
371300.7
371303.9
371436.3
371481.7
371493.7
371559.4
371653.8
371686
371766.2
371812.4
371813.4
371834.2
371896.5
371905.7
371934.3
371943.8
371961.5
372017.1
372092.8
372096.4
372166.6
372356.1
372378.5
372429.1
372462.5
372464.2
372465.3
372503.2
372529.8
372550.3
372628.2
372816.7
372862.8
374089.7
374316
374446.8
374449.8
374522.6
374613.9
374743.5
374775.9
374785.1
374892.2
374937.6
374950.7
374958.1
375081.9
375117.6
375212.4
375221.5
375242.2
375289.9
375397.2
375411.6
375577.5
377349
379563.2
392680
396640.7
396684
396835.5
396871.7
396917.8
396956.8
396970.3
397067.7
397078.1
397103.9
397114.5
397124.8
397251.4
397380.4
397404.2
397572.4
397599.2
397633.7
397642.2
397789.9
397926.2
397980.1
398080.2
398350.7
398537.3
398593.3
403442.2
404395.8
413918.8
417283.2
418129.5
418344.2
418504.1
418990.4
419009.4
419405.4
419535.8
423599
423829.9
423850.9
423890.4
424023.5
424085.6
424124
424372.9
424384.9
424503.9
424541.8
424603.5
424616.7
424635.1
424677.5
424691.8
424767.7
424770.9
424873.4
424915
424947.8
425009.8
429962.9
430395.5
430406.7
430483.9
430554.4
430759.5
430921.8
431566.8
432572.6
433032.6
434290.2
434776.8
434807.6
435259.1
435878.2
436500.9
436644.2
436749.7
437699.8
437970.9
438305.8
438420.9
438728.5
438748.3
439490.5
440194.9
440323.2
440415.2
440456.2
440460
440662.7
440671.1
440815.7
440876.3
440905
441111.5
441200.4
441354.1
441379.1
441423.4
441428.7
441441.1
441487.8
441504.2
441565.1
441743.8
441759.7
441798.4
441867.8
441904.4
441990.3
442146.4
442196.2
442282
442414.8
442437.7
442781.5
443021.9
443195.2
443260.8
443372
443417.8
443727.5
443738.9
443879.2
443978.5
444410.3
444753.1
448379
448489.2
448530.7
448635
449613.3
449777.3
450927.8
451224
453825.8
453848.3
454573.3
454759.1
454768.3
454770.8
454830.7
454926.4
455247.7
455375.5
455476.2
455620.6
455630
455835.1
455869.8
456136.1
458957.9
460882.1
461579
461922.1
462268.7
462481.2
464014.1
464153.2
467564.6
468090.8
468107.6
468261.2
468399.1
468418.6
468680.6
468692.8
468866.8
469365.9
469421.5
469449.1
469466.7
469607.9
469615.8
469669.2
469740.7
469857.9
469988.6
470033.4
470052.9
470111.5
470306.6
470562
470582.9
470607.8
470626.8
470936.7
470981.5
471095.1
471242.1
471347.1
471588
472065.4
474627.5
477333.7
478490.6
479057.1
479123.8
479281.2
479578.2
479612.3
479643.8
480097
480898.3
482484.1
482494.4
482514.7
482744.2
482857.3
482899.9
483028.4
483037.8
483165.8
483166.8
483216.7
483227
483349.1
483463.3
483501.9
483514.4
483539.8
483563.5
483618.2
483624.4
483640.8
483664.3
483664.5
483692.3
483744.4
483835.5
483893.8
483895.1
483901.9
483910.9
483924.9
483937.3
484020.1
484059
484073.6
484083.8
484086.7
484106.8
484298.1
484377.9
484504.2
484763.7
484880.8
484933.3
496005.5
502737.7
509158.9
510412.5
511143.1
511417.1
511679
514254.9
515209.3
516079.9
516499.3
516816.2
516936.5
516981.8
525365.9
525628.8
525768.8
525901.9
525912.8
526108.2
526311.3
526354.5
526360.9
526408.3
526467.2
526510.9
526513.4
526572.4
526594.3
526613
526681
526706.2
526721
526812.2
526849.3
527053.8
527143.1
527145.3
527222.1
527225.1
527282
527286.6
527315.2
527343.9
527418.4
527419.5
527486
527514.7
527531.5
527969
528081.5
530630.8
531906.5
532044.6
535733.8
536064.5
536814
537529.3
537628.3
537665.3
537964.5
538001.6
538104.1
538143.8
538276.5
538498.4
538507.4
538581.2
538592.6
538662.2
538896.7
538933.5
538983
538989.6
539008.2
539022.3
539028.2
539069.8
539188
539569.1
549912
550412.7
550575.3
550639
550669.3
550751.7
550828.8
550919.7
550934.8
550959.9
550969.3
551650
551937.9
559180
559204.9
559287.9
559353.1
559376.5
559389.5
559439.5
559520.7
559598.6
559858.5
559967.8
560427.2
561054.4
561424.4
561468.6
561868.5
561919.2
562415.3
562517.8
562959.9
563371.8
563884.3
565842.6
568299.9
568774.8
568815
569623.3
569666.3
570753.2
578530.3
578593.5
579481.7
581654.8
582204.6
582390.6
582542
582549.2
582566.4
582577.8
582619.1
582747.7
582780.6
582852.8
582854.8
582870.4
582940.3
582959.5
582960.2
582966.6
583106.6
583150.7
583161.5
583177.8
583278.5
583322
583474.2
583561.8
583639.2
583797.3
583890.8
583962.3
584002
584029.1
584078.8
584093
584103.7
584151.5
584160.3
584186
584261.2
584298.9
584332.5
584339.1
584342.7
584343
584345.2
584359.3
584372.7
584439.7
584445.6
584448.2
584558.5
584565.7
584594
584687.6
584718.5
584722.8
584811
584825.1
584883.3
584975.2
584999.6
585012.2
585062.6
585082.6
585098.1
585124.8
585177.9
585304.1
585321.4
585336.2
585470.2
585489.4
585518.2
585540.8
585575.9
585582.1
585597
585629.5
585905.9
586157.6
586223.9
586391.9
586650.9
591787.8
593250.6
593258.2
593345
594419.5
594674.3
594721.3
595104.6
595137.5
596707.8
596766.6
597011.1
597122.6
597171.3
597258.1
597305.2
597328.9
597391.4
597436
597460.3
597490.3
597499.2
597636.4
597731.4
597740.4
597742.4
597769.3
597926.5
597966.7
598004.1
598010.5
598044.7
598053.8
598063.9
598127.5
598187.1
598200.9
598223.3
598265.5
598275.6
598317.8
598367.2
598399.7
598522.9
598558.3
598580.7
598706.4
598778.8
598856.2
598872
598898.2
598912.9
598952.8
598958.9
598990
599070.2
599079.2
599090
599167
599225.8
599362.3
599474.6
599510.3
599529.4
599582.5
599759.7
599821.7
599929
