8335.2
10249.4
10651.3
10749.8
12784.1
12875.2
12896.7
12924
12963.3
12984.4
13000.3
13068.3
13136.6
13227.7
13812.2
15406.5
16375.1
19257.7
20659.5
20745.4
21524.2
22753
23128.4
23194.3
23224.9
23258.7
24287.4
24399.2
24429.5
24482.5
24517
24554
24677.6
24740.9
24799.1
24988.6
25201.3
27199
27791.9
28467.9
28500.3
28530.7
28678.8
28727.2
28747.9
28907.3
28977.4
28987.6
29082.4
29120.5
29774.3
29785.6
30117.8
30881.6
35834.4
35960
38880
40511
41557.9
41630.7
41677.8
41761.8
41764.6
41831
41858.9
41912.3
42014
42669.7
42794.9
42812.6
42854.8
42896.2
43002.8
43046.9
43077.6
43146.5
43192.7
43319
43368.5
43400.5
43429.4
50161.1
50584.1
50628.2
50688.5
50788.4
50791.7
51885.5
52123.4
54327.5
54960
55125.8
55131.6
55148.6
55186.2
55204.6
55255.8
55313.3
55349.5
56062.2
57156.3
57193.6
57209.3
57240.1
57252.2
57281.4
57369.5
57370
57390.8
57550.3
57707.2
58850.3
60161.7
60203.7
60280
60340.2
60373.9
60523.9
60545.2
61718.6
61752.9
61895.5
65291.7
65359.3
65633.5
65677.7
65691
65709.2
65840.7
66030.2
66264.3
66437.4
66725.9
67057.4
67066.8
67082.9
67157.2
67182
67184.4
67233.7
67279.6
67308.1
67311.1
67324.9
67327.1
67356.8
67358.6
67412.6
67430.1
67458.3
67478.8
67575.5
67582.7
67670.2
67731.7
67979.3
68055.1
68084.9
68192.3
68284.4
68327.5
68345.7
68438.5
68446
71996.1
72153.6
72193
72354.5
72393.6
72416.6
72517.9
72525.9
72621.8
72624.7
72640.8
72667.3
73190.9
73252.8
73359.7
73486.3
73630.1
75296.5
78275.3
78364
78366.3
78418.2
78420.7
78436.7
78441.5
78474.1
78537.9
78605.7
78759.8
78847.9
78861.9
78880.7
79055.8
79078
79080.7
79082.9
79129.2
79183.5
79194.1
79200
79316.1
79367
79391.9
79420.1
79439.1
79514.1
79592.3
79615.7
79622.4
79697.4
79715.7
79822.5
79896.5
79900
79913.2
79991.9
80111.6
80154.5
80159.8
80172.3
80392.5
80532.9
81252
82722.4
83134.6
83258.8
83409.9
83490.4
83830.7
83872.8
83951
84028.8
84157
84163.9
84191.9
84223.4
84417.9
84627.5
87999.2
88372
88684.4
89368.1
90918.1
90988.2
90998.3
91015.1
91027.3
91136.9
91198
104293.3
105735.3
105759.6
105839.1
105945.4
105952.1
105990.8
105991.1
106039.3
106104.3
106197.3
106204.4
106389.4
106393.7
107678.4
108888.9
110203.1
111468.6
111553.8
111613.7
111787.7
112025.4
118190.5
118289.9
118318.9
118495.8
120389
120780.5
120780.6
120828.7
120932.8
120966.2
120976.4
120993.6
121030.1
121226.1
121270.4
121275.8
121299.4
121427.4
121874.4
121898.3
122234.5
122315
122697.1
123046.1
123302.4
123413
124168.5
124208.7
124213.2
124236.3
124331.2
124385.8
124456.3
124485.7
124604.4
124630.9
131343.2
131412.5
131423.5
131457.5
131549.9
131613.3
131627.9
131862.9
132012.8
132139
132185.5
132264.5
132430.9
132443.1
132544.5
132661.5
132662.2
132767.9
132843.1
132883.4
132888.8
133028.9
133033.7
133095
133233.9
133349.4
133356.7
133368.8
133453.4
133567.5
134119.4
134160.4
134333.1
134496
134537
137194.4
137973.2
138711
140769.7
142624
143036.5
143106.2
143180.3
143247.3
143412.6
161418.3
161490.9
161651.2
161721.3
161755
161784.6
163243
163451.4
163527.9
163544.2
163690.5
163728.5
163802.3
163803.5
163811.2
163819.9
163966.4
164062.8
164088.1
164098.4
164231.8
164256.5
164279.3
166853.4
167692.1
168141.9
168166.3
168238.4
168251.1
168315.3
168411.3
168566.9
168598.4
168666.3
168687.6
172493.5
172539
172635.6
172672.5
172674.3
172711
172766.6
172907.4
173743
173795.4
173901.4
174186.4
174192.6
174377.1
175994.7
176060.3
176394.5
176454.6
176467.5
176473.8
176678.4
176793.4
176859.2
176866.1
176939.4
177003.5
177051.5
177092.4
177138.4
177205.7
177215.9
177216.4
177229.1
177354.4
177389.2
177447.4
177472.8
177477.2
177542.2
183438.9
185149.4
185305.1
185348.2
185426
185582.8
185824.4
185835.2
185949.8
185980.4
185993.2
186031.1
186078.9
186148.3
186189.4
186244.4
186284.5
186298.3
186300.2
186325.3
186340.4
186392
186454.3
186483.7
186492.9
186582.5
186589.7
186646.2
186691.2
186784.2
186862.1
186917.8
187349.9
187854.3
187855.3
187936.2
188131.4
188153.3
188183.8
188219
188376.2
188476.5
188552.6
188566.6
188629.1
188631.9
189626.9
190517.6
191054.8
193825
193841.7
193868.8
193870
193889.9
193953
194023.7
194070.2
194090.1
194135
194236.3
194686.4
194694.5
194699.2
194854.4
194898.1
194906.9
194921.3
194936.3
194940
194965.2
195053
195068.3
195489.1
195498
195751.6
195917.5
195918.6
196062.6
196084.3
196085.6
196090
196226.7
197340
197385.3
203109.2
204146.5
204161.8
204407.1
206556.1
207490.1
209074.9
210453.3
210541.8
210610
210671.8
210689.1
210730.5
210760.2
210872.5
210893
210939.2
211107.1
211319.4
211363
211530.2
212585.4
212598.8
212611.5
212670.7
212787.7
212799.5
212812.7
212824.9
212898.8
212902.1
212934.6
219075.8
219163.1
219218.8
219227.7
219270.2
219330.7
219428.8
219465.6
221190.1
221326.2
221339.1
221382.5
221477.4
221591.9
221602.2
221653.1
221654.3
221684.3
223991.1
224173.9
224217.3
224273
224282
224287.1
224430.2
224432.7
224548.5
224557.7
224643.4
224797.6
224814.4
224829.6
224923.6
225770.9
225893.1
225925.1
225926.6
226020.3
226036.8
226052
226096.6
226123.6
228580.8
228745.9
230385.7
232586.2
234164.9
234224.7
234298.3
234366.7
234433.7
234466.1
234469.3
234491.5
234524.9
234552.9
234594.9
234631.1
234651.1
234690.7
234742.1
234751.6
234755.2
234798.4
234849.7
234904.8
234942.6
234959.7
235006.8
235032.4
235088.7
235113.4
235132.9
235150.6
235201.9
235202.2
235327.3
235341.1
235532.3
235549.2
235744.3
235844.3
235847.3
235847.5
235892.9
236086.2
236174.3
236313.3
236355.2
236489
236522.7
236569.6
236730.7
236809.7
236907.5
236919
236974.6
236998.9
237013.9
237017.8
237030.6
237048.8
237112
237133.2
237341.6
237408.6
237553.5
237555.7
237597.8
237660
237661.4
237666.8
237782.5
237834.6
237855.3
237935.5
237937.7
237940.5
237947.7
238029.2
238039.5
238047.1
238061.7
238076.1
238195.3
238276.9
238282.1
238288.3
238361.1
238384.8
238413.4
238452.1
238485.6
238583.9
238585.8
238622.4
238636.7
238666.9
238739
238850.6
239115.7
241890.1
245756
246985.8
247070.2
247302.5
247333
247341.7
247359.8
247543.7
247598.2
247928.3
247933.4
248066
248108.9
248199.4
248250.5
248257.8
249584.4
249707.4
250019.9
250063
250140.3
250160.7
251541.1
251559.7
259794.3
263953.5
264011
264016.5
264025.4
264073.7
264114.5
264294.1
268451.4
272798.1
272884.5
272887.2
272918.9
274689
275224.2
275237.1
275290.8
275295.7
275325.2
275367.2
275406.7
275493.4
275633.1
275641.2
275793.4
276499.2
276995.4
277025.1
277051.6
277160.3
277169.2
277377.5
277419.7
277578
277601.1
277705.6
277761.2
277793.9
277824.9
278044.5
288263
288274.3
288296.8
288467.7
289097.8
289274.7
289335.3
289496.4
289821.3
289923
290023
290189.4
291872.3
293120
293612.8
293635.5
293680.3
293797.5
294985.5
295015.5
295433
295459.4
295462.9
295482.8
295492.4
295528
295535.5
295540.4
295637.4
295654.8
295705.5
295709.9
295844.5
296001.5
300522.9
300608.9
300726.6
300745.8
300843.5
301032.7
303221.2
303250.9
303298.3
304117.6
304162.7
304269.3
304319.2
304463.6
304618.5
304885.4
304898
305275
305814.8
305828.8
306192.2
306234.1
306243.6
306251
306264
306338
306441.1
311049.9
311092.5
311193.4
311196
312145.8
312192.6
312414.4
312622.9
312641.4
313896.4
314130.1
314252.8
314446.3
314550.5
314662.8
314680.1
314902.9
315336.1
315380.9
315409.6
323494.5
325560.9
325584.5
325617.9
325710.9
325764.1
325764.5
325782.5
325794.6
325839.8
325857
325873.4
326902.7
327085
327114.6
327152.4
327515.2
327861.3
327987.7
328465.3
328615.1
329060.1
329300.9
330097
330353.8
330377.5
330437.2
330437.4
330608.9
330614.7
330654.6
330759.8
330769.2
330803.3
330917.2
330959.3
331097.4
331109.8
331178.9
331180.2
331188.8
331228.2
331234.8
331359
331448.1
331493.5
331506.9
331541.8
331558.4
331571.3
331632.2
331738.1
331796.7
331804.5
331806.7
332566.4
332671
332694.6
332694.7
332879.6
333004.8
333097.8
333116.2
333147.8
333162.8
333207
333624.5
335590.8
335680.8
335714.1
335775.2
335818
335987.3
336069.1
336138.4
336188.1
336237.2
336294
336410.8
336608
336694.8
339488.8
339707.2
339762.7
339816.4
339829.7
339887.1
339892.5
340063.8
340072.3
340106.8
340179.1
340222.8
340231.8
340275.4
340332.6
340351.8
340402.2
340404.9
340502
340758.2
340767
340829
340849
340884.1
341015.1
341258.4
341749.1
345816.7
345828.6
347994.8
348240.7
348502.4
348600.2
349434.4
349662.9
349679.9
349680.8
349732.2
349837.9
349853
349874.2
349876.8
350022
350065.7
350066.7
350101.8
350124.1
350160.2
350296.1
350302.3
350333.4
350454.9
350536.8
350559
350609.4
350795.9
350885.9
355095.4
365365.1
365462.2
365483.3
365510.5
365523.1
365671.7
365729.9
365956.6
365996
366038.4
366127.6
366153
366253.7
366304.4
366313.2
366433
366439.6
366527.7
366570.7
366662.7
366731.1
366821.9
366923.9
366956.5
367028.9
367119.8
367131
367144.5
367149.9
367152.9
367190.7
367224.6
367279.2
367318.5
367335.5
367424.6
367464
367464.6
367490.6
367530.6
367559.2
367670.4
367677.1
367725.8
367819.7
369167
372891.1
372932.7
373004.9
373091.8
373101.1
375728.8
375799.3
375802
375872.8
375977.9
376106.7
376202
376469.9
376742.3
376888.1
377433.3
378409.4
378677.9
378898.6
378923.7
378980.1
378980.6
379083.1
379161.5
379244.4
379267.1
379268
379303.7
379440.7
379489.6
379521.8
379643.7
379768.7
379769.3
379787.3
379855.8
380843.8
381077
381165.6
382180.6
383007.6
383361.1
389638.2
389857.4
390095.8
390170.3
390422.5
390431.1
390452.6
390577.9
390801
390939.6
391203.1
392151.8
392183.9
392227.6
392395.8
392597.3
393273.5
393378.4
393443.6
393608.1
394805.4
396111.4
398906.4
399006.5
399047.7
399137
399286.2
399376.8
399418
399434.5
399452.7
399586.7
399685.9
400150.5
400240.9
400542.8
402408.6
405254.7
405716.2
412382.3
412829.6
412851.3
413055.1
413095.8
413185.4
413239.7
413306.7
413312.5
413318.7
413329
413368.7
413377.1
413390.2
413402.2
413417
413429.5
413438.3
413460.6
413506.1
413549.5
413591.1
413627.7
413788.2
414076.3
414077.4
414160.8
414207.9
414429.8
414501.6
414551
414559.7
414580.9
414609.3
414636.5
414643.4
414721.4
414798.8
414818.2
414873.9
414927.3
414979.2
415254.9
415341.2
415417.8
415513.1
415549.6
415571.7
415647.7
415649.2
415657.1
415666.7
415852.2
415917.1
416257.9
416336.2
416494.5
416629.5
416722
417032.2
417158.8
417176.6
417264.2
417372.3
417401.7
417550.2
417583
417686.8
417738.2
417961.1
418096.8
418236.4
418300.9
418438.8
418508.3
418695.2
421429
422605.9
422691.3
422990.1
425520.9
425709.9
425779.8
425807.4
425828.9
425836.9
425916.4
425946.4
425988.2
426002.8
426013.3
426052.7
426064.7
426079.7
426116
426172.1
426176
426211
426220.3
426225.6
426239.9
426287.1
426300
426318.6
426398.9
426406.8
426421.4
426448.2
426456.9
426484.8
426529.1
426537.7
426540.6
426603.1
426633.2
427849.5
427871.1
427892.9
429965.7
430084.3
430969.8
431024.6
431200.8
431696.8
431897.9
432010.6
432030.6
432068.1
432088.1
432205.4
432267.1
432286.6
432302.9
432366.2
432388.7
432393.5
432474.6
432529.3
432624.3
432717.3
432729.5
432765.2
432816.1
432861.3
433143.4
433251.5
433494.7
433523.5
433543.9
433576.1
433770.4
433993.1
434011.1
434040.2
434197.9
434203.8
434316.7
434317.9
434336.8
434480.6
434546.6
434575.4
434580.5
434695.9
434807.8
434809.3
434904.6
435125.8
435162.4
435219.1
435322.3
435518.1
435595.7
435648.2
435746.8
435773.2
435840.3
435877.9
436031.3
436087.5
436210.5
436294.7
436300.4
436346.2
436404.3
436406.3
436480.2
436611.9
436736.3
437159.1
437412.3
437419.5
437466.2
437528.3
437532.8
437565.9
437580.8
437712.1
438043
438169.5
438297.4
438732.2
439230.7
439244.6
439297.9
439356.7
439494.9
439532.3
439547.6
439803.7
439878
440070.9
441849.5
442100.8
442225.1
442333
442412.3
442494.3
442662.3
442722.5
442722.8
442816.5
442982.8
443064
443109.2
443118.7
443241.4
443384.6
443509.9
443554.9
443631.5
443660.2
443857.9
443914.3
444032.4
444093.6
444185.5
444258.3
444327.7
444414.1
444486.5
444521.4
444658.1
444890.9
445164.4
446525
446734.1
446791.2
446857.1
446859.1
446900.4
446985.4
447005.9
447059.1
447144.7
447171.3
447192.5
447353.1
447585.9
449076.8
450404.9
450506
450603.8
450605
450615.7
451136.1
451284.7
457085.4
457685.6
459484.4
459508.9
459630.8
459660.1
459740.3
460677.6
460678.6
460709.5
460867.4
461038
461081.4
461158.2
461186.6
461210.7
461213.2
461229.8
461240.5
461248.9
461294.4
461357.6
461369.9
461393.2
461429.9
461447.2
461465.5
461564.2
461697.6
461851
462089.3
462119.9
462244.7
462245.7
462297.6
462362.9
462447
463607.7
463683
463721.5
463770.1
463795
464441.1
464562.9
464643.2
464733.4
464800.2
464863.7
465029.7
465044.7
465229.7
467259.1
467273
467410.2
467436.4
467470.4
467510.5
467538
467541
467579
467618
467620.1
467636.4
467701.9
467724.1
467727.5
467740.1
467764.6
467785.3
467871.5
471325.8
471357.6
471864.9
471926.5
471989.7
472073.9
472358.8
472442.8
472474.6
472509.5
472515.5
472519.5
472555.5
472559.3
472827.6
472939.7
473006.4
473121.8
473124
473191.3
473200.7
473294.2
473504.8
473544.6
473553.4
473750.4
473818.1
473837.5
473961.9
474198.6
474240.5
474246.6
474294.3
474299.8
474317
474332.2
474617.1
485039.6
485046.6
485216.8
485324.6
485404.9
485425.3
485477.1
485570.2
485576
485605.3
485686.9
485713.9
485742.1
485770.1
485792.9
485838.6
485939.1
485947.9
485975.6
485985.4
486039.7
486080.9
486172.5
486277.1
486438
486551.8
486575.8
487436.2
487725.7
487932.8
488349.7
488594.2
488637.3
488679.7
488837.9
490389.2
490486.2
490716.6
490817.2
490965
491145.7
491345.5
491459.5
491670.8
492089.7
492744.4
493550.3
493640.6
493649.3
494014.2
494098.2
494251.3
494566.6
494950
494972.7
494981.9
495076.9
495242.5
495386.8
495659.8
496269.4
496471.3
496497.4
496696.2
496925.8
497442
497804.7
498145
498155.9
498202.8
498575.3
498800.9
499816.6
500552.4
500803.3
500991.4
501182.5
501318.6
501454.1
501624.6
502008.5
502204.9
502475.6
502539.6
503492.4
503520.9
503566
503742.9
503885
504109.7
504376.6
504963.7
504995.4
506113.2
506838.8
506947.1
506987.3
507064.3
508138.3
512163.7
517130.8
517283.8
517454.4
517475.4
517500.9
526903.2
527701.8
527763
529129.4
529216.7
529310.3
529670.3
530748.1
531141.3
531203.4
531288.9
531343.2
531369.5
531382.5
531392.8
531556.2
533387.9
534146.9
534163.2
534557.3
534617.1
534630.7
537314.7
537512.6
537513.6
537655.4
537718.1
537723.6
537744.2
537841.9
537935.7
537936.8
538014.3
538105.4
538162.3
538244.8
538248.3
538389.8
538396.3
538420.8
538499.4
538525.4
538548.9
538600.1
538628.4
538659.4
538715.6
538840.2
538920.5
539084.2
539109.4
539136.1
539148.3
541235.9
541261.3
541322.1
541376
541512.1
541535.5
547745.7
547886
547933.3
548795.7
548822.3
548845.9
548891.1
548897.5
548902.9
548977.8
559333.4
559521
559528.5
559572
559792.1
559830
559917.9
561083.4
561586.5
561608.9
564472.2
568437.9
568919.1
569286.9
569440.7
570113
570300.3
570443.5
570638.9
570972
571017.9
571031.6
571163
571197.1
571247.5
575962.7
576058
577648.8
577811.5
577813.9
577975.7
578013
579698.1
581261.6
581504.5
581657.7
581902
588077.2
590382.2
590398.6
594605.6
594892.8
595001.9
595066.8
597392.6
597609.2
597807.7
598154
598625.4
598672.1
598704.8
598718.6
