93.8
153.8
393.8
521.4
661.6
764.3
882.4
1084.2
1088.9
1270.8
1446
1488.4
1572.4
1655.7
1685.2
1685.9
1835.4
1886.6
1928.2
2022.4
23436.1
23854.5
23911.2
23973.8
23978.3
24202.7
24254.9
24320.7
24393.1
24435.8
24693.4
24734.6
24867.8
24919.8
24953
25008.4
25088.3
25091
25236.9
25276.1
25288.1
25383.5
25501
25556
25655.6
25750.1
25806.8
25856.5
25874.4
25878.1
25912.2
26205.5
26507.3
26843.8
26888
26952.8
27199
27230
27237.3
27319.2
27422.1
27465.9
27573.9
27598.3
27898.1
28118.3
28165
28181.7
28203.8
28258.7
28278.7
28293.5
28308.5
28334.8
28353.1
28406
28412.3
28472.9
28526.3
28567
28579.3
28723
28749.3
28760.6
29055.2
29064.7
29091.8
29148.1
29166.8
29211.2
29245.7
29297.7
29300.9
29351.5
29363.1
29377.6
29419
29421.2
29604
29654.6
29695.1
29714.1
29723.9
29836.2
29877.2
29882.5
29918.7
29927.7
30019.9
30088.9
30182.3
30314.7
30319.7
30373.7
30393.3
30393.5
30405
30419.7
30432.3
30465
30474.9
30568
30638.2
30654.8
30662.1
30671.7
30673.8
30677.5
30684.7
30793.2
30879.7
30902.8
30913.7
31058.5
31121.8
31150.5
31227.7
31342.5
31791.9
32496
33097.6
33634.2
33972.6
34059.9
34124.9
34152.9
34194.6
34346.1
34377.7
34624.3
34725.6
34774.1
34796.2
34857.9
35021.5
45384.8
45623.8
45742
45833.6
46611.1
46716.2
47613.3
47643.5
47684.6
47765.7
47863
47917.9
47948.9
47981.5
48089.7
48179.5
48269.8
48339.9
48521.2
48841.6
48880.1
49016.6
49056.8
49095.6
49207.5
49213
49346.8
49380.4
49501.6
49533.9
49551
49612.7
49691.7
49863.6
49908.9
50240.4
50280.7
50328.6
50334.7
50340.1
50343.5
50362.1
50413.6
50428.7
50458
50463.4
50468.1
50579.5
50712.5
50819.9
50882.8
50949.7
51385.7
59761.9
59905.5
59943.2
60149.6
60161.4
60165.1
60298.4
60371.1
60410
60477
60501.5
60560.7
60712.7
60713.9
60748.3
60756.6
60776.3
60777.7
60809.8
60950.1
60971.6
61004.9
61035.8
61044.8
61141.2
61214.2
61264.8
61275.1
61379.5
61452.9
61475.8
61624.3
61648.1
61683.2
61795.9
61816.1
61842.7
61910.9
61939.9
61965.8
61987.8
62061.5
62092.7
62107.4
62147.9
62263.4
62412.1
62416.5
62517.7
62600.4
62703.5
62705.3
62800.9
62840.1
62854.7
62910.1
62923.6
62974.8
63101.7
66554.8
66618.8
82451.6
90541.2
90577.6
90684.9
90691.2
90692.9
90708.3
90799.7
90822.9
90864.9
90941.2
90983.3
90984.6
90997.9
90999.6
91072
91087.5
91121
91123.4
91144.1
91227.7
91265.8
91304.8
91319.3
91320.8
91375.8
91507.5
91660.8
91928.2
92177.4
92408.9
92429.5
93446.9
93496.9
94668
94744.6
94751.9
94791.6
95150.2
95202
95374.2
95380
95389
95542.1
95790.1
95855.7
96138.4
96164.6
96212.6
96577.9
96591.1
96634.2
96675.8
96687.3
96745.1
96762.2
97011.3
97030.7
97042.9
97069.7
97146.9
97169.6
97209.3
97496.7
97526.3
97637.8
98551
98566
98658.2
98692.2
98699.4
98727.9
98892.8
99112.5
99188.4
99218.6
99313.2
99490.7
100031.5
100200.5
100956
101015.9
101075
101233
101275.5
101352.7
101456.3
101692.9
102007.8
102236.1
102264.7
102279.4
102415.5
102492.5
102528.6
102745.8
102978.1
103308.7
103318
103341.8
103386.9
103586.8
103661.5
103735.7
103897.9
103915.2
103916
103978.2
104010
104014.3
104046.8
104049.6
104075
104078.1
104101.3
104107
104113.5
104157.9
104163.3
104168.9
104198.6
104247.3
104254.4
104295.9
104342.8
104415.2
104426.5
104429.4
104463.8
104494.1
104511
104519
104521.2
104573.4
104762.2
104892.8
104909.3
105061.2
105093.9
105196.7
105296.5
105414.6
105446.7
105500.4
105558.4
105616.1
105642.6
105675.4
105693.5
105751.5
105773.5
105988.1
106041.2
106053.5
106061.9
106076
106116.1
106136.8
106143.6
106147.5
106264.8
106395.1
106423.9
106470.6
106568
106603.1
106870.4
106900.3
107216.8
162160.1
162180.2
174796.9
174908
175089.2
175748.2
175764.2
175837.3
175874.4
175937.7
175994.1
176073.6
176109.3
176140.7
176235
176241.4
176273.5
176498.1
176505.1
176616.5
176695.3
176707.8
176742.1
176747.7
176807.1
176815.3
176858.9
176882.3
176887
176903.5
176925.9
176937.1
177013.2
177087.5
177112
177127.9
177164.4
177172.7
177272
177343.5
177366.4
177390.2
177440.8
177448.4
177499.1
177520.9
177633.5
177648.9
177652.6
177751.8
177816
177837.6
177900.1
177933.6
178057.4
178260.3
178392.9
178411.8
178429.5
178461.7
178653.6
178672.9
178713
178810.6
179000
179124.8
181408.1
182814.1
182874
183058.8
183068.2
183088.3
183188.4
183211.1
183212
183336
183361.7
183375.1
183397.6
183445.4
183566.5
183572.8
183629.2
183705.1
183789.2
183824.4
183842.9
183875.3
184029.6
184462.9
222969.2
223329
223472.8
223604.7
223730.9
223796.9
223887.5
223894.7
223927.1
223933.9
223959.8
223962.3
224149.6
224157.9
224172.3
224187.3
224187.5
224197.2
224200.4
224256
224346.3
224380.2
224402.6
224409.4
224411.1
224427.5
224465.2
224465.9
224525.4
224598.8
224668.6
224819.5
224877.3
224883.4
225193.5
250501.7
250871
251059.4
251065.1
251071.2
251138.2
251240.7
251272.2
251298.3
251299.3
251315.9
251356
251413.3
251464
251545.4
251631.3
251685.6
251746
251923.2
252003.6
252036.1
252285.7
252286.4
252318
252435.9
252488.6
252501.8
252611.6
252946.5
253206
253644.9
253884.3
254192.5
254347.1
254874.5
255045.7
255114.4
255703.5
255763.9
256413.3
256612.4
257154.8
257178
257189.2
257260.8
257270.9
257279.3
257368.7
257535.8
257715
257823.2
258014.1
258018.2
258220.4
258364.6
258373.9
258392.3
258425.6
258429
258433.7
258493.4
278416.7
279215.1
279978.2
280128.7
280278.5
282022.6
282700.1
282799.4
282976.1
283118.8
283129
283162.4
283291.5
283304.5
283458.8
283489.5
283614.5
283749.2
283797.2
283976.3
283978.3
284162.9
284230.5
284286.1
284299.2
284332.1
284409.6
284422.1
284479.9
284702.4
284795.9
284804.5
284815.8
284831.7
284881.9
284923.9
285064.9
285185.6
285283.3
285498.6
285689.4
285699.2
285839
285973.7
286050.7
286124.1
286185.4
286331.4
286511.9
286526.1
286562.7
286593.6
286600
286631.4
286671
286709
286714.8
286726.5
287134.3
287201.2
287210.8
287212.1
287257.2
287275.8
287467.2
291140.3
292090.2
299336.2
300325.6
300362.1
300431.2
300461.9
300482.1
300554.9
300581.7
300624.4
300913.5
300923.1
301036.6
301040.6
301170.7
301172.3
301193.9
301261.8
301290.1
301297.8
301322.8
301440.2
301486.7
301551.2
301554.9
301561.7
301901.1
302023.9
302579.8
303297.4
336970.4
337460.8
337683.2
349222.8
349377.1
349381.3
349475.1
349536
349600.7
349714.6
349742.5
349745
349753.5
349781.5
349822.3
349829.3
349855.3
349863.4
349891.1
349924.4
350045
350092.8
350142.8
350219.6
350222.7
350289.4
350303.4
350355.5
350391.9
350429.9
350457
350493.2
350534.2
350581.6
350595.9
350645.3
350722.9
350772.1
350778.3
350849.7
350887.3
350938.7
351041.7
351104.7
351115.1
351225.8
351284
351308.1
351494.2
351508
351514.4
352124.2
352792.1
352933.6
352952.1
353106.9
353129.1
353235.5
353510
353699.3
370505.9
370765.8
370949.1
371096.8
371288.2
371377
372699
372748.7
372816.6
372843.8
372852.4
372884.5
372897
372900.9
372941.2
372987
373015.4
373025.3
373073.9
373081.2
373096.4
373133.6
373194.5
373222
373226.7
373247.5
373278.7
373420.5
373563.8
373853.8
421632.8
422074.5
422336.7
422377.3
422434.2
422445.3
422565.6
422714.2
422774.5
422829.9
422949.1
422984.2
423031.7
423077.5
423085.5
423753.9
423854.3
424854.6
425071
463868.7
463879.5
464093.6
464100.4
464122.2
464380.9
464457.9
464459.9
464489.2
464534.7
464574.5
464609.9
464631
464695.8
464796.6
464910.7
464941.3
464951.3
464986.5
465003.7
465061.7
465090.3
465098.9
465176.5
465272.5
465647.1
465726.1
466074
466399.5
466411.7
466631.1
466670.3
466942.4
512551.9
512650.7
513044.5
513065.5
513077.1
513084.2
513304.5
513365.4
513411.1
513416.7
513478.3
513665.7
513848.7
514342.9
514804.5
514807.8
514827.2
515020.4
515312.9
516379.6
516608.1
516677.1
516999.7
517007.1
517044.3
517212.6
517227.5
517229.7
517366.3
517412.6
517416.7
517447.8
517467.1
517531.9
517607
517615.4
517639.8
517811.8
517833.6
518022.7
518024.5
518065.3
518101.9
518140.6
518181.9
518186.8
518280.4
518424
518435.9
518708.3
518737.3
518823
518878.6
519090.2
519381.9
519399.7
520092
521199.2
521816.2
521901
521949.8
523439.7
524151.5
535952.6
537007.7
539852.3
540357.3
540645.3
540666.7
540724.3
541342.4
541394.4
541404.1
541514.3
541550.8
541583.1
541648.5
541781.1
541811.3
541893.4
542159.5
542165.8
542220.2
542298.5
542378.8
542387.1
542399.3
542427.9
542434.9
542443.4
542459
542700.5
542745.4
542780
543126.7
543289.3
543404.4
543897.3
543941.5
544089.3
544658.4
545126.8
545150.6
545170.3
545403.5
546091.7
546180.7
546343.6
546747
546755.9
547076.1
547222.1
547382.5
547513
547513.2
547659.4
547794.5
547839.5
547949.9
547962.5
547983.9
548063.9
548243.8
548315.9
548330.6
548391.6
548465.9
568111.4
568136.3
568380.9
568495.7
568610.9
568664.8
568681.6
569007
569114.7
569183.8
569204.5
569244.2
569306.1
569498.4
569568.6
569966.7
570224.3
570260.4
570313.1
570349.1
570448.5
570464.7
570486.3
570640.8
570749
570788.1
570876.9
570911.7
570992.8
571083.3
571135.9
571166.1
571290.4
571315.8
571318.5
571340.7
571401.9
571421.2
571448.9
571481.7
571521.9
571591.9
571768.8
571844.2
571919.2
572083.9
572446.2
572984.1
573477.9
573720.6
574058.8
575439.2
575611.1
575752.4
575771.6
575836.5
575855.2
575927.1
575935.1
576111.7
576203.5
576281
576304
577726.6
582861.3
583694.1
584375.6
585344.9
585530.7
585716.6
585848.6
585859.5
585899.6
586144.9
586364.7
591490.8
591545.1
592821.1
593883.1
