1159.6
1438.3
1602.4
1863.7
2027.8
2067.3
2068.6
2210.3
23772.1
23873.1
24145
24226.8
24330.2
24516.5
24551.6
24586.2
24616.6
24622.3
24628.8
24760.7
24840
24895
25053.3
25078.8
25108.6
25133.6
25137.7
25203.9
25267.4
25327.6
25388.2
25405.9
25454
25632.4
25704.8
25824.9
26027.5
26061.4
26123.5
26141.8
26173.6
26190.5
26211.5
26267
26283.7
26295.6
26594.1
26655.4
26658.2
26983.7
27075.6
27320.1
27334.6
27352
27352.1
27365.8
27389.9
27479.1
27481.6
27512.2
27622.9
27674.9
27759.1
28145.8
28149
28209.3
28226.8
28339.8
28350.2
28396.7
28476.4
28491.2
29107.9
29335.8
29426.8
29886
30249.2
30362.7
30748.4
31232
34574.4
34734.9
34748.1
34760.7
34878.4
34899.2
35343.7
35440.1
35573.2
35714.5
47561.8
47594
48835.3
49133.2
49221.1
49226.6
49322.1
49810.5
49865.6
49974.4
50018.5
50027
50081.6
50101.3
50228.2
50456.5
50544.1
50615.6
50650.9
50939.5
59989.6
60234.6
60409.8
60431.7
60532.6
60557.3
60619.5
60619.7
60726.2
60802.9
60945.4
61160.2
61228.9
61255.4
61470.4
61472.6
61702.9
61725.8
61737.6
61973.2
62145
62228.9
62370.5
81081.3
81621.3
84197.1
84380.7
84497.1
88888.6
89398.2
89653.3
89674.5
89685
89733
89827.2
89837.5
89994.9
90019.5
90067.8
90191
90250.8
90264.6
90696.3
90743.4
90782.6
90830.1
90857.4
90906.4
90920.5
90960.5
90963.9
91111.9
91180
91235.5
91300.8
91306
94677.8
95650.2
95810.7
97630.4
99343.4
102414.8
103356.9
104119.1
104167.7
104237.7
105736.9
105744.4
105754.7
105787.7
105865.6
106108.8
106234.1
106346.7
106419
106433.5
106439.5
106484.8
106486.4
106487.5
106493.7
106638.3
106649.3
106708.4
106839.5
106847.8
106907.8
107009.5
107081.3
107130.2
107177.8
162310.6
162571.1
174519.4
174648.9
174796
174932.4
175058.3
175146
175658.3
175888.7
176018.5
176098.2
176162.3
176240.2
176295.1
176339.9
176401.6
176485.8
176571.6
176589
176593.1
176609.9
176759.2
176793.6
176824.4
176845.6
176858.1
176862.3
177114.2
177175.8
177194.4
177336.7
178815.7
182909
183643.9
183654.7
183800.8
183986.2
184057.6
185043.4
185179.3
185267.5
194713.2
222631.5
222730.8
222840
222891.1
223021.9
223245
223445.5
223521.7
223627.1
223675.8
223710.9
223775.4
223791.2
223813.5
223923.2
223992.8
224029.2
224053.3
224408.6
224560.7
224585.6
224768.1
224806.3
224847.3
224932.1
224950.5
224965.6
225009.4
225071.5
225107.9
225114.6
225120
225127.4
225177.6
225186.2
225192.4
225214.5
225247.6
225289.6
225309.7
225404.1
225615.1
225752
225788.3
251367
251422.6
251481.4
251562.6
251750.4
251761.3
251766.6
251782.4
256058.3
256128.2
256161.3
256359.1
256427.9
256550.4
256585.8
256793.5
256836.9
256955.7
257076
257131.1
257155
257181.3
257186.5
257388.6
257451.6
257541.2
257581.8
257606.1
257609.9
257642.9
257733.1
257994.1
258053.1
258054.9
258066
258231
258260.4
258290
258393.6
258419.2
258482.4
258564.6
258715.4
258825
258851.6
258861
258982.3
259238.5
259352.3
259507.5
283176.3
283533
283774.6
284503
284545.1
284684.1
284723.2
284806.1
284899.6
285029.9
285034.1
285469.8
286760.5
286797.4
286802.2
286855.2
286865.8
286876.8
286939.7
286962.7
286994.9
287015.2
287044.5
287069.7
287079.5
287095.4
287154
287190.8
287195.3
287209.1
287324.8
287374.2
287417.3
287482.8
287505.9
287584.2
287948.8
288013.5
288071.8
288155.7
288454.4
288831.3
288907.1
289719
289815.2
290813.3
290865.8
291158.1
291851.1
292171.8
292291.6
292316.7
292467.4
292810.1
293398.9
293478.2
293594.1
294238.6
294294.1
294590.6
294698.8
294739.4
294831.5
295127.8
295143.4
295310.5
295394.5
298996.6
299166.5
299243.2
299371.8
299560.4
299607.4
299612.7
299663.7
299934.5
300038.5
300041.9
300048.4
300061.8
300127.5
300164.1
300200.5
300283.7
300295.8
300344.3
300391.3
300483.1
300565
300729.1
301237.7
301244.5
301265.9
301478.4
301879.1
302364.9
336937.7
336972.8
337126.7
337141.9
337159.4
337177.8
337221.6
337291.2
337369.1
337379.8
337564.1
337581.7
337713.3
348932.6
349213.6
349225.2
349240
349495.6
349504.5
349510.2
349692.8
349726.8
349736.8
349789.5
349790.6
349833.3
349844.2
349847.3
349864.1
349913.9
349917.7
349986.6
349997.2
350005.2
350070.1
350191
350398.4
350402.5
350446.5
350856.2
350923.5
350940.3
353072.9
353310.5
353359.2
353507
353519.5
353536.6
353561
353575.7
353621.9
353636.9
353664.8
353775.3
353843.2
353928.3
354175.4
354181
354595.6
354626.8
354697.3
354720
354808.4
366858.6
367030.7
367207.1
367557.3
368350.4
368435.5
369170.5
369367.9
369853
370154.4
370253.8
370645.2
371314.4
371344
371381
371660.4
371932
372139.4
372144.3
372147.6
372154.4
372202.3
372207.9
372225.3
372243.9
372521.6
372551.8
372568.6
372616.8
372686.1
372814.8
372835.3
372878.3
372998
373081.6
373119.4
373193.6
421860.4
422064
422149.9
422232.6
422276.8
422701.3
422773.1
422923.6
423025.9
423116.5
423120.8
423143.2
423191.2
423193.6
423272.5
423415.4
423427.5
423466.9
423577.3
423591.2
423737.4
423908.8
423928
423939.1
423987.7
424042.6
424146.8
424170.2
424205.1
424231.4
424287.9
424360.3
424440.5
424506.6
424665.6
424711.3
424782.3
424876.7
424926.4
424951.2
425028.5
425064.2
425114.6
425174.1
425212.5
426156.1
463926.2
463941.5
464159.4
464334
464375.2
464393.5
464412.3
464461.3
464475.7
464499.1
464525.1
464543
464554.8
464561.9
464719.7
464815.2
464877.3
464992.1
465028.8
465156
466216.9
512595.9
512646.3
512765.4
512781.6
512920.6
513009
513126.3
513226.2
513559.7
513571.3
513663.9
513675.6
513689.6
513822.6
513925
514209.8
514227
514537.8
514569.4
514627.5
514684.5
514699.3
514741.1
514786.7
514814.5
514817.6
514824.2
514827.6
514886.8
514904.7
514905.2
514982.3
515035.7
515081.6
515142.9
515146.3
515351.3
515579.5
516042.4
516129.7
516159.9
516205.1
516515.2
516516.5
516618.5
516769.9
516819.8
516839.7
516874.5
516899.8
516922.6
516928.4
516994.7
517012.5
517069.1
517118.6
517138.9
517174.2
517316.3
517641.7
518038.1
518886.1
535641
536588.5
536600.2
536880.5
538233.6
538329.7
538656.6
538946.8
539041.7
539072.2
539078
539282
539293.5
539584.9
539675.7
539730.5
539779
539839.3
539858
539934
539989.9
540070.1
540621.8
540659
540712.9
541094.1
541128.5
541362.3
541597
541735.3
541882.8
547399.1
547663.5
547849.6
547933.6
547961.6
548077.7
548140.9
548156.3
548158.2
548265.8
548268.2
567648
567879.3
567948.5
568121.1
568141.2
568295.2
568351.4
568356.6
568513.2
568552.1
568570.6
568572.8
568679.6
568722.2
568747.2
568771.6
568825.1
568882.3
568910.1
568953.1
568983.6
569004.3
569014.8
569239.5
569262.9
569363.9
569458.7
569461.9
569500.2
569561.2
569625.9
569640.3
569688.2
569818.1
570053.1
570101.4
570166.6
570204.8
570205.7
570270.8
570448.3
570532.8
570534.1
570592.4
570623.1
570678.7
570680.8
570687.1
570757.9
570773.9
570820.4
570882.9
570918.6
570951.1
570981.1
570983.1
571085.3
571243.5
571337.3
571485.7
575510.7
575881.8
575917.7
576111.1
576116
576199
576367.7
576382.8
576399.8
576418.7
576592.3
576718.2
577045.2
577085.3
577137.6
577153.4
577169.7
577223.9
577728.3
582936.9
583208.4
583358.7
583493.9
583571.7
583670.9
583811.4
583988.9
584154.2
584175.1
584406.8
584557.4
584753.5
585268.1
585300.3
585428.1
585720.4
585852
585894.3
585949.8
586007.4
586022.8
586027.4
586092.8
586128.3
586128.8
586144.5
586170
586241.8
586311.8
586330.5
586438
591098.5
