7772.4
7794.5
7881.4
7931.3
7942.1
7977.1
8092.6
8152.3
8199.4
8207.9
8259.3
8309.6
8353.8
8408.8
8473.1
8511.7
8511.8
8561.6
8589.1
8630.1
8653.6
8705.8
8807.6
8830.6
9017.4
9028.1
9035.6
9064.7
9117.2
9140.5
9373.2
9377.2
9379
9395.4
9410.6
9463.1
9474.2
9493.8
9506
9526.7
9530.5
9574.6
9588.7
9593.6
9687.8
9697.6
9699.4
9701.9
9723.7
9804.2
9824.4
9828.5
9846.3
10009.5
10112.4
10340
10420
10469.1
10549
10688
10718.2
10725.5
11256.8
11576.4
11941.9
11964.9
20554.3
20721
20892.4
20901.5
20910
20940.6
21011.2
21032.8
21048
21057.4
21094.5
21140.8
21160
21160.9
21248.6
21287.3
22055.1
22409.1
41623.9
41851.2
42129.4
42163.5
42229.5
42320.7
42355.5
42487.4
42515.2
42561
42566.5
42620.2
42664.1
42970
43555.2
52559
52987.9
53306.6
53437.4
55222.7
55255.5
55385.4
55403.4
55486.3
55506.4
55913.5
55924.6
55952.2
56100.2
56115.3
56332.3
56346
56372.9
56389.5
56394.5
56464.7
56469
56485.9
56495.7
56498.1
56547.8
56562.1
56641.5
56653.4
56788.9
56805
56809
56816.3
56822.7
56847.9
56912.5
56952
57014.8
57017.3
57117
57488.6
58164.1
68882.1
69035.7
69175.6
69278
69573.9
69598.4
69678.7
69713.3
69849.5
70361.7
118203.8
118219.4
118403.6
118412.8
118680.4
118701.3
119053.4
119102.3
119533
120232.7
120587
120725.6
120858.4
121031.9
121313.5
121364
121406.8
121407.3
121495.1
121520.1
121587.2
121757.7
121795.1
122209.4
122316.8
122588.8
122797
123422.6
123521.7
123522.8
123555.3
123807.3
124181.8
124228.7
124546
124566.5
125391.9
125581.3
125617.3
126342.4
126648.9
126732.7
126743.3
126751.6
126874.9
126978.6
127005.3
127011.4
127026.7
127127.1
127231.6
127294.5
127357.4
127376.1
127387.5
127449.6
127487.9
127634
127820
127827.6
127876.2
127929.3
128043.5
128185
128244.8
128248.5
128255.1
128305.3
128308.3
128342.1
128375.3
128386.9
128429.3
128440.5
128504.7
128516.4
128631.1
128633.4
128635
128747.4
128788
128800.4
128836.8
128889.4
128998.7
129010.6
129024.2
129085
129096.3
129215.5
129371.9
129377.8
129470.3
129537.6
129579.8
129587
129766.3
129784.1
129894.1
129946.6
129946.7
129970.6
129983.8
130007.2
130038.5
130045.8
130175.6
130180.5
130198.2
130255.9
130271.6
130272.4
130284.2
130293.9
130359
130368.8
130386.2
130388.7
130488.7
130568.9
130635.7
130662.8
130678.2
130738.3
130842.7
130980.7
131213.3
131326.2
131549.8
131601.1
131790.7
132536.2
133175.3
133394.7
133487.4
133508.2
133643.3
133660.1
133712.6
133995
134201.4
134391
134425.8
134720
134908.4
136122.3
136324.8
136348.2
136359.2
136391.3
136455.1
136488.6
136491.6
136544.6
136591.2
136592.1
136612
136775.6
137012.3
137038.5
137617.3
138245.5
138306.8
138398.9
138826.1
139098.3
139279
139337.4
139704.2
139813.2
139900.7
140519.8
140519.9
140547.9
140660.2
140674.9
140732.5
140803.9
140806.4
140858
140893.1
140901.6
140988.1
141001.9
141015.9
141088.6
141095.2
141160.8
141226
141234
141285.5
141286.5
141304.3
141358.8
141359.8
141365.2
141369.2
141387.9
141394.4
141402.7
141457.6
141508.3
141548.1
141747.7
141805.5
141808.6
141894.3
142014.3
142094.9
142204.9
142221.8
142230.7
142247.6
142304.5
142427.3
142479.2
142480.4
142598.9
142611.4
142709.6
142751.5
142811
142833
142838.3
142846.1
142849.3
142929.2
142929.3
142935.8
142990.9
143038.6
143050.8
143121.7
143148.2
143162.8
143225.1
143318.6
143354.4
143357
143391.9
143422.3
143640.6
143666.3
143670.1
143702
143704.4
143774.8
143790.6
143806.1
143840.2
143848.4
143902.2
143951.4
143963.8
144047.1
144070.6
144077.8
144104.3
144112
144186.6
144252.9
144259.9
144297.7
144323.1
144373.4
144406.2
144619.2
144637.7
144648.5
144656.8
144727.1
144738.2
144858.4
144926
144927
144928.3
144959.9
144978.4
145029.4
145029.7
145059.2
145063.8
145112.9
145156.9
145218.7
145269.8
145293.5
145350.9
145383.9
145407.4
145414.4
145444.1
145523.4
145528.5
145572.4
145700.3
145714.1
145751.1
145767.7
145778.1
145815.3
145864
145903.9
145922.9
145943.3
145960.2
146007.6
146012.6
146118.6
146143.5
146258.8
146315.8
146486
146566
146593.9
146603.9
146607
146662.6
146737.8
146747.4
146785.4
146802
146916.4
147027.2
147036.9
147044.1
147053.7
147127.3
147130.2
147167.5
147192.2
147195.5
147271.3
147318.6
147341.5
147373.3
147398.7
147440.5
147551
147555.9
147638.2
147663.5
147802.3
147833.8
147969.2
148082.9
148085.8
148092.8
148165.7
148234.7
148236.5
148252.2
148312.4
148436.1
148449.4
148460.2
148504.3
148526.2
148633.2
148679.6
148686.8
148692.4
148741.3
148788.8
148885.2
148893.3
148929.5
148969.7
148975.6
148995.8
149008.3
149053.4
149089.3
149154.5
149171.8
149192.4
149244.7
149256.5
149256.7
149260.3
149326.1
149397.9
149430.3
149497.5
149531.5
149637.8
149673.9
149695.8
149746.7
149783.6
149844.4
149892.9
149977.5
150143.1
150143.3
150167.3
150297.2
150408.9
150480.7
150489.7
150492.5
150529.4
150575.9
150582.5
150679.2
150682.8
150903.7
150961.9
151242.5
151281.9
151319.5
151429.9
151509.3
151510.6
151521.7
151550
151641.9
151678.5
151693.8
151734.6
151735.9
151780.9
151805.2
151816.3
151820.4
151949
151983.1
152022.4
152134.6
152185.7
152241.6
152250.9
152270.6
152292.3
152333.1
152348.3
152379.7
152413
152414.2
152465.1
152469.4
152563.2
152566.6
152630.9
152678
152707.2
152727.2
152788.6
152817.7
152841.1
152857.2
152913
152916
152917.1
152980.4
152981.7
152997
153057.4
153124.4
153135.2
153180.6
153223
153227.5
153251.4
153285.9
153323.3
153324.7
153332.3
153403.5
153454.2
153499.8
153594.5
153685.3
153712.5
153784.5
153870.8
154008.2
154036
154080
154110.2
154119.8
154144.6
154152.3
154164.4
154186.7
154251.9
154260.7
154349.6
154435.1
154465.3
154543.8
154571.6
154684.5
154801.2
154805.2
154848.4
154898.7
154945.2
154964.4
155044
155123.3
155211.9
155218.3
155241.6
155299.3
155369
155421.8
155423.6
155489.8
155586.4
155658.5
155677.6
155687
155745.4
155753.9
155869.9
155971.3
156092.9
156185.2
156192.5
156217.6
156394.9
156397.7
156442
156505.5
156519.2
156595.1
156632.7
156685.1
156711.2
156764.1
156831
156994
157000.8
157038.2
157072.7
157073.4
157097.6
157154.7
157164.3
157248.3
157268
157372.9
157389.6
157461
157623.6
157669.6
157799.8
157818.2
157880.7
157916
157921.7
157953.3
157970.7
158020.6
158123.8
158147.3
158271.6
158283.4
158289
158382.4
158390.5
158398.3
158401
158402.2
158430.1
158513.9
158576.5
158630.4
158680.5
158681.7
158777.8
158917.6
159002.1
159007.2
159037.3
159057.1
159068.4
159115.2
159124.5
159128.1
159151.8
159163.8
159173.7
159178
159240.3
159268.3
159296
159306
159316.7
159404.9
159415.1
159486.4
159505.2
159509.1
159534.8
159569.6
159625.4
159671.7
159727.4
159734
159784.8
159829.8
159830.9
159849.3
159898.2
160007.8
160009.5
160076.2
160114.5
160265.9
160297.4
160465.7
160519.7
160546.6
160730.1
160754
160769.8
160772.1
160780.9
160834.8
160958.1
161040.3
161132.6
161444.2
193723.8
195620.2
195678.8
195689.5
196109.9
196113.9
196181.1
196286.7
196368.9
196467.9
196723.5
196938.6
197068.6
197170.8
197200.3
197210.3
197340.1
197395.4
197475
197645.4
197810.5
197910.1
197936.3
197939.3
197959.6
198101.6
198104.6
198115.9
198127.4
198150
198426.3
198497.3
198599.2
198698.4
198721.1
198726.1
198878.3
198881.4
198882.7
198938.6
199042.2
199082.9
199143.4
199145.6
199259.4
199311.3
199323.8
199328.4
199419
199461.7
199475.8
199517.8
199530.9
199627.8
199669.9
199680.2
199784.3
199828.4
199898.8
200078.5
200128.8
200207.9
200240.4
200304.4
200383.2
200441.3
200612.2
200634.8
200790
200840.1
200851.1
201213.1
201262.8
201263.5
201303.8
201318.5
201329
201334.2
201623.3
201875.9
201951.6
202015.2
202113.4
202248.9
202310.3
202361.6
202520.8
202544.8
202562
202669.9
202846.7
203029.9
203037.2
203037.7
203311.9
203320.7
203465.8
203498.1
203503
203581
203581.5
203619.2
203720
203748.1
203806.3
203976.1
204121.9
204176.5
204456.5
204576.7
204610.1
204692.3
204774.5
204824.4
204866.7
204915.5
204959.3
204979
205018.2
205032.7
205415
205459.8
205494.2
205551.9
205731.4
205902.1
205907
206155.2
206162.9
206177.5
206264.5
206294
206342.5
206360.8
206398.1
206460.9
206507.1
206532.7
206544.3
206565.5
206686.4
206819.8
207138.7
207266.2
207299.5
207447.1
207481.4
207574.3
207653.6
207833
207876.9
207888.3
208189.5
208231.3
208498.1
209020.9
209164.6
209185.5
209232.2
209401
209598.8
209765
209814.8
209884.7
209952.6
210053.4
210097.4
210105
210111.5
210132.7
210159
210181.3
210202.5
210208.7
210300.1
231623.4
231778.9
231816
231839.4
231850.4
232081.8
234190.5
234739.9
234798.8
235086.2
235274.7
235335.2
235626
235670.7
235783.8
235901.2
235915.5
235917.7
235935.9
235990.8
236108.3
236136.6
236174.2
236211
236323.7
236346.9
236444.3
236460.5
236534.9
236548.9
236566.1
236668
236670.7
236949.6
236982
236985.5
237016.8
237133.1
237411.8
237442.1
237519.6
237917.3
238098.3
238326.1
238562.7
238595.3
238671.6
238752.1
238839
238872.2
238902
239043.2
239080.4
239083.3
239146.8
239208.9
239235.4
239375.6
239401.4
239406.9
239439.4
239474.8
239484.4
239528.7
239544.4
239552.5
239553
239598.5
239639
239741.3
239783.4
239789
239814.8
239893.4
239965
239971.4
239985.5
240096.6
240100.2
240109.3
240130.5
240191.4
240217.3
240218.6
240230.6
240276.6
240315.2
240322
240492.9
240578.8
240651.3
240923.8
241058.3
241091.1
241176
241179.8
241200.8
241258.5
241309.1
241351.7
241470.7
241483.3
241549.9
241566.4
241614.2
241616.1
242102.6
242867.6
242914.7
242939.4
242947.7
242959.5
243004.8
243113.2
243149.6
243199.4
243301.8
243483.5
243505.7
246877.1
247269
247276.6
247324.9
247344.5
247403
247473.5
247499.4
247513.9
247539.4
247545.8
247594.9
247677.6
247688.5
248363.2
248627.6
248628.2
249164.4
249264.5
249325.2
271202.7
272864.4
273394.2
274797.7
274814.6
274950.7
275024.1
275200.7
277169
277862.1
304060.3
304064.7
304784.4
304909.6
305040.1
305053.6
305112
305140.2
305274.5
305275
305742.6
305803.9
305872
306012.3
306103.2
306178.4
306268.7
306594.1
306616.7
306782.3
307046.4
307064.5
307142.1
307210.1
307251.5
307300.5
307351.8
307560.9
307586.2
307608.1
307672
307700.1
307796.4
307811.6
307831.8
307872.8
308038.9
308045.3
308049
308079
308136.1
308232.6
308249.2
308287.2
308416.3
308612
308755.2
308851.5
308886.4
309250.1
310449.5
310514
310731.2
310797.8
311366.3
326009.1
326036.3
326165.6
326245.2
326314.5
326345.5
326695.5
327015.2
327134.8
327251.7
327320.1
327526.1
327555.8
327649.6
327990.7
328210.2
328373.4
328414.1
328962.3
329154.8
329159
332123.2
332368.2
332403.1
332591.7
332603.9
332652.4
333224.3
333236.2
333733.6
375827
375918
376094.3
376179.8
376218.4
376229
376358.5
376379.1
376423
376457.5
376551.6
376552.4
376552.5
376664.3
376692.6
376711.7
376777.9
376886.4
376999.4
377079.6
377217.9
377246.5
377272.4
377354.7
377370.5
377431
377572.9
377672.5
377785.1
377918
377961.3
378006.1
378152.7
378160.7
378284.6
378325.5
378329.2
378437
378639.3
378807.1
378866.8
378889.6
378910.3
378981.1
379071.9
379203.2
379331.7
379343.1
379582.7
379612.9
379668.3
379690.5
379736.4
379848
379881.4
379886.7
379934.4
380061
380114.9
380296.5
380304.9
380358.6
380387.2
380547.7
380668.6
380688.2
380752.3
380819
380853.1
380934.1
381071.4
381106.3
381252.9
381265.7
381278.5
381314.7
381361.2
381377.5
381419.6
381421.6
381482.8
381528.4
381598.5
381629.8
381702.1
381741.7
381751.5
381755.6
381779.8
381805.7
381911.2
382007.1
382008.4
382023.3
382038.1
382113.6
382141.5
382160.9
382187.6
382200
382222
382262.6
382262.8
382293.5
382342
382344.7
382411.8
382592.1
382636.8
382640.7
382873.6
382882.5
382905.8
382970.6
383002.2
383017.4
383093.2
383145
383163.9
383218.5
383236.4
383237.4
383242.1
383256
383302.3
383312
383527.6
383540
383540.7
383544.1
383567.1
383596.6
383603.8
383711.6
383767.9
383804.4
383808.2
383819.2
383895.4
383964.2
383982.4
384031.3
384061.8
384065.4
384080.8
384159.1
384273.5
384354.1
384355.6
384376.4
384471.8
384514.2
384520.6
384535.4
384552.4
384643.5
384722.5
384803.9
384814.8
384839.1
384845.3
384861.4
384958
384979.2
385081.2
385111.4
385202.3
385234.3
385258.9
385337.1
385481.4
385533.4
385559
385619.2
385693.2
385790.1
385806.5
385825.6
385876.3
385939
385980.2
386017.5
386029.5
386068.5
386087
386168.1
386186.2
386229.7
386250.5
386463.2
386476.8
386647.9
386672.3
386685.7
386724.5
386797.5
386824.8
386843.9
386863.9
386926.1
386944.8
387009.1
387027.1
387073.2
387103
387123.1
387125.8
387132.5
387279.4
387416.2
387418.1
387418.7
387425.6
387437
387487.5
387603.7
387639.9
387678.6
387756.2
387765.8
387801.6
387802.6
387832.8
387865.7
387943.9
388002.3
388083.4
388102.1
388196.1
388208.9
388313.8
388325.6
388463.7
388561.9
388608.3
388621.8
388631.2
388651.4
388703.6
388751.1
388782
388848.2
388922.9
388925.3
388943.1
388987.4
388993.6
389037.3
389038.4
389111.3
389177
389500.7
389569.2
389581.5
389625.4
389694.2
389723.4
389901.5
390070.4
390176
390248.6
390395.1
390577.9
390677.2
390687.7
390942.4
390976.2
391128.5
391282.4
391328.2
391429.7
391451.9
391731.1
391830.4
391841.8
391921.8
391925.7
391996.4
392039.9
392045.9
392158.2
392256.2
392429.2
392472.9
392496.9
392667.7
392673.5
392718.2
392741.6
392745
392778.1
392964.5
393011.3
393032
393037.4
393094
393112.5
393135.1
393144.5
393148.2
393196.6
393304.3
393351.3
393356.2
393366.1
393437.8
393486.1
393591.4
393613.2
393642.1
393652.8
393669.3
393706.4
393722.7
393776.1
393791.2
393821.1
393856.7
393872.2
393896.4
393934.9
393960.7
393995
394010.8
394029.8
394085.3
394166.5
394171.8
394339.8
394367.6
394467.1
394483.2
394494.7
394518.4
394543.1
394559.6
394562
394597.4
394698.9
394800.9
394830.7
394880.1
394940.1
394948.4
394959
394992
395106
395159.2
395166.8
395171.1
395213.7
395263.2
395324.3
395375.5
395421.5
395523.4
395663.7
395703.3
395736.9
395737.2
395750.3
395814.8
395889.7
395907.7
395990.3
396032
396048
396049.9
396063.7
396094.8
396098.2
396137.5
396222
396230.4
396314.8
396340.7
396546.9
396601.7
396981.5
397245.9
397645.5
399134.8
399193.1
399410.5
399793
399831.5
399844.5
399863.5
399995.1
400010.1
400035
400143.7
400181.4
400328.1
400354.2
400428.9
400512.2
400513.7
400597.1
400692.6
400821.7
400825.3
400846.7
400902
400919.6
400942.4
400973.8
401029.6
401185.2
401206.1
401211.7
401236
401270
401293.1
401328
401375.2
401395.2
401418.9
401449.6
401450.3
401463
401522.5
401596.4
401651
401674.4
401732.6
401779.6
401814.9
401942.9
402029.8
402135.4
402140.1
402162.1
402223.3
402266.1
402330.1
402334.6
402351.9
402360.5
402462.5
402484.6
403065.3
403078
403093
403318.7
403387.6
403426.6
403688.1
403850.7
403916.4
404107.6
404356.8
404383.5
404403.4
404471.6
404491.1
404581.5
404616.7
404621.9
404649.8
404713.8
404745.6
404775.9
404857.6
404880
404900.6
404959.4
404999.9
405006.2
405198.5
405301.4
405325.5
405585.9
405634.9
405720
405803.2
405808
405809.2
405898.9
405903.1
405952.9
406021.7
406071.5
406085.1
406095.2
406139
406204.3
406253.2
406308.8
406452.9
406469.3
406565.2
406580.7
406594.9
406698.9
406745.5
406819.6
406915.6
406940.9
406945.4
406967.4
406969.8
407091.8
407156.4
407200.2
407221.8
407225.3
407328.6
407337.8
407442.5
407492.3
407495.8
407548
407617.9
407629.5
407836.2
407877.9
407886.6
407894.5
407897.5
407941.1
407992
408067.5
408137.6
408187.5
408190.7
408196
408206.4
408210
408217.8
408240.2
408311.5
408331.3
408380.3
408384.2
408464
408472.6
408500.5
408509
408589.5
408671.2
408684.6
408710.5
408714.5
408748.4
408828.8
408848.9
408966.6
408992.2
408995
408999.5
409017.8
409094.1
409177.3
409241.5
409314.1
409328
409341.9
409347.2
409356.8
409425.4
409477.1
409590.4
409676.1
409760
409896.2
409913.6
409936.4
409970.3
409971.4
409994.6
410120.4
410129.7
410170.9
410202.9
410220.4
410243.1
410249.7
410276
410310.7
410352.8
410353.7
410360.4
410378.8
410392.9
410395.7
410411.1
410448.9
410499.5
410554.5
410556.8
410607.5
410630.9
410673.6
410780
410803.4
410806.9
410870.6
410878.7
410904.9
410913
410938.4
410944.1
410994.3
411054.8
411120.3
411126.1
411193.2
411196.9
411233
411250
411360.4
411462.8
411475.2
411510.4
411559.2
411574.1
411588.8
411623
411748.8
411795.2
411913.6
411959.4
412093.2
412148.4
412197.1
412246
412374.3
412430.4
412486.5
412498.4
412509.1
412555
412619.3
412723.9
412803.7
413197.2
413300.8
413411.5
413591
413784.1
414157.8
414207.4
414258.5
414629.5
414724.8
414829.3
415349.1
415426.4
415445.6
415455.5
415581.3
415593.6
415669.3
415726.1
415806.7
415821.6
415924.9
415966.1
416017.3
416320.8
416376.2
416423.5
416428.2
416598.3
416660.7
416776
416952.6
417029.7
417065
417183.2
417191.3
417314.4
417535.4
417577.7
417622.9
417789
417954.8
417975.4
417979.4
418056.9
418077.3
418098.9
418442.1
418532.2
418664.8
418677.9
418919.4
418961.2
419106.5
419748.1
419782
420317.4
430881.6
431620.6
431732.4
431806.7
432297.5
432347
433289.5
433577.5
433599.7
433732.9
434319.1
434361.2
434420.3
434478.8
434516.4
434584.8
434586.1
434607.6
434637.3
434833.3
434973.2
435029.5
435175.8
435318.2
435527.3
435591.7
436052.9
436474.5
436523.6
436698.8
436894.8
437000.8
437082.5
437451
437919.9
437979.2
438130.7
438151
438194.5
438335.6
438857.4
439038.1
439074.7
439188.7
439340
439406.8
439490.7
439751.1
440522.3
440797.1
440888.1
441168.2
441198.8
444558.4
445982.7
446007.9
446116.3
446271.6
446418.4
446445.8
446457.2
446532.7
446659.2
447068.7
447110.8
447978.9
448221.5
469486.5
469758.4
469769.4
470504.4
471306.8
471389.8
471917
472000.4
472094.8
472599.9
472633.9
472647.9
472677.2
472712.9
472985.8
473131
473308.2
473768.5
473797.2
473834.9
473885.4
473937.3
474051.9
474052.9
474216.1
474246.1
474509.2
474515.5
474550.8
474608.7
474643.9
474657
474679.9
474707
474843.3
474878.8
474966.2
475101.3
475305.2
475309.4
475362.7
475380.9
475526.6
475584
475584.2
475679.2
475693.9
475795.9
475896
475934.4
475953.9
475965.3
476128.7
476224.6
476385.6
476475.5
476519.2
476840.3
476865.1
477007.2
477035.6
477038.2
477056.1
477121.2
477156.1
477188.9
477211.6
477230.5
477297.7
477599.1
477619.6
477714
477785
477848
477858
477896.1
477941.4
478274.3
478276.1
478344.9
478354.9
478386.7
478412.5
478502.1
478573.5
478756.6
478768.4
478852.5
479224.8
479594.7
479743.9
479756
479814.3
480204.8
480244.1
480426.9
481115.7
481180.4
481293.8
481308.1
481497.5
481574.9
481586.3
481767
482036.2
483927.8
484889.3
484944.2
485262.9
485347.3
485710.4
485778.5
485877
485883.8
485885.8
485956.7
486009.8
486082.1
486438.1
486578.4
486602.7
486762.8
486799.2
486824.2
486851.8
486886.9
486899.9
486911.5
486955.4
486986
487039.8
487050.4
487067.3
487108.5
487220.9
487247.7
487285.6
487319.4
487582.6
487636.2
487672.1
487785.6
487819.5
487991.7
488068.8
488071.5
488141.9
488247.8
488337.6
488378.8
488399.3
488409.4
488426
488492.2
488575.7
488580
488715.2
488747.9
488856
488887.8
488958.5
489086.3
489134
489147.6
489171.2
489347.5
489498.8
489508.4
489562.4
489663.3
489677.7
489685.5
489691
489752
489788.8
489866.2
489877.6
489906
489980
489985.7
490093
490108.6
490111.3
490125.9
490130.5
490159.5
490174.6
490195.8
490271.7
490451.5
490495.3
490582.5
490620.4
490649.7
490714
490719
491023.5
491085.2
491196.7
491209.4
491330.8
491511.6
491651.7
491825.2
491895.9
491986.4
492050.5
492153
492225.4
492343.3
492348.9
492554.6
492620.5
492691
492715.5
492753.4
492779.7
492809.4
493014.6
493154.6
493271.6
493347.9
493366.2
493585.2
493626.5
493641.6
493669.3
493705.9
493727.7
493774.3
493784.4
493799.5
493980.3
494134.2
494143
494381.9
494425.5
494427.5
494574.3
494638.1
494680.9
494750.3
494810.3
495074.3
495177.7
495205.5
495210.7
495389.8
495429.7
495451.8
495468.6
495600.9
495658.2
495694.1
495700.6
495720.3
495720.8
495906.1
495917.9
495918
496050.4
496107
496150.5
496153.5
496179.1
496208.6
496354
496457.4
496462.3
496545.2
496601.5
496637.1
496820.1
496823.6
496829.9
496921.1
496944.3
497084.8
497090.3
497127
497151.3
497199.6
497247
497353.9
497374.9
497553.4
497582.7
497653.1
497678.4
497689.8
497695.6
497742.6
497765.5
497787.6
497825
497871
497917.9
498122.5
498212.8
498262.1
498326.2
498338
498444.1
498460.3
498521.3
498529.4
498628
498770.9
498831.2
498932.9
499139.9
499177.7
499245
499336
499406.2
499502.6
499537.1
499676.3
499714.3
499734.9
499771.2
499787.5
499924.1
499928.4
500029.9
500054
500074.4
500116.7
500138.7
500214
500245.2
500277.3
500319.9
500343.4
500397.2
500551.2
500705.9
500726
500849.2
500874.9
500883.5
500927.6
501029.8
501089.7
501102.8
501111.1
501173.7
501176.1
501187.6
501236.6
501265.2
501382.7
501388.6
501557.6
501621.6
501632.1
501731.1
501770.4
501817.4
501835
501906.4
501909.9
502118.9
502148.3
502198.5
502205.2
502275.4
502334.6
502446
502453.3
502455.7
502560.4
502604.6
502612.9
502694.7
502726.4
502873.6
502963.3
502972.7
503073.6
503080
503096.8
503100.8
503109.4
503140
503165.8
503216
503329.5
503520.9
503527.8
503634.9
503984
504034.7
504071.5
504087.4
504201.4
504212
504252.8
504349
504620.5
504632.5
504664.7
504676.2
504715.7
504778.8
504779.8
504798.1
504847.6
504883.2
504917.7
504966
504975.9
505022
505058.7
505124.6
505182.1
505235.4
505257
505310.2
505327.8
505330.4
505418.8
505516.3
505760
505872.3
505910.1
505951.8
506003.5
506098.4
506101.3
506178.8
506187.2
506219.7
506230
506298.8
506331.3
506390.2
506474.4
506719.7
506811.9
506933.9
506942.7
506953
506965.5
507012.4
507046
507108.3
507156.6
507182.9
507250.9
507303.6
507395.4
507430.3
507443.3
507519.9
507591.2
507644.7
507646
507840.7
507900.9
507904
507972.8
507985.9
508012.3
508034.4
508042.8
508080.3
508130.5
508163.1
508164.1
508166.7
508199.8
508239.2
508257.6
508354.2
508465.8
508475.9
508484.9
508593.9
508685
508734.1
509197.6
509442.4
509523.8
509535.9
509956.8
510369.4
510420.6
510703.9
511275.5
527596.9
528045.2
530478.4
531304
564832.5
565994.3
566403
578585
