12273.8
12380.8
12773.4
12826
12954.4
12970.4
12982.2
12989.4
13040.9
13067.4
13185.7
13250.3
13534.3
13769
13808.3
14697.9
15222.4
15397.9
15676
23151
23898.1
23927
24815.7
25081.8
25140.8
25237.6
25785.9
26203.7
26356.3
26596
26685.8
26859.7
26864.4
27474.6
27673.8
27757.2
28825.8
40593.9
40952.1
58952
59521
59535.4
59538.9
59831.6
65979.1
66415.5
66544.1
66921.8
67042.8
68085.3
68111
95775.8
162131.1
162584.1
162680.6
162740.1
162767.8
162798.1
162814
162916.1
162926.8
163006.3
163029.5
163047.5
163099.4
163107.6
163144.2
163242.1
163262.6
163290.9
163298.2
163329.9
163383.7
163467.6
163537.6
163609.2
163660.4
163728.8
163753.1
164009.3
164165.7
164201
164264
164298.2
164370
164394.8
164473.9
164619.6
164654.8
164742.2
164746.5
165036.2
165073.4
165105.4
165126.3
165412.7
165547.5
165553
165722.8
165727.2
165919.4
165958.2
166052.7
166259.3
166377.5
166767.7
166847.6
167001
167063.6
167088.2
167261.2
167294.2
167348.6
167356.9
167493.2
167589.9
167663.7
167701.9
168148.8
168373.7
168387.4
168532
168578.3
168660
168731.9
168896.6
168986.5
169256
173634.4
173647.5
173698
173885.7
174018.5
174039.6
174056.8
174065.4
174079.5
174092.7
174122.5
174182.2
174241.1
174271
174278.5
174310.9
174322.8
174342.5
174400.5
174406.9
174420.8
174443.9
174473.7
174482.7
174503.5
174572.2
174634.9
174694.7
174761.6
174835.6
174927.5
174997.5
175111.5
175310.8
175585.7
175643.7
175677.7
187360.1
187373.8
187520.1
187552.5
187750
187754.1
187783.2
187791.1
187916.3
187921
187928.1
187930.6
188030.3
188044.1
188096.1
188269.6
188321.2
188364
188376.2
188477.7
188485.8
188499.3
188610.7
189053.9
189101.6
189137.7
189189.6
189523.6
189625.5
190440
190868.9
191503.2
191857.5
191939.1
192059.6
192237.6
194717.5
220901.7
222815.5
222957.1
222992.8
223268.5
223344.5
223349.7
223374.8
223527.7
223602.5
223605
223656.5
230107.9
230380.6
230675.9
230723.3
230828.4
230938
230948
230986.7
231164.7
231268.2
249671.6
269869.4
270090.2
270207.2
270216.7
270226
270303
270592.9
270614.3
270743.9
270768
271418.4
271639.6
271834.1
271902.4
272015.9
272111.8
272125.4
272238.2
272305
272396.5
272434.6
272636.5
278230.1
278365.3
278407.6
278417.4
278516.8
278831.1
278919.6
278974
279066.3
279137.5
298803.3
299017.1
299093.6
299276.3
299397
299616.9
299808.5
299931.6
300253.1
330385.8
331383.2
331602.6
335142.9
335192
335350.1
335434.3
335591.5
335681.2
335941.4
335985.2
336012.9
336025.9
336051.4
336093.2
336111.1
336114.8
336118.2
336196.9
336211.5
336243.1
336287.8
336712.9
336812.1
336862.2
337087
337326.6
337344.2
338036.2
342309.9
342645.7
342766
344605.3
346850.4
347369.1
347517
347550
347673.7
347760.2
347788.3
347813.2
348016.9
348048.5
348052.1
348056.7
348064.1
348103.5
348276.6
348367.1
348380.4
348452.6
348568.4
348576.9
348577.4
348644.8
348653.2
348664.5
348696.7
348700.7
348709.9
348771.1
348818.1
348823.9
348873.7
348940.7
421156.1
421175.4
421250.5
421382.8
421391.6
421414.7
421451.8
421496
421498.4
421579.4
421673.6
421783
421822.2
421859.9
421875.9
422162.1
422270.5
422303.6
422413.1
422453.2
422468.3
423110.8
423382.8
425400.7
425459.6
425648.3
425654.4
425693
425709.5
425745
425779.6
425812.3
425886.7
426065.6
426072.7
426302.4
426372.7
426485.6
426501
426520.7
426521.6
426553
426589.6
426641.6
426656
426668.9
426709.5
426884.5
426922.2
426927.8
426966.7
427001.5
427081.9
427682.5
427724.9
427848.1
427999.3
428022.6
428252.4
428271.1
428279.4
428405.9
428445.1
428635.8
429016.8
429058.8
429121.9
429247.7
429483.2
429726.3
445048.7
445082.8
445291.2
445415.5
449575.4
456584.6
456686.8
456788.1
456888.1
457033.8
457034.3
457114.7
457202.9
457304.7
457454.7
457497.4
466593.9
511974.9
512143.7
512468.4
512610
512695.8
513091.2
513359.9
513788.8
514107.8
514165.9
514191.8
514262.7
514653.9
515125.1
519388.1
530838.5
532063.7
532471.6
532500.5
538021.5
539270
539352.3
539503.8
539709.7
539717
540102.8
540159.4
540200.5
540431.3
540442.6
540552.8
540656.7
540826.1
548330.1
548458
548506.7
548591.4
548600
548620.5
548691.9
548710.3
548723.3
548743.9
548798.4
548810.5
548938.9
548939.3
549127.3
549252.3
549281.9
549441.8
549482.3
549490.7
549506.6
549517.3
562405.9
563064.8
563335.3
563520.5
564157.8
564194.9
564412.6
565823.9
567059.7
567162.8
567280.6
567416.1
567439.3
567498.7
567668.8
567819.4
567952.4
570097.4
576660.9
576943.1
577018.7
577334.5
577576.9
577645.9
577661.3
577673.3
577676.5
577784.7
577874.6
577959.8
577995
578002.7
578043.9
578200.3
579734.9
579982.9
579997.1
586538.1
587019.2
589892.2
590149.6
590215.9
590406.8
590434.5
590574.1
590578.8
590636.8
590651
590658.9
590669.5
590700.2
590706.5
590715.6
590806.4
590880.9
590898.4
591022.4
591043.8
595594.6
595635
595638.2
595715.2
595786.4
596027.9
596032.6
596037.5
596252.3
