10.5
60.8
120.5
145.1
154.8
192.3
401.3
445.5
458.2
506.4
619.3
652.3
700.8
705.4
732.7
737.4
757.8
786.1
864
915.4
1030.6
1190.2
5052.1
5103
5211.2
7485.2
7589.8
7749.3
11122.6
11264.8
11521.4
11659.9
12151.9
13144.2
13507.9
14187.6
15387
16503.3
16984
17007.5
17084.3
17103.6
17168.7
17176.8
17181.3
17256.8
17405.1
18759
20374.4
20377.5
20440.4
20474.7
20519.2
20630.5
20631.7
20643.4
20720.6
20751.6
20824.6
22508.3
22578
22637.5
22649.7
22717.8
22742.8
22881
22908.9
22953.3
23057.9
26066.9
27086.9
27382.2
27420.9
31370.9
31625.4
31656.7
31694.9
31794.1
31872.8
31932.4
31979.3
32031.7
32038.8
32171.1
32220.6
32258.5
32282
32329.5
32342.7
32343.8
32358.2
32456
32552.9
32573.7
32591.7
32594.2
32601.4
32828.1
32858.3
32902.8
32903.7
32985.1
33101.6
33141.2
33166.1
33389.3
33417.9
33487.9
33500.2
33529.1
33544.6
33564.3
33577.6
33642.4
33664.5
33670.4
33754.6
33770.6
33803
33821.6
33833.4
33845.1
33894
33911.2
33950.5
34136.7
34226.8
41494.5
41669.8
43733.3
43757.6
43823.7
43848.3
43875.4
43890.4
43928.4
43980
44033.2
44042
44124.8
44130.6
44157.3
44337.5
44366.4
44553.5
44782.4
44787.2
45780.7
45862.1
45995.6
46026.8
46047.7
46049.3
46082.2
46133.9
46160.2
46172.6
46184
46197.3
46208
46254.1
46309.1
46339.4
46371.6
46443.5
46445.9
46504.8
46556.4
46559.6
46586.2
46868.1
46869.7
47002.8
47025.1
47073.8
47081
47127.7
47138.2
47173.5
47183.4
47213.7
47226.5
47283.6
47299.9
47316.7
47332.4
47340
47540.6
47572.5
52177.5
52262.8
52291.6
52327.7
52328
52375
52449.7
52845.8
52906.3
52961.8
53340.9
53376.2
53455.9
53633.4
53687.3
53714.7
53759.2
53826.2
53986.9
54038.4
54052
54111.9
54210.9
54233.2
54357.8
54489.8
54494.9
54625.5
54756.8
57021.6
57224.7
57240.2
57266.1
57861.9
59087.5
61049.4
62533.1
63496.7
63529.9
63643.8
63871.9
63877.7
63981.3
63986.1
64000.9
64229.1
64263.1
64272.6
64289.7
64301.6
64308.5
64393.9
64441.6
64449.9
64461.6
64635.4
64638
64688.7
64714.8
64761.4
64763.5
64890.7
64961.7
64981
65260
65666.3
68628.2
69811.4
69996.4
70207.4
70261.7
70406
72788.6
73839.3
81601
81683.2
91540.7
91759.9
91876.9
91932.3
91982.3
92027.2
92172
104787.9
105057.5
112253.3
112255.8
112471
112642.1
112704.9
112753.9
112759
112881.3
112899.6
112991.5
113114.3
116605.5
117786.3
117869.5
118056.2
118124.4
118146.3
118162
118198
118206.4
118269
118285.2
118891.4
119044.5
119238.3
119321.2
119403.6
119425.8
119474.4
119479.6
119532.2
119535.2
125599
125702.8
125942.9
126107.8
126119.7
126133.1
126194.8
126208
126257.3
134826.6
136740.3
137465.2
137856.7
138189.6
138250.7
138440.8
138875.7
139042.9
139219.4
148369.8
148913.8
151764.5
160432.1
161142.1
161153.8
161683.2
163306.4
163544.4
163873.8
163906.8
168061.4
168137.7
168247.1
168323.1
168363.2
168412.7
168623.6
168657.7
168714.3
168796.1
168864.3
169123.8
169125.6
169187.1
173802.7
173888.4
174206.1
174264.7
174297.8
174407.9
174474.2
174625.4
174644.1
174684.3
174699.1
174826.4
179701.6
179926.6
179987.8
180022.3
180077.4
180117.6
180213.6
180449.3
180507.9
180545
180582.5
180760.8
187088
187218.2
187278.9
187450.4
187453.4
187494.8
187522.4
187553.2
187646.3
187669.1
187809.6
187905.1
187979.3
188089.3
188166.1
188204.3
193703.9
193781.9
194960
195001.7
195024.7
195028
195039
195049.3
195141.1
195254.8
195308.2
195328.9
195384.9
195401.4
200583.6
204997.3
208401.6
208526.5
208666.9
208847.4
209065.2
209067.2
209179.7
209354.7
210434
210500.9
210631.4
210675.4
210769.5
210776.9
210994.2
211043.3
211232.5
211286.6
211358.9
211379
211502.6
211693.9
211748.7
213360.3
213422.7
213613.3
213618.1
213700.1
213713.8
213726
213746.5
213771.5
213942
213953.4
214006.7
214060.5
214129.9
222416.2
222585.5
222598.6
222629.5
222636.4
222646.2
222650.2
222668.3
222690.9
222695.2
222719.8
222749.5
222789.7
222811.3
222816.8
222877.2
222946.4
222980.1
223174.9
223486.1
232008.8
232131
232141.6
232276.4
232522.6
232598
232700.9
232745.3
232792.5
232798.9
232883.4
232909
232974.8
233048.2
233112.6
233415.3
233463.9
233464.1
233489.1
233578.7
233619.3
233619.9
233641.7
233700.9
233728.6
233737.1
233821
233834.4
233886.9
233893.5
233947.9
237626.1
243740
243844.1
243850.1
244049.9
244181.4
244297.6
244345.2
244421.9
244431.6
244450.3
244453.7
244470.6
244472.4
244487.5
244494.8
244556.8
244685.4
244726.7
244809
245085.7
245194.4
245218
245222.5
245246.2
245274.9
245300.8
245372
245378.5
245448.9
245466.9
245502.7
245676.3
245768.9
245829
245891.1
245896.1
246046.3
246204
246239
246241.6
246243
246369.6
246395.6
246416.3
246454.6
246528.6
246607.6
246621.4
246656.2
246708.9
246752.2
249846.5
252906.8
252979.5
253007.3
253118.9
253260.6
253297.9
253334.1
253431.3
253433.4
253454.8
253553.1
253582.4
253671
253799
253826
253926.5
253946.2
254009.6
254037.3
254058
254069
254076.6
254147.2
254225.1
254235.6
254288.1
254307.4
254338.4
254343.9
254397.7
254425.9
254446.4
254457
254547.2
254600.8
254643.5
254715.8
255031.4
255057.8
255063.8
255116.7
255142.4
255153.5
255184.1
255196
255322
255387.8
255407.2
255424.5
255430
255448.8
255450.1
255466.5
255552
255562.9
255711.7
264603.9
264910.8
264950.9
264958.9
264968.2
265180.8
265232.5
265257.5
265265.9
265289.5
265325.2
265384.7
265402.6
265415.3
265519.5
265531.9
265538.6
265597.6
265629.8
265738
265839
265840
265857.1
265929.6
265953.1
265955.2
266043.2
266101.5
266193.7
266426.9
266430.1
266584.4
266599.1
266790
266833.3
266886.5
266942.3
266960.4
267069.4
267108.6
267152.6
267179.6
267279.8
267288.2
267290.3
267322.3
267338
267344.8
267349.7
267375.4
267466.1
267470.5
267483.4
267487.1
267537.4
267608.3
267617.2
268069.5
268144.5
268516.8
273175.4
273377.9
273388.6
273476
273538.6
273561.8
273582.1
273713
273808.6
273893.6
274044.3
274911.6
275236.5
275237.9
275331.2
275356.1
275736.4
275903.1
277082.4
277655.3
277708.1
280632
280899.9
281017
281050.3
281063.5
281167.6
281200.8
281233.6
281359.8
282495
282649.8
282766.2
283034.7
284330.5
284403.7
284450.9
285208.3
285239
285683.6
285709.4
285713.2
285753.1
285765.3
285881.1
286225.4
286261.6
286419
298843.3
298964
298974.5
298993.5
299119.3
299148.2
303351.8
303400.9
303434.6
303453.6
303456.3
303554.5
303555.8
303628.6
303679.3
310575.9
311350.6
311359.4
311425.5
311626.6
312941.9
313073.1
313352.7
316132.5
316982.6
317562.4
317746
317860.8
318037.2
318220.3
318407.3
318443.4
318531.2
318830
319158.5
319394.9
319500.2
319578.1
319777.9
319871.1
319975.2
319986.3
320059.3
320087.1
320097
320185.2
324938.6
325277.4
325340.3
325377.4
325423.2
325435
325488.8
325564.1
325793.8
327983.2
328346.9
329525.6
329530.6
329548.4
329591.6
329675.2
329786.9
329789.4
329810.8
329834.6
329886.8
329898.8
329929.4
329953.7
329986.2
329987.7
330103.3
330108.8
330127.3
330196.5
330283.5
330294.1
332608.7
332651
332852.9
333008.2
333122.7
333128.4
333154.5
333168.5
333267
333296.3
333428
333478.6
333482.1
333496.5
333582.6
333632.9
333704.1
333732.5
333778.1
333936.2
334435.5
334554.3
334668.3
336119.8
336217.2
336313.3
336362.9
336496
336556.7
336604.3
336715.8
336717.4
336792.1
336840.9
336933
336941.9
336960.6
337131.4
337298.1
337352.4
337352.7
337514.1
337533
337539.9
337787.4
337804.4
337811.2
337844
337940.3
338222.6
338245.4
345198.7
345516.1
348889.8
348897.2
349197.4
351428.9
351513.8
351592
351686.9
351707.7
351749.7
351764.4
351805.6
351857.8
351874.5
351883.4
351904.4
351969.3
352013.2
352013.3
352016.7
352019.3
352132.3
352205.3
352207.9
352213
352239.4
352274.9
352275.2
352316.3
352343.2
352350.5
352370.8
352434.5
352476.8
352517.5
352532.2
352578.6
352630
374285.1
374323.3
374463.4
374574.7
374596.9
374712.1
374719.1
374739.7
374761.3
374787.1
374830.4
374843.3
374848.1
374852.3
374856.9
374879.2
374961.3
374970.7
375011.3
375012.9
375029.3
375030.6
375090.7
375098.5
375161.7
375178.9
375197.8
375256.3
375357.3
396878
397082.6
397099.2
397114.2
397180.7
397350.5
397547.9
397613.2
397743.8
397746.9
397763.8
397808.8
397820.1
397873.1
397915.5
398111.5
399224
413613.7
419600.6
425168.1
425246.6
425392.2
425396.5
425454.9
425603.8
425648.2
425767.4
425850.8
425915.6
426483.2
426485.5
426510
427075.2
430313.8
430351.6
430515.4
430527.5
430737.7
430898.5
431075.4
432883.9
436499
438364.2
439666.6
439739.3
439851.2
440374.4
440530.8
440748.3
440817.6
440869.9
441168.8
441361.8
441424.5
441443.2
441489.8
441619.1
441631.5
441639.1
441646.8
441656.6
441727.3
441776.6
441780.6
442231.7
442268
442703.6
443123.5
443905.4
444161
444303.1
444398.7
446834.4
446925.9
447066
447079.3
447159.2
447213.1
447282.8
447303.4
447386.8
447402.6
447415.9
447492.6
447500.7
447663.5
447665.3
447666.8
447696.2
447707.9
447751.3
447764.6
447783.6
447814.9
447819.9
447944.1
447986.6
447993.7
448072
448118.7
451050.2
451069.5
451073.9
451180.6
451723.9
451948.2
454843.3
455024.9
455045.6
455165.5
455237.3
456038.6
468237.5
468399
468449.9
468903.4
468924.4
469894
469911.7
469956.9
470025.9
470078
470106.6
470227.6
470249.9
470250.2
470358.3
470473.6
470916.6
470927.1
470943.4
479357.9
482455.1
482780.3
482787
482897
482932.8
482988.2
483034.6
483100.5
483106.2
483222.4
483257.4
483267.1
483304.3
483432.3
483574.5
483601.2
483776.4
483776.5
483787.6
483795.6
483891.5
483930.7
483954.6
484160.7
484173
484176.7
484202.7
484254.5
484365.8
484493.1
484642.3
484815.4
510910.7
513245.3
514289.9
514383.7
514742.3
514770.1
515087.8
515191.8
515830.6
516120.4
516290
525896.6
525920.9
525948.6
525953.9
525958.3
526077
526080.9
526096.8
526134.3
526226
526509.5
526515
526534.2
526535
526535.1
526548.1
526623.5
526679.4
526727
526743.1
526838.7
526846.2
526878.7
526895
526933
527069.2
527070
527115.9
527123.7
527134.2
527144.6
527171.8
527223
527336
527531.3
527577.2
527616.3
527702.9
527720
531093
531135.7
531178.4
531501.3
531789.8
535903.5
536347.5
536433.1
539381.7
539414.4
539873.1
540040.5
541569.7
542542.9
542801
542992.7
543153
543190.8
543191.7
543280.8
543503.8
544077.5
546006.2
548753.7
550348.5
552233.1
552263.3
552276.3
552317.7
552362.5
552397.3
552434.9
552455.5
552575.8
552576.5
552764.2
552822.6
552838.3
552911.5
552967.5
553013.4
553054.8
553083.5
553149.1
553309.2
553354.5
553376.4
553411
553496.5
553502.8
553548.7
553561.1
553623.6
553700.4
553724
553899.8
553966.2
554062.6
554095.5
554176.5
554342.8
554380.6
554398.6
554456.2
554690.3
554711.6
554726.4
554841
554925.7
555368.1
555541
555550
555563.5
556108.5
557692.3
557722
558217.2
558232
558254.7
563429.9
567808.3
567912.2
569371.6
569781.2
571613.2
571663.9
571686.6
571906.9
572045.9
576335.4
576677
576693.4
576791.3
576885.9
576897.5
577008.1
577075.4
577148.9
577221.1
577259.2
577297.4
577318.5
577338.3
577346.3
577376.1
577377.4
577472.4
577476.6
577483.2
577498.6
577745.6
577762.5
580099.6
586800.8
589785.1
594696.7
594739.5
594780.4
596585.7
596684.3
597748.6
599500.3
