6862.4
7094.1
7142.4
7315
7418.9
7441.5
11236.7
11532.5
11548.3
11549.5
11727.5
11739
11820.1
11848.4
11923.9
11935.1
12074.1
12158.1
12246.8
13282.4
13349.2
13367.9
13459.7
13462.4
13663.5
13742.4
13843.7
13859.2
13924.8
13957.9
14183.1
14235
14287.6
14327.8
14333.3
14357.4
14371.8
14391
14449.5
14458
14496.6
14602.4
14706.1
14706.5
14752.5
14763.2
14861.7
14872
14874.9
14954.9
14955.2
14956.8
15002.1
15065.5
15068.7
15101.8
15176
15187
15202.2
15240.4
15307.7
15323.7
15409
15453.7
15474.6
15495.4
15543.3
15572.3
15584.4
15661.3
15715.4
15718.4
15743.1
15756.1
15844.1
15874.8
15924
20027.6
20079.3
20147.9
20252.6
20292.3
24309.9
24509.3
24557.4
24625.7
24765.2
24917.9
25258.4
26616.3
26858.3
28523.5
28613.9
28648.5
28903.2
28951.7
28953.2
29155.9
29166.9
29186.8
29338.6
29415.9
29475.8
29485.8
29521.6
29559
29569.6
29580.8
29696.9
29783.1
29808
29980.9
30071.5
30095.4
30149
30174.1
30252.8
30453.5
30513.4
30810.4
31054.9
31178.4
40051.6
40405.1
40437.5
40584.4
41927.9
42471.4
47709.3
48988.9
50339.2
50573.9
50578.7
50627.3
50644.4
50719.3
50745.5
50825.7
50938.3
52787.4
53581.2
58424.4
60126.2
60138.1
60226
60282.5
60333.6
60354.8
60399.9
60453.9
60468.3
60506.7
60667.3
60837.3
61116.8
61605.4
61627.9
61801.6
61880.5
62056.1
62057.7
62075
62196.8
62243.9
62273.5
62305.5
62375.2
62433.4
62557.4
62683.4
65300.1
65368.5
66091.6
67959
68313.9
68435.7
68605.3
68699.2
68745
70589.7
70803.3
70911.3
70920.3
70925.3
70926.9
70943.5
70986.6
71081.6
71100.3
71199.6
71309.7
71365.6
71546
72088.7
82305.5
90681.9
90782
90789.4
90799.9
90844.1
90863
90907.4
90955.7
91009
91051.2
91112.3
91136.5
91159.2
91225
91283.4
91337.1
96247.8
96998.9
101759.2
103519.8
103629
103869
103905.8
104028
104072.6
104382
104383.3
104386.8
105745.1
105770.8
105770.9
105827.7
105847.9
105863.5
105895.1
105916.9
105919.9
105926.2
105950.7
105958.8
106025.5
106081.9
106114.2
106119.5
106146.7
106213.4
106249.7
106336.4
106345.1
106449.4
115789
115798.8
115860.5
116062.3
116072.7
116083.2
116083.6
116134.4
116173.8
116213.5
116224.7
116304.9
116380.4
116433
116469.3
116471
116543
116611.8
116745.7
116856.6
116876.7
116994
117105.7
117113.6
117126.4
117134.9
117239.4
117334.2
117369.8
117375.7
117376.3
117423.7
117470.9
117509.4
117531.4
117591.5
117591.8
117652.5
117652.6
117665.5
117723
117724.6
117739.3
118485.5
118666.2
118710.1
126313.8
126457.1
126686.4
126862.3
126880.7
127017
127042.8
127204.1
127246.1
127281.2
127306.5
127641.7
135034.5
135067.7
135111.6
135784.7
147938.5
148434.9
148578.3
152031.9
152187.3
153332.9
154361.2
156173
157700.7
158297.3
160909.6
161220.1
161341.6
163474.9
163849.9
163878.9
164065.7
164130.8
164154.8
166601.4
168444.3
169163.8
169176.3
169522.5
172761.9
172819.4
173211.7
173309.7
173550.5
173587.9
173662.6
173683.2
173704.6
175872.8
175899.3
176011.1
176016.1
176050.4
176149.8
176245.8
176332.4
176335.3
176359.1
176388.8
176555.4
176624.3
176700.4
176730.2
176730.8
176752.4
176861.3
176871.1
176886.4
176902.3
176981.5
176985.7
177029.6
177059.9
177084.9
177089.8
177096.2
177105.4
177114.5
177188.1
177208.7
177212.6
177216.4
177250.2
177265.1
177280.9
177326.8
177349.9
177359.7
177394
177478.7
177544.8
177579.4
178714.1
183006.7
183195.6
183264.2
183414.6
183424.7
183511.8
187953.3
188126.8
189695
189701.2
190160.6
190244
190396.4
192782.4
193078.3
193096.4
193328.7
193373.5
193391.8
193418
193455.8
193587.6
195442.9
199552.7
199607.7
199803.7
199825.2
199903.7
200109.8
200355.7
200483.3
200630.8
200648.6
200754.4
200789.7
201067.7
201697.1
201915.4
202196.8
202222.7
202223.2
202467.4
202503.9
202574.4
202622.1
202761.6
203112.9
203244.7
203440.6
203478.9
203707.7
203723.1
203928.7
204322.6
204627.1
204669
204701.2
204801
205360.9
206687.9
207408
207653.4
209663.6
209701.6
209940
211969
212033.3
212125
212292
212385.4
212476.1
217991.4
218090.3
218114.2
218188.5
218244.5
218326.9
218328.4
218330.7
218714.8
219911.2
220058.7
220163.5
220222.7
220316.7
220372
220446.1
220678.3
220747
220889.4
221856.7
223827.5
224162
224192.6
224200.9
224217.4
224369.1
224426.4
224457.4
224515.5
224521.5
224566.6
224568.9
224654.8
224660.5
224697.3
224706.9
224709
224716.7
224740.7
224799.2
224919.4
229730.5
230050
230090.5
230139.1
230220.4
230260.7
230404.7
231525.7
231628.9
231631.2
231636.9
231686.1
231734.8
231735.3
231794.6
231820.9
231882.7
232966.2
233060.9
240563.9
241019.1
241522.3
241649.8
241832.4
241838.9
241879.1
241985.7
242016.5
242112.4
242182.9
242257.7
242274.8
242311.1
242402.1
242473.2
242487.9
242584.5
242663.5
242741.1
243018.5
243086.5
243107.7
243241.2
243309.2
243321.3
243369.1
243427.8
243443.7
243444.6
243445
243462.9
243496.2
243523.6
243534.6
243575.7
243587.6
243597.2
243608.5
243685.4
248566.1
248699.5
248720.3
248765.1
248775.9
249049.5
249088.6
249148
249186.4
249307
249388.8
249407.8
249528.4
249640.1
250880.4
250957.2
251029.4
251071.7
251559.6
251644.1
251679
251853.8
251895.8
251907.4
255744.5
269064.3
269210.6
269271.4
269294.4
269304.8
269381.4
269559
270938.3
270997.4
272851.9
272890.7
272928.9
272942.4
273073.8
274117.7
274172.3
274183.5
274291.5
274312.5
274389
274459.8
274470.4
274526.2
274539
274561.4
274622.1
275177.2
277555.2
284340.6
284877.5
286605.9
286706
298631.8
299335.5
300272
300337.5
300406.5
300512
300587.9
300604.7
300621.5
300627.1
300663.1
300750
301021.2
301059.4
301129.4
301133.8
301353.3
301385.5
301528.3
308718.7
308854.2
308868
309099.1
309150.1
309166.8
309200.6
309328.2
309337.8
309367.1
309524.2
309553
309641.3
309645.5
309734.1
309871.9
309996.3
310039
310228.6
310367.4
310412.9
310415.1
310424.2
310428.8
310519.7
310576.4
310582.2
310610.4
310670.4
310673.3
310820.6
310971.4
311646.5
322935.1
322957.9
322984.7
323103.4
323154.3
323166.8
323265.9
323274.8
323457.8
323488.9
323764.2
323935.1
323962.8
324082.2
324295.5
324298.2
324521.3
324583.5
324886.3
324927.9
325040.3
325090.2
325128.2
325206
326118.2
326412.6
326417.8
326442.4
326562.1
332032.9
332138.4
332147.8
332230.1
332237.2
332387.1
332409.5
332420.5
332497.2
332502.5
332598
335780
336277.1
336363.7
336396.9
338236.1
338276.1
338304.1
338320.9
338329.9
338393.1
338407.9
338429.2
338474.2
338861.9
339452.8
339662.2
342341.4
342582.8
342638.6
343808
349527.2
349607.6
349664.9
349755.8
349795
349898.5
349941.1
350015.9
350023.3
350054.6
350091.4
350098.1
350325
350429.3
350491.7
350713
350831.5
350871.1
350909.1
350967.9
351003.8
351194.8
351248.3
351314.1
353280.1
372882.7
372973.8
373014.9
373018.7
373060.3
373066.5
373104.8
373190.6
373287.6
373414.8
396461.2
401800.9
403336.3
403693.5
404080.5
404278.1
419217.3
419492.3
419607.6
419658.6
419691.4
419711.1
419719.9
419720.2
419791.8
419938.1
419986.8
420075.9
420098.3
420414.2
420561.4
420618.1
420706.4
420727.6
420760.1
420826.1
420878.9
422513.8
422638.7
422707
422790.4
423042.1
425494.7
426363
426699.7
426799.9
426879.2
426884
426892.6
426897.8
427048.9
427180
427230
427611.6
427678.9
429092.9
429597.6
429887.2
430029.9
441423.9
444671.9
444872.6
445051.9
445056.6
445132.1
445314.4
445375.4
445393.3
445559.7
445644.1
445670.9
445682.5
445918.8
445959.6
446045.4
446109.6
446120
446122.1
446163.2
446507.3
449372.2
449668.3
453768.3
453830.7
453869.5
453909.4
453931.1
454018.9
454039.8
454051.9
454149.8
454289.6
454317.3
454323.8
454334.2
454369.2
454397.8
454459
454543.4
454696.9
454766.6
457608.7
457647.9
457921.6
457941.1
458002.9
458025
458053.2
458178.1
458254.7
458277.2
458429.3
458440.5
458458
458463.2
458474.6
458475.4
458578.5
458708.4
458721.4
458808.8
464154.6
464450.4
464455.7
464501.1
464807.8
464843.4
464902.1
464986.8
465079.3
465109.3
465114.7
465251.4
465322.9
467949.8
468014.8
468022.6
468116.3
468133.6
468160.6
468436.2
468481.7
468511.2
468535.9
468587.4
468626.7
468691.6
468896.7
469041.7
469197.3
469235.9
469253.8
469356.5
469572.8
469861.5
469891.9
469906.8
476967.5
477020.2
477494.1
477638.9
477770.4
478688.7
479082.3
479222.1
479362.2
479536.1
479635.8
479817
479826.3
479827
479845
479883.7
479986.7
480022.6
480188.8
480305.6
480404.2
480461.4
480484.3
480535.5
480746.2
480748.7
480779.2
481005.7
481183.2
481183.6
481223.7
481263.7
481375.7
481449
481521.9
481563.9
481671.3
481743.4
481804.3
481824.3
481891.8
482022.1
482034.1
482034.6
482041.7
482048.7
482197.4
482225.1
482279.6
482286.7
506094.1
508823.2
509025.8
509314.4
509418.7
509603.2
509618.1
509649.2
509688.9
509741.2
509749.4
509767.6
509782.7
509824.8
509844.5
510004.2
510016.6
510018.7
510070.8
510082.6
510108.3
510211.8
510278.8
510354.8
510360.7
510415.4
510422.3
510453.9
510484.1
510561.7
510667.3
510757.5
510786.3
510823.4
511013.6
511022.1
511030.4
511038.6
511049.8
511055.4
511082.4
511095.5
511107.9
511145.5
511176.3
511202.7
511229.5
511240.5
511245.2
511267.4
511267.9
511270.5
511374.4
511380.5
511438.4
511520.4
511548.2
511572.3
511588.1
511708.7
511764.8
511910.7
512802
516962.9
517048.4
517111.8
517193.3
517333.7
517353.1
517369.2
517585
517723.6
517732.5
518191.9
527415.9
527702.4
527747.3
527805.5
527890.8
527977.2
528113.9
528156.5
528195.2
528329.5
528360.9
528418.8
528423
528445.3
528625.7
528631.8
528717.9
532710.7
532887.7
533115.8
533149.1
534869.3
534993.5
535100.5
540447.3
540761.2
540902.4
541008.9
541009.2
541206.8
541227.9
541398.8
541425.8
541461.6
541463.1
541517.1
541566.9
542017.3
542036.6
542202.2
547693.7
547786.3
547852.7
547900.2
549138.4
550630.4
550746
559553
560595.8
564636.6
564681.4
564713
564992
565063.8
565272.4
565299.7
565340
565369
565377.3
565433.8
565484.5
565524.7
565591.8
565596.1
565676.3
565697.9
565708
565720
565868.3
565938
565954.5
565964.4
566033.8
566049.5
566126.1
566248.6
566267.4
566398.5
566408.8
566558.7
566577.9
566592.2
566614.9
566617.2
566709.3
569266.9
569917.7
570292.5
570967.9
571115.5
571123.8
571146.7
571266.1
571409.5
571463.8
571478.7
571542.7
575714.1
575757.8
575762.9
579647.8
579800.8
579834.1
579853.1
579866.9
579869.5
579907.8
580211.3
580226.2
580268.7
580431.9
586999.9
587046.3
587118
587204.8
587322.5
587684.3
588204.3
589601.4
589654.4
589669.6
589691.1
589745.1
589749.7
589766.9
589803.6
589878
589921.7
594819.7
595506.9
597792.4
597947.9
599372.5
