1078.6
1528
1585.7
4788.2
4917.4
4935.8
4939
4945
4962.7
5004.6
5035.8
5087.9
5108.3
5380.8
8062.2
8096
8151.5
8307.9
8432.1
8614.3
8904.3
9239.6
9324.9
9335.5
9337.9
10311
10439.9
10474.2
10592
10643.7
10763.5
15917.8
16152.1
16444.4
16466.8
16485.4
16496.9
16512
16578
16627.8
16713.2
16839.7
16855.2
16921.3
16927.5
17054.2
17069
17089.6
17125.2
17223.4
19752.7
20797.7
20919.3
20929
20948.3
20959.3
20972.3
20983.1
21048.1
21049.2
21083.6
21178.8
23419.2
23886.2
23973.9
24127.6
24149.8
24155.9
24188.4
24267.2
24390.1
24402.3
24430.8
24502.1
24510.7
24523.3
24619.7
24747.8
24852.9
24987.1
25030.7
25043.8
25049.5
25067.4
25112
25196.8
25224.2
25429.7
26974
28023.1
28193.3
28237.2
28382.8
28530.3
28692.9
28773.7
28802.5
28917.5
28970
29050.9
29089.2
29098.5
29165.9
29176.2
29235.5
29272.6
29370
29439.3
29469.4
29494
29516.3
29622.3
29668.1
29686.8
29725.9
29783.1
29807.9
29834.4
29836.6
29841.3
29861.7
29878.6
29942.8
29987.8
30023.9
30066.1
30100.3
30179.8
30217.3
30250.1
30412.9
30414.2
30437.8
30450
30479.1
30514.9
30627.7
30628.1
30740.6
30763.8
30824.4
30892
30909.2
30936.2
30947.2
30973.8
31042.3
31092.1
31172.4
33559
33586.3
33721.4
34129.7
34137
34258
34673.1
38978.9
39117.6
39119.5
39170.8
39231.1
39231.8
39294.2
39367.9
39371.9
39398.9
39416.7
39650.8
39699.3
39874.7
39920.5
40083.1
42121.2
42211.6
42265.4
42370.2
42414.5
42523.2
42867.8
43011.3
47319.3
47359.6
47510.6
47610.3
48543.1
48939.1
49017.7
49197.7
50374.3
50547.3
50591.7
50731.4
50790.5
50796.8
53535.9
56398.1
56477.4
56478.5
56482.2
56524.2
56530.4
56549.9
56588.2
56611.4
56618
56647.5
56691.2
56726
56737
56781.1
56829.7
56846.2
56897.4
56989.4
57005.6
57262.9
59751.6
59981.2
60162.7
60193.2
60210.7
60232.5
60330.9
60339.5
60381.2
60401.5
60446.8
60455.1
60546.4
60645.6
60860
60869.6
60963.4
61006.5
61054.3
61152.7
61281.3
61291.6
61434
61446.8
61458.2
61465.3
61495.5
61502.2
61532.8
61577.8
61620.7
61625.9
61655.9
61686.2
61706.1
61788.4
61823
61832.4
61850.1
61904.7
61922.9
61927.1
61940
61949.7
62058.2
62059.8
62090.4
62122.3
62127.5
62161.9
62184.1
62200.6
62284.2
62284.8
62330.4
62331.9
62404.8
62627.4
62804.2
69002.8
69231.1
69278.3
69369.1
69377.4
69414
69451.1
69471.5
69589.2
69609.2
69714.9
69910.9
72264
73488.3
73682.7
73776.1
73816.7
73902.7
73994.2
74005
74070.8
74151.3
74158.8
74200.7
74208.3
74279.7
74282.7
74295.6
74468.5
74509.8
74566.5
74594.7
74598.5
74767.4
74769.9
74830.4
74838.1
75180
90871.5
90938.6
90980.5
91014.2
91034
91057.1
91147
91242.2
91275
91405.7
91466.7
91507.7
91584.7
93274.6
93322.8
93606.5
93771.5
93945.2
94032.9
94192.7
94648.8
94662.8
94674.8
94708.1
94780.7
94822.4
95001.6
95062.3
95136.5
95225.3
95274.9
95358.3
95430
95738.1
95798.4
95918.8
95930.2
96082.7
96282.3
96378.6
96559.5
96670
96762.1
96912.1
97003.9
97019.9
97172.1
97838.3
97860
97886.1
98227.5
98251.8
98475.6
98575.1
98750
98752
98890.6
98947.2
98975.3
99051.8
99307.6
99716.9
99957.7
99972.3
100092.5
100173.1
100184.5
100592.6
100860.3
100973.1
101239.6
101505
101739.8
101793.2
101803.8
102018.6
102323.2
102446.7
102539.4
103021.2
103233.7
103269.8
103343.9
103610.4
103611.1
103671.3
103830.1
103924.8
104025.1
104089.9
104091.5
104093.3
104136.7
104187.8
104199.5
104237.2
104245.4
104248.6
104254.9
104279.5
104364.1
104446
104461.9
104502.1
104653.8
104772.1
104859.7
104914.9
104928.2
104943.2
104992
105089.1
105203.2
105494.6
105496.8
105532.3
105597.5
105600.7
105602.1
105622.5
105623.7
105631.3
105715.4
105793.8
105875.2
105898
105898.6
105922.1
105933.3
106043.6
106083.6
106132.7
106241.1
106377.8
106575.7
106617.7
106621.9
106721.5
111627.3
111813.5
111944.7
111958.4
112092.8
112164.6
112205.2
112365.8
112387.1
112418
112480.8
112522.5
112621.2
112626.8
112631.6
112680.4
112762.7
112817.1
112888.4
112895.6
112920.9
113013.6
118219.2
120721.2
121026.8
121060.3
121099.3
121519.6
122786.8
122900.8
123540.9
127060.7
127375.5
127403.7
128022.6
128164.1
128191.8
128325.5
128366.8
128408.1
128430.3
128432.3
128486.6
128491.6
128509.9
128715.2
128805
128833.1
128842.4
128886.7
128951.9
129010.1
129048.7
129095.3
129127.1
129147.5
129203.4
129213.4
129217.4
129299.7
129327.6
129388.7
129399.7
129430.4
129473.7
129520.2
129523.3
129578.4
129582.8
129683.6
129729.4
129770.5
129771.5
129812.9
129821.9
129825.3
129843
129899.1
130052.3
130166.5
130182.4
130200.5
130215.1
130313.3
130448.8
130474.1
130688.7
130744.2
130804.8
131480.2
132379.6
133686.4
134303.4
134318
134333.8
136392.5
137501.1
139783.8
139911.7
140067.5
140107.5
140544.1
140627
140807.6
140880.1
140888.3
140997.7
141034.5
141184.8
141195.4
141249
141333.8
141361.5
141366
141374.1
141469.3
141503.7
141635
141678.4
141730.8
141736.6
141968.9
141987
141998.2
142354.2
142542.9
142612.5
142699
143107
143350.3
143620.9
143680.3
143784.3
143787.1
143808
143878
143907.9
143942.9
143946.9
144038.6
144215.5
144259.3
144328.4
144382.5
144453.6
144471.3
144528
144532.6
144569.4
144577.3
144645.7
144651.1
144719.2
144751.5
144751.9
144763.1
144764.5
144807.5
144830.2
144863.1
144874.3
144942.8
145092.7
145154.4
145230.6
145261.4
145313.4
145348.8
145366.8
145367.1
145423.5
145442.7
145667.9
145677.5
145754.4
145945.6
145956.6
145967.9
146072.4
146199.3
146200
146219
146244.6
146261.2
146299.1
146305.4
146370.6
146380
146462.5
146579
146621.4
146654.2
146708.9
146744.2
146745.1
146850.6
146899.8
146924.2
146941.1
146946.6
146989.1
147009
147108
147118
147121.7
147146.4
147285.8
147331.6
147338.4
147478.1
147505.6
147556.1
147558.1
147619.6
147634.9
147666.4
147708.6
147719.5
147724.6
147728
147748.2
147756.5
147762.5
147783.2
147814.1
147821.6
147857.1
147944.4
147969.2
148084.7
148138
148159.3
148201.6
148233.7
148271.6
148308.1
148312.5
148397.7
148567.5
148623.6
148774.6
148788.4
148830
148845.9
148857.9
149060.1
149071.7
149210.4
149258.9
149286.9
149325.9
149354
149369.6
149424.5
149620.1
149641.8
149729.1
149762.5
149781.5
149931.6
150019.3
150020.2
150036.3
150073.5
150091.4
150101.7
150137.1
150247.9
150263.9
150289.2
150290
150298.6
150306.1
150366.7
150441.4
150525
150651.4
150662.5
150703.9
150723.8
150861.3
150872.4
150879.4
150883.5
150952.8
151018.8
151052.9
151059.4
151156.2
151321.8
151330.2
151339.6
151375.1
151390.5
151438.6
151556.7
151589.7
151623.9
151625.5
151927.7
151980.6
152331.3
152346
152362.8
152824.7
152973.8
152998.8
153051.5
153088.4
153091.8
153097.3
153204.7
153241.9
153302.4
153346.9
153474
153775.9
153801.6
153843.8
153861.8
153863.2
153864
154058.8
154082.1
154097.9
154242.4
154337
154364.8
154395.1
154480.1
154561.4
154618.4
155012.5
155049.7
155112.2
155142.9
155146.7
155194.1
155295.3
155431.8
155488.2
155582.2
155797.5
155961.2
156120.6
156506.8
156524.7
156879.5
156931.2
156940.6
156953.8
157037.3
157114.7
157163.9
157234
157407.6
157529.4
157558.3
157635
157674.1
158004.6
158156.7
158165.5
158259.8
158267.5
158295.1
158297.4
158479.2
158508.7
158589.1
158632.1
158634.8
158682.6
158770.5
158806.7
158838.7
158887.6
158912.8
158931.8
158975.3
158977.1
158979.1
159029
159077.1
159080.8
159173.2
159207.5
159220.2
159240.7
159314.5
159329.2
159336.4
159340
159424.1
159474.3
159585.4
159585.6
159605
159633.6
159668.9
159694.2
159717.3
159722
159728.8
159741.8
159742.8
159816.9
159930.6
159937.8
160013.4
160078.7
160150.9
160201.1
160411
160542.5
160593.2
160633.8
160648.2
160676
162518.1
172506
172572.4
172633.2
172657.6
172782.6
172902.3
172926.1
172975.8
173030.2
175143.5
175433.8
175507.2
175733.2
175991.8
176128.6
176307.4
176357.7
176371.3
176412.1
176415.8
176429.4
176501.3
176506.6
176552.6
176559.4
176569.9
176683.3
176689
176695.9
176748.9
176768.3
176890
176944.4
176946.1
177217.8
177225.6
177240.7
177279.5
177329.4
177406.2
177491.7
177535.5
177621.2
177706.4
177771
177839.8
177857.7
178205.7
178239.7
178254.6
178332.5
178359.9
178368.9
178421.8
178495
178512.2
178581.8
178756.5
178764.7
178775.6
178782.5
178806.9
182791.6
183002.6
183051.4
183094.4
183110.9
183346.2
183351
183371.7
183385.5
183435.4
183488.2
183596
183687.7
189811.1
189880.5
195633.6
196657
196698.2
196818.6
196916.1
197119.6
197451.9
197501
197510.9
197784.6
197815.4
197912.3
197926.5
197954
198271.5
198282.7
198311.1
198399.9
198513.6
198517.2
198555.7
198852
198896.8
198903.8
199105
199146.9
199229.6
199279.4
199787.9
199838.3
199911.2
200322.3
200473.1
200503.5
200531.9
200955.9
201097.7
201289
201675.1
201891.4
201913.1
202159.7
202226.5
202458.1
202525.5
203203
203274.4
203409.3
203418.9
203826.8
203844.4
203872.4
204030.1
204174
204565.1
204585.4
204645.5
204911.3
204960.7
205169.5
205258
205487.5
205507
205664.7
205807.4
205839.6
206758.6
209851.7
210172
210203.4
210225.9
212636.7
213407.7
213451.8
213484.8
213569.4
213675.4
213787.7
213918.4
213997.2
214022.6
214119.1
214592.9
219196.1
219451.6
219545.6
219641.9
219837.1
221527.2
223792.6
223904.4
224050
224142.2
224170
224177.1
224236.6
224288.9
224431.5
224468.2
224510.9
224619.6
224680.3
224713.6
224842.1
224917.8
234889.2
235731.1
236092.3
236409.4
236558
237019.7
238979.3
238979.8
239075.6
239124.7
239295.7
239428.4
239482.5
239596.6
239630.9
239669.9
239730.7
239768.3
239778.5
239831.4
239845.2
239889.7
239933.6
239951
240086
240104.1
240166.7
240171.8
240190.6
240241.6
240289.8
240466.6
240613.4
240623.3
240632.7
240717.2
240780.6
240825.5
240897.9
240950.2
240959.4
241054.6
241192.9
241263.3
241281.7
241327.7
242756
242894.6
243101.5
243193.2
247158.9
247483.4
249304.9
250651.5
250734.8
250759.5
250761.2
250772.5
250808.1
250949.1
251018.3
251086.2
251177.7
251265.4
251280.2
251312
251430.1
251452.2
251484.2
251639.4
251705.9
251818.9
251895.1
251916.1
251981
251992.5
252102.9
252194.3
252210.6
252210.7
252229.1
252233.6
252384.2
252490
252510.8
252523.3
255202.4
255551.1
255569.3
255589.1
255974.7
256376.3
257036.9
258655.8
264201.3
264753.3
264771.7
264853.3
264890.1
264898.7
264940.4
264974.2
265031.2
265065.2
265108.4
265111.9
265122.2
265475.9
265552
265598.7
265638.3
265762.4
265782.6
266064.3
266333.2
266500.6
266541.8
266548.2
266568.2
266568.5
266646.8
266667.7
266765.6
266789.2
266823.4
266882.2
266892.4
266937.1
267183.3
267205.5
267234.9
267251.8
267278.3
267291.4
267490.9
267555.5
267667.6
267817.6
267842.7
267887.9
267994.4
268038.2
268068.3
268143.8
268144.3
268257.8
268611
268615.9
268626.5
268667.6
268736.6
268798.1
268844.7
269093.3
269261.1
274187.8
274864.9
274947.1
279355
279446
279558
282187.4
282868.5
283057.6
283091.8
283876.8
283911.2
283968.8
284810.2
284855
286448.2
286578.6
286613.1
286719.9
286732.6
286952.8
299471.5
299918.4
300180.4
300212.8
300264
300340.3
300446.2
300495.7
300691.2
300760.4
300854.9
300864.1
300929.4
300954.5
300964.2
301044.7
301056.8
301153
301160.1
301179.4
301186.6
301241.2
301351.5
301445
301447.7
301467.9
301695.3
301822.3
301941.9
301982.2
302126.5
302321.5
304205.1
304600.3
304796.3
305091.9
305674.8
305835
306313.3
306379.2
306802
307236.5
307585
307929.3
307953.7
308068.7
308228.8
308234.5
308375.6
308378.8
308415.2
308436.1
308461.1
308548.2
308871.5
309084.5
309167.6
312706.8
312721.7
312751.7
312853.5
312980.9
313034.8
313074.7
313135.3
313181.8
313206.2
313276.2
313281.4
313369.8
313433.7
313440.6
313516.4
313665
313856.7
313984.2
314008.6
314230.7
314256.6
314315.1
314591.7
314654.6
314875.3
315154.4
315181.7
315257.3
315272.7
315316.7
315371.7
315382.6
315460.4
315473.4
315522.3
315652.6
315714.7
315721.7
315735.3
315811.5
315882.8
315934.9
315947
316047.5
316085.1
316109.1
316115.5
316131.4
316255
316391.1
316410.8
316423.2
316443.7
316449.2
316450.1
316451
316474.4
316477.5
316547
316677
316738.2
316744.8
316854.5
316963.7
317005.8
317010.7
317030.7
317060.7
317080.8
317143.9
317258
317259.5
317292.2
317369.9
317431.2
317566
317582
317591.9
317615.4
317692
317728.9
317873.7
317898.5
318080.8
318096.3
318131.4
318134.6
318168.4
318213.6
318256.2
318327.5
318396.3
318398
318414.2
318586
318643.8
318647.9
318699.8
318782.5
318791.6
318879.3
319020.4
319075.8
319150.7
319154.1
319165.4
319293.2
319336.6
319350.6
319399.6
319549.4
319550.9
319552.8
319723.9
319742.1
319782
319832.7
319861.7
319911.4
319953.9
320043
320271.5
325744.6
325974.8
332605.1
333256.5
339951.3
340397.6
340440.2
340582.5
341477.1
341588.6
341639.4
341653.1
341718.3
341776.3
341807.7
341828.8
341832.3
342032.9
342129.3
342134.8
342151
342196.6
342298.3
342353.4
349584.7
349586.9
349601.8
349696
349748.7
349795.6
349835.2
349850.1
350032
350053.4
350130.1
350137.3
350164.2
350216.7
350224.3
350326.3
350491.2
350605.1
350613.1
350657.2
350666.9
350713.2
350730.8
350736.4
350792.9
350949.6
350988.4
350992.2
351069.3
351095.4
351313
351430.3
351448.4
353522.3
354054
372659.8
372732
372926.2
372953.5
372987.3
372994.9
373072.2
373244.7
373263.7
373335.2
373367.3
373520.5
373603
375942.1
376073.1
376138.5
376275.2
377154.2
377180
377351.1
377564.2
377566.4
377832.4
377849.9
378180
378231.9
378499
378838
378887.7
378985.3
379129.1
379249.8
379576.6
379630.8
379987.6
380145.6
380232.9
380657.3
380823.6
381450.4
381456.9
381483.7
381564.5
381611.3
381815.5
381859.3
381959.4
382028.8
382122.8
382225.7
382260.8
382543.8
382544
382571.4
382608.9
383165.3
383219.9
383235
383335.6
383529.2
383642.2
383972.9
384061.1
384138.9
384152.7
384184.6
384215.8
384262.1
384368.7
384400
384484
384541.4
384625.4
384632.9
384635.6
384717.9
384739.5
384773.9
384800.4
384849.9
384959.3
385013.1
385218.8
385247.9
385269
385312.8
385319.5
385381.7
385493.7
385523.1
385829.6
385904.6
385924.7
386064.2
386384.8
386405.8
386602.9
386623.4
386635.1
386716.2
386716.7
386753
386884.8
386887.7
386947.9
387077.7
387140.4
387235.3
387296.6
387372.2
387457.8
387525.3
387565.7
387567.2
387738.2
387749.3
387763.4
387817.9
387921.6
387931.3
387977
388006.8
388020.4
388063.6
388102.4
388152.5
388173.2
388302.2
388318.6
388339.4
388353.9
388577.1
388767.8
388786
389049.2
389148.9
389168.6
389329.6
389433.9
389445.9
389670.8
389824.2
390543.9
390951.7
391315.8
391723.9
391768.3
391963
392309.3
392434.3
392498.9
392753.3
393081.3
393085.6
393094.8
393233.8
393257.7
393319.7
393590.7
393859.1
393955.8
394148.1
394607.4
394973.6
395015.6
395024.3
395138.4
395214.2
395254.6
395361.4
395519.5
395595.2
395614.2
395722.9
395949.6
396092.1
396643.4
399670.9
399862.7
399984.7
400227.5
400356.6
400475.2
400592.5
400593.7
400654.9
400678.9
400894.8
401092.9
401113.8
401259.2
401261.6
401274.1
401342.8
401368.3
401568.8
402125.8
402154.2
402166
402261.6
402266.1
402304.5
402511.5
402679.3
404701.4
404851.9
404912.7
405233.3
405323.8
405327.9
405411.3
405489.8
405556.8
405713.3
405718.9
405779.7
405781.9
406142.5
406155.8
406179.8
406225.8
406432.5
406582.1
406638.5
406684.2
406739.8
406820.2
406830.6
406850.2
406925.2
406953.9
407057.7
407064.1
407135.6
407202.7
407210
407237
407282.8
407326.7
407327.8
407341.2
407367.8
407376.6
407420.5
407432.4
407617.1
407622.6
407658.2
407661.2
407662.3
407703.4
407747.9
407752
407797.5
407964.1
408058.3
408078.4
408095.7
408244.4
408389.9
408455.4
408455.7
408480
408516
408545
408653.3
408718.3
408723.6
408746.4
408790.3
408876.6
408955.4
408989.9
409077.9
409121.6
409198.1
409265.7
409344.9
409353.1
409385.4
409391.7
409422.5
409518.5
409606.8
409797.2
409855.1
409893.4
409920.6
409933
409942.3
409949.5
409950.8
410057.3
410069.3
410085.7
410206.4
410220.4
410381.2
410827.2
410842.8
410888.8
410929.7
411027.2
411132.1
411155.8
411178.2
411206.4
411223.1
411270.7
411270.8
411290.9
411304.4
411321.2
411488
411532
411551.6
411596.9
411676.6
411745
411753.3
411773.9
411786.1
411795.2
411894.8
411975.8
412387.5
412471.5
412566.8
415326.5
415789.8
416154.2
416425.8
416633.8
417202.9
417700.5
418009.8
418166.5
418612.8
419848.5
420202.2
420303.4
420385.6
420488.3
421793.6
422111.4
422193.6
422418.5
422582.3
422587.2
422599.1
422624.6
422682.6
422885.7
423012.2
423022.7
423032.8
423213.6
434382.7
436342.2
446245.1
446351.6
446502.1
449902.7
449967.5
450034.2
450064.1
450156
450173.9
450177.5
450313.4
450416.8
450549.7
450582.6
450709.3
450734.8
450736.4
450795.9
450810.2
450816.3
450816.6
450820
451016.1
451054.9
451367.2
451535.2
458403.5
459080.5
459209.4
459306.6
459409.4
459470
459598.5
459615.9
459627.7
459736.8
464078.1
464476.1
464690.2
464694.5
464781.2
464805.3
464810.7
464831.6
464865.5
464969.4
465118.4
465129.9
465134.8
465150.4
465294.1
465704.2
465762.8
466446.6
469193.8
472328.3
472588.2
472631.4
472634.3
473364.2
473693.5
473981.7
474009.5
474094.9
474696.3
474866.1
474967.5
474989.4
475040.9
475072
475108.3
475153.7
475210.4
475586.9
475607.4
475779.9
475789.2
475798.9
475826.3
475938.9
476188.7
476206
476242.6
476324.8
476383.8
476542.6
476599.3
476750.2
476815.2
476931.7
477082
477529.4
477593.9
477610.1
477661.1
477787.3
477833.3
477904.5
478163.2
478229.2
478385.1
478416
478459.6
478549.2
478763.1
478806.3
478929.6
478943.5
479783.3
479995
481194.6
481279.2
485406.2
485815.2
486108.9
486178.6
486582.6
486693.5
486979
487079.6
487171.3
487185.4
487303.8
487319.8
487910.3
487987.5
487995.1
488039.3
488104.2
488201.5
488433.5
488501
488719
488813.1
488986.5
489235.2
489251.6
489315.5
489592.5
489643.8
489915.7
490130.3
490200.5
490369.9
490561.2
490591.7
490699.5
490887.8
490890.1
490891.6
491026.7
491232.4
491925
492336.3
492434
492467.8
492486.6
492516.5
492545
492669.4
492808.6
492913
493140.3
493140.4
493380.1
493833.8
494135.6
494203.6
494249.2
494254
494401.5
494455
494458.2
494476.8
494542.6
494692.7
494756.8
494886.6
495000.6
495070.3
495144.6
495528.7
495605.1
495662.2
495806.5
495967.2
496211.3
496220
496828.2
496869.7
496899.2
497118.5
497357.1
497646
497756
498149.4
498172.4
498378.3
498566.8
498622.2
498737.8
498789.9
498792.3
498811.9
499290.3
499734.3
499735.9
499986.6
500036.1
500144.1
500169.9
500251
500317.8
500409.2
500551.5
500780.1
500852.7
500897.3
500946.7
501265.8
501515.4
501747.1
501859.6
501999
502102.3
502116.2
502284.9
502671.7
503202.1
503209
503234.4
503503.5
503706.1
503756.5
503764.3
503867.3
504237
504401.2
504527.8
504533
504685.7
504840.8
505100
505185.9
505411.9
505854.6
506038.3
506140.7
506322.7
506437.6
506589.1
506592.7
506825.2
507006.6
507094.4
507156.9
507170.6
507285.7
507536.1
507541.6
507566.6
507645.3
507652.5
507673.9
507767.4
507863.3
507974.1
507995
508072.8
508162.6
508476.1
509511.6
510671.9
512268.3
512805.2
513167.1
513177.5
513455.2
513569.9
513577.6
513919
514392.2
516291.6
516975.9
517019.2
517055.5
517077.5
517098.1
517144.3
517256.2
517306.3
517316.5
517324.8
517359.7
517395.3
517485.1
517609.1
517632.1
517639.9
517742.7
518080.1
518131.7
518134.6
518227.8
518284.5
518498.1
518509.4
518544.1
518561
518562.9
518666.1
518874.8
519052.3
520120.2
520355.5
521119.1
533031.5
533830.4
533840.3
533883.6
533950.5
533970.8
534310.5
534328
534408.9
534484.6
534514.4
534719.1
539717
539919.8
540005.1
540115
540164.5
540384.4
540684.4
540712.7
541129.2
541133.6
541202.6
541211.7
541250.7
541273.1
541297.4
541340
541349
541361.7
541386.5
541440.7
541505.6
541550.8
541552.8
541583.4
541615.6
541732.5
541740.7
541765.8
541777.3
541868
541893.6
541994.5
541997
542005.6
542046.8
542087.2
542110.9
542116.4
542145
542168.8
542246.4
542249.6
542309.1
542351.8
542352.4
542427.3
542513.8
542552.2
542651.4
545293.8
545992.7
546769.9
546970.5
547370.8
547434.2
547449.5
547501.5
547520.3
547568
547646.2
547688.7
547778.4
547850.2
547874.8
547960
548026.1
548058.1
548131
548376.9
552332.3
552374.7
552984.2
552987.8
553123.6
553230.6
553312.7
553331.9
553405.8
553451.9
553561.2
553565.3
553625.3
553697.4
553699.5
553807.7
553826.6
553844.9
553857.3
554028.2
554093.7
554113.4
554126.3
554299.7
554312.5
554312.7
554363.5
554380
554399.2
554403.6
554462.4
554584.7
554640.9
554641
554681.4
554691.7
554694.4
554755.6
554870.3
554907.8
554929.6
555060.6
555107.7
555317.5
555341.5
555526.1
555542.7
555803.9
555869.8
555899.3
555952.2
555961.8
556121.3
556139.8
556148.8
556196.5
556340.7
556424.8
556434.2
556546.9
556668.4
556682.2
556698.5
556714.3
556718.9
556779.8
556816.9
556830.1
556837.2
556906.3
556929.8
556953
557046.6
557063.3
557096.3
557111.1
557137.8
557185.3
557195
557388.4
557412.9
557458.4
557549.8
557627.1
557698.4
557699.6
557717.5
557747.3
557811.7
557861.4
557935.2
558030.6
558062.8
558066.6
558172.1
558196.6
558206.7
558254.2
558332.2
558345.1
558454.7
558501.9
558557.1
558732.2
558810.6
558874.3
558883.2
558923.7
558938.4
558948.8
558990.4
558994.8
566668.4
567979.7
568718.2
568826.9
568951.5
569003.4
569185.3
569195.4
569347.1
569366.3
569509.6
569877
569991.2
570138.3
570503.6
570627
570644.7
571000.2
571052.7
571195.3
571207.3
571266.9
571349.3
571419.7
571440.2
571466.1
571470.4
571522.1
571549.1
572379.6
572648.1
572760.8
573400
573841.2
574463.8
575716.5
575768.3
575771.7
575823.1
575860.3
575875
575900.8
575929.2
576067.7
576072.9
585837.6
585997.7
586118
591148
591727.4
