136.4
146.3
167.7
378.3
383.6
482.4
932.1
1072.9
1145.6
1202.8
1325
1461.7
1533.8
1641.2
1647.1
1662
1816.2
1850
1853.9
1857.2
1973.3
2077.6
24378.6
24386.2
24414
24483.7
24568.2
24580
24907.2
25003.9
25128.3
26882.5
28033.4
28436
28510.5
28590.5
28631.9
29061.3
29199.5
29317.3
29439.1
29488.9
30062.5
30087.6
30093.5
30288.6
30874.3
31023.1
31082.7
31175.8
31450.8
31965.6
32249.9
32703.5
32835.7
33128
33159.2
33190.2
34211.2
34217.4
34240.5
34298.1
34320.3
34370.9
34387.6
34395.3
34412.2
34497.4
34501.1
34509.7
34570.8
34572.8
34666.5
34667.3
34701.8
34702.4
34732.1
34765.4
34784.1
34784.8
34810.4
34819.7
34868.1
34939.1
34945.3
34950.5
34971.1
35044.3
35162.9
35404.8
45680.7
46033.6
46209.7
46412.1
46791.1
46851.6
47116.1
47481
47604.1
47657.1
47691.4
47824.7
47873.2
47900.3
47949.7
48129.6
48190.5
48237.4
48259.3
48261.5
48277.3
48323.6
48333.8
48370.5
48476.5
48490.7
48493.8
48552.2
48604.2
48679.2
48711.3
48726.5
48736.1
48807.4
48856.5
48909.3
48927.1
48941.4
49077
49098.9
49248.1
49268.3
49299.7
49319
49341.9
49507.4
49622.8
49634.9
49718.5
49762
49775.4
49779.2
49822.1
49833.8
49863.5
50055.4
50091.9
50164.4
50183.4
50299.8
50371
50372
50449.4
50489.3
50619.7
50627.9
50670.9
50775.5
60323.7
60537.8
60552.1
60562.1
60595.2
60651.4
60682.1
60695.5
60752
60776.3
61174.6
61353.6
61508.4
61558.9
61682.3
61720.5
61769.7
61784.6
61822.5
62300.2
62615
90310.8
90380.7
90447.5
90527.5
90626.3
90658.3
90687.2
90697.5
90727.4
90862.7
90874.4
90904.2
90947.6
91055
91091.7
91300.5
91303.2
91368.1
91387.2
91518
91769.7
94049.2
94104.7
94557.6
94558.6
95005.3
95397.8
95519.2
95550.6
97125
98680
99556.9
102006
102119
102303.7
102984.7
103251.4
103311.6
103635.2
103940.7
104030.7
104032.5
104098.4
104158.7
104170.4
104373.7
104401.6
104682.6
104761.6
104762.7
104824.1
105299.7
105374.2
105448.5
105549.8
105564.3
105672.4
105714.4
105821.9
105872.1
105905.7
106058
106059.2
106118.1
106287.1
106350.5
106416.1
106587.7
106668.1
106767.2
107108.2
107282
176429.4
176517.7
176544.2
176621.6
176934.5
176980.9
177068.1
177160.8
177199.6
177217.3
177327.6
177350.7
177594.7
177681.4
177731.6
178127.8
178364.7
178577.8
178611.5
183027.5
183143.3
183521.9
183530.6
183564.5
183673.1
183699.6
183717.2
183746
183768.2
183777.2
183803.2
183807
184124.6
184414.3
184506.4
184521.4
184909.4
223884
223938
223971
224101.6
224378.8
224387.6
224396.6
224531.8
224599.1
224642.5
224665.2
224715.6
224887.3
224931.8
225149.3
225173
225275.1
225416.1
225593.4
250643.7
250806
250867.2
251141.1
251201.7
251362.3
251984.7
252151.3
252586.3
252861.7
253827
254091.5
254552
254793.3
254861.7
255273.7
255498.2
255532.3
255554.5
255656.6
255706.4
255708.7
255710.2
255718.1
255832.9
255888.5
255917.8
255927.2
255936.7
255942.7
256050.5
256059.8
256092.6
256130.8
256140
256173.4
256179.1
256207.4
256223.6
256233.7
256254.6
256324.8
256334.6
256358.5
256469.9
256475.9
256496.5
256585.6
256690.4
256701.3
256842.8
256843.3
256933.7
256934
256940.3
256968.3
256988.1
257075
257128.8
257152.9
257174.1
257311.4
257351.1
257427.1
257518.8
257562.8
257635.4
257748.1
257787.4
257792.1
257879.1
257895.3
257906.6
258068.4
258083.2
258103.9
258184.8
258257.7
258266.2
258274.2
258275.5
258353.8
258357.1
258422.6
258486.9
258796.6
259127.2
259269.9
259318.3
259584.7
279527.5
280253.7
282415.9
282732
282802.3
282836.5
282897.9
282918.6
282950.4
282985.4
282994.5
282998.4
283184.7
283200.5
283203.3
283248.6
283260
283262
283267.1
283351.6
283356.1
283412.3
283440.7
283504.6
283510.6
283567
283586.3
283749.3
283812.4
283875.6
283889.3
283913.7
283941.5
284042.3
284046.4
284058.5
284082.8
284118.8
284177.5
284230.1
284291.9
284423.7
284446.9
284459.9
284501.6
284624.5
284650.9
284742.2
284783.9
284805.2
284836.7
284840
284846.4
284896.4
284901.8
284971.1
285036.4
285121.5
285124.6
285171.2
285174.6
285187.1
285287.6
285375.6
285430.6
285485.4
285498
285526.3
285542.1
285586.1
285605.5
285622.8
285631.8
285648.4
285672
285761.6
285912
285916.3
285923.3
286021.4
286046.7
286070.1
286106.8
286133.2
286273.6
286297.4
286387
286437
286455.4
286465.4
286563.6
286604.7
286644.8
286674.3
286711.3
286718.8
286795.4
286828.7
286864.8
286879.6
286955.1
287050.3
287052.7
287067.4
287387.9
287692.7
287736
287801.4
287805.4
287902.9
287969.7
288486.4
291135
291992.2
292257.7
292829.4
294091.1
294156.6
294764.6
294900.1
294915.6
299123.5
300479.9
300596.2
300663.9
300930.1
301433.3
301530.7
301631.3
301683.6
301889.8
301901
301999.2
302121.3
302245.7
337433.7
349700.1
349778.1
349788.2
349870.2
349941.8
349967.6
350012.1
350051.6
350147.2
350541.4
350574.2
350672.4
350857.4
350889.5
350930.4
350932
350959.9
351041.9
351185.4
351189.9
351190
351248.2
351256.3
351277.4
351400.8
352026.1
352234.8
352343.9
352557.8
352658.8
352722.9
352740
352862.4
352945.7
352969
352971.4
353071.1
353172.5
353224.4
353229.7
353337
353355.7
353384.7
353444.5
353454
353495.2
353508.9
353533.9
353579.6
353616.3
353710
353736.2
353736.4
353768.3
353812.5
353820.4
353862.4
353873.8
353932.6
353991.1
354008.3
354026.5
354056
367903.7
369031
369187.9
369538
369797.8
369857.2
370321.3
370591.3
370607.7
371069
371338.8
371548.3
371631.5
372220.2
372682.9
372749.8
372824
373051.2
373213.2
373280.4
373371.4
421627.8
422286
422375.4
422990.4
423089.4
423276.6
423533.2
424044.5
424158.5
424169.4
424338.6
424456.6
424671.6
424674
424750.5
424779.3
464323.7
464751.3
464895.8
464897.3
465040.1
465234.7
515271.8
515814.2
516511.3
516532.1
516665.5
516773.3
516830.3
516849.7
516888.6
516898.5
517108.9
517199.1
517328.2
517359.9
517572.1
517641.7
518465.6
518534.6
518918.1
519050.7
540251.3
540829.6
540908.7
540911.2
541489.7
541530.2
541546.2
541652.9
541727
541833.1
542052
542192.8
542555
542611.6
542635
543275.9
545240.3
545726.2
547308
547705.3
547795.3
547815.8
547839.7
568140.2
568176.9
568417.6
568476
568590.7
568717.4
568812
568982.5
569469.5
569528.1
569970.2
570413.3
570588.4
570612.2
570648.4
570770.2
570959.1
570976.5
571011.9
571030.4
571044.7
571129.2
571159.8
571226.4
571358
571506.9
571567.5
571678.3
571711.3
571791.4
571800.2
571846.9
571886.9
571950.4
572325.4
572803.5
575827.8
575931.9
576268.1
582566.4
582639.6
582823.3
583049.4
583073.2
583165.8
583437.8
583463.5
583679
583730.7
583752.8
583768.4
583851.9
584115.1
584542.3
584874.6
584929.9
584954.3
584982.2
585224.2
585280.8
585371.1
585415.5
585515.2
585645.6
585657.6
585664.8
585818
586067.7
