1.4
6.1
95
506.7
4664.4
4750.5
4785.1
4836.1
4838
4903.7
4950.4
5053.9
11200.7
11308
11308.7
11337.9
11344.8
11381.3
11531
11541.1
11582.9
11617.5
11769.1
16635.3
16914.1
20266.6
20338.6
20446.5
22320.4
22538
22654.4
22679.3
22688.8
22840
22884
25793
26346
26932.5
26981.1
29151.8
29607.6
29991.1
30342.9
30373.2
30481.8
30618.4
31081.7
31093
31095.2
31153.5
31181.3
31190.3
31193.2
31194.6
31205.8
31215.6
31216.8
31229.6
31245.6
31339.4
31525
31528.1
31588.5
31612.9
31924.1
32094.9
32268.7
32519.2
32923.3
33089.1
33503
33505.5
33507.6
33643.2
38818.8
38856.3
38867.8
38978
40820.7
40912.2
41118.9
41209.2
41215.1
41239.1
41286.8
41300.5
45656.2
45727.1
45813.1
45838.6
46016.5
47433.1
47493.3
47577.4
52044.8
52235.9
52301.7
52570.2
52656
52701.5
52744.3
53087.7
53172.7
53195.3
53209.5
53336.2
53365.8
53403.3
53956.2
54194.1
54218.5
54323.8
54351.4
54463.8
54572.9
54913.1
60738.6
60789.5
60861.5
60890
61083.2
61117.6
61119.4
61120
61148.5
61171.3
61178.6
61270.6
61310.1
61322.4
61355.6
61355.7
61399.1
61422.4
61481.5
61497
61612.8
61821.6
62428.3
62651.9
64099.4
64806.4
65129.3
65138.2
65140.1
65174.1
65207.3
65222.9
65402.4
65433.1
65444.6
65475.6
65489.8
65524.4
65525.4
65533.8
65631.5
65827.4
66137.3
67046.5
67341.6
67380.5
67619.2
67635.1
67800.6
67925.6
68395.2
68416
68594.1
68604.9
68611.6
68679.6
68754.9
72986.2
73442.7
74703
74851.5
74865.6
91516.6
91529.5
91541.5
91599.7
91611.7
91620.1
91629.7
91636.7
91670.7
91734
91785.4
91849.7
91896.4
91952.4
92175.4
94227.1
96030.1
103121.1
103873.7
104405.8
104509.1
104574.3
104693.6
104722.1
104872.7
104925.7
104942.7
104945.3
104950.6
105054.5
105095
105182.8
105193.5
105240.9
105307.3
105430.9
105436.4
111380.8
111523.6
111720.6
111732
111787.7
111844
111874.6
112001.8
112051
112096.3
112356.5
112611.1
118893.1
125045.6
125235.5
125776.1
125862.3
125890.3
126002.5
126004.7
126141.9
126232.1
126414.9
126425
135932.4
136876
161154.5
161480.9
161546.3
161576.9
161577.8
161594.5
168508.8
172428.4
172512.1
172537.5
172579.8
172612.5
172788.8
173052.8
173057.5
174535.5
177768.2
177981
179250.5
179889.4
182810.3
182844.1
182962.1
183007.4
183079.7
183179.7
183262.7
183387.9
187233
187342.7
187349.5
187355.2
187358.9
187363.8
187376.4
188024.9
190851
192739.3
192977.9
193004.9
193019.1
193047.4
193060.9
193125
193215.3
193242
193288.8
193318.5
193520.6
193563
193567.6
193694.9
193797.7
193823
193987.9
195187
195239
208154
209511.1
211085.9
211272.8
211383.3
211472.2
212106.3
212246.5
212505.1
218413.3
221224.9
221398.4
221437.4
221595.4
221776.8
222633.9
222672.1
222907.4
222965.1
223259.6
223266.4
231756.8
231828.9
231847.1
231860
232048
232051.4
232139.3
232195
232215.1
232223
232332.1
232332.8
232375.1
232387.6
232561
232585.4
232600
232621
232671.5
232966.2
233013
233411.2
233508.2
233927.5
233972.3
242271.5
243517.7
243580.2
243748
243774.9
243779.3
243796.6
243829.6
244012.8
244049.3
244151.1
244193
245173
249502.2
249518.7
249538.3
249580.7
249593.6
249831.3
249866.6
249905.4
249907.5
250749.2
252394.3
252489.9
252513.9
252546.5
252683
252794.3
252817.7
253005.5
253016.3
253904.7
254017.2
254214.4
254376.9
254435
254872.7
255158.2
255223.1
255396.2
255469.8
264303.7
264355
264373.8
264402.9
264415.9
264417
264452.2
264473.4
264541.1
266303.6
272732.8
272824.7
272843.1
272848.4
272885.9
272936
272992.3
273025.5
273089.4
273191.7
273330.3
273395.6
273411.7
273610.5
273671.1
273691.9
274109.4
274119.7
274170.4
276403.6
276602.9
276831.2
276895.3
280160.6
282071.8
282429
282485.2
282583.3
282680.7
282929.6
285013.1
298967.3
299079
299103.3
299120.9
299126.3
299126.6
299136
299181.9
299257.3
299367.8
299680.3
299969.4
309046.8
309642.9
309696.6
309906.3
310029.9
310033.5
310137.7
310164
310192.2
310225.4
310251.8
310430.6
310504.7
310509
311477.1
311494.8
311511.8
311591.8
311627.2
311683.2
311686.5
311697
311871
313191.7
313612.3
313638.1
313641.9
313716.6
313721.6
313745.2
313746.6
313766.9
313790.4
313868.4
313962.3
313964.8
314073.8
314105.7
314146
314155.7
314157
314160
314168
314184.6
314340.1
314419.8
314497.1
314507.8
314522
314545.2
314679
314800
314808.3
314816.7
314820.6
314839.5
314849.6
314897.5
314923.8
314978.5
314992.1
314998
315050.7
315126.3
315166.7
315189.5
315265.9
315302.6
315303.6
315331.6
315350.1
315353.1
315372.3
315518.8
315539.3
315682.2
315734.8
315788.2
315816.8
315861.3
317372.2
317883.8
318414.3
319669.7
323639.8
323896.8
326691.6
330122.2
330182.5
330243.8
330483.1
331357.5
331399.1
331913.9
333011.3
334214.5
334615.8
334731.8
334949.7
335153.8
336820.3
336865.8
336925.5
336946.9
336961.3
337066.1
337137.2
337214.3
337253.5
337272.5
337426
337433.6
337558.1
337620.8
337690.9
337704.3
337719.4
337723.5
337793.9
337796
337803.1
337815.4
337829.7
337915.3
337934.3
337989.2
339608
339798.9
340001.9
340132.2
340147.1
340157.2
340215.8
340308.5
340344.6
340371.3
340407.6
340417.9
340433.3
340477.8
340481.5
340486.9
340516.3
340652.9
340663.6
340671.6
340708.5
340711.9
340933
340956.6
340981.2
341066.4
341093.6
341138.1
341175.7
341183.4
341265.7
341278.7
341341.9
341365.9
341403.9
341415
341456
341480.8
341594.2
341685.9
341862.2
342131.1
343251.6
343537.3
343599.7
343623.1
343693.9
343803.3
343980.8
344054.8
344072.6
344140.1
344221.3
344248.3
344261.8
344316.8
344638.6
344731.1
344734.4
344754
344838.6
344868.7
344887
344914.6
344923.6
344967.6
344993.7
345019.1
345092.7
345192.6
345216.9
345294.8
345363
345363.6
345411.3
345463.9
345491.4
345517.5
345545.2
345566.8
345631.8
345989.7
346216.6
346375.7
346416.6
346507.3
346575.3
346625.2
346643.3
346690.5
347078.3
351058
351911.7
352409.7
373504.1
374402.9
419085.6
419395.1
419430.7
420661.4
420959.1
423443.3
423754.2
424315.5
425175.2
425204.5
425209.4
425220.7
425255.3
425281.4
425288.6
425315.2
425346.4
427778.5
430071.1
430097.8
430225.9
430260.3
430295.6
430366.9
441786.3
441938.4
442255.1
442310.5
442477
442537.7
442740.1
443515.8
444308.7
444377.3
444654.7
444698.1
444734.8
444821.5
444867
444882.8
445288.8
448138.3
448155.3
448344.5
448424.2
448465.9
448466.8
448491.2
448533
448539.2
448584.4
448590.6
448862.4
450183.4
450575.7
450608.2
450627.5
450645.7
450744
454976.4
455022.2
455223.3
455325.1
455334.8
455377.5
455380.6
455397.2
455430.3
455457.3
455476.6
455488.1
455538.7
455728.3
455856.4
455867
455896.6
455949.2
455994.1
456013.3
456018.6
456022.2
456023.6
456048.3
456179.3
458961.6
459579.1
459667.9
459693.7
463902.5
463928.4
467327.8
467546.8
467667.1
467686.8
467802.3
467855.6
467901.4
467941.2
467983
468093.4
468104.5
468126.7
468151.5
468157.4
468172.1
468240.6
468315
468317.3
468383.1
468499.8
468549.9
468557.2
468627.9
468709.9
468852.5
469318.9
469359.8
469437.8
469458.3
469634.2
469763.8
470052.3
471626.9
479731.3
480467.8
480505.8
482352.2
482427.1
482505.6
482707.8
483056.1
484113
505727.3
509085.8
509355.8
509569.4
509882
510014.1
510257.9
510392.9
511185.3
511274.9
511432.9
511443.5
511451.4
511464
511569.8
511629.8
511706.9
511788.7
511812.2
511868.1
513905.3
513929.2
514218.8
514280.8
514504.5
514550.8
514665.1
514708.5
514828.4
514860
514924
514980.4
515001.1
515034.4
515057.1
515111
515233.3
515322.5
515803.5
516024.7
516100.8
516181.2
516186.5
516275.3
516463.9
516515.5
518050.1
518283.4
518294.7
518351.1
518441.9
526462.6
527172
527287.5
527317.3
527337.3
527345.4
527559.7
527561
527748.5
527893.3
527962
528416.5
528662.5
528674.7
528751
528856.9
531885.2
531978.8
532006.1
533402.5
533404.2
533441.5
533587.7
533628.3
533652.3
533664.2
533881.6
533943.8
534225.9
534394.3
534397.4
534398.3
534472.4
534486.5
534498.3
534604.8
535280.7
536009.3
536906.2
538045.8
539392.7
539534
539537.6
539582.7
539608.6
539762.8
539781.6
541630
541735.9
541753.2
541862
542127.5
542128.2
542137.1
542341.6
542435.2
542550
542609
542616.3
542618.5
542676.6
542741.3
542778.8
542883.2
542895.7
542970.2
543023.4
543082.8
543213
543232.8
543413.1
543453.1
543578.6
543762.6
543876.8
543917.7
543945.8
543996.5
544060.4
544091.7
544124.4
544162.4
544309.6
544345
544403.4
544433.7
544470.8
544584.9
544592.8
544688.7
544699.2
544782.4
544835.2
544888.9
544907.6
544979.2
545033.7
545057
545061.6
545097.1
545203.4
545314.6
545319.6
545463.7
545493.8
545557.4
545558.7
545598.7
545603.5
545638.4
545693
545729.6
545973.6
546092.4
546316.6
546424.1
546446.4
549817.3
549913
550061
550128.9
550413
554828.8
555189.2
555318.6
555621.7
555677.9
555705.8
555790
555932
556069.6
556083.5
556237.5
556455.6
556566.3
556698.6
556869.2
556887.9
556892.3
556920.1
557036.2
557451.9
557628
557770.5
557881.4
558000.6
558193.4
561527.2
561712.6
561813.9
561957.8
561967.2
562051.6
562091.4
562116.8
562164
562177.7
562205
562285
562341.6
562348.4
562549.2
562914.4
563096.8
563276.3
563310.4
563396.6
563543.2
563551.3
563602.8
563621.9
563717.1
563762.3
563770
563779.5
564206.9
565218.5
565748.4
565775.2
565969.4
566142.4
566721.9
566817.2
569011.6
569294.6
571495.5
571606.2
571611.2
571627.3
571655.9
571715.4
571716.7
571828.1
571829.6
571887.2
571920.9
571930.4
572001.5
572018.6
572024.5
572053.6
572076.4
572160.3
572521.3
572898.6
573574.6
573703.6
573769.2
573832.2
574120.6
576319.9
576398.5
576416.8
576466.4
576484
576518.5
576570.4
576572.2
576579.6
576587.2
576678.8
576805.4
576841.5
576874.7
576929.8
576947.6
577018.1
577031.1
577062.8
577093.3
577108.4
577134.7
577162.8
577169.9
577242.4
577356.8
577536.6
577538
577579.5
577614
578630.8
578648.8
578726.2
578726.6
578749.9
578789.8
578809.9
578906.3
578962
578969.6
579100.6
579132.8
579142.8
579189.6
579270.8
579453.8
586264.6
586558.6
586573.6
586691.7
594851.7
594958.5
595052.4
595254.3
596229.9
596416.6
596529.2
596691.4
596873.4
596904.5
596920
597042.2
597122.9
597136.9
597195.9
597259.9
597296.7
597304.8
597603.1
598968.4
599128.9
599150.6
599225.3
599228.9
599255.4
599296.8
599335.3
599443.2
599508.1
599531.5
599533.8
599612.8
599647.2
599665.6
599762
