2491.1
2550.8
2556.1
2580.8
2766.7
2814.4
6046.6
6655.7
6660.1
6766.5
8289.3
8311.4
8322.2
8329.3
8345.5
8369.5
9053.6
9213.4
9237.8
9600.2
9743
9752.1
9803
9891.3
9927.9
9963.4
10413.6
10478.8
11357.7
15884.7
15971.9
15988.4
16102.2
16128.9
16151.8
16346.3
16408.6
16484.4
16535.1
18766.2
18935.7
19085.6
19257.8
19314.5
19364.8
19471
19520.1
19585.3
19730.9
20343.5
21077.1
21189.6
21312.5
22935.5
23006.4
23032.9
23243.5
27054.7
29131.7
29615.2
30042.6
30189.7
30234.1
30284.4
30392.3
30630.6
30750.5
30786.3
30842
30967.4
30980.7
30990.4
30994.9
31029.3
31057.7
31089.2
31143.9
31167.4
31233.8
31259.8
31353.7
31506.8
31526.6
31564.8
32807.1
34237
38066.2
38098.1
38179.2
38946.6
39069.7
39101.3
39145.8
39475.5
39584.1
39644.1
39645.9
39695.3
39919
39925.7
41422.4
41470.7
41471.1
41489
41508.7
42321.7
42391
42410.9
42475.2
42568.7
46133.2
49116.9
51250.2
51370.6
51374
51381.7
51393.6
51556.5
51771.8
52199.4
52244.5
52269.8
54008.4
56277.1
56403.8
56444.7
56452.1
56466
56480.9
56547.4
56563.2
57293.4
57527.1
57530.9
57553.9
57637.3
57699
57768.1
57783.6
57790.1
57865.4
57881.7
57916.3
57917.5
57920.3
58722
58913.2
60756.6
60770.8
60814.6
60831.7
60975.7
60979.8
60987.1
60999.3
61092.5
61129.8
61229.9
61250
61343.8
61353.8
61407.4
61467.1
61748.6
61996.1
62021.6
62144.3
62164.8
62453.6
62517.2
62541.3
62594.2
62603.9
62634.2
62651.7
62743
64100
65183.7
65204.3
65472.7
65519.4
65580.4
65582.7
65606.1
65611
65759.6
65892.1
67202.9
67303.7
67321.9
67340.2
67418.1
67614.4
67804
69139.6
69218.7
69351.6
69443.4
69605.7
71116.4
71382.4
71407.7
71488.2
71544.4
74216.2
74386.1
74388.7
74389.3
74428
74465.5
74481
80267.3
82968.1
83137.8
83174.5
85350.6
85714.8
85755.8
85889.9
85907.6
85958.5
85986.4
86203.5
86235.9
86313.3
86422
86430
86473.3
86543.2
86576.7
86652.7
86714.1
86744.9
86769.2
86881.6
86922.6
86931.8
86965.1
87023.3
87038.9
87050
87081.6
87138.7
87150.8
87166
87192.1
87214.4
87346.6
87404.9
87443.9
87451.8
87468.6
87558.1
87589.4
87794.7
87801.2
87805.1
87847.8
87893.2
88129.3
88130.5
88385.5
88581.1
88841.1
88847.7
89232.6
89244
89312.2
91261.3
91400.3
91587.7
103450.6
103645.9
103983.1
104049.1
104092.8
104491.1
104492.8
104518.9
104588.2
104718.3
104734.1
104751.6
104851.2
104853.1
104880.8
104901.6
104921.1
104952.3
105072.9
105086.8
105430
105466.5
105476.2
105551.7
107919.4
108135
108195
108221.3
108234.1
108266.6
108412.5
108442.9
108467.9
108622
108676.1
108683.3
108718.5
108734.9
108750.9
108767.2
108834.2
108876.9
108881.3
108901.3
109025.5
109100.7
109143.3
109198.1
109204.9
109260.6
109279.1
109345.1
109442
109443.2
109477.7
109498.5
109509.1
109539.1
109618.5
109620.5
109639.7
109672
109694
109801.5
110462.8
110721.8
110860.9
110936.6
110982
111008.4
111017.7
115678
121010
121725.7
122066.1
126043.1
127253
127931.4
128003
128012.5
128030.1
128071.3
128138.4
128165.8
128214.2
128284.5
128284.6
128324.1
128333.3
128397.7
128478.8
128502.4
128588.4
128801.3
128807
128819.6
128834.6
130148.1
130220.3
130244.9
130287.4
130305.2
130375.1
130377.1
130386.5
130424.4
130670.3
130672.6
130721.5
140794.4
141046.1
141220.1
141359
141508.6
141538
141572.2
141625.6
141651
141663
141800.5
141931.6
141971.7
142189.5
142229.7
142272.2
142344.5
142494.9
142516.9
142729.9
142833.6
142891.6
143051.3
143174.9
143368.9
143382
143405.1
143449.2
143484.3
143496.2
143664.9
143696.9
143722.7
143759
143809.7
143839.4
143857.3
143873.5
143889.7
143944.1
143946.4
143996
144013.4
144158.7
144215.3
144223
144332.6
144341.5
144459.4
144486.6
144567.9
144594.9
144613.5
144647
144660.6
144674.7
144686.4
144734.7
144840.5
145011.2
145176.2
145413.3
145612.1
145708.4
146259.6
146431.5
146678
147107.8
147257.1
147320.8
147326.2
147473.4
147612.4
147927.2
148104.9
148173.9
148595.3
148935.6
149251.9
149426.9
149511.1
149633.2
149644.7
149827.3
149858.7
149921.9
150017.7
150376.4
150683.7
150850.8
150883
151385.6
151412.7
151548.5
151927.5
151992.9
152670.6
153434
153774.6
153785.2
153851.4
154359.5
154776.7
154783
155610.7
156316.3
157153.1
158401
158656.2
158663.8
158873.8
159095
159163.9
159245.9
159283.6
159371.6
159448.4
159498.9
159499.2
159642.9
159830.1
160280.2
160308
160500.8
160535.7
160562.3
160642.1
160650.1
161420.4
161614.9
161728.7
162502.4
170664.4
170836.5
170923
170997.9
171035.6
171141.4
171157.3
171171
171264.7
171297.5
171321.9
171370
171384.7
171429.8
171435.8
171551.9
172733.3
172827.2
172882.3
172901.5
172918.6
172972.1
173007.2
173013.9
173019.8
173057
173076.2
173129.6
173136.7
174297.5
174484.8
174834.4
177439.9
180032.6
182851.6
182932.1
182950
182967.3
182975.2
183056.3
183059.9
183112.4
183153.2
183174.1
185766.5
186131.8
186152.5
186212.8
187391.1
187873.5
189811.5
190886.1
190943
190955.3
191047.1
191208.6
191280
191478.1
191493.2
191508.3
191737.4
192064.7
192078.8
193404.8
193491.1
193588.7
193659.4
193674.4
193757.4
193779.4
193851.8
193874.2
193881
193975.9
193992.5
193994.3
194023.2
194025.1
194211.4
194863.8
194955.3
194984.7
195022.5
195066.5
196188.8
196238.5
197154.5
197179.5
197564
197596
197705.6
197863.7
198170.4
198384.8
198450.6
198462.6
198611.9
198658.1
198711
198765.9
198832.9
198838.6
198883.9
198892.7
198896.9
198972.7
198981.6
199111.3
199155.3
199165.6
199202.5
199217.7
199355.5
207196.1
210894.6
211069.7
211305.4
211397.1
211562.7
215756.9
217061.9
217175.9
217217.4
217296.9
217346.3
217356.1
217554
217714.6
217723.1
217744.1
217756.3
217856
218258.7
218550.2
219027.1
219095.3
219772
220121.2
220343.9
220960.1
221010.9
221015
221025.8
221099.3
221180.4
221226.3
221396.6
222782.1
222798.2
222842.2
222892.6
223038.1
223090.8
223214.7
223311.8
223443.5
223450.6
223457.3
223480.7
223549.4
223594.6
226123.2
226183.2
226193.7
226251.7
226261.5
226290.9
226303.4
226315.1
226336.3
226357.2
226357.4
226358.6
226375.8
226404.9
226429.7
226448.4
226478.1
226607.1
226724.8
226755.4
226788.8
226970.3
227115.6
227144.3
227694.9
227732
227797.3
227806.8
227808.9
227858.4
227927.8
227988.5
228020.6
228094.3
228163
228218.2
228235.9
228240.2
228243.9
228362.3
228385.5
228441.2
228447.8
228515.6
228533.1
228610.6
228615.5
228682.7
228737
228743
228744.9
228758
228773.6
228804.9
228871.2
228882
229049.8
229076.4
229105.3
231010.3
232193.5
232391.3
232410.9
232474.5
232488.8
232562.2
232563
232639.9
232695
235992.3
236007.7
236137.5
238967.8
238994
239084.3
239177.8
239182.3
239272.9
239286.2
239313.1
239340.5
239354
239423.6
239484.5
239529.2
239541.9
239548.6
239582.5
239603
239614.1
239620.8
239631
239803.7
241269.6
241308.5
243994.6
245715.9
245807
246399.5
247553
249586.5
249791.2
249938
249959.3
249962.5
249993.5
252195
252345.6
252434.3
252454.1
252454.2
252489.5
252493.6
252506
252546.6
252574.4
252589.9
252629.6
252640.9
252754.5
252946.9
253043.3
255169.8
255234
259881.5
259999.1
269129.1
269492.9
270592.7
271309.2
272416.6
272835.2
272985.2
273191.3
273888.9
274082.3
275914.4
275962.6
275969.5
276063.2
276235.9
276239.8
276291.1
276297.8
276339.1
276405.7
276414.6
276419.2
276438.3
276439.7
276472.7
276533.8
276534.8
276609.7
276610.5
276632.2
276650.6
276668.4
276684.1
276790.3
276801.7
276825.6
276911.8
276969
276991
277010.5
277041.9
277064.1
277110.1
278034.1
278064
278155.3
278203.5
278219
282415.3
282669.2
282937.8
296339.6
296339.9
296349.7
296375.2
296384.7
296450.3
296467
296479.4
296682
296763.6
296825.4
296867.7
297062.5
297269.2
297591
297614.2
297649.3
297722
298335.1
299220.5
299250.4
299555.3
299790.9
299969.1
303151.2
303255
305575.8
305955.7
306481
306582.7
306713.4
307311.1
307378.3
307894.2
307908.7
307970.6
308020.6
308071.4
308143.9
308254
308365.3
308524.8
308661.7
311260
311343.4
311359.6
311433.4
312272.2
313633.6
314997.5
315484
316475
316914.1
317175.4
317324.3
317365.9
318475.9
318690.4
321041.1
321091.8
321129
321162.9
321272.2
321362.2
321383
321414.2
321423.3
321466.3
321534.9
321561.6
321586.7
321700.9
321766.7
321816.6
321834.2
321877.8
321931.8
322005
322067.2
322077.8
322633.6
322690
322721.3
322728.5
322729.3
322753.8
322757.5
322806.8
323382.1
326045.1
330100.4
330129.1
330229.9
330281.4
330316.7
330321.7
330325.7
330343.5
330354.7
330424.3
330429.8
330471.8
330480.7
330485.6
330520.8
330527.1
330614.1
330648.8
330696.1
330790.3
330805.1
330829.6
330978.8
331003.4
331027.2
331045.4
331047.6
331049.8
331052.7
331066.6
331113.5
331168.5
331279.5
331477.5
333086.7
333198.4
333303.8
333961.6
334103.9
334142
334696.2
334785.6
334838.4
334853.9
334891.6
334895.1
334915.4
334962.4
335176.1
336661.9
336727.1
336736.3
336738.9
336768.8
336807.2
336845.2
336915.6
336926.9
336928.1
336939
336970.5
336986.5
336990.8
336995.8
337036.5
337038.6
337176.8
337291.6
337324.1
337333.3
337404.1
337414.3
337432.9
337479
337500.6
337509.9
337531.1
337653.3
337669.3
337792.9
338083.2
339599
339686.8
341737.7
341845.3
341851.7
341933.6
341962.6
342030.1
342035.6
342186.3
342204.5
342212.1
342229.5
342241.2
342280.5
342321.2
342333.4
346597.4
346652.6
346749.2
346797.9
346924.8
346995.6
347041.8
347175.6
347301.6
347304.7
347351
347562.6
347751.1
349010.7
349022.5
349078.9
349829.4
351239.8
351521.8
355471.1
355478.8
355507.6
355555.2
355675.5
355733
355770.4
355983
355985.7
356031.1
356047.9
356120.1
356184.4
356240.5
356262.2
356344.2
356738.8
356918.5
357053
357566.8
358604.4
358654.8
358805.7
359232.1
359316.1
359338.3
359357.5
359499.9
359977.6
360034.1
360558.1
360585.2
360635.2
360960.1
361021.2
361028.2
361097
361135.3
361512.8
361527.8
361606.3
361689
361691.6
361743.5
361922
361946.9
362020.3
362262.6
362362.2
362367.1
362471.3
362619.7
362707.4
362880.6
362904.1
363057.7
363440.6
363451
363467.3
363719.8
363897.7
363963.3
364050.9
364135.7
364172.7
364374.7
364386.7
364610.5
364643
364649.6
364722.9
364777.6
364804.3
364807.9
364838.5
365004
365052
365146.1
365154.5
365159.2
365206.9
365227.4
365228.7
365242.7
365326.6
365518.1
365594.2
365631.5
365977.6
366654.4
366897.5
367345.7
375882.2
376092.1
376225.7
376269.4
376411.7
376546.5
376603.9
376611.8
376696.6
376968.8
377005.9
377174.5
377578.3
377595.3
377600.1
377635.4
377761.9
377782.5
377799.4
377992.6
378106.4
378146.5
378212.4
378328.9
378342.1
378384.8
378413.8
378896.2
378939.3
379033.6
379067.9
379317.2
379486.6
379581.9
379636.4
379698.6
379932.6
380107.6
380221.4
380257.9
380413.5
380509
380597.4
380664.8
381114
381162.3
381415.7
381454.5
381617.4
381671.6
381746.6
381759.4
381921
382001.5
382106.9
382146.9
382176.4
382348.4
382365
382384.2
382457.6
382625.9
382789.4
382820.2
382938.3
382989.6
382989.9
383071.4
383075.8
383240.8
383250.1
383276.6
383278.8
383352.2
383423.7
383482.6
383600.4
383601.1
383705.3
383710.6
383756.5
383803.7
383839.8
383938.9
383978.1
384076.2
384123.1
384123.6
384161.2
384165.3
384219.3
384234.2
384248.3
384359.4
384486.2
384499
384556.6
384605.3
384618.6
384628.6
384650.8
384742.3
384743.7
384850.4
384915.5
384917.5
384966.8
385037.5
385050.8
385202.8
385306.1
385337.4
385362.8
385370.9
385431.5
385437.7
385457.8
385501.7
385552.4
385572.1
385618.1
385849.1
385868.2
385934.2
385962.9
386056.4
386079.6
386203.9
386339.9
386364.4
386364.6
386404
386450.2
386451.7
386457.7
386464.4
386538.9
386553.7
386558.5
386566.6
386582.2
386585.9
386629.4
386694.4
386718.2
386755.3
386794.2
386804.7
386827.1
386888.7
386919.1
387036
387141.7
387211.2
387253.6
387271.5
387406.1
387449.3
387453.8
387465.3
387479.9
387489.4
387533.4
387550.4
387642.7
387676.1
387728.6
387862.9
387890.5
387906.9
387985.4
387995.3
388000.7
388013
388030.3
388034.9
388094.3
388160.7
388176.4
388302.9
388414.1
388427.8
388497.3
388501.3
388513.1
388514
388542.8
388587.5
388591.9
388599.1
388633.3
388720.7
388722
388740.5
388741.2
388745.6
388755.2
388910
388934.2
388941.1
389029.5
389042.1
389042.8
389045.2
389085
389181.2
389205.5
389207.8
389225.4
389284.5
389582.1
389605.7
390427
390487.8
391354.4
391491.1
392052.1
392168.5
392357.6
392431.8
392507.4
392544.3
392584.7
392621
392688.9
392711.6
392768.1
392796.1
392838
392847.7
392860.1
392871.8
392878.4
392947
392965.1
392992.4
393065.3
393146.4
393175.6
393190.3
393190.6
393326.8
393399.7
393535.6
393555.5
393613.5
393688.2
393900.5
394343
394476.1
394769.9
394809.7
395239
395306.7
395331.5
395384.8
395575.5
395644.9
395700.7
395801.6
399865
399873
399893.7
400168.3
400175.1
400239.5
400256.3
400262.2
400286.5
400364.6
400522.1
400627
400641
400709.4
400780.1
400864.2
400884.8
401019.4
401061
401111.5
401289.2
401340.2
401400.8
401451.1
401455.5
401464.8
401704.8
401864.2
401936
401962.8
402047.8
402165.6
402211.2
402214.8
402477.2
404648.1
404744.9
404774.4
404847.8
405003.2
405032.9
405083.2
405294
405403.1
405424.4
405499.1
405501.7
405506.4
405625.5
405691.8
405806.9
405845.8
405943.8
406063.3
406092.3
406188.4
406305.4
406408.9
406429.7
406436.4
406519.4
406654.7
406656
406670.7
406717
406753.6
406796.1
406808
406822.9
406885.2
406907.1
406917.6
406952.8
406973
406982.4
407018
407126.1
407166.9
407170.9
407201.1
407225.5
407239.6
407244.4
407266.6
407277.9
407295.3
407320.4
407326
407360.7
407380.6
407403
407405.6
407621.2
407699.4
407724.2
407783.4
407804
407912.1
407934.3
408110.3
408144.3
408176.3
408249.9
408326.3
408372
408389.3
408394.7
408399.9
408436.6
408461.5
408496.1
408525.2
408530
408560.8
408576.7
408601.9
408605.6
408619
408625.4
408634.5
408642.1
408662.7
408693
408762.4
408920.8
408921.5
408989.2
409027.6
409038
409041.5
409056.9
409074.3
409097.2
409242.9
409299.6
409313
409320.2
409333.7
409400.4
409439.7
409481.1
409546
409550
409552.7
409555.5
409564.5
409663.8
409761.9
409887.2
409899.3
409937.1
409982.2
410041.5
410052.4
410115.8
410143.6
410236.1
410307.4
410346.9
410392.5
410401.6
410487.7
410505.8
410506.5
410522
410538.1
410590.4
410612.2
410629.4
410658.2
410766.3
410881.3
410914.5
410915.8
410927.2
411045
411070.8
411093.2
411142.8
411192.7
411219.9
411221.7
411248.1
411259.8
411290.2
411361.5
411382.7
411529.1
411580.6
411625.5
411629.2
411650.7
411674.8
411828.1
411847.5
411881.3
411886.1
411963.1
415674.8
415821.4
415856.9
415871.6
415933.8
416420.7
416600.9
416652.1
416749.6
416834.9
416836.1
416848.4
416995.5
417161.9
417180.1
417215.2
417303.8
417408.6
423259.4
423308.6
423440.5
423822
425138.3
425236.7
425560.6
425783.9
430163.3
430200.4
430221.9
441842.6
441912.9
441978.9
441982
442032
442113.6
442120.9
442135.8
442136.2
442260.4
442343
442388.5
442427.1
442463.6
442534.1
442557.3
442605.7
442615.2
442625.6
442665.2
442668.4
442669.5
442723.2
442742.9
442743.4
442845
442869.4
442875.1
442945.5
442946.5
442957.2
443145.3
443174.6
443221.3
443292.6
443309.7
443315.7
443388.1
443524.5
443671.9
443726.5
443770.2
443774
443865.9
443931.7
443991.7
444116.9
444167.9
444170.5
444175.2
444176
444205
444205.8
444263.1
444284.4
444294.2
444394
444446.4
444450.5
444471.9
444545.1
444550.5
444553.5
444657.6
444962.6
447047.4
447051.9
448203.9
449798.6
449873.4
450011.3
450092.9
450134.5
450180
450217.9
450278
450344.8
450410.9
450440.9
450468.4
450607.6
450627.6
450647.7
450689.6
450724.1
453020.2
453092.6
453121.6
453204.5
453252
453332
453353.8
453479.7
453516.3
453520.3
453777.5
453952.6
455364.7
456014.3
456127.7
456158.8
456165.8
456181.2
456361.9
456396.7
456496.1
458678.2
458690.8
458837.1
458989.2
459132.6
459156.7
459160.8
459171.2
459183.2
459529.7
459556.3
459564.7
459585.4
459707.4
459724.5
460632.9
460698.3
460755.4
461050.7
462500.3
462633.5
462635.5
462647.6
462701.2
462714
462732.4
462847.8
462855.4
462900.6
462923.2
462941.8
462988.9
463016
463108.8
463118.4
463129.4
463167.6
463175.5
463252.4
463275.4
463359.6
463377.1
463428.8
463489
463567.7
463583.7
463589.9
467194.5
467348
467579.8
467634.1
467680
467695
467700.3
467808.3
467859.5
467867.4
467908.9
467926.7
472639.5
472875.7
473232.2
473495.1
473759.9
473952.5
474051.7
474486.1
474597.9
474598.7
474804.9
475059.2
475972.7
476326.4
476421.5
476644.9
476653.6
476909.6
477196
477390.4
477537.4
485815.8
486098.4
486383.2
486422.2
486781.2
486843.7
486874.9
486915.4
487069.6
487093.9
487174.3
487273
487455.9
487472.9
487528.2
487590.5
487619.3
487632.2
487757.4
487970.5
488027.1
488103.1
488132.9
488189.5
488242.1
488265.5
488389.9
488545.7
488593.2
488664.4
488728.3
488873.6
488963.8
488965.4
488970.7
489010.6
489039.8
489254.8
489296.5
489565.9
489596.3
489833.6
489839.6
489967.6
489981.3
490144.1
490146.3
490247.1
490338.4
490348.9
490411.8
490419.5
490525.4
490615.5
490654.2
490659.5
490706
490873.5
490901
490953.4
491047.1
491063.1
491323.1
491436.4
491563.8
492357.6
492387.6
492663.4
492776.9
492861.8
492997.8
493005.9
493191.6
493261.6
493272
493318.3
493418.1
493818.2
494043.7
494063.9
494070.4
494248.3
494271
494342.8
494351.1
494577
494658.8
494748.3
494853.5
494872.7
494990.7
495053.1
495109
495136.4
495431.7
495456
495496.9
495522.4
495539.5
495676.7
495755.6
495793.8
496017.5
496036.9
496131
496210
496352.8
496362.7
496421.8
496498.3
496512.4
496514.4
496555.3
496572.7
496590.2
496598
496686.4
496749.8
496777.9
496790.5
496828.3
496880.9
497083.1
497181.4
497312.1
497392.9
497514.7
497741.1
497751.3
497779.6
497938.6
498065.7
498071.4
498147.6
498212
498230.5
498243.6
498290.6
498334
498523.9
498557.9
498629.9
498753.4
498902.5
498991.2
499212.3
499236.1
499316.1
499349.8
499620.9
499646.4
499732.8
499768.8
499879.4
500064.2
500238.2
500287.1
500294.8
500301.9
500511.1
500664.6
500847.4
500943.2
501097.8
501159.8
501245
501270.8
501322
501339.2
501368.3
501410.1
501448.6
501622.7
501689.4
501803.7
501816.3
501893.3
501990.2
501995.5
502005.4
502203.7
502286.3
502340.2
502359.7
502437
502501.8
502685.6
502843.6
503075.4
503306.7
503377.9
503433.2
503436.6
503529.6
503587.6
503639
503648.9
503711.4
503769.5
503993.1
504023.4
504190.8
504326.6
504423.4
504499.1
504567.7
504607.6
504713.2
504715.5
504728.5
504746.7
504784.5
504827.6
504907.1
504916.1
504935.8
504964.4
505008.6
505080.7
505118.1
505163
505248.1
505299.2
505389.8
506219.9
506280
506331.4
506339.8
506377.5
506432.1
506441.7
506512.3
506519.8
506547.3
506628.4
506728.2
506751.1
506772.3
507088.7
507121.9
507127.3
507761.8
507820.8
507876.1
508013.8
508129.9
512014.2
513652.2
513858.8
514018.5
514043
514315.1
514337.7
514355.6
514506.9
514564.7
514740.9
514794.2
516301.5
518040.2
518507
525200.6
526143.7
526603.8
527191
530398.7
530410.1
530437.5
530529.2
530681.1
530702
530743.1
530781
530815
530819.9
530853.4
530862.1
530865.3
530912.5
530919.4
530937.5
530994
531032.9
531144.5
531173.4
531182.5
531228.6
531296
531316.5
531368.2
531511.5
531529.6
531555.1
531606.9
531638.7
531723.9
531751
531829.8
531847.6
531869.1
531885.9
532116.7
533014.6
533027.9
533323
533343.6
533392.1
533413.5
533663.9
533706.6
533714.5
533948.6
534043.3
534191.6
534630.7
534646.5
534674.5
534866.9
537057.8
539480.5
539703.9
539735.7
539838.6
541381.9
541402.7
541494.6
541599
541743.5
541948.5
541978.4
542028.1
542397.5
542461.8
542550.9
542594.4
542616.6
542639.1
542707.6
542708.7
542764
542795.4
542799.1
542810.7
542825.4
542828.6
542897.1
542904.1
542913.9
542939.3
542947.9
543177.9
543502.9
545447.5
545818.9
545914.2
546384.6
549929.2
549956.2
550204.9
550233.4
550962.7
551097.9
551152.9
551255.9
551268.6
551291
551310.3
551435.4
551436.5
551527.4
551546.9
551547.9
551646.9
551676.7
560158.3
560430.1
560570.2
560637.8
560650.2
560658.3
560707
560734.6
560781
560793.1
560808.9
560991.4
562287.1
562372.2
562485.4
562537.8
562786.7
562807.8
562870
562955
563020.9
563117
563244.5
563260.5
563295.7
563491.9
563501.5
563560.3
563899.7
564308.8
564328.2
564337.9
564343.8
564362.9
564379.5
564380.4
564492
564496.4
564648.4
567937.6
569958
569975.7
570334.6
571468.8
571659.3
571661.7
571669
571708.2
571736.5
571748
571758
571774.7
571820.9
571884.4
571899.8
571910.5
572024.7
572089.4
572453.1
572642.4
573803.8
576406.9
576515.4
576717.6
576876.3
576946.2
577039.2
577177.6
577314
577401.2
577411.9
577418.8
577420.4
577449.2
577492.5
577627.5
577633.3
577697.5
578461
578481.6
578669.1
578762.8
578814.8
578844.8
578856.1
580775.6
580822.6
580898.5
580910.8
581038
581054.1
581059.6
581074.2
581094.5
581151.5
581346.1
581353.7
581364.1
581494.7
581515.6
581750
586475.9
588589.6
588677.4
589147.2
594657.4
594726.1
594806.1
594834.5
594883.2
594948.7
594950.1
595108.6
595193
596396.9
596455
596457.3
596490.2
596517.2
596528.5
596586.5
596745
596801.9
596889
