5190.7
5257.3
5314.5
5420.9
5458.9
5478.5
5493.9
5520.8
5613.9
5770.4
5773
5847.7
5916
5964.1
5975.1
6243.4
6617.9
6623.8
6956.6
11067.3
11209.6
11250.3
11601.8
16822.7
16943.4
17070.7
17217.6
17241.6
17278.3
17279.6
17280.7
17296.8
17377
17483.2
17503.4
17544.5
17709.9
17822
17823.7
17887.3
17909.2
17916.4
17916.7
17930.2
17958.5
17972.1
17987.6
18046
18105.2
18346
18439.6
18615.8
18656.3
18681.3
18684.5
18727.3
18731.8
18856
18952.3
19184.2
19185.3
19306.4
19456.8
19537.6
19627.5
19683.7
19720.8
19724.4
21912.8
22621.1
22740.3
22812.3
22847.8
22956.2
23040
23054.4
23055.4
23117.2
23164.9
23194.5
23271.3
23402.5
23459.1
25349.8
28874.5
31080
39616
43931.6
44000.5
44110.8
44116.6
44419.7
44474
44532.3
44588.3
44599.4
44619.7
44650.6
44686.8
44968.4
45074.4
45102.3
45166.1
45179.7
45187
50780.7
51186.8
51236.4
51273.5
51281.4
51321.1
51339.4
51371.7
51507.6
51521.5
51539.5
51592.6
51660.1
51677.4
51746.1
51798.6
51894.6
51914.8
51959.3
52000.8
52083.3
52138.2
52155.4
52170.2
52172.2
52174.1
52195.6
52216
52370.6
53117.4
53606
53614.9
53748.1
54055.5
54238.5
54333.8
54815.6
54986.4
59575.4
59609.2
59644.4
59855.5
60012.3
60064.7
63128.1
63269.5
63292.6
63303.9
63381.3
63413
63431.8
63432.4
63482
63482.3
63529.4
63589.1
63662.3
63897.2
64039.9
64149.4
64711.3
64769.3
64987.3
65041.1
65154.8
65253.1
65391.9
65413.7
65518.2
65525.7
65640.5
65713
65722.6
65771.7
65830.9
65920.9
66070.4
66103.4
66179.1
66193.8
66232.2
66262.8
66305.5
66516.1
66665.1
66701.3
66773.5
67088
67124.1
67330.4
67402
67453.5
67521.9
67622
67626.8
67661
67704.9
67824.5
67881.8
67952.1
68141.7
68270.5
68271.9
68490.3
68728.1
69045.1
71407.2
71418
71587.4
71649.7
72855.6
73704.4
73833.2
92960.6
93024.6
93026.6
93102.9
93119.8
93241.4
93664.3
93674
93777.9
94728.3
94753.8
94846.1
95035.6
95147.4
95230.3
95504.9
95824.7
95901.9
95906.8
96185.9
96215.1
96294.8
96340.7
96585
97097.3
97146.7
97158.9
97189.1
97398.1
97401.9
97407.6
97483.1
97804.1
97857.8
97947.6
98162.4
98219.1
98331.8
98464.8
98532.5
98544.7
98709.5
98919.2
99025.5
99070.3
99110.5
99380.1
99381.8
99523.3
99523.4
99573
99614.9
99641.6
99669.6
99717.9
99763
99785.4
99963.2
100061
100151.3
100197.1
100477
100481
100853.9
100880.1
100883.3
100885.1
101064.9
101180
101296.2
101299
101735
101899.9
101963.3
102503.3
102692.4
102841.3
102898.2
102964.5
102978.9
103017.6
103050.2
103325
103376
112988.5
113072.5
113121.8
113125.9
113169
113266.8
113276.2
113289.4
113330
113413.9
113436.6
113521.2
113538.1
113607.3
113611.8
113756.7
113769.3
113786.8
113791.7
113856.8
113996.7
114028
114032.2
114036.2
114038.9
114048.2
114228.8
114385.4
114436.3
114529.1
114556.3
114560
114824.9
114927.2
114994.4
115027.1
115035.1
115059.2
115184.9
115191.3
115215.9
115289.5
115345.5
115386.4
115574.9
115587.2
119272.2
119486.3
119683.8
125266.1
125487.5
125824.7
125892.2
126129.6
126319.7
131744.6
132946.6
138013.9
138198.3
138976.8
139825.2
161834.1
161880.6
161884.8
161896.4
161939.2
161984.6
162017.8
162022.1
162063.9
162195.6
162211.1
162385.4
164970.2
165313
165872.6
166014
166330
166531
166673.6
166782.6
174901.3
175204.7
175284.1
175321.4
175382.2
175397.3
175551.1
175683.5
175792.2
177341.2
177761
177886.6
178147
178268.5
178419.9
178793.8
179072.9
179406.1
179453.7
179507.6
179709
179812.4
179880.7
179895.5
179966.2
179999.8
180084.3
180100.1
180114
180152.1
180166.6
180172.1
180175.4
180229.4
180268.6
180280.4
180297.8
180445.2
180476.3
180580.1
180590.3
180608.5
180622.4
180675.6
180689.2
180724.8
180805.2
180905.4
180922.9
180931
180985.9
181131.9
181293.2
181348.2
181451.8
181473.6
181581.5
181761.2
181810.6
181840.7
181897.4
181924.4
181964.9
182030
182060.4
182066.2
182149.4
182314.2
182333.7
182340.1
182537.2
182549.2
182808.6
192737.2
192808.6
192834.2
193080.6
193123.1
193281.2
193474.5
193690.4
193696.6
193744.8
193757
193780.9
193790.1
193816.9
193869.1
193920.2
193921
193936.7
194036.1
194044.6
194113.2
194157
194337.1
194390.1
194432.6
194449.6
194468.4
194756.4
194762
194776.5
194809.7
194903.8
194966.2
195009.4
195030.2
195068.7
195496
208112.6
208196.5
208220.3
208305.2
209149.6
209181.2
209314.7
209524.7
209615.5
213043.7
213164.1
213202.9
213226.7
213415.3
213471.8
213699
213766.1
213793.1
213855
213914.7
214001.2
214069.2
214076.3
214103.4
214143.1
214152.7
214178.6
214218.9
214229.1
214299.8
214340.3
214375.7
214376.2
214426.4
214496.4
214503
214532.2
214542.3
214549.5
214724.6
214781.2
214799.4
214825.3
214829.2
214892.5
214936.4
214988.6
214989.2
215002.6
215097.3
215116.2
215159.2
215187.2
215208.4
215311.7
215384.3
215426.8
215636
215643.8
215666.1
215709.1
215715.3
215725.6
215729.8
215743.4
215785.1
215797.1
215842.2
215921.9
215997.3
216049.9
216067.4
216074.1
216076.7
216154.7
216211.5
216217.7
216227.4
216316.2
216359.9
216423.8
216624.2
216624.5
216655.9
216691.1
216716.6
216777.3
216950
216994.7
217025.8
217032.9
217074.8
217277.5
217570.3
217837.5
219314.4
219415.3
219436.2
231680.7
231746.2
232038.1
232103.7
232144.4
232433.1
232538.5
232558.3
232570.9
232571
232572.1
232600.9
232690.5
232731.5
232791.1
232795.9
232894.2
233269.9
233598.3
233740
233926.7
233953.8
244269.4
244333.6
244429.1
244464.7
244482.1
244487.4
244538.4
244871.7
244900.9
244988.7
244996.7
245045
245219
245223.9
245312.8
245444.4
245454.4
245568.9
245687.6
245776.8
245779.8
245888.4
246117.4
246190.1
246201.2
246210.2
246214.2
246218.7
246250.7
246266.1
246280
246302.9
246337.2
246351.2
246447.9
246880.7
248641.4
249499.8
249551.7
249581.5
250093.7
250132.2
250164.6
250206.3
250249
250259.8
250404.2
250414.9
250748.2
250751.6
250798
250891.1
251030.9
251191.7
251530.8
251604.4
251794.7
252325.7
252429.5
265190.6
265212.3
265344
265493.3
266236.7
267064
267437.5
267488.3
267528.4
267568.5
267917.4
268129.3
268460.5
272227.6
272988
273091.9
273243.7
273351.4
273377.6
273666.3
273746
273982.6
278908.7
279095.6
279146.1
279239.6
279601.6
279822.3
279885
279952.6
280032.6
280073.6
280195.9
280444.1
280483.2
280524.4
280570.9
280701.3
280710.9
280742.5
280768.9
280830.9
280910.8
280913
280978.3
281177.8
281193.9
281301.2
281381.3
281385
281398.7
281491
281493.3
281623.2
281688.3
299793
299977.6
301106.4
301486.9
301581.6
301774.4
302224
302249.9
302317.2
302387.6
302485.9
302680.3
302691.8
302797.7
302878.3
303043
303071.3
303114.5
303187.4
303212.6
303242.4
303266
303310.7
303405.4
303420.5
303429.1
303444.2
303446.2
303502
303631.9
303660.4
303742.8
305385.5
309060.7
309468.7
309634
310097.6
310484.7
312012.8
312367.4
312382.8
312396.1
312398.4
312606.3
312675
312803.5
312840.1
316406.3
316574.2
316766.3
318253.5
319330
319461
319483.1
320353.5
320375.8
320397.8
320415.1
320436.5
320458.6
320486.5
320490.1
320510.6
320568.1
320602.4
320675.3
320675.5
320678.1
320902.1
321059.1
321338.3
321512.7
321551.6
321621.5
321670.6
321775.9
321885.2
321954.7
321994.6
322050.3
322110.7
322217.1
322249.5
322263.9
322289.6
322333.3
322339.4
322388
322419.7
322561.1
322720.7
322811.8
322813.4
322828.1
322833.7
324178.1
324756.5
329805.5
329903.3
330008.4
330013.6
330179.9
330250.1
330259.4
330290.7
330310.4
330339.2
330363.6
330381.7
330568
330589.2
330700.1
330769.4
330828.1
330843.4
330853.7
330894.8
330959.4
330971.2
330991.6
331012
331076
331087.7
331185.7
331193.4
331200
331205.1
331244.6
331260.1
331305
331398.1
331431.2
331469.8
331498.8
331500.9
331766.9
331780.5
331790.6
331874.4
331879.9
331920.6
331973.7
331984.3
344292.7
373488.7
373825
373878.5
373881.8
373920.8
374018.2
374056.8
374064.6
374085.1
374117
374310.6
374336.1
374496.7
374607.9
374621.7
374648.2
374652
374751.3
374807.6
374837.1
374893.1
374909.6
375072.6
375189.5
396590.2
398438.9
402532.9
403783.6
420712.4
421029.1
421500.1
422693.1
429723.6
429762
430048.8
430120.1
430204.7
430645.1
431231.7
433594.9
441410.4
441455.6
441852.1
441880.7
441950.4
441984.5
441999.9
442027.2
442051.9
442186
442286.2
442311.4
442381
442466.7
442492.1
442537
442621.8
442699.9
442726.7
442748.5
442789.3
442794.5
442800.7
442961.5
443042.5
443049.4
443087.7
443121.2
443130.7
443181.4
443195.4
443243.5
443256.9
443279.8
443299.4
443312.4
443417.8
443463.1
443523
443545.1
443556.9
443576.9
443596.1
443615.3
443627.3
443654.9
443664.7
443682
443702.3
443754.3
443803.1
443834.9
443884.7
443976
443998.4
444034.6
444037.6
444070.1
444082.6
444101.2
444149.4
444182.6
444242.8
444260.1
444273.2
444305.1
444333.9
444343
444474
444612
444693.6
444915.8
445091.2
445383.6
450986.2
451033
451182.1
451252.4
451372.8
451395.5
451417.6
451421.4
451444.1
451452.6
451457.7
451458.8
451490.8
451502.9
451520.7
451560.3
451575.1
451599.3
451600
451609
451646.5
451727.6
451819.8
451838.4
451856.2
451904.2
451957.7
451976.8
452087.5
452152.8
452177.1
452214.7
452227.6
452287.3
452321.4
452324.9
452391.4
452397.1
452480.5
452541.6
452541.7
452575.7
452676.3
452695.7
452774.1
452777
452950.7
453085.7
453244.3
453357.1
453469.3
453485
453570.6
465544.1
465594.6
465767
465824.6
465950.4
465954.8
465984.4
466090.9
466165.4
466193.5
466273.7
466290.4
466313.2
466438.8
466557.6
466563.9
466622.4
466623.2
466628.6
466707.7
466785.3
466925.7
467058.1
467101.2
467103.9
467116.1
467218.6
467228.7
467280.7
467330.7
467344.4
467380.3
467429.9
467434.1
467435.8
467520.4
467584.2
467619.8
467669.7
467739.4
467918.3
467960.2
468029.3
468055
468088
468237.4
468290.8
468631.5
469054.9
469483.4
469489.9
469553.5
469584.3
469693.7
469802.3
469893.8
470081.3
470277.9
470348
470373.2
471488.5
476865.5
478260.3
479490.6
480081.1
480403.8
480436.2
480496.1
480805.2
482600.3
482782.8
482829.5
482852.8
483064
483513.3
484123
484242.7
484329.5
484671.7
511560.3
511736.1
511822
512081.2
512155.9
512227.3
512421.8
512758.6
517714.6
517777.1
517786.2
517913.8
518924.6
519041.1
519042.5
519261.6
519276.2
519321
519347.6
519503.9
519521.5
519528.3
519554.6
519626.2
519640.3
519673.1
519693
519713.4
519870
519943
519972.8
520156.2
520182.2
520229.6
520245.1
520411.5
520705.1
521191.5
521612.1
521669.1
521769.2
521773.5
521807.6
522336.2
522470.7
522478.2
522621.6
522949.2
522987
523254.4
523316.9
523383.2
523409.5
523698.1
523757.4
523958.6
524065.1
524154.8
524417.9
524490.2
524647.3
524777.7
524787.6
525043
525195.7
525253.5
525266.2
525312.3
525392
525400.6
525455
525475.6
525491.7
525521.1
525538.4
525555.6
525625.1
525813.5
526009.5
526015.4
526112.4
526164.2
526180.7
526239
526287.7
526502.5
526603.1
526612.7
526652
526672.2
526675.5
526717.8
526733.2
526867.2
527106.5
527120.7
527224.9
527231.5
527243.8
527358.2
527454.2
527468.4
527611.8
527773.7
527800
527833.5
528114.3
528407.6
528896.1
529264
529313.3
529325.4
529492.4
529603.7
529846.7
530039.3
540500.1
540518.3
540783
541222.4
546693.7
546764.6
546815.4
546850.2
546989.3
547097.5
547173.2
547448
547469.6
547858
550907.3
550910.9
551153.8
551326.7
551578.7
551614.1
551655.1
551724.6
551734.6
551811.7
551831.8
551847.5
551946.5
551961
551986.8
552002.2
552044.1
552052.2
552065.3
552149.9
552181.2
552183.8
552190.4
552250.1
552263.9
552275.4
552336.8
552352
552364.4
552422.9
552612.8
552753.7
552768.2
553167.7
553653.3
553713.6
554055
554351.2
554905.3
556744.3
558490
558695.3
558795.9
558925.9
558989.7
559183.2
559213.7
559332
559391
559519.6
559610.2
559664.3
559692
559950.4
559956.5
559978.4
560090.2
560109.8
560237.2
560285
560426.8
560446.4
560546.3
560632.5
560635.1
560646.6
560720
560836.9
560857.9
560906.1
561050.6
561130.9
561225.1
561239.7
561284.3
561438.1
561484.3
565324.7
565453.6
565843.7
567196.2
572761.9
572962.6
573338.1
574090.1
574109
574193.8
574209.7
574446.6
574606.9
574657.7
574816
574926.9
575008.8
575059.8
575141.2
575165.9
575211.9
575380.7
575394.5
575662.6
591200.4
591212
591375.7
591403.6
591456.6
591464
591524.2
591536.9
591572.2
591575.7
591583.6
591616.2
591657.4
591725.7
591881.7
591952.4
592109.3
592119.4
592135.5
592527.6
592541.2
592564.8
592941
593045.3
593057.6
593159.9
593257.6
593558.2
593566.8
593723.3
594226.3
594273.5
594394.9
594453.8
594567.7
594701.1
594785.6
594808.3
594825.8
594839.8
594844.7
594849.7
594853
594866.6
594936.6
595070.9
595121.5
595168.7
595190.8
595245.4
595347.4
595571.5
595638.5
595684.2
598126.9
