2719.9
2847
2872.4
8416.9
8507.7
8663.3
8678.4
8682.6
8704.2
8736.9
8753.6
8799.1
8814.9
8878.3
8888.8
8925.4
9076.2
9286.2
9725.3
9801.3
9834.8
9901.1
10092.5
10235.2
10991.5
11108.7
11117.6
11128
11149.7
11169.2
11189.8
11257.1
11277.6
11278
11350.4
11401.1
11418.5
11442.5
11492.7
11567.2
11604.3
14614.5
15885.1
15934.3
16162.3
19056.8
19775.5
19879.8
20059.5
20074.3
20075.4
20100
20119.8
20208.5
20226.8
21974.5
22132.2
22235.5
22290.3
22497.7
22523.9
22616.4
22623.9
23896.7
29189.1
29266.2
29623.5
29936.7
30897.8
38256.5
38268.3
38293.5
38386.8
38956.9
38974.6
38977
39035
39045.9
42724.9
43519.1
43787.6
43812.5
43915.8
50765.4
50777.9
50847.7
52393.4
52422
52433.5
52470.3
52472.6
52478.1
52541.2
52547.3
52740.3
52805.7
52883.6
52950.8
53037.7
53038.5
53054.5
53090.2
53101.3
53107.8
53119.1
53233.1
53273.9
53282.7
53323.5
53362.1
53370.8
53464.1
53513.5
53529.5
53549.7
53741.2
53788.4
53831.1
53871.6
53897.8
53905
53906.2
53933.7
54001.7
54059.3
54107.1
54124.6
54140.4
54167.5
54169.4
54192
54289.3
54320.6
54385.5
54393.5
54446.8
54532.7
54574
54592.8
54593.1
54720.2
55491.7
55590.4
55607
55646.9
55656.7
55887.1
56034.2
56096.6
56118.9
59296.3
59428.1
64016.8
64157.9
64482.2
64511.6
64580.3
64596.5
64684.8
64872.7
64930.8
64938.6
65013.6
65031
65045.1
65057.7
65095.1
65099.1
65181.8
65332.5
68708.4
68928.9
71719.4
71806.2
71819.7
71937.7
71975.2
72025.4
72059.8
72065.1
72077.7
72083.7
72104.9
72175.6
72204.9
72261
72271.5
72305.8
72343.9
72405
72444
72452.8
72488.5
72503.6
74166
76197
76695.9
80784.3
80864.9
81477.8
83869.1
83888.2
85609.2
85802
85847.7
86038.3
86269.6
86354.3
86383.9
86423.2
86545.7
86730.8
86750.7
86866.9
87173.2
87246.2
87250.5
87254.8
87263.5
87383.9
87385.9
87399.3
87475.9
87513.2
87566.1
87609.7
87707.6
87735.1
93389.9
93541.2
93560
93666
93679.2
94747.4
94830.7
94870.5
94999.5
95042.8
95070
95134.9
95137
95194.7
95263.7
95308.1
95379.4
95386.1
95426.4
95555.4
95603.2
95681.9
95775.6
95786.6
95867.8
95890.5
95991
95991.5
95996.8
96002.3
96004
96014.1
96017.5
96045.2
96075.3
96171.1
96210.3
96310.8
96399.4
96440
96450
96472.9
96515.4
96517
96556.2
96603
96612
96617.7
96781
96820
96829.5
96926
96950.3
97067.6
97076.6
97136
97213.4
97223.6
97344.1
97379.4
97491.6
97618.1
97765.4
97865.9
97901.4
98112.7
98156.1
98354.5
98400
98400.5
98411.7
98520.8
98539
98674
98859.4
98920
98940.9
98967.4
98969.6
99246.1
99264.7
99313.4
99332.6
99425.7
99707.8
99842.5
100342.5
100904.7
101108.7
101163.8
101316.7
101334.3
101385.9
101432.6
101448.2
101534.9
101767.4
101824.5
101841.9
101997.6
102237.3
102301.6
102639.3
102741.4
103182.2
103386.1
103672.3
104202
108467.5
108665.7
108678.9
108978.2
109029.1
109224.2
110768.9
110932
110972.9
117492.2
118793.2
118850.6
118922.4
118975.2
119023.2
119050.9
119076.8
119125.4
119223.6
119245.1
119293.6
119397
119833.3
120031.2
121097.2
121106.6
121400.4
121468.1
121482.3
121520
121549.3
121584.2
121629.9
121658.2
121697.2
121709.3
121719
121720.5
121734.6
121746.2
121752.4
121753.2
121771.1
121884
121947
121967.7
122175.9
122343.5
122478.4
122526.8
122528.2
122583.4
122609.4
122689.2
122881.5
122963.2
123002.2
123029
123202
123238
123271.3
123290.4
123332.5
123354.4
123374.2
123415.3
123424.6
123460
123466.5
123492.8
123595.2
123631.1
123643.9
123651.7
123667
123706.7
123735.1
123786.7
123933.4
123938
123970.2
124004.1
124018.8
124029.7
124185.5
124194.8
124508.9
124966.2
125141
125153.2
125175
125254.3
125390.1
125391.1
125447
125503.5
125561.8
125575.5
125593.6
125689.3
125695.9
125785.8
125815.6
125850.4
125881.8
125889.5
125924.4
125938.1
125973.9
125991.1
125994.2
125996.2
126006.9
126022
126063
126078.9
126110.7
126203.5
126210.3
126239.9
126261
126277
126365.5
130876.5
130889.8
131056.9
131077.5
131175.3
131182.9
131233.5
131241.3
131250.9
131286.5
131304.4
131397.3
131448.8
134959.8
135002.6
135134.9
135263.9
135462.4
135692.5
136344.8
136749.2
136850
137182.9
137219.2
137298.2
137481.5
137495.5
137724
138052.3
138078.3
138128.1
138501.4
138555.2
138603.7
138705.5
138731.8
139256.6
161211.5
161271
161314.4
161337
161379.6
161407.8
161480.6
162326.1
162861.1
163173.6
164324.1
164382.4
164563
164637.9
164675.6
164800.2
165078.3
165230.5
166984.6
167527.3
167563.8
167567.9
167634.7
167658.5
167946.9
167980.6
168107.3
170600.8
170658.2
170711.1
170789.5
170795.4
170894.5
170910.7
170958.4
170967.3
171001.8
171011.1
171152.1
171186.8
171380.2
171462.5
171485
171504.3
171518.8
171582.8
171593.6
171622.2
171638.1
171675.8
171692.9
171707.9
172916.1
173104.4
173209.6
173223.3
173233.2
173264.5
173354.7
175095.9
175263.7
175500
175674
177726.4
178465.2
178595.8
178596.3
178633.2
178651.6
178685
178828
187089.8
187158.4
189069.9
189902.2
189999.2
191440.5
191596.5
191664.9
191666.2
191747
191829.9
191861.8
191875.6
191895.7
191996.9
192081.4
193294.7
195053
195060.7
195122.4
195147.5
195549.6
196375.4
196380.6
196419.6
196456.1
196539.4
196611.6
196825.1
196916.9
197006
197033.8
197436.5
197510.9
197686.8
197720.7
197742.7
198016.9
198027.4
198185.4
198253.7
198515.9
198580.3
198581.3
198598
198789.4
208281.1
208701.5
209281.5
209529.9
212101.7
212312.1
212373.2
212412.3
212507.3
212616.7
212688.5
218339.1
218393.4
218443.3
218482.4
218522.2
218561.2
218605.5
218635.9
218683
218744.6
218761.9
218767.3
218804.8
218843.3
218864
218959
219013.5
219023.5
219067.3
219069.8
219147.8
219333.4
220059.8
220465.9
220479.1
220922.7
220993.7
221048.8
221109.1
221109.6
221133.7
221158.2
221167
221467.2
224364.4
224415.3
225749.2
226223.6
226230.4
226497.9
226549.2
226621.1
226823.2
226827.2
226968.5
227106.3
227121.5
227130.2
227142.3
227148.1
227214.5
227481.9
227526.5
227593.1
227604.2
227860.4
227965.8
228006.1
228009.1
228076.6
228108.7
228136.6
228162.2
228207.7
228300.2
228723.9
228835.5
229013.6
229145.9
230939.2
230961.6
230984.9
230987.2
231000.5
231009.4
231091.1
231257.6
232089.6
232207.4
232232.1
232330.9
232369.3
232878.3
232950.8
233108.3
233152.1
233313.6
233411.3
233644.2
233747.9
233757.3
233960.8
235266.9
235613.4
236175.8
237046.9
243669.3
243760.2
243843.2
243856.3
243859.1
243897.6
243933.9
243945.1
243992.9
244054.7
244198.3
245928
246788.9
246841.2
246887.4
249421.7
249513
249518.6
249535.4
249568.8
249705.6
249797.7
250565.7
250574.5
250660.1
250667.6
250698.1
250739.7
250877.5
250912.3
250918.4
250958.6
250964.1
251114.3
251130.4
251375.8
251478.8
251513.9
251867.7
251880.2
252001.2
252118.9
252150.6
252165.7
252217.4
260666.1
261024.9
263246
264359.5
269178.1
269247.3
269283.3
270137.1
270268.3
270283.9
270337.8
270339.2
270339.8
270388.1
270485.1
270605.3
270620.3
270671.9
270672.4
270928.6
273034.9
273141
273142.2
273267.3
273310.7
273354.2
273357.7
273427.5
273489.3
273502.7
273597.3
273612.8
273624
273716.2
273766.9
273783.9
273812.4
273820.9
273851.8
273852.3
273871.1
273941
273965.1
274046.2
274047.7
274131.5
278388.2
278405.9
278430.9
278451.7
278480.7
278626.1
279235.7
279319.2
289679.3
296341.7
296354.6
296402.6
296498.4
296507.2
296549.8
296685.3
296702.5
296745
296848.9
296912.8
296922.4
297028.1
297031.5
297045.7
297058.8
297122.6
297221.5
297292.4
297326.9
297401.5
297470.3
297576
298948.1
300877.9
300988.7
301024.4
301071.2
301137.8
301190.3
301370.9
301439.9
301460.5
301611.2
301650.4
301678.7
301748.6
301794.2
301846.8
301854.7
301875.4
301898.4
301921.2
301964.7
301970.6
302058.2
302092.3
302112.6
302136.3
302142.6
302265.2
302271
302349.4
302383.7
302824.3
303657.6
303668.7
306475
306746.1
306755.3
307005.3
307262.1
307283
307331.9
307433.2
307763.6
309794.3
309923.5
310013.2
310039.4
311858.8
311937.3
311987.1
312016.6
312043.2
312128.8
323398.2
323408.6
323420.6
323442.8
323486.9
323490.9
323556.8
323598.9
323728.2
323926.2
323937.2
323980.4
324133.2
324155.5
324231.7
324318.5
324324.6
324350.2
324518.8
324738.6
324810.6
324821.6
324831.2
325098
326728.5
326730.9
327367.5
329424.3
329492.2
329529.5
329564.3
329607.7
329756.2
330070.5
335087.3
337092.4
337131.4
337265.9
337337.7
337743.4
339466.1
341689.3
342103.6
342188.6
342423.6
344116.8
345684.1
345918.6
345974
346013.9
346052.8
346054.1
346064.9
346068.1
346096.6
346101
346109.5
346127.8
346176.3
346381.7
347004.5
347150
347322.6
347421.4
347472.7
347594.2
347642.7
347661.5
347680.9
347685.6
347734.4
347904.2
348373.8
348516.7
348528.2
350580
350594.1
356130.7
356159.1
356365.7
356869.2
356892.9
357025
357234
357292.1
357349.2
357461.1
357497.6
357517.1
357659.8
357706.5
357709.7
357794
357797.3
357908.8
358447.6
358601.9
358660.7
359048.9
359119.9
359325.1
359357.3
359519.1
359779.8
360632
360637.1
360914.7
360967.2
360982.4
361022.8
361039.7
361057.7
361080.9
361167.2
361301.5
361370.3
361711.3
362178.6
362298.6
362421.4
362437.9
362561.3
362578
362595.4
362633.3
362718.9
362738.5
362869.6
362890.2
362897.8
362918.4
362935.9
362963.8
363028.5
363085.3
363150.2
363211.7
363334.3
363453.3
363482.8
363489.6
363620.7
363660.3
363660.7
363666.7
363730.6
363766.9
363774
363814.1
363850.6
363925.5
363979.4
363996.4
364035.7
364040.3
364110.2
364183.3
364185.5
364200.3
364220
364236.1
364265.8
364315.7
364317.6
364548.9
364553.1
364589.3
364594.7
364776.2
364864.6
364876.4
364881.6
364921.1
364971.4
365029.9
365042.2
371819.9
373122.8
373291.7
373486.3
373547.4
373687.3
374762.3
375006.1
375248.8
375436.2
378864.3
389490.5
389698.3
389741.5
389743.2
389860.8
389875.1
389941.9
390003.3
390180.5
390215.8
390302.2
390348.8
390545.7
390557.7
390614.8
390703
390735.9
390747.4
390969.8
391051.3
391073.7
391150.7
391219.5
391269
391269.5
391297
391340.6
391519.7
391522
391543.7
391658.9
391829.5
391929.6
392339.2
397140.6
397248.9
397908.3
399382.1
399553.5
399852.1
406039.2
406339
412117.5
412152.8
412155.6
412190.7
412281.1
412310.6
412360.6
412449.1
412455.4
412556.3
412580.4
412618.7
412621.9
412650
412655.5
412725.6
412731.7
412754.6
412816.4
412877.8
412890.6
413070.1
413199
413261.9
415909.6
416635.8
416967.8
417086.9
418726.2
418852.3
419076.4
419077.1
419133.9
419257.6
419287.8
419312.5
419414.9
419604.9
423832.8
424050.4
424972.7
424989
425166.4
425300
425305.1
428051
428113.4
428122.5
428167.4
428204.1
428361.5
428362.4
428365.4
428389.9
428495.6
428612.8
428624.7
429233.5
430316
430318.1
430377.3
430385.6
430395.9
430403.1
430455.8
430462.8
430469.2
430492.1
430534.8
430568.6
430594.5
430815.3
432357.4
438102.8
440603.8
440928.3
441078.7
441166.4
441420.3
441618.9
444491.9
444575.2
448949.4
449642.8
449839.6
450001.8
450031.3
450033.6
450259.6
450298.7
450355.3
450408.4
450442.6
450537.8
450715.1
455361.4
455424.7
455796
455814.3
456552.6
456619.1
456661.9
456676.7
456716.3
456835.9
456922.4
456924.2
456931
456939.9
457007.2
457072.8
457138.8
457172.1
457201.9
457203.5
457236.5
457304.9
457305.6
457358.5
458172.5
458232.9
458233.3
458635.9
458689.7
458796.8
458854.1
458858.3
458934
458937.4
458957.5
458992.6
459029.1
459066.1
459536
459751.6
459838.1
462650.9
462692.9
462771.3
462933.8
463137.7
463331.7
463423.1
463874.6
463966.3
464069.6
464099.2
465071.6
465151.6
465151.7
465194.3
465221.1
465235.1
465238.3
465253.1
465288.4
465300.4
465301.8
465323.5
465333.1
465353.7
465368.6
465388.3
465405.2
465448
465451.6
465454.9
465462.5
465491
465600.7
465602.5
465697.2
466366.6
466439.4
466541.1
466666.8
468272.1
468720.4
468833.1
468931.3
469191.1
469237.8
469262.5
469353.1
469417
469425
469679.4
469730.2
469751.9
469789.4
469796.3
469796.8
469809.8
469824.4
469893.8
469907.2
469907.8
469908.2
470097.3
470163.6
470242.9
470319.1
470458.6
470596.9
470726
470733.3
471026.9
473029.9
473282.5
473313.8
473442.6
479438.9
479733.9
479823.2
479829.4
480739.4
482495.5
482508.8
482537.9
482555
482576.5
482611.1
482618.8
482638.4
483044.4
483099.7
483400.8
483567.6
483734.2
483814.6
483971.9
484401.3
484508.8
484573.7
484765.7
485934.2
487932.3
488478.9
494731.4
495368.6
495961.1
497120.8
499734.2
503909.1
504277.7
507127.5
507228.5
507246.4
507288.2
507360.3
507606.3
507656.4
507727.1
510964.9
511243.9
514456.4
514528.5
514561.1
514759.4
514813.8
514821.8
514944.2
515046.1
515068.3
515219.4
515230.1
515416.6
515483.2
515663.5
515731
515770.6
515775.1
515783.7
515832.1
515838.4
515851.4
515862
515971.3
515976.3
515993.2
515996
516059.2
516099.1
516102.6
516152.1
516166.7
516193.8
516209.5
516243.7
516258.5
516297.3
516396.2
517475.9
517486.5
517677.8
517810.1
517927.9
518019.1
518030
518650.7
519180.8
527064
527080.2
527273.4
527345.3
527366.9
527477.3
527506.6
527663.1
527677.9
527838
527857.9
527920.3
527939.5
528043.9
528097
528215.8
528289.2
530281.2
532870.3
533042.8
533164.2
533164.8
533172
533250.4
533268
533302.8
533505.3
533715.5
533780.7
533853.9
534270
534795.9
535489.3
536371.9
536457.1
536652.7
538031.1
538294.3
539004.9
539191.6
539287.3
539486.6
539547.9
539553.3
539603.5
542121.7
546931.9
547458.2
547541.7
547543.8
547574.4
549455
549485.5
549495.6
549500.4
549505.8
549595.9
550453.5
550663.5
550672.5
550712.1
550718.9
550772.3
550778.6
550831.8
550866.8
550875.2
550890.6
561215.9
561382.7
561448.7
561489.4
561512.7
561513.7
561704
564379.4
564552.2
564644.4
575564.4
575581.7
575621.2
575647.9
576406.7
576521.3
576654.8
576656.3
576699.6
576731.3
576748
576769.3
577283.6
577310.4
577314.2
577877.5
577996.6
578075.3
578210.4
578279.1
580928.3
586121.2
586227.7
586446.6
586483.2
586536.7
586586.1
586603.2
587918.1
587951.3
588007.9
588524.4
590380.4
590411.5
590556.9
591198.6
591297.1
591374.3
591440.8
591450.4
596085.5
596186.1
596204.8
596323.8
597151.5
597291.6
597307.9
597314.1
597427.2
597472.4
597586.7
597908.7
597915.7
597917.4
597950.2
597964.1
597982
598004.6
598053.8
598055.7
598061.8
598080.8
598127.2
598255
598326.4
598352.1
598360
598414.1
598522.2
598528.1
598553
598563.5
598669.4
598681.1
598706.8
598827.8
598920.1
599049.8
599053.2
599075.4
599703.1
599969.2
