1379.7
1864.7
2864.3
2919.9
2949.5
2952.1
2979.4
3039.3
3116.6
3156
3171.3
3200.5
3287.1
3340.4
3345.7
3382.6
3538.2
3562.9
3618.7
3729.8
3757.3
3846.3
3856.3
3911.7
3916.5
4089.3
4102.1
4132.4
8980.9
11066
11208.2
11245
11288.6
11354.7
11498.9
11557.1
11562.3
11585.1
11604.7
11674.9
11681
11682.5
11685.9
11692.8
11934.2
11968.7
11977.8
11997.3
12000.1
12011.6
12047.6
13803.4
13923.2
14507.7
15737.5
15874.7
15971.1
16085.2
16114.5
16298.9
16323.3
16346.1
16380.9
16409
16490.6
16656.1
21651.3
21961.9
22017.5
22256.5
22477.9
22591.5
22625.5
23089.1
24178.2
24332.9
24556.4
24573.2
24859.8
24907.7
24965.9
25422
25495.1
25695.8
26345.5
26420.1
26508.5
26600.6
27432.9
27652.7
28551.1
28743.5
28856
29125.2
29221.4
29543.3
34637
34749.9
36372.4
36662.1
36711.9
36733.8
36758.8
36777.3
36785.3
36822.9
36831.4
36888.4
36950.3
36953.8
36976.7
36983.3
37012.5
37024.3
37025.2
37075.1
37076.5
37083.5
37143.7
37143.9
37255.9
37281.5
37288.3
37291.1
37368.8
37444.5
37478.9
37566.3
37649.9
37682.4
37775
37797.7
37805
38029.9
38071.2
38436.3
38946.8
38995.9
39204.7
39271.5
39281.3
39303
39341.6
39347
39522.5
39625.3
39627.7
39653.5
39657.6
39666.2
39695.5
39790.4
39807.9
39822.3
40005.2
40098.5
40212.3
40248.3
40294.3
41886.7
42124.1
42221.4
42346.2
47735.8
48666.3
48756.2
48970.9
49516.9
49584.3
50008.6
50051.3
50286.2
50380.5
50567.3
50636.7
50673.3
50689.1
50705.8
52567.3
52591.4
52596.7
52692.3
52698.7
52935.5
53217.6
53447.2
54480.7
54734.5
54854
54854.5
56425.7
58202.2
58583.8
60256.3
60375.2
60490.9
60644.1
61891.3
62344
64613.6
65459.3
68128.7
68321.6
68527.4
68669.9
68858.1
68867.8
68932.3
68952.3
68979.6
68981.3
69067.9
69078.8
69113.6
69147.7
72949.6
73366.5
73560.9
73996
74065.2
74081.8
74128.7
74138.6
74164
74202.6
74220.9
74529.9
76587.6
76714.5
76754.9
76837.7
76882.4
76958.4
76995.1
77058.5
77085.7
77120.3
77148.8
77154.2
77227.4
77236.4
77256.8
77310
77321.7
77348.5
77469.1
77495.6
77547.3
77575.2
77624.8
77668.1
85719.3
86024.2
86482.2
87370.3
90682.6
90785.1
90836.7
90875.2
90938.4
90992.1
91008.6
91073.6
91227.4
91373.5
104305
105921.7
106082.4
106130.1
106231.9
106248.6
106255.2
106309
106311.5
106337.2
106372.7
106512.9
106609.4
106760.7
106761.9
110775.3
112590.2
118545.3
118622.6
118673.7
118678.3
118746.8
118750.1
118784
118839.8
118929.8
119563.7
120101.6
120127.9
120197.4
120205.7
125119.6
125273.9
125375.8
125861.2
126112.1
126326
126346
126552.2
126552.4
126568.7
126573.9
126821.5
126890.1
126954.8
127022.2
127024.7
127147.2
127215.5
127235.7
127251.1
127273.5
127296.7
127309.7
127314.4
127319.3
127402.8
127854.3
127904.2
127912.8
127947.5
131763.2
132941.7
133796.4
133828.3
134001.2
134191.7
134227.9
134275
134296.3
134321
134449
134542.1
134594.7
134794.6
134935.8
134942.1
135149.5
135326.1
135356.1
135430.5
135556.8
135585.1
135589.3
135646.4
135953.8
136159.5
136245.2
136288.2
136345.2
136448.3
136449.6
136512.1
136630.7
136635
136704.9
136817.8
136826
136873.7
137002.5
137567.7
137598
137778.1
137914.4
138089.8
138396.2
138401.6
138836.3
138841.7
139001.8
139051.6
139482.8
139549.9
139639.1
139689.4
139960.4
139973.7
139990.3
140025.2
140217.3
140264.5
140265.7
140302.6
140674
140677.3
142435.8
142441.2
142873.6
143666.5
145074.2
145897
145995.1
146048.8
146342.4
146405.3
146831.4
147159.5
147459.8
147701.9
149177.2
150177.9
150404.6
150570
150797
150947
150948.1
151159
151296.1
151507.4
151898.1
152018.6
152397.6
152425.4
152591.1
152697
152821.4
152850.3
152955.6
153359.1
153377.6
153978.7
154244.9
154334.8
154483.7
154850.2
154980.1
155097.4
155159.2
155749.4
155772
156240.3
156256.9
156718
156823.5
157396.8
157408
157433.8
157480.7
157682.8
157754
157796.7
157870.9
157964.2
157982.7
158427
158479.8
158555.3
158637.5
158716
158841.3
160374.6
160391.4
160393.2
160440.7
160483.8
160638.9
160751.2
160767.9
160827.5
160950.4
161015.4
161017.7
161022.5
161057.4
161164.6
161184.4
161372.5
163731.2
165547.5
171745.9
171993.6
172557.2
172799.3
172931.4
173038.9
173361.7
173397.1
175038.8
175913.3
176152.8
176403.8
176547.6
176548.5
176550.8
176628.3
176628.8
176827.4
176885.7
177034
177377.7
183388.7
183522.9
183626
183634.6
183714.2
183926.1
184154.3
184644.9
189459.4
190089.4
190260.5
190294.7
192538.6
192851.1
193091.2
193139
193213.9
193291.9
193380.7
195293.3
195463.8
195504.2
195696.4
199304.6
199562.3
199660
199862.7
199896.7
199972.9
200002.8
200066.6
200147.1
200194.9
200200.6
200314.6
200354.4
200470.7
200786.1
200895.6
201194.1
201277.1
201294.7
201512.8
201547.3
201588.3
201680.9
201712.9
202000
202094.6
202224.3
202235.9
202368.4
202410.4
202414
202594.5
202708.4
202746.4
202889.6
202965.1
202974.3
203004.5
203037.2
203038.1
203050
203087.1
203092.8
203139.7
203274.4
203401.1
203447
203501.4
203530.3
203672
203694.1
203748
203864.5
203881.2
203906.2
203953.1
204138.6
204208.8
204264.2
204389.5
204396.5
204430
204474.3
204567.4
204604.1
204608.5
204715.6
204740.3
204805.5
204950.6
205019
205144
205290.5
205349.1
205349.7
205462.2
205508.1
205540.7
205592.4
205852.3
205857.8
206202.2
206316.2
206500.3
206576.3
206695.8
206767.7
206893.6
206942.7
207030.4
207612
207707.7
207757
208045.4
208152.5
208219.2
208811.3
209383.5
209519.3
209566.8
209578.9
209607
209619.6
209662.9
209756.1
209819
209837.1
209887.3
210033.5
210212.9
212898.6
213168
213475.9
213727.3
219258.1
219442.9
219470.1
219486.2
219527.1
219615.7
219718.8
219794.9
219795
219857.4
219898.7
220056.2
220178.7
220262.8
220420.3
220504.1
220592.6
220617.9
220650.6
220801.9
220840.6
221328
223775.9
223976.3
224072.7
224199.9
224287
224422.5
224609.5
224910.8
224927.1
224965.6
225029.7
225102.8
225113.5
225188.6
225246.5
225248.2
225258.5
225274.6
225360.4
225557.8
225575.6
230337.1
231456.6
231628
231640.9
231721.7
231726.6
231761.6
231863.5
231922.6
231969.1
231973
232002
233034.3
233044.6
233683.6
234097.3
234131.7
234132.1
234235
234912.8
240590.9
240666.3
240733.5
240856.7
241273.7
241382.3
241392.2
241493.6
241609.7
241616.5
241698.1
242342
242363.4
242451.8
242464.2
242508.3
242520.1
242559.6
242616.2
242697.6
242762
242775.5
242868.1
242904.4
242912.6
242999.8
243017.7
243023.6
243025.1
243100.6
243156.2
243166.3
243193.2
243243.2
243257.9
243259.1
243327.1
243493.1
243859.9
246977.5
247004.6
248010
248550
248552
248603
248646.6
248727.1
248749.9
248753.2
248783.1
248785.4
248830
248889.2
248942.7
248956.7
249034.1
249060.3
249117.7
249196.1
249270
249285.1
249294.2
249354
249369.9
249528.2
249597.7
249677
250951.8
251468.7
251688.3
256144
256434
256945.1
256986.7
257448.6
257964.3
258193.7
258272.7
258530.2
258627.3
258695.1
258780.2
259288.5
259306.8
260178.1
260435.1
260454.9
260583.9
260767.5
260815
260815.2
260846.4
260886.6
260954.4
260978.3
261000
261007.9
261062.8
261099.6
261139.5
261229.3
261344.3
261456.3
261489.8
261551.5
261664.3
261687.9
261755.8
261771
261806.2
261815.4
261847.2
261920.6
261924.2
262008.7
262014.1
262058.3
262105.5
262107.7
262144.4
262153.6
262194.3
262230.9
262253.4
262319.4
262374.4
262400.9
262425.6
262578.5
262636.7
262753.8
262773
263020.3
263034.1
263214.5
264435.1
267947.8
268183.3
268273
268589.3
268596.4
268693.5
268694.7
268789.5
268965
268965.4
269078.4
269107
269201
269402.2
269411.4
269464.6
269503.5
271398.6
271919.7
272810.1
272938.2
272964.8
273074
273286.3
273409.3
273470.6
273668.2
273688.3
273698.1
273774.8
273799.8
273977.6
274010.2
274142.4
274213.6
274340.9
274411.5
274441.7
274644.2
274694
284496.5
286757.7
286854.8
286947.3
287022.4
287023.6
287062
287162.1
287284.2
287432.9
287463.9
287797
297346.3
297349.8
299416.1
299471.8
299517
299630.6
300462.3
300537.6
300595.6
303973
304201
304263.7
304518.8
304645.8
304940.3
305062.1
305083.8
305088.4
305129.4
305808.7
305931.6
306025.6
306057
308572
308674.1
308770.5
308785.6
308793.2
308806.7
308854.8
308902.2
308924.5
308967
309090.3
309145.4
309193.8
309195
309239.8
309280.2
309291
309403.7
309408.9
309466.2
309481.8
309529.3
309549.8
309558.4
309568.4
309661.6
309803.9
309823.7
309886.4
309993.1
310077.7
310127.6
310232.1
310312.1
310331.8
310360.5
310404.3
310426.9
310487.2
310518.4
310549.7
310624.4
310642.6
310665.3
312373.6
312456.3
316738
316829.6
316929.9
317275
317335.8
317653.7
317698.5
317996.3
318134.9
318269.5
318291.5
318313.2
318422.8
318512.8
318729.4
318915.8
319115
319361.7
319467.3
319887.3
326098.6
326255.8
326510.3
326537.6
326555
326557.1
326582
326615.3
326650.7
326748.8
326805.4
327818.7
327853.6
327907.9
328090.7
328925.6
328988.7
329015.4
329037.3
329087.8
329103.1
329200.2
329224.7
329244.1
329637
329639.3
332080.9
332181.4
332182.1
332192.7
332436.5
332495.4
341418.6
341676.3
341793.1
341851
341943.8
342066.4
342075.4
342091.8
342216.2
342228.8
342231.7
342248.7
342382.5
342519.3
342554.5
342957
342990.5
343101.3
343164.7
343404.1
343759.7
349453.7
349737.2
349879
349922.9
349960.8
350097.7
350375.2
350454.7
350987
353469.7
353740.9
353786.4
353889.3
355523.5
356049
356074.6
356099.9
356113
356136.1
356156.9
356163.5
356636.4
356872
357067.8
357762.4
358566.5
358682.1
359115.6
359158.4
359563.4
359571.8
359689.9
359702.4
360169.7
360264.3
360679.8
360702.8
360770.5
361163
361238.6
361271.9
361505.3
361537
362119.7
362187.3
362303.5
362543.3
362560.9
362597.6
363893.1
364489.7
370955
371101
371563.7
371723.5
372345.5
372619.7
372639.1
372685.9
372769
372800.6
372886.6
373001.6
373072.1
376595
377196.6
377551.2
377950.6
379254.2
380821.5
380857.5
381859.5
382298.2
382652.7
382720.5
384028
384088.4
385438.9
385549.4
385970.8
386054.3
388139.3
388539.9
392652.2
392815.8
393694.9
394196.1
394360.7
394720.5
394965.2
395030.4
395301.7
395485.4
395623.2
395635.1
395768.8
395780.8
395801
395851.3
395889.7
396330.5
396334.6
396358.7
396784.7
396835.8
396906.8
397163.8
398297.3
400344.8
400702.7
402453.5
402638.2
402679.8
402698.8
402721.9
402787.7
402936.9
402969.5
402970.7
403122.4
403167.5
403222.4
403223
403252.2
403340.1
403399.9
403426
403597
403673.5
403685.3
403719.6
403855.5
403872.5
404029.3
404059.2
404208.7
404339
404497.3
406846.4
406978.1
407220.6
408588.7
413857.7
414182.3
414554.6
417404.8
418237.9
418643.8
418723.3
418734.8
418837.9
418963.9
418990.6
418999.3
419008.6
419044.2
419152.6
419270.9
419289.3
419444.9
419473.1
419526.1
419552.6
419673.7
419691.3
419876.9
419927
419980.2
419982.6
420007.7
420270.1
420289.1
420376.5
420387.8
420413.7
420570.3
420615.4
420685.7
420698.2
420708.1
420718.3
420937
422752.4
422878
422903.9
422927.6
423106.1
423296.6
423406.5
423423.3
423457.9
423554.9
423591.6
423737
424456.9
424512.9
424515.9
424533.5
424580
424712.7
424749.5
425249.6
429921.3
430016.2
433128.2
435008
435701.3
436315.9
436830
436969.9
437143.2
437951.3
438632.2
439338.6
439347.7
439441.9
439711.2
439908.4
440083.2
440266.4
440275.4
440505.8
441142.1
444863.7
444889.4
445545.1
445562.7
445842.4
445849.7
445855.8
445935.7
445972.8
445984.4
446026.1
446042
446121.2
446130.4
446186.1
446236.9
446246.6
446343.8
446624.9
446758.3
448500.9
449210.9
449397.7
449428.2
449671.8
449690.1
449722.4
449829.8
449891.3
449923
449930.9
449943.2
450021.7
450166.7
450455.5
450502.6
458070.2
458143.5
458999.1
459040.4
459053.4
459715.5
464137.4
464205.1
464258.6
464308.6
464347.2
464380.8
464407.6
464605.2
466558.1
467415.8
467964.4
468152.3
468179.3
468301
468324
468382.5
468441
468644.1
468687.3
468864.8
468926.9
469253
469279.7
469331.5
469479.6
469481.1
469551
469554.7
469555.8
469567.8
469584.8
469625.4
469685.9
469748.8
469777.9
469784.4
470253.8
470421
470670.4
471773.5
474199.1
475023.1
475088.7
475090
475323.3
475329.4
475555.8
475560.6
475610.6
475666.3
475735.3
475745.8
475795.9
475797.9
476018.9
476019.6
476027.2
476134.2
476553.7
476608.1
476889.3
476917.6
476918.1
476943.9
476972
476997.4
477113.3
477250.6
477337.8
477814.2
477884.9
477930.5
477985.8
478161.1
478216.7
478245.9
478255.4
478279
478398.8
478789.8
478840
478882.9
479012.3
479027.2
479054
479200.5
479238.8
479241.7
479260.2
479276.1
479334.1
479396.4
479447.1
479469.4
479524.8
479539.5
479555.4
479590.1
479617.8
479968
480011.7
480045
480181.4
480204.4
480303.9
480389.6
480446.6
480486
480531
480538.2
480543.8
480572.5
480574.4
480584.3
480648.6
480654.5
480666.4
480777.9
480780.1
480800.2
480827.1
480844.2
480853.6
480874.5
480914.7
480916.1
480961.7
480988.6
481006.7
481035.8
481036.8
481056.9
481058.2
481170.5
481194.6
481202.6
481216
481246.5
481252.8
481270.9
481366.7
481439.3
481468
481646.2
481716.7
481766.6
481787.9
481820.8
481898
481941.6
482048
482078
482149.1
482165.3
482323.1
482386.7
482462.7
482519.9
482526.7
482857.5
484503.8
484984.4
488338.2
489954.6
491127.1
492211.4
492284.8
492441
493253.6
493264
493811.1
493825
494315
494591.3
497262
497268.5
504193.9
505267.2
505356.8
505424.1
505506.4
505605.4
505670.1
505852.6
505901.4
505950.5
505984.5
506156
506176.6
506373.6
506497.6
506802.9
508025.4
508312
508339.7
508454.4
508506.4
508568.8
508575.8
508653
508718.5
508785.9
508808.8
508852.1
508863.3
508965.1
508968.3
508989
509029.8
509046
509049.2
509058.5
509068.4
509082.8
509259.1
509274.3
509287.2
509287.4
509307.7
509340.5
509377
509420
509429.9
509437.2
509491.5
509508.7
509529.1
509580.4
509671.4
509705.4
509762
509781.3
509851.8
509881.4
509898.8
510160.9
510203.3
510237.5
510244.3
510256
510278.3
510313.7
510380.9
510389.6
510403
510438.7
510455.8
510462.4
510476.9
510477.7
510554
510562.9
510610.1
510686.1
510803
510823.8
510827.4
510907.7
510961.3
511140.1
511243
511267.4
511306.1
511371.5
511380.1
511462.6
511512.3
511661.3
511789.3
511974.3
512932.4
513106.2
513391.6
513990
514538.2
514810.2
514934.9
515064.1
515178.4
516069.5
516176.7
516310.8
516370.9
516452.4
516482.6
516557.6
516564.9
516617.7
516648.7
516737
516753.6
516858.4
516900.6
516920.9
516931.2
516959.7
517056.6
517070
517139.9
517206.3
517247.7
517326.5
517350
527663.3
527716.2
527841.9
527953.7
528002
528090.8
528104.6
528113.6
528125.9
528132.8
528284.7
528351.4
528475.6
528480.4
528511.3
528569.1
528570
528582.8
528598.8
528723.8
529164
529666.5
532557.7
532578
532683.3
533025
533532.1
533630.6
533821.8
534002.5
534132.5
539995.1
540005.8
541698.1
548052.3
548059.5
548060.7
548123.7
556713.8
558261.9
558416.5
558869.1
558890.6
558970.2
564876.4
564913
564976.6
565190.7
565222.9
565249.6
565258.4
565297.6
565335.5
565566.8
565601.4
565602.8
565621.4
565697.4
565741.8
565746.7
565983.6
566041.5
566197.6
566210.4
566222
566230.2
566257.7
566263.7
566356.3
566441.1
566456.9
566463.1
566658.7
566665.1
566757.2
566824.2
566898.7
566908.3
566911.5
568148.6
568186.5
568344.2
568389.3
568466.1
568475.8
568529.9
568575.7
568597.7
568655.5
568666.9
568697.3
568706.6
568709.3
568754.7
568834.1
568841.4
568875.1
568898.7
569112.1
569236.3
569396.8
569416.1
569442.8
569449.6
569602
569685.4
569695.3
569773
570417.9
570570.8
570580.3
570624.6
570642
570694.2
570701
570726.5
570732.9
570883.8
570929
570979.7
571021.8
576083.9
576124.9
576235.2
576281.7
576320.1
576841
579260
579670.8
579821.5
580091.8
583210.5
585423.4
585508.4
585753.1
585779.8
585829
585834.5
585888.8
585898
586003.8
586089.6
586159.1
586454
586520.2
597220.1
