1874.2
1939.5
2006.1
2042.1
2073.8
2117.6
10973.5
10984.8
11153.6
11156.5
11540.5
11555.3
12771.8
12798.8
19016.8
19074.2
19108.6
19215.2
19256.3
19413.9
19464.9
19669.8
19856
19876.3
19892.7
19902.9
19943.2
20161.5
21658.1
21792.5
21795.1
21843.4
21859.6
21908.4
21945.3
21983.6
22003.1
22096.3
22378.9
22381.6
29617.3
30593.8
30991.9
35650.4
38639.3
38717.2
38718
38775
38815.8
38822.3
38833.8
43381.6
43466
43482.5
43528.9
43571
43601.1
43639.1
43641.7
43653.5
43684.5
43715.5
43728.2
43772
43797.1
43798.3
43901.2
45452.3
45582.8
45646.7
45651.6
45794.2
45801.3
45846.6
45875.7
45936.7
51044.6
52508.5
52777.1
52843.1
52885
53096.3
53102.6
53253.5
53403.3
53675.7
53885.9
54031.8
54033.3
54126.4
54258.5
54359.2
54537.8
54586.8
54642.5
54711.1
54760.1
54762.1
54786.4
54841.3
59261.9
61091.3
61217.8
62591.3
62660.9
62672.7
62734.6
62782.8
62798.1
62839.2
62862.8
62915.9
62946
62971.1
62994.2
63003.1
64007.5
64076.4
64118.4
64221.4
64386.1
64391.8
64455.9
64515.8
64530.9
64543.9
64671
64678.3
64807.4
64809
66232.1
71200.5
71691.3
71851.1
71871.8
71911
71954.9
71996
72093.9
72098.4
72110
72130.2
72232.7
72271.1
72301.6
72365.5
72391.2
72469
72475.3
72501.8
72575.2
72583.7
73100.4
75249.2
89816.6
89835.8
89891.2
89924.8
89927.2
89959.3
90019.8
90041.7
90207
90223.3
90263.7
90344.4
90356.4
91392.4
91664.2
92296.6
92452.2
92662
93080
93278.3
93458
93602.8
93627.8
93736.1
93776.5
93950.8
93982.9
93996.3
94004.1
94070.2
94220.2
94248.4
94265.7
94341.6
94367.7
94444.3
94463.5
94514.9
94914.9
95035.9
95129.2
95289.2
95362.2
95456.2
95635.8
95848.9
96163.6
96255.8
96299.8
96848.9
97181.9
97322.6
97515.8
97571.3
97587
98360.3
98370.8
98434.9
98581.9
98604.9
98684.9
98985.9
99192.3
99288.3
99836.4
100117.1
100147.5
100308.1
100391.1
100585.9
101044.1
101335.4
101399.8
101412.8
101470.3
101572.5
101631.7
101717.1
101758.2
101909.3
101952.1
101954.1
102048.4
102053.2
102115.3
102323.1
102376.7
102498.4
102540
102743.3
102753.8
102773.1
102823.8
102837.3
102848
102869.2
102943
103098.9
103256.6
103265.2
103278.7
103544.9
103813.5
103846.8
104562.4
106723
106771.9
106992.1
107031.5
107059.8
107293.9
111965.3
118820.3
119145.3
119158.9
119162.4
119186.4
119220.7
119221.3
119283.7
119286.5
119289.3
119358
119395.8
119453.4
119464.5
119505.8
119561.2
119570.2
119576.6
119645.1
119724
119735.9
119790.1
119870.4
119934.1
119947.8
119979.8
119999.8
120039.9
120102.3
120121.4
120160.7
124923.9
124951.4
124987.2
125192
125241
125257.6
125296.1
125342.3
125413
125439.7
125542.7
125596.3
125786.4
125931.4
126099.5
126103.4
127388.4
127785.6
131638.7
132064.2
132220.1
132607.1
132667.8
133033
133196.3
133276.2
133340.5
133445.7
134687
134709.3
134787.7
134979.7
135077.8
135097.4
135278.3
135342.3
135407.2
135457.2
135495.5
135559.2
135859.7
136071.9
136076.1
136091.9
136507.8
136593.5
136599.3
136733.3
136901.8
136952.7
136993.5
137040.1
137205.1
137264.5
137363.2
137367.8
137433
137652.3
138030.1
138174.7
138193.6
138212.1
138429.7
138497.3
138702.1
138929.1
139092.5
139106.4
139107.8
139227.5
139685.3
139786.7
162813.5
163022.4
164763.7
164765.9
164773.2
164785.6
164817.9
164913.8
165016.1
165282.2
165357.2
165366.9
165434.7
165512.4
165735.9
165764.7
165834.6
165899.6
165922.5
165943.3
166080.2
166116.7
166172.9
166530.9
166606.6
166672.7
166782.4
166838.6
166845
166928.7
167723.3
170067.5
170246.8
172449.9
172506.6
172573.5
172655.4
172810.5
173073.6
174075.5
174092.2
174175.7
174214.8
174224.6
174322.8
174580
177545.7
177712.8
177838.3
177930.4
177959.3
177977.4
178010.2
178168.6
178318.5
178387.3
178528.7
178861.5
178933
178933.1
178937.1
178959.3
179032.4
179048.3
179071.4
179103
181014.4
181524
181670.5
181864.5
182310.5
182455.6
182637.4
182677.8
182754
182779.8
182812.7
182816.7
183011.2
184103.9
184462.3
184463.9
184548.3
184580.3
184794.9
192474.5
195193.8
195287.4
195373.3
195382.2
195427.7
195492.7
195646.5
206531.3
207058.9
207865.1
208008
208061.3
208064.4
208143.1
208159.8
208232.2
208326.9
208404.4
208428
208490.3
208499.6
208510.3
208747.3
208772.8
208830.8
208834.3
208961.6
209015.1
209068.7
209118.4
209147.4
209256.7
212171.4
212302.2
212387.8
212428.1
212441.3
212488.7
212541.5
212608.2
212630.7
212670.7
212697.6
212723.6
212727.9
212865.5
212893.5
212901.1
212938.6
213027.6
217877.3
218431.8
218452.3
218628.8
218741.7
218808.7
219017.4
219031.2
219130.7
219155.8
219172.9
219187.4
219218
219230.5
219248.8
219249.7
219262
219376.8
219386
219508.8
221220
221241.8
221282
221302.1
221444.1
221694.7
221731.7
221758.6
221774.1
221777.8
221803.6
221814.3
221937.7
221952.4
221981
222069.2
222075.9
222093.5
222122.8
225100.3
225150.7
225267.4
225334.3
225371.7
225372.7
225487.1
225590.1
229481.7
229516.5
229756.5
229791.3
230962.9
231949.3
233173.5
233469.4
233821.2
233903.4
233979.1
234035
234076.9
234115.2
234825.1
237703.1
244088.9
246141.4
246498.7
246662
246678.4
246721.3
246721.7
246762.1
246795.5
246809
246822.3
246822.5
246871.3
246954
247979.5
247989
251001.6
252216.5
252248.7
252300.9
252343.5
252349.8
252391.9
252435.9
252459.7
252473.6
256349.8
257119.4
257944.4
258104.7
258688.2
258711.5
258742.8
258762.5
258810
258816.8
258935.4
259002
259075.1
259218.7
259236.1
259252.1
259262.8
259278.6
259324.3
263910.1
263950.8
264052.3
264089.9
264169.5
264180
267961.2
269976.2
270051.8
270283.7
270326
271500.7
271780.1
271906.8
272142
273087
273155.6
273385.6
273582.1
273639.5
273655.3
273830.9
273865.8
273874.7
273880
278408.1
278506.7
278518.3
278521.2
278527.4
278538.7
278541.2
278571.2
278609.2
278628.2
278686.4
278718.8
278743.9
278757.8
278764.8
278875.8
279484.5
279598.4
279630.8
279635.9
279766.5
279785.2
279795.9
279805.2
279936.5
280022.5
280146.7
280346.7
280383.3
280390.8
280514.4
281908.7
281911.5
281987.4
281991.5
282007.1
282018.9
282029.2
282112.7
282139.5
282148.7
282212.3
282213.7
282243.1
282471.2
286944.6
287089.8
287458.7
287459.2
287464
287501.1
287583.9
287593.3
287667.9
287669.9
287675.7
287751.2
287779.4
287785.2
287856.2
287877
287878.8
288078.1
288093.6
288116.3
290158.5
291041.1
291803.5
292442.7
292602.3
294237.4
294349.1
294638.7
294652.9
294786.3
294789.4
294880.8
294893.7
294968.2
295103.7
295112
295121.3
301692.6
301703.6
301945.5
302375.9
302590.8
302668.2
302694.9
302704.7
302885.2
303705.2
303753.6
303791.4
303892.5
303910.2
303971.9
304005.5
304361.1
304463.3
304493.6
304842
305230.2
305922.8
311894.4
311921.8
311985.1
312063
312072
312096.5
312242.5
312364.6
312414.6
312438.3
323228.5
323377.6
323894.2
323990.9
324444.8
324794.8
324935.2
326779.9
327406.6
327702.7
328287.2
328381.5
328760.7
328999.8
329195.7
329293
329323.6
329392.7
329421.4
329430.5
329443.1
329721.3
338806.6
338894
338957.3
339024.7
339117.1
339122.1
339156.1
339216.2
339232
339249.2
339256.4
339441
339448.9
339573.9
339592.9
339611.9
339633.8
339651.3
339730.6
339735.4
339759.2
339785
339839
339906.4
340290.1
341979.9
342071.9
344126.3
346084.8
346135.4
346225.4
346362.3
346442
347432.9
347548.1
347604.8
347745.8
347823.9
348358.2
348474
348544.3
348641.5
348651.7
354234.4
354249.4
354414.2
367286.4
369684.6
370016
370027.9
370239.5
370364.3
370528
370855.4
371023.9
371044.5
371117.8
371230
371405.4
371439
371457
371463.8
371486.9
371497.8
371531.3
371604.7
371645.7
371695.9
371724
371762.3
371796.4
371799
371884.1
371933.6
372001.3
372023.9
372048.5
372105.8
372131
372162.1
372226.3
372280.3
372287.7
372298.9
372309.7
372367.8
372421.9
372476.9
372485.7
372534.1
373623.7
373649.4
373691.1
373715.3
374698.6
374896.6
375023.3
375424.2
375424.9
375427.2
375434
375489
375491
375580.6
375618
375621.7
375649.1
375665.5
396555.2
396626.4
396637.5
396643.1
396723.6
396761.2
396869.7
396892.4
396966.6
397096.6
397101.4
397167.6
397196.1
397226.4
397228.8
397236.4
397258.9
397508.6
397517.3
397611.8
397654.4
397657
397712.6
397837.4
397854.5
397896.2
397920.4
397957.9
397960.9
397990.5
397991.3
397991.5
398026.7
398106.9
398187.7
398191.3
398228
398243.2
398255.2
398450.3
398481.2
398515.5
398559.5
398641.4
398687.7
398800.2
398970.5
402796
413881.9
414310.4
414483.3
414824.5
414936.6
418365.9
418520.6
418541.1
418608.2
418739
418774.3
418872.9
419349.7
419416.5
421265.3
421353.7
421437.6
423353.3
423495.7
423550.2
423955.9
424031.6
424252
424255.7
424313.4
424344
424404.3
424474.7
424526.9
424599.9
424609.2
424682.7
424687.1
424734.9
424750
424765.7
424777.5
424830.9
424845.1
424847.3
424866.1
424902.3
424907.3
424938.7
424939
424957.4
425011.1
425166.6
428011.3
428032.7
428116.3
428474.3
428518.8
428641.3
428796
428907.7
428951.5
428964.6
430488.1
430552.9
430604
430656
430695.2
430835.3
430841.9
430897.3
430900.4
430984.4
431166.3
431256.8
431280.3
431287.6
431322.4
431324.2
431430.3
433763.3
433823.5
434102.3
434106.9
434409.6
434642.1
435163.8
435265
435357.6
435498.2
435543.2
435654.7
435790.1
436567.3
436575.1
436583.4
436611.1
436624.8
436733.2
437242.8
437411
437903.9
437953.6
438198.2
438345.3
438481.7
438691
438997.7
439239.1
439293.8
439342.3
439416.3
439771.8
440130.8
440177.8
440238.9
440275.5
440279.6
440292
440305.3
440305.6
440417.5
440484
440503.6
440532.1
440533.4
440605.2
440633.4
440783.8
440785.2
440823.3
440878
441006.7
441058.7
441094.4
441096.8
441155.6
441156.3
441196.4
441280.9
441302.1
441327.1
441357.5
441372.3
441379
441411.6
441441.6
441462.6
441462.8
441463.8
441484.9
441540.8
441599.3
441676.9
445512
445610.9
445704.7
445803.1
450410.3
451254.3
455656.2
456691.7
456904.3
457016
457030.9
457133.4
457225
457271.6
457299.3
458933.2
459738.5
459797.8
459802.8
459837.2
459847.5
459930.9
460006
460206.9
465267.4
465947.5
468726.6
468892.6
469821.8
469918.8
469928.3
470094.5
470167
470181.8
470223.5
470294.7
470314.4
470330.5
470444.4
470465.2
470530
470591.8
470595.9
470648.1
470651.6
470761.2
470937.3
470965.4
470966.5
471077.4
471341.3
471415.6
471463.6
471894.7
471932.9
471937.9
471998.1
472024.9
474333.1
482730.8
482907.5
482925.3
482962.1
482971.7
483034.3
483209.1
483230
483276.9
483296.9
483336.6
483343.9
483373.5
483377
483474.9
483502.2
483539.1
483563.1
483590.9
483635.7
483798
483860.5
483898.6
484059.2
484067.4
484164.6
484233.1
484291.9
484410.6
484419.5
484586.5
484618.7
484713
484731.3
484800
484850.6
484852.5
484896.4
484940.5
484956.4
485529.4
505640.6
508326.6
512541.1
514080.8
516684.4
516689.6
517748.2
517995.6
518015.1
518016.3
518419.4
518449.3
518497.5
518593.3
518614.2
518670.2
518782.8
518910.6
519080.1
519419.8
519553.4
519796.7
519859.1
519999.9
520287.4
520449.2
520547.8
520554.8
520613.7
520639.1
520651.7
520654.6
520669.9
520753.1
520773.9
520898.9
520911.8
520940.6
521222.5
521424.9
521643
521737.6
521831.1
521840
521923.8
521950.9
521999.9
522179.6
522260.5
522293.1
522340.4
522599.7
522673.5
522687.7
522715.9
522782.8
522857.9
522971.2
523256.5
523518.4
523604
523976.9
524042.1
524179.1
524469.3
524515.6
524698.6
524762.1
527257.6
527293.6
527371.9
527375.7
527435
527457.9
527482.7
528091
529827.9
530076.1
530260.8
533386.3
534671.6
534750.9
534825.3
534841.1
534844
534876.3
534929.8
534930.1
534941.2
534985.3
535099.2
542127.3
542300.9
543096.9
544853.2
545203.4
545475.3
545501.3
545641.6
545700
545725.8
546012.7
546269.4
546543.8
546596.6
546730.5
546834.1
546909
547025.2
547172.6
547218.7
547228.8
547301.2
548613.6
550410.7
550648.1
550758.3
550835.3
550873.2
550885.1
550903.6
550996.8
551032.6
551069.7
551589.9
551788.2
559224.7
559369.3
559376.9
559519.3
559620
559678.9
559833.9
559850.6
559886.7
559891.3
559967.5
561178.5
561233.3
561239
561268.7
561341.5
561344.2
561364.7
567062.5
567100.7
567104.8
567324
567398.1
567459
567624.2
568757.6
571779.4
571903.9
572009.6
572328.7
572353.2
572447.7
572483.5
572497.5
572630
572641.9
572667.1
572738.8
572810
572811.5
572813.4
572923.3
572938.1
573040.8
573082.7
573333.5
573349.8
573353.2
573374.9
573465.9
573515.1
573606
573666.7
573682.7
573883.8
573924.3
573938.2
574022.7
574051.7
574121.3
574181.3
574210
574225.4
574600.2
574741.8
574800.1
574904.7
574924.7
575108.2
575159.2
575196.3
575350.6
577860
577971.8
577975.4
577979.6
578047
578077.4
578154.9
578248.8
580042.6
582747.2
582887.1
583214.7
583242.8
583631.3
584410.2
584754
584965.9
584993.5
585228.9
585236.6
585286.1
585469.2
585487.2
585536.5
585541.1
585554
585572.8
585624.7
585917.3
586269.6
587172.2
587223.8
587344.7
587358.4
587385
587405.9
587427.6
587493.6
587551.4
587610.2
587769.7
587775
587862.7
587893
587965.8
588250.2
588272.3
590573.1
590589.1
590715.7
591560.5
592191.4
593720.5
593768.8
593784.4
593912.5
593959.1
593960.4
594242.6
594333.7
595699.3
595736.9
595772.8
595818
595871.4
595988.2
596013.9
596029.1
596038.3
596045.4
596056.7
596060
596070.8
596105.3
597407.1
597650.9
598197.2
598198.1
598251.3
598263.3
598346.7
598373.9
598494
598505.9
598537.4
598558.1
598588.8
598617.2
598652.1
598653.1
598745.2
599134.5
599873.1
