5198.6
5277.9
5498.9
11101.3
15859.1
15864.4
15875.5
16003.5
16052.8
16056.2
16120.1
16204.1
16274
16315.4
16369.3
16400.3
16426.6
17342.8
17366.7
17411.3
17426.9
17510.4
17535.9
17544.4
17597.6
17866.3
17927.5
17943.7
17985.9
18016.5
18026.1
18174.2
18529.6
18591.1
18600.5
18736.8
18834.3
19378.7
19548.2
20402.5
21501
21538.8
24571.7
24730.1
25349.6
29216.7
29299.3
29347.6
29356.7
38999.1
39036.9
39521.1
39683.8
39853.7
40168
41151.2
44443.4
44500.4
44503.7
44544.1
44663.3
44709.7
44890.5
44905
44906.5
44955.3
44959.5
45001.1
45013.3
45018.9
45085
45086.1
50347.5
50438.1
50508.1
50545.3
50546.7
50599.8
50817.2
51308.5
51333.3
51387.2
51430.3
51481.6
51650.1
51699.4
51872
51882
51964.3
51974.9
52083.3
52134.9
52811.4
57432.1
57893.8
59363.1
60461.2
60469.4
60524.9
60549.4
60617
60701.9
61648.4
61801.3
62252.3
63165.5
63233.4
63285.6
63298.2
63348.8
63352.4
63368.8
63488.1
63560.8
68525.5
68844.4
68941.2
68956.3
68962.7
69058.1
74122.4
74172
74247.7
74358.1
78609.3
78661.4
78818
78907.9
79169.1
79242.2
79243
79247
79273.1
79288.8
79482.1
79536.1
79604.7
79664.7
79778
79794.4
79825.7
79955
79971
80089.5
80095.7
80124.3
80137.7
80144.9
80246.9
80309.6
80336.2
80353.6
80358.2
80440.5
80478.4
80506.2
80594.9
80655.5
80822.5
80945.8
81199.7
81307.1
81414.2
81971
82543.8
83109.3
83464.1
83484.3
83580.3
83619.5
83633.4
83649.7
83779
83805.9
83853.4
83895.1
83949.6
83966.1
83967.7
83971.2
83971.3
84047.2
84056.6
84100.9
84163.5
84170.9
84241
90906.5
90924.3
90990.1
91114.3
91147.5
91155.9
91172.1
91248.7
91332.2
92416.1
92844.6
92892.5
92998.1
93170.6
99801
100226.6
100238.4
101367.3
104184.8
105820.9
105930
106010.9
106045.4
114941.4
116643.2
118657.7
118776
118778.4
118806.1
118955.7
126489.4
126676.5
126728
126800.7
126810.5
126868.1
126969.9
126984.9
126993.8
127012.2
127059.4
127068.8
127110.1
127131.4
127137
127141.2
127161.1
127205.5
127259.4
127282.1
127386.5
127740.6
127995.7
128085.7
128089.1
133998.1
134016.2
134111.6
134118.2
134304.8
134504.2
134627.1
135332.2
136154.1
136605.6
137383.2
137464.7
137558.9
137727.9
138283.6
138604
139562.6
139701.4
139710.3
139746.6
140028.6
140063
140108.6
140125
140167.4
140268.2
140303.4
140318.1
140341.7
140374.7
140399.6
140460.6
140495.9
140556.6
140617.1
140628.1
140666.2
140768.8
148063.6
149101.5
150469.1
150515.5
150818.6
151358.1
152316
152352.5
152636.8
154099.2
154432.5
154446.2
154461.4
154817.2
154990.1
155203.1
155365.2
155514.1
155874
155883.7
156045
156059.8
156447.5
156464.3
156474.4
157234.1
157260.2
157407.1
157533.3
157947.4
158037.1
158071.1
158072.6
158411.9
158587.2
158660.4
160180
160488.5
160789.1
160998.8
161029.7
162496.4
162630
162837.1
162877.2
162878.2
162880.3
162887.4
162902.6
162906.8
162967.1
163046.2
166337.1
173029.8
173173.3
173331.3
173946.5
173996.4
174020.4
174038.9
174254.2
174259.1
174277
174339.3
174426.3
174436.6
174502.2
176241
176745.1
176772.1
176852.6
176893.9
176907.8
177046.9
177088.6
177091.1
177102.3
177207.2
177338.4
177369.7
177399.3
177445
177516.4
177535.1
179019.4
179302.9
179336.3
179364.6
179376.1
179418.2
179492.4
179499.3
179611.8
179618.8
179690.8
179714.4
179918.8
180346
180688
180713
180755.4
180824.9
180891.1
180951.4
180977.3
180993.6
180994.5
181025.7
181046.9
181093.9
181104.7
181179.8
181216
181308.9
181367.9
181383.7
181442.8
181543.6
181608.5
181765.8
181769.9
181946.6
181978.6
182023.9
182119.7
182277.7
183256.8
183357.2
183361.8
183502.4
183504.8
183521.2
183537.7
183566.5
183695.5
183752.9
186826.9
186849
186850.9
186975.1
186985.5
187016.8
187042.9
187067.4
188501.9
189993.5
190039.4
190163.3
193841.5
195121.5
199435.2
199479.9
199573.7
199681.2
199753.9
199805
199864.5
200145.7
200365.2
200549.4
200829.9
200885.7
200950.4
202349.4
202445.2
203015.2
203104.9
203106.9
203269.3
203408.1
203647.2
203679.8
203791.6
203857.3
204097
204105.5
204650.2
204757.6
205044.6
205061.8
205110.4
205128.4
205375.9
205408.5
205490.9
205531.4
205553.2
205566.5
205597.5
205701.2
205714.1
205920.6
205929.5
205976.8
206277.4
206394.4
206426.1
206913
207552.4
207706.5
209551.7
209744.2
209798.7
209820.4
210020.2
210026.1
211054.8
211350.1
211484.6
211730.5
212043.3
214430.1
214565.8
214569.2
214586.1
214591.3
214615.4
214623
214678
214790.7
214794.3
214805.3
215041.4
215065.5
215144.1
215163.8
215974.1
216623.6
216890.3
216899.5
219721
219833.8
219851.9
219865.8
219872.7
220054.4
220058.2
220073.5
220213.6
220228.5
220282.9
220298.4
223290.3
223540.6
224166.5
224264.9
224418
224609.3
224628.5
224638.1
224663.3
224718.4
224745.8
224840.9
224882.7
224888.2
225832.6
225940.6
225951.1
226010
231711.6
236095
240845.7
241571.8
242537
242571
242573.2
242815.8
242933.9
243247
244651.4
244757.3
244811.8
244860.8
244935.6
245340.6
248414.1
248513.2
248519.1
248581.6
248619.7
248690.2
248692
248699.2
248776.2
248802.3
248831.7
248870.4
248938.7
248950.9
249092.7
249256
249386.3
250111.4
251299.8
252146.2
259494.2
259529.6
268923.2
269006.7
269008
269063.2
269069.8
269389.4
269402.9
274126.7
274908.8
276550.2
277868.6
278513.4
278657.1
278717
278725.1
279829.1
279973.7
280671.7
280693.6
280763.7
280930.6
281003
281096.4
281413.4
281422
281507.7
281574.4
281615.4
281629.5
281747
281779.2
281782.2
281788
289541.5
291671.6
291672.9
294612.8
295496.2
295549.3
295613.6
300496.9
302457.7
303025.1
303091.3
303115.4
303130.3
303205
303280.7
303311.8
304719
305040.6
305187.3
305198.4
305202.8
305386.4
305419.8
308678.9
308723.9
308724
308853.2
308885
308894.7
308897.8
308957.4
308972.7
308979
308981.1
308982.7
309131.1
309152.2
309159.9
309172.6
309183.9
309199.7
309365
309611.8
309822.9
309838.7
309868.8
310040
310310.6
310494.2
310599.4
310752
311367.4
311517.6
311519.7
311779.3
320392.1
320501.4
320540.6
320541.3
320554.7
320612.7
320675.5
320746.9
321054.1
322062.5
322279.1
322330.3
322493.6
322653.6
324392.6
325428.2
325607.4
326481.7
327684.7
328841.2
330280.5
330458
333750.7
333780.8
333936.4
334064.5
334117.5
334208
334221.5
334228.1
334437.3
334482.7
334534.6
334542.5
334585
334667.4
334684.6
334699.4
334706
336322.8
341624.5
342144.9
342212.9
342249.5
342265
342426.4
342498.4
342510
342640.3
345032
345203.4
345250.9
345471.5
345684.3
346665.3
348544.5
348567.9
348586.2
348655.4
348696.4
348773.5
348800.7
348806.9
348870
348921.3
348959.7
349611.4
349662.7
349924.5
349943.4
349952.1
350004.4
350103.6
350106.6
350118.7
350134.4
350247.4
350249
350318
350461.2
350465.6
350475
350724.5
350869.3
350945
350992.4
351026.6
351028.4
351032.3
351075.3
366005.5
366408.7
366440.6
366546.1
366550
366551
366567.4
366706.7
366757.7
366767.5
366801.2
366805.1
366826.6
366963.9
366971.6
367143.9
367253.9
367353.5
367367.7
367454.9
367660.5
372866.7
372974.9
372983.4
373103.6
373109.3
373164.8
373773.5
373987.5
374041.3
374077.5
374084.4
374094.1
374109.8
374140.6
374225.2
374317.5
374424
382009.1
382626.2
383717
384969.1
385108
385180.3
385218
394391.9
395006.4
395112.3
395211.2
395591.4
395643
396508.8
396556.6
402597.2
402625.7
402860.7
403059.9
403096.4
403341.2
403399.8
403497.4
403604.4
403619
403737.8
403793.1
403823.3
403870.4
403976.2
404004.8
404274.6
404303.8
404514.4
404523.1
404578.2
418882.7
419069
419719.2
419785.7
419919
419964.8
420061.5
420090.3
420116.3
420210.8
420211
420268.3
420368.5
420450.5
420494
420520.9
420553.2
421214.6
421478.3
425095.7
429254
436826.1
439977.1
442137.3
442352.9
442699
443236.5
443329.3
443718
446336.4
446385
448050.4
448122.5
448206.2
448243.4
448299.9
448521.1
448585.7
449635
449736.4
449957.7
450005.7
450104.4
450132.2
450176.5
450202.8
450591.4
451402.9
451444
451499.9
451500.1
451547.3
451569.6
451681.9
451768.5
452048.5
452072.1
452112.8
452223.3
452235.9
452369.5
452433.7
452838.1
454536
454667.1
454685.4
454867.7
454906.2
455032
455044.4
455077.6
455116.4
455122.8
455146.2
455146.5
455150.4
455171.9
455231
455272.2
455327.1
455354.3
455926.9
456010.8
456046.8
456069.2
458327.3
458668.7
458917.9
458986
459110.8
459119.1
459242.9
459344
459649
461043.8
461129.2
461370.7
461425.8
461774.1
462051.4
462237.8
462316.6
463705.6
463748.1
463758.4
464668.8
465901.5
466382.8
468235.9
468396.9
468400.7
468403.9
468612.7
468755.1
468921
469187.5
469281
474991.9
475163.9
475371
475421
475488.8
475499.8
475522.6
475523.2
475722.1
475782.3
476015.1
476103.2
476263.3
476520.9
476577.4
476640
476807.6
476887
476923.9
477382
477592.7
477600.7
477694.6
478287.5
478364.8
478538.7
478568.2
478664.5
478675.4
478765.3
478808.3
478993.3
479091.4
479193.9
479238.2
479244.7
479272.6
479437.7
479467.9
479574.4
479595.3
479723.4
479877.8
480186.7
480215.2
480310.1
480324.2
480357.9
480400
480403.5
480542.4
480762.6
480846.8
480849
480945.7
481000.3
481001.8
481034.8
481120.8
481139.8
481173.4
481181.1
481247.3
481250.4
481304.8
481333.9
481342.7
481368
481410.9
481422.1
481439.2
481654.8
481686.6
481688.7
481767.7
481781.9
481851.4
481867.8
481899.2
482006.9
482209.5
482276.3
482337.3
482427.4
482457.5
482805.8
492148.5
505488.7
505618.7
505620.8
505636.6
505804.5
505805.7
506048.9
508138.7
508192.3
508283.2
508445.3
508510.1
508663
508807.9
508815.5
508819.4
508863.2
508939.6
508943.2
508965
509109.1
509157
509220.3
509403.6
509418.3
509419
509617.8
509631.8
509688.5
509735.3
509859.6
509932.4
509969.9
510006.5
510068.2
510223.7
510279.8
510380.6
510508.6
510576
510710.5
510731.5
510765.9
510843.7
510874.9
510908.1
510976
511083.5
511154.6
511200.1
511358.7
511408.1
511654.5
516976.5
517229.9
517230.9
517370.7
519417.1
519500.2
519638.6
519646.9
519801.7
519915.9
520276.2
522124.2
523111.8
524274.2
524470
524500.5
524625.1
524774.6
525018.1
525298.4
525332.4
525395.9
525423.4
525555.4
525560.1
525611.3
525642.6
526320.8
528011
528094.8
528361.1
528370.6
528504.3
528512.7
531012.9
531087.1
531699
531758.9
531774.3
531821.2
532796.5
532942.3
533315.8
533436.3
535957.4
536523.3
536702.6
536954.9
537564.5
537569.3
537633.8
537642.8
537712
537829.8
537855.5
537887.4
537922.1
537974.2
537977.2
537993.2
537994.9
537999
538051.7
538129.6
538152.9
538216.4
538279.2
538363
538515.4
538524.2
538597.4
538670.7
538895.4
538961.6
541397.5
541485
541654.6
547090.4
547743.1
548520.3
548603.3
548665.5
548680.8
548685.9
548743
548855.5
549893.6
549928.4
550134.5
550304
550355.1
550394.5
550474.4
550672.5
551841.7
551843.4
560153.2
560185.6
561905.9
561954.6
562281.8
565081.9
565550.7
566238
566358.2
566456
567249.8
567547.2
567842.5
568935.3
571030.3
571149.6
571156.6
571163.6
571170.7
571324.8
571388.5
574505.6
574777.5
575005.1
577531.9
577610.3
577643.2
577768.8
577785.7
577811.1
577851.5
577991.2
578957.5
578981.7
581238
581716.3
586846.3
590198.8
590580.9
590591.2
590618
590660.9
590743.7
590771.2
590819.5
590835.6
590867.2
590944.7
590988.3
591649.2
591708.5
591800.9
591867.6
591922.8
591943.5
592288.1
592619.5
592729.8
592740.2
592892.4
593081.6
593504.4
594663.6
595715.1
595757
595766.5
595886.6
596519.2
596630.5
596689.4
596697.3
596832.6
596857.8
596887.1
596895.9
596918.5
596953.5
597020.4
597058.3
599150.8
599162.1
599244.5
599365.2
599397.6
599445.4
599617.8
599816.7
