5.6
33.6
52.7
87.6
157.5
225.4
247.9
295.3
307
324.3
520.4
579.4
607.5
728.6
815.8
825.9
1008.9
1048.7
1067.1
2249.5
2256.5
2273.3
2300.1
2350.2
2386.7
2433
2445.1
4804
4835.3
5056.3
5561.8
5713.2
5726.1
5826.9
5901.1
5973.3
5977.1
6048.7
6156
6388.6
6433.5
6475.1
10753.1
10827.5
10868.4
10898
10898.4
10926.4
12332.3
13559.3
14240
14438.8
14478.5
14481.5
14583.7
14634.3
14794.7
14838.5
14911.6
14920.6
14923.7
14944.4
15068.9
15600.2
16680.2
16793.7
16967.5
16986.2
17694.5
17756.2
18161.1
18225.5
18552.9
21461.7
21470.9
21536.9
21560.7
21562
21563.8
21614
21687
21724.2
21834.8
21887.9
21949.2
22009.1
22012.5
22031.9
22043.9
22092.3
22157.2
22336.9
22425.7
24789.1
24836.6
24839.9
24880
24947.5
24980.7
25038.7
25166.7
25205
25250
25283.6
25294.2
25309.6
25375.6
25405.4
26466.9
26723
26765.6
26843.2
27804.8
28502.1
28524.2
28564.7
28587.2
29191.9
31533.2
31577.1
31609.6
31637.3
31653.1
31683.8
31772.5
31839
31842
31956.5
31964.6
32034.4
32037.9
32047.9
32060.7
32102.8
32123.8
32125.3
32178.3
32251.6
32355.4
32416.8
32707.3
32813
32920.1
32924.4
32963.7
32984.4
33001.4
33019.4
33064.8
33105.3
33152.8
33160.2
33180
33204.7
33264.8
33293
33331.4
33415.6
33458.8
33464
33470
33493.1
33515.4
33594.7
33641.1
33645.4
33693.8
33727.2
33768.4
33794.4
33800.5
33841.1
33856.2
33870.7
33914.3
33958.6
34001.3
34019.8
35753.7
35971.3
36108.6
39575.3
42752.3
43108.3
43132.3
43168.2
43218.1
43293.4
43393.8
43398.6
43468.6
44599.1
44679
44681
44792.3
44814.6
44816.9
44959.8
44969.5
44973.3
45173.5
45298.6
46067.7
46274.3
46348.1
46349.6
46362.5
46421.9
46486.7
46545.2
46714.7
46852.5
46956.3
46994.6
47134
47195.7
47266.3
47319.4
47322
47396.5
47458.9
51233.4
51242.8
51332.8
51412.4
51573.1
51646.8
51723
51752.1
51970.5
52066.6
52756.7
54563
54840.9
54944.4
55033.1
55127.9
55159
56408.2
58232.4
58257.6
58281.8
58946.2
58992.7
59154.4
59160.7
59197.9
59232.3
59258.8
59323.2
59334.8
59616.6
61175.9
63175.8
63192.3
63226.1
63275.8
63340.6
63465.3
69014.6
69096.6
69121.8
69146.9
71914.2
71971.5
71991.1
72022.7
72029.8
72031.4
72053.8
72141.7
72175.7
72191.6
72236
72236.6
72287.9
72411.7
72432.7
72505.7
72570.2
72697.9
72723.4
72827.6
72888.2
72919
72982
73038.3
73200.2
73218.5
73277.1
73304.6
73307.3
73526.3
74694.7
74799.5
74835.6
78154.3
82031.3
82343.4
84349.1
84456.9
84481.6
84511.3
84583.2
84583.7
84594.5
84652.2
84722.5
84757.2
84765.5
84766.7
84773.6
84805.8
84810.5
84867.1
84943.5
84995.9
85105.6
87968.1
88200.7
88412.5
88551.8
88575.5
89297.8
89373.1
89451.6
89463.3
89497.7
89501.5
89587.2
89591.2
89874.2
91694.6
91708.6
91798.8
91814
92025.2
92420.1
92463.5
92622.9
92731.7
92953.5
93103.6
97383.7
97699.9
100970.6
102191.3
105217.5
105237.9
106280.2
106395.3
107410.1
107410.4
107461.5
107462
107665.6
107790.3
107814.3
107829.2
107888.7
107971.2
108067.9
108112.8
108338.3
109800.7
109849.9
109897.8
109901.4
112083.3
112120.2
112147.1
112176.3
112200.9
112303.4
112424.3
112470.8
112571.3
112665
112673.9
112697.1
112700.1
112750.1
112770.6
112827.4
113526.4
113773.2
113783.6
113950.2
113970.1
114004.5
114071
114135.3
114139.4
114139.9
114156.3
114160.8
114313.2
114451.8
114496
114499.4
114574.2
114601
114641.6
114650.2
114708.5
114727.5
114898.8
114909
114969.9
115024.5
115139
115262.8
115336.9
115363.2
118895.1
119108.4
119428.5
119787.3
119846.8
119971.6
120225.5
120332
120721.6
120774.2
120802.9
120926
120956.7
120983.3
121212.6
124538.2
124601
124752
124841.6
124866.3
125048
125133.4
125171.5
125220.6
125256.8
125890
126924.8
127273.1
127383.6
127418.7
127481.2
127496.6
127542.2
127561.5
127694.3
127986.5
131518
131566.2
131731.1
131735.7
131774
131908.1
132043.8
132072.9
132098.2
132121.2
132180.1
132183
132230.2
132277.5
132286.4
132350.5
132441.3
132459.8
132462
132477.3
132493.8
132664.5
132701.5
132730.5
132849.6
132913.2
132945.9
133011.8
133034.9
133089.2
133173.6
133292.4
133364.8
133372.8
133427.6
133440.3
133460.8
133464
133500.6
133551.2
133576.6
133577.8
133704.6
133773.8
133807.9
133995.3
134157.9
134264.7
134325.5
134339.9
134495.4
134580.1
134602
134608.9
134978.2
135062.6
135095.8
135152.5
135196.8
135213.2
135217.6
135311.2
135358.3
135394.8
135466
135672.7
135846.1
135880.1
135925.2
135963.2
136175.3
136179.2
136245.1
136249.8
136365.2
136390.9
136488.2
136507.4
136555
136634.4
136717.1
136733.2
136894
136922.9
136927.3
136950.1
136954.1
136991
137027.8
137081.1
137106.7
137178.1
137221.1
137625.6
137628.9
137629.2
137639.4
137647.2
137709.1
137737.6
137776.4
137797.3
137874.1
137899.1
138022.8
138079.2
138097.3
138200
138260.1
138303.4
138366.5
138434.7
138563.4
138597.5
138606
138660
138731.8
138736.6
138737.9
138773.5
138796.6
138857.6
138905.8
138935.2
138956.9
139002.7
139032.1
139112.3
139150.7
139194.1
139214
139268.5
139301.7
139315.4
139343.8
139371.4
139461.7
139526.8
139570.2
139628.3
139712
139801.1
139901.2
142558.7
143093.6
143207.4
143208
143377.1
164792.1
164889.5
164913.7
164951.1
164967.3
165047.6
165085.9
165124.7
165187.3
165279.2
165290.7
165294.6
165324.7
165338.8
165348
165399.8
165474.5
165485.7
165531.3
165576.1
165578.9
165609.5
165623.6
165627.6
165629.6
165742.9
165788.3
165815.5
165836.6
165872.1
165948.9
165952.2
165953
166020.9
166216
166242.5
166775.8
166905.6
166958.3
166958.9
167052.5
167070.8
167123.4
167493.1
168910.7
169079.1
169210.8
169216.6
169314.3
169483.8
169574.8
174832.5
176311
176800.8
177099.9
177796.3
179290.5
179374.1
179435.7
179506.2
179516.5
179520.5
179523.4
179589.4
179620.1
179661.2
179708.8
179861.8
180244.5
180608.9
180675.8
180695.9
180756.5
180781.5
180830.9
180855.9
180925.4
180934.9
180974.9
180979.1
180981.9
180990.8
181000.1
181082.9
181204.1
181386.9
181452.6
181665.3
181667
181683.2
181687.4
181781.3
181844.1
181893.3
181927.6
181999.9
182012.1
182053.6
182121.9
182163.9
182171.4
182218.9
182228.6
182276.1
182300.6
185178.2
185187.5
185192.4
185236.6
185287.1
185371.1
185415.1
185452.1
185482.4
185567.9
185579.1
185593.9
185659.3
185682.2
185702.8
185718.5
185942
186100.3
186153
186245.2
186302.1
186630.5
186720.6
191521.3
191585.7
191592.2
191650.9
191699.9
191895.4
192100.1
192222.4
192252.3
192497.6
195334.9
195517.6
195557.7
195578.7
195696.4
195786.9
205562.4
205564.6
205962.9
205970.6
205995.1
206171.1
206213.6
206273.4
206324
206325.7
206348.4
206367.5
206442.5
206589.7
206643.8
206704.3
206723.7
206809.7
206820.8
206942.4
206971.6
207006.4
207122.7
207145.7
207176
207439.1
207481.9
207545.8
207666.5
207709.5
207748.4
207748.5
207946.4
208032.3
208131.2
208147.4
208153.2
208210.1
208254.9
208317.5
208346.2
208388.2
208560.9
208576
208593.5
208621.4
208763.3
209299.4
209333.6
209373.6
209401.1
212449.1
212454.8
212653.6
213081.2
213834
215055
215234.9
215671
215704.4
215774.7
215858.7
216005.7
216033
216051.5
216113.8
216178.4
216273.2
216297.7
216308.1
216327.3
216332.7
216335.7
216442.5
216500.9
216510.8
216550.4
216563.2
216638.3
216685.5
216822.3
216865.2
218723.1
218795.5
219070.2
223762.1
223794.2
223990.5
224084.5
224975.4
229799.4
229928.2
229958.3
229964.8
229968.1
230001.7
230055.6
230062.9
230065.9
230067.5
231012.1
231023.5
231025.4
231064.6
231120.7
231253.8
231272.5
231304.3
231316.8
231359
231366.1
231395.2
234109.3
234122.3
234142.4
234169.4
234178.1
234435.7
234465.1
234756.4
234990.3
235010.2
235042.7
235147.4
235368.8
235870.8
236043.8
236606.8
236764.6
237049.8
237141.8
237170
237321.5
237321.9
237413.7
237789.8
237972.5
238111.5
238241.3
238265
238269.2
247016.5
247095.3
247098.8
247106.8
247137.7
247152.8
247188.6
247286.7
247351.1
247458.7
247594.9
247638.8
247790.5
247859.2
247903.9
248021.7
248050.2
248097.8
248102.5
248181.9
248423.8
248876.4
250305.4
252827.7
252899.7
252900.4
252969.7
253013.7
253088.8
253111.5
253119.9
253183
253185.1
253215.3
253262.7
253269.9
253287.9
253317.1
253375.7
253541.5
253615.8
253717.5
253726.8
253755.2
253822.8
253896.3
253902
253979
254017.7
254067.1
254086.7
254099
254100.7
254221
254272.8
254288.8
254341.3
254414.6
254423
254433.8
254515.9
254519.1
254592.9
254648.2
254653.3
254657
254683.1
254705.7
254714.5
254729
254730.3
254748.6
254776.3
254896.7
254906
254914.4
254980.3
254992.9
255033
255044.5
255063.4
255080.9
255099.7
255101.9
255129.9
255160
255164.8
255169.7
255184.5
255191.1
255497.5
255523.4
259703.2
259754.7
259787.9
259884.3
264599.5
264635.5
264674.7
264774.8
264853.9
264861.3
264918.5
264964.3
264981.4
265131.1
265153.4
265166.2
265220.1
265228.7
265394
265396.7
265461.1
265475.4
265517.5
265527.3
265625.6
265673.2
265716.1
265751.5
265760.2
265855.5
265890.4
265931.2
266173.6
266230.5
266310.5
266354.8
266394.4
266400.4
266402.9
266530.7
266550.7
266603.4
266631.3
266715.2
266747.7
266760.4
266830.6
266924.4
267003.1
267084.1
267372.9
269318.9
269320.5
270519.6
270563.8
270601.2
270621.6
270669.9
270698.9
270735.4
270881.3
270927.3
271045.3
271046.3
271078.7
271108.5
271218.4
271280.2
271342.4
271407.2
271414.3
271466.7
271556.2
271727.1
271744.7
271841.7
271842.1
271860.9
271867.9
271902.5
271904.8
271986.4
271999.2
272014.8
272036.8
272157.3
272317.4
278228.2
278489.8
278512.2
278514.9
278557.6
278568
278590.4
278595.9
278643.7
278752.1
279766.3
280080.7
280134.2
280558.8
280598.9
280600.7
280621.9
280707.5
280711.1
280864.9
281586.3
281594
281627.4
281662.5
281679.3
281686
281782.2
282550
282676.1
282779.5
282786.2
282803.7
282813
282882.4
282908.4
283032.4
285791.7
288330
288345.2
288407.8
288412.6
288491.1
288493.8
288573.9
288705.9
288747
289126.3
289145.4
289265
289290
289525
289654.1
289889.2
289934.3
289939.5
289962
289989.8
290020.4
290120
290127.8
290271.2
290329
290345.2
290629
290630.5
290654.9
290738.8
290756.3
290758.4
290804.4
290811.8
290848.7
290855.9
290925.9
291124.8
291126.6
291128.8
291431.3
291439
291440.9
291498
291625.1
292015.7
292328.1
292521.8
292956.5
292969.3
293059.8
293315.1
293326.8
293368.2
293385.9
293389.5
293403
293581.5
293593.1
293647.4
293654.1
293697.2
293709.2
293806.4
293841.1
293866.5
293878.7
293916.9
294005.7
294218.3
295241.5
295338.6
295404.5
295479.7
295495.3
295504.7
297920.9
298236.8
298824.1
299506.6
300205.8
300239.6
300289.3
300333.7
300354.2
300455.6
302354.9
302853.4
303018.6
303123.6
303132.9
303287.8
303777
303861.2
303890.4
303940.2
303998
304052.4
304080.4
304088.1
304091.5
304105.9
304172.3
304370.3
304377.7
304418.2
304482.9
304640
304711.7
304872.1
304981.4
304987.3
304994.1
305006
305024.2
305082.9
305155.2
305251.9
305313.1
305333.8
305351.5
305402.6
305434.9
305459.6
305509.4
305521.3
305554.9
305606.4
305641.7
305646.9
305659.5
305768.5
305886.1
305910.2
305915.9
305929.8
305941.6
305957.1
306065.3
306090.3
311847.2
311875.3
311946.7
311960.5
313064.3
313312.1
313350.2
313353.1
313436.1
313458.1
313596.9
313700.6
314012.9
314074.2
315714.5
315871.7
315882.7
315913.5
315925.1
315967.4
316193.5
316470.7
316618.5
317944.3
318109.9
319494.9
319542.8
319906.8
319953.9
323316.5
323481.3
323770.3
324107.3
324115.8
324500.3
324512.6
324945.8
326573.5
326607.6
326683.2
326737.9
326779.3
326957.9
327026.9
327039.3
327067
327083.3
327175.4
327179.2
327181.5
327201
327285.9
327350.4
327368
327510.9
327525.4
327552.6
327611.7
327694
327718.7
327766.4
327775.2
327787.7
327848
327868.2
327876.1
327945.9
327966.1
327987.9
328014.2
328016.8
328070.5
328112.9
328138.9
328145.8
328147
328194.5
328222.5
328255.2
328303.9
328305.6
328355.5
328392.9
328433.7
328452.8
328534.5
328552.2
328559.7
328561.8
328626.8
328899.9
328929.6
328946
329011.9
329061
329156.8
329235.7
329262.3
329293.2
329304.4
329362.9
329389
330213.9
330780.8
335232.3
338101
338229.1
338327
338338.9
338339.8
338364.1
338402.2
338424
338444.9
338569
338576.5
338593.6
338610.6
338684.8
338775.5
339041.1
339404.5
343716.3
343963.5
344044.8
344104.3
344274.3
344275.3
344292.7
345239.4
345707.3
345727.3
345869.8
345870.4
345872.4
345884.5
345898.8
345899
346006.6
346049.8
346099.7
346166.5
346180.4
346205.1
346259.9
346274
346285.7
346288.8
346349.1
346398.8
346425.9
346435.7
346442.4
346487.2
346540.7
347140.4
347438.5
347615.8
347689.9
347758.8
349467.4
349680.3
349754.4
349781.8
350093.2
350248
351672.7
351699.9
351709.6
351746.4
351775.6
351776.6
351931.6
352022.9
352388.9
352408.1
352533.5
352540.8
352553.9
352621.6
352626.8
352713.2
354818.3
354911.9
354942.1
354980.4
354987.7
354991.4
355086.7
355184.4
355227.8
355236.1
355337.3
355431.5
365931.4
367331.9
367393.5
367531.2
367686
367695.9
367822.9
367843.5
367885.4
367912.6
368246.6
368305.1
368430.9
368964.3
369191.1
373949.4
374058.4
374134.8
374226.1
374251.5
374331.2
375640.4
375640.5
375684.7
375693.9
375757.7
375806.9
375847.4
376016.6
376337.2
376496.1
377613.4
378067.7
378246.9
378441.3
378462.3
378825.7
379359.7
379381.7
379401.8
379688.5
380106.5
380807.5
380903.6
381161.1
382047.7
385469.4
389452.9
392267.5
393915.3
394442.7
395223.1
396427.8
396602.4
396639.3
396671.2
396737.7
396805.3
397415
397463
397479.2
397652.1
397656.1
398294.5
398342.7
398411.5
398416
398667.8
398683.7
398715.2
398883
398926.2
398931.4
399028.8
399175.6
399198.5
401130.5
401415.7
401711.6
402264.2
402607.1
402686.3
402738.9
402808.9
402999.7
403010.1
403035.2
403200.5
403228.7
403447.5
403555.9
403760.5
403844.3
403878.1
404053.4
404132.4
404182.4
404237.8
404499.8
405443.4
413536.6
413543.3
413642.8
413827.1
413961.8
414008.8
414017.9
414129
414214.2
414245.5
414322.4
414390.6
414421.9
414550.4
414551
414577.7
414805.5
414965.7
414992
415112.2
415133.8
415152.7
415155.1
415169.9
415247.7
415278.5
415286.3
415329
415376.3
415530.7
415558.7
415650.1
415821.4
416304.2
416835.5
417814.1
418080.4
418168
418355.4
418395.5
418470.2
418531.2
418548.6
418559
418562.5
418600.5
418657.4
418806.7
418905.9
420932.5
421034.7
421253.9
421467.9
422733.3
422740
423020.3
423043.2
423099.1
423125.2
423264.6
423394.3
423625
426878.5
426883.4
427054.9
427081.1
427187
427262.3
427266.5
427278.5
427334.7
427347.7
427469.7
427522.2
427651.7
428325.8
428504.2
428617.9
428622
428640.6
428659
428679
428701.6
428706.4
428748.2
428864.8
428903
428919.9
428932.9
429014.2
429175.7
429337.4
429415.6
429474
429520.2
429520.6
430844.3
430950.7
431013.8
431028.9
431063.9
431092.5
431128.4
431141.2
431158.7
431311.2
431362
431395
431541.5
431571.2
431642.4
431704.8
431729.6
431772
431786.3
431870.9
432499.6
432562.1
432767.3
432792.6
432808.8
432872.1
432886.8
432910.7
432927.9
432977.9
433021.1
433205
433321.4
433559.6
433576.2
433606.9
433622.4
433686.8
433730.7
433749.9
434010.3
434125.1
434268.9
434288.4
434291.8
434433.3
434450.9
434453.6
434499.3
434504.1
434511.1
434554.5
434576.3
434670
434680.1
434717.9
434820.8
434828.6
434875.1
434991.4
435178
435218.7
435242.8
435268.5
435275.6
435438.1
435469.9
435530.4
435535.9
435552.1
435637.8
435642.2
435662.3
435676.8
435696.4
435794.6
435892.5
435920.3
436017.7
436123.7
436232.3
436308.7
436320
436322.7
436328.7
436342.7
436435.4
436447.6
436454.6
436502.6
436543.3
436548.2
436568.8
436571.3
436702.9
436709.5
436731.2
436734.2
436778.3
436778.8
436923.5
437001.7
437003.5
437011.6
437014
437043.7
437082.2
437106.6
437160.9
437297.9
437307.9
437327.9
437426.5
437464.7
437472.5
437474.2
437482.1
437487.2
437540.2
437572.4
437584.9
437690.6
437737.4
437886.9
437915.9
437934.2
437960.6
438011.4
438048.7
438102.8
438161.2
438172.3
438308.2
438381
438478
438521.5
438530
438577.6
438685
438722.4
438728.5
438806.7
438808
438817.1
438935.8
438948.6
438972.8
439055.5
439066.4
439122.5
439219.5
439248.7
439307.1
439326.9
439346.8
439484.9
439495.1
439521.3
439559.2
439561.6
439574.3
439577.9
439641.3
439648.5
439650
439662.2
439714.9
439788.2
439815.8
439928
439940.4
439952.3
439962.2
439980.3
440028
440038.8
440069.7
440096.7
440191.4
440635.9
440905
441105
441227.9
442167.6
442481.4
442754.5
445218
445243.4
445501.4
445541.6
445547.6
445593.5
445685
445758.8
448571.9
452353.8
452389.6
452497
452536.5
452536.6
452547.4
452610.2
452612.9
452748.8
452784.8
452888.4
455128.1
455570.3
455803
455860.1
456638.4
456716.7
457874.6
458493.2
459992
460125.5
461240.6
461678.2
461834.1
461845.9
461846.3
461847.7
461859.7
461866.9
461882.4
461884.8
461920.5
461960.8
462081.5
462203
462352.1
462377
462405.3
462426.1
463714.5
464254.2
464395.6
464414.4
464436.1
464533.4
464540.3
464556.3
464610.9
465747.2
465860.6
466073.5
469276.7
470389.8
470741.2
470851.9
470925.3
470937.3
470941.8
471013.7
471022
471094.7
471167.4
471174.1
471214.2
471363.1
471421.4
471502.9
471534.4
471559.4
471570.7
471595.3
471637.6
471674
471733.5
471738.4
471749
471753.7
471776.4
471834.6
471895
471907.7
471939.1
471940.9
472000.1
472023.5
472304.3
472339.5
472374.8
472401.1
472405.6
472493.9
472515.5
473334
473814.7
474196.6
474219.2
474366.3
476674
477934.5
478807.4
480113.6
480294.3
483530.8
483895.6
484573.5
484712.5
484815.5
484907
484935.1
485093
485175.7
485180.9
485224.1
485237.2
485409.7
485623.4
485683.8
485795.4
485883.9
486025.3
486204.6
486339.2
486691.4
489788
490592.7
491246.9
491284.2
491858
492297.4
492370.5
492540.7
492616.8
492730.2
492753.5
492873.4
493079.7
493114.1
493330.6
493700.1
493742.8
497336.6
498587.7
499219.2
499285.1
499702.9
500580.1
501208.6
502467.7
503726.7
503989.3
504716.2
505230.5
505791.8
505926.3
506020.5
506856.7
507826.9
507890.2
508067.2
508154.8
508168.3
508198.6
508249.4
508279.2
508279.6
508341.1
513162.8
513249.5
513283.5
513289.5
513462.4
513573.8
513593.4
513821.6
513956.1
514026.1
514053.6
514245.3
514855.5
514878.2
516745.3
516840.7
516971.6
516986.9
517028.1
517041.4
517085.8
518932.4
519195.5
519200.8
519446.5
519619.1
519985.7
519986.9
520407.3
520685.8
520860.5
523025.5
523036.7
523489.9
523971.9
524426.7
524487.6
524594.1
524728.4
524734
524763.3
525045.5
525107.9
525194.3
525217.4
525279.7
525329.6
525353.1
525421.3
525422.8
525427.7
525450.1
525480.4
525549.9
525552.6
525570.6
525752.5
525757.5
525958.5
529919.2
529944.4
530163.7
530204.3
530218.6
530241.6
532963.6
533036.6
533141
533309.8
534201.1
534795.3
535010.2
535070.7
535232.5
537579.4
538031.6
538419.9
538435.1
538928.4
539904.8
539913.1
540946.6
541890.7
542951.9
543757
544362.8
545773.9
546299.2
546401.6
546775.7
547189.2
550472.4
550598.4
550667.9
550698.1
550698.6
550715.3
550726.1
550778.6
553726.1
553773.5
554046.9
554097
554158.6
554185.9
554214
554276.5
554280.9
554308.9
554320.1
554336.6
554347.7
554485.7
554659.6
554689
554712.3
554775.5
554841.9
554860.9
554890.4
554932.8
554973
554984.6
555043.9
555047.2
555083.6
555127.6
555157.5
555202.3
555218.9
555248
555364.5
555423.4
555572.2
555778.9
555785
555807.9
555835.3
555840
555928.2
555946.3
555957
555973.2
556027.3
556036.4
556171.5
556186.9
556225
556258.5
556338.6
556450
556671.6
556753.1
556891.4
556968.3
556987.5
557019.6
557079.1
557130.3
557152.8
557168.9
557328.9
557407.3
557438.5
557494.8
557512.1
557634.4
557638.5
557653.4
557669.9
557687.7
557726.2
557759.3
557816.4
557862.8
557946.4
557954.8
558040.6
558127.6
558169.7
559536.8
559647.7
559778.2
561502.8
561515
561559.6
561638
561924.5
565739.3
567922.2
568046.4
568129.7
568137.6
568167.9
568247
568269.7
568271.8
568305.9
568399.8
568401.1
568425.1
568476.1
568513.1
568637.5
568655
568692.2
568750.1
568752.5
568929.4
568934.1
568936.9
568943
569009.8
569016.4
569024.5
569053.8
569191.5
569268.8
569274
569311.8
569340.3
569354.8
569390.3
569476.7
569531.1
569553.8
569601.1
569613.9
569649.9
569651.3
569670.2
569800.8
569894.3
569980.2
569989.3
570005
570022.9
570062
570064.9
570110.2
570116.5
570221.9
570244
570389.4
570418.2
570443.1
570447.9
570497
570615.7
570688.9
570846.5
571737.4
572007.9
574302.3
574404.3
574640.3
574682.6
574884.5
574968.7
575130
575900.5
576034.2
576050.8
576056.8
576188.5
576195.2
576229
576240.6
576570.5
578145.4
580082.1
580114.4
580145.9
580160
580197.7
580232.8
580239.3
580239.5
580308.8
580406.9
582036.4
582078.6
582103.3
582141.4
585968.5
585977.3
586205.9
586212.3
587005
587031.6
587038.5
587162.6
587223
587314.5
587363.9
587481.1
587493
587530.9
587761.6
588028.4
589444.6
589595.9
589631.2
589710.4
591585.3
591663
591684.2
591714
591718.3
591901.7
591926.7
592059.9
592203.3
592404.7
592418.1
592476.9
592915.9
592994
593018.9
593241.6
593401.5
593469.9
594411.8
594445.3
594560.2
595666.5
595764.7
595834.8
595893.1
595986.1
597085.9
597235.9
597304.7
597527.6
597557
597626.8
597658.9
597693.7
597699.1
597711.2
597746.7
597779.7
597815.8
597888.1
597894.5
598016.4
598136.4
598242.2
598258.2
598313.8
598319.4
598408.5
598426.8
598448.9
598456.1
598629.1
598665.5
598765.4
598767.4
598902.8
599067.2
599073.8
599289.6
599713.3
599719.4
599809.7
599838.9
599974.6
