19.9
151.6
399.7
720.3
886.9
1020.2
1048.8
1055
1140.9
1388.2
1408.7
1477.8
1551.2
10789.8
10830.1
10903.9
10928
10977.4
10987.5
11038.3
11070
11083.9
11122.5
11127
11130
11248.3
11260.6
11276.8
11297.1
11371.1
11439.4
11503.4
11637.7
11639.8
11648.8
11664.4
11786.4
11794.9
11847.3
12959
13067
13469.5
13477.7
13545.4
13628
13629.6
13674.9
13733.1
13773.7
13823.3
13911.5
13931.9
13974
13989
14003.6
14085.8
14148.7
14196.9
14261.6
14298.4
14347.7
14352.5
14440.9
14456.2
14489.4
14562.8
14620.1
14700.6
14752.9
14807.9
14857.6
14870.8
14985.6
14999.9
15045.2
15066.1
15103.3
15141.7
15268.1
15300.8
15326.3
15352.1
15354
15384.8
15453.8
15455.2
15500.4
15530.6
15551.9
15569.5
15662.8
15692.3
15694.3
15705.9
15723.4
16208
21356.8
21366.5
21545.8
21601.3
21743.8
21763.4
21774.4
21802.5
21835.6
21883.4
21942.1
22046.9
22047.5
22101.3
22115.3
22128.7
22142.2
22178
22226.3
22256
22258.4
22291.6
22353.3
22400.2
22512.5
22541
22546.3
22557.7
22578.5
22619
22636.1
22649.9
22822
22862.3
30563.5
30570.5
30994.2
31018.1
31137.5
31190.3
31232.2
31377.6
31379.2
31590.3
31831.3
32386.2
32421
32434.1
32495.3
32764.7
33440.2
33632.1
33714.5
33900.5
33970.9
33984.7
34093.2
34156
34156.7
34176.9
34198.6
34272.1
34402.3
34445.1
34808.5
39018.1
39029.1
40017.3
40175.5
40568.6
42440.1
43349.7
43378.4
43506.2
43552.9
43593.7
43772.6
43772.7
43784.1
43798.2
44072.1
44151.6
44617.3
45969.4
46191.7
46357.7
46363.6
46588.9
46900.3
47157.3
47234.1
47280.1
47434.2
47437.4
47466.6
47542.8
47566.9
47611.2
47647.1
47660.1
47696.2
47705.8
47721.5
47743.6
47803.2
47804.7
47830.2
47835.5
47895.1
47955.7
48024.8
48038.1
48047.2
48147.8
48158.5
48350.3
48390.2
48566.1
48605.3
48703.7
48780.6
48876.3
48970.5
48981.7
49137.9
49220.3
49236.6
49404.6
49733.1
50204.1
52007
52418.1
52423.9
52440
52461.6
52518.5
52535.1
52642.2
52708.6
52712.5
52746.2
52828.1
52887.5
52895.2
53072.8
53098.1
53154.4
53167.2
53219.9
53241.1
53256.5
53263.4
53296.6
53335.9
53351.3
53427.7
53444
53509.7
53543.7
53545.6
53567.3
53709.6
53726.7
53786.8
53803.4
53848.9
53915.8
53960.7
54080.9
54106.6
54120.6
54247.2
54569.8
54643.3
54704.2
54725.9
54734.4
54741.6
54762
54800.5
54835.6
54887.1
54917.8
55094.9
55264.5
60311.8
60776.1
60782.6
60798.3
60802.6
60905.7
61488.3
61563.6
61627.9
61960.1
62117.9
62119.9
62155.6
62289.4
62342.9
62502.4
63908.2
63972.9
64019.6
64242.8
64288.9
64406.1
64474.2
64476.4
64497.7
64513.4
64531.4
64565.1
64617.1
64634.9
64827
64944.2
65199.3
65214.2
65383.6
65953.9
67760.7
68000
68111.2
68624.3
68694.5
68747.3
68769.4
68808
69063.1
69137.6
69178.4
69300.5
72664.5
80240.9
81961.4
82451.4
82463.5
91009.2
91272.4
91389.6
91866.9
104081.9
104354.5
104356.9
104515.2
105047.2
105184.1
105290.3
105899.2
118792.4
118846.6
118908.5
118941.7
119007.1
119016.6
119063.5
119263.8
119273.3
119283.4
119425
119513.5
119516.1
119521.7
119590.3
119691.7
119737.6
119787.9
119823.1
119848
119850.8
119880.7
119907.4
119918.1
119978.2
119995.4
119996.8
120007.9
120026.1
120051.7
120143.2
120347
120364.3
120404
120517.6
120897.5
120951.8
123940.5
124553.9
124617.6
124691.8
124913.1
124988.5
125160.7
125200
125212.4
125327.2
125338
125362.3
125398.4
125409.4
125422.2
125485.7
125492.2
125510.7
125528.1
125644.8
125656.5
125785.3
125798.1
125803.2
125809
125848.7
125865.1
125905.6
126019.9
126020.6
126023.5
126086.8
126098.2
126124.4
126179.3
126462.5
126508.3
126539.8
126914
127220.2
127335.4
127382.1
127435.4
127458
127494.3
127507.4
127549.5
127721.4
127818
127895.2
131788.7
131891.9
132168.9
132311.4
132487.3
132585.3
132679.4
132880.9
133091.6
133160.5
133368.1
133775.5
133812.2
134001.8
134034.2
134276.2
134282.9
134436.2
134672.1
134693.1
134753.4
134775.5
134884.3
134913.3
134915.8
135049.7
135051.1
135100.2
135148.8
135265
135294.5
135316.2
135323.4
135337.5
135364.4
135369.4
135446.6
135511.3
135527.5
135562.6
135563.9
135576.5
135628.8
135655.4
135666.5
135703.9
135835.9
135889.4
135912
135912.8
135940.7
135981.9
136030.9
136130.9
136255.4
136270.9
136274.9
136333.9
136468.9
136583.9
136593.7
136623.8
136648.1
136685.4
136694.5
136766
136787
136950.6
136956.2
137065.2
137170.4
137195.8
137400.2
137400.7
137414.4
137460.3
137482.7
137632.1
137674.2
137723.9
137741.7
137866.8
137939.4
137945.4
138031.5
138046.5
138085.8
138086.2
138274.8
138306.2
138365.8
138375.1
138413
138416.6
138421.3
138459.9
138463
138478
138500.3
138533.2
138547.4
138555.5
138590.5
138652.4
138713
138743.7
138812.5
138867.2
138900.7
138904.1
139039.9
139045.5
139056.9
139100
139171.7
139251.1
139337.6
139341.7
139430.9
139435.7
139659.5
139700.4
139742.8
139756.2
139793.6
139903
139945.1
140205.6
140224.2
140531.7
140808.8
142523.4
143626.9
144431
146091.9
147306.7
147498.1
148447.1
152778.2
154795.5
155008
155048.6
155887.8
156811.8
157683.6
157982
158016.5
158156.2
159977.2
160243.3
160617.7
160911.3
160976.8
161003.7
161024.3
161178.1
161236.3
161260.8
161296.4
161326.9
161331.1
161381.6
161394
163238.6
163408.1
163692.4
163807.1
163957.2
164107.6
164237.1
168324.4
168490.4
168536.9
168544.4
168571.4
168579.8
168632.9
168823.7
168872.3
168880.5
168908.1
168940.8
168951.1
168952.9
168964.3
169146.5
169252.8
169311.9
169387.2
169453.5
169675
170294.3
172699.2
172937.4
173256.8
173377.6
173484.2
173517.6
173629.4
173663.6
176842.6
177039.6
177344.8
180295.4
180514.6
182958.4
183136.5
183405.3
183472.6
183571.8
187515.5
187545
188064.5
188096.5
189642.4
189907.8
190206.5
190248.2
190285.8
190316.8
190479.4
193089.7
193232.8
193240.9
193509.2
193510.7
195093.4
195319.2
195324.6
195327.7
195388.6
195407.7
195413.7
195420.2
195427
195474.9
195609.8
195663.2
195729.3
195781.3
195888.5
199199.9
202732.1
202957.6
203754.1
203835.3
204774.7
205449.4
205561.4
205859.2
206041.1
206068
206360.3
206363.1
206517.9
206578.4
206642.5
206683.8
207069.7
207086
207183.8
207542.8
207583.3
207619.1
207634.8
207795
207826.6
207972.5
207979.8
207996.6
208003.8
208035.3
208071.7
208203.8
208236
208237.5
208257.2
208285.3
208301.3
208354
208362
208377.1
208380.9
208419.6
208454.4
208507.3
208533.6
208651.3
208675
208754.2
208756.8
208792.3
208810.6
208983.7
209040.9
209045.9
209141
209174.1
209178.4
209206.4
209218.8
209223.1
209351.5
209369.9
209466.1
209486.3
209492.5
209542.6
209555.7
209596.6
209648.3
209812.8
209937.4
220107.8
220195.8
220305.2
220389.6
220482.6
220501.9
220650.2
220672.5
220755.5
220794.6
220876.9
221246
221475
221663.8
221734.9
221962.4
222079.9
222251.4
222382.7
222403.3
222407.5
229568.7
229702.5
229759.9
229840.3
229902.5
229914.6
229925.3
230000.2
230067
230404.1
231777
231826.6
231837.4
231901.4
231938.9
232075.8
232132.8
232137.2
232234.6
232361.7
232368.5
232447.5
232778.7
232916.5
232996.8
233119.1
233149.3
233169.5
233179.8
233182.9
233246.2
233341.9
233414.8
233720.3
233755
233976.4
234078.1
234107.8
234220.7
234242.5
234487.8
234623.9
234722.6
235504.1
237119.4
237286.5
237464.8
237561.3
237567
237867.6
240928.9
242384.2
243199
243483.2
243569.6
243573.1
243588.9
243608.9
243749.5
243764.1
243774.3
243786.9
243827.4
243836.4
243843.7
243858.1
243926
243992.7
244039
244050.4
244052.2
244153.7
244183.6
244440.6
245590.2
245630.2
245710.1
246060.4
246596.5
246744.6
246835.9
246854.8
246903
246924.1
246983.8
247435.5
247756.2
247926.6
247958.6
247983.4
248013.6
248021.3
248169.2
248312.3
248627.5
248700.8
248720.7
248734.6
248754.4
248790.9
248863.3
248870.9
248925.3
248945.8
249024.8
249050.8
249158.4
249258.9
249314.5
249339.1
249376.5
249419.1
249430.7
249441
249470.5
249472.1
249708.9
249723.7
249966.9
251552.9
252642.1
252987.6
253183.7
253340.2
253485.3
253803.2
253920.6
253921.6
253928.6
253958.7
253968.5
254053.3
254095.6
254343.8
254495.5
255245.6
255276.1
255449.3
255451.3
255506.5
255526.9
255634.3
255733.3
255757.1
255765.4
255858.8
256165.9
257030.9
268802.5
269281.7
269314.7
269370.4
269389.2
269398
269409.6
269410
269529.4
269569.9
269607.7
269780.7
272996.6
273016
273074.7
273172.1
273246.2
273290.9
273319.3
273370.9
273425.9
273512.1
273520.2
273535.4
273558.4
273608.4
273693.4
273698.7
273717.8
273764.8
273775.9
273863.1
273864.1
273918.9
274065.1
274115.7
274406.1
281168
282758.2
282922.5
283015.1
283174.9
283189.8
283206.1
283261
283362.8
283386.9
283484.3
283490.6
283496.6
283587.5
283697.9
283843.1
283891.4
283942.6
284000.2
284054.1
284287.1
284298.5
284469.3
284642.1
284651.5
284684.1
284686
284726.5
284747.6
284752.7
284764.6
284973.9
284987.5
285017.4
285031
285048.6
285085
285228.7
285264.9
285331.6
285376.2
285395.8
285428.5
285429.5
285436.6
285444.4
285448.2
285479.6
285540.1
285573.3
285621.5
285653
285670.1
285688.6
285690.5
285709.1
285737.6
285826.5
285891.8
285909
285981.9
286159.1
286163.2
286211.3
286289.4
286335.2
286385.3
286389.2
286441.5
286474.3
286495.7
286516.8
286519.7
286565.5
286579.8
286646.1
286696.1
286781.8
286792.6
296048.4
297948.8
298157
298191.2
298289.6
298531.1
298649.7
298668.2
298801.6
298968.2
299175.1
303501.3
303515
303546.9
303594.7
303679.5
303696.1
303717.9
303745.1
303747.6
303862.1
303875.1
303934.7
303979.8
304005.1
304226.7
304235
304288.6
304320.6
304345.1
304379.4
304616.1
304659.1
304701.6
304738.5
304817.8
304926.5
305176.3
305200.2
305451
305577.6
305731.4
305738
305892.5
305905.6
305920.4
305925
308548.5
308684.8
308979
309016.7
309032.5
309110.7
309136
309208.3
309220.5
309279.1
309333.5
309383.9
309422.7
309436.1
309480.2
309569.7
309573.9
309609.1
309621.8
309647.6
309678.3
309682.2
309716.9
310183.2
310375.6
310592.7
310728.9
318969.7
326293.2
326312.4
326752.8
326888.7
326929.6
326972.7
327039.3
327093.3
327361
327385.9
327459.5
327518.1
327548.4
327617.6
327661
327663.7
327684.1
327686.6
327782.9
327842.8
327879.9
327997.4
328007.7
328102.9
328109.5
328137.8
328259.5
328312.6
328359.7
328370.9
328410.1
328458.7
328564.2
328650.9
328714.1
328888.4
328897.2
328905.8
328995.2
329001.8
329100.5
329224.9
329281.1
329369.4
329438.9
329530.8
329577
329578.4
329607.5
329617.5
329640.8
329864.5
329874.6
330048.3
330186.4
331124.7
332127.6
335933.9
336264.2
336305.3
336327.2
336534.7
338189.5
338222.6
338245.4
338252.5
338254.8
338260.2
338308
338317.7
338344.1
338344.3
338382.8
338460.6
338474.9
338567
338620.4
338705.1
338727.3
338748.9
338866.5
339174.7
339219.8
339346.4
339367.2
339371.1
339425
339481.8
339540
339548.8
339579.9
339674.6
342057.6
342240.6
342406.6
342441.8
342748.8
342934
343028.9
343040.7
348326.4
349757.1
351127.1
351166.5
351187.8
351232.6
351281
351306.7
351354.3
351493.9
351537.2
351542.3
351561.4
351612.6
351643.2
351645.5
351812.4
351865.5
352057
352198.7
352430.1
352500.7
352628.1
352637.6
352793.8
352798.5
352832.5
352837.4
352963.1
353075.3
353082.8
353091.9
353107.9
353115.1
353120
353216
353227.2
353313.4
353407.3
353467
353640.8
373355.7
374530
374600.1
374608.8
374760.4
374876.8
374924.9
374962.5
375092.7
375098.9
375108.7
375209.8
375225.4
375243.8
375410.1
375458
375460.5
375468.6
375491.1
375683.5
375886.2
376652.2
376854
377351.9
378358.9
378375.1
378601.1
379725.3
380342.7
381386.6
382139.9
384200
394754.9
394814.9
394985
395143
395956.3
396337.8
396381.9
396445.2
396463.9
396483.8
396595.3
396619.7
396634.8
396657.2
396717.3
396809.4
396810.8
396880.3
396940.9
396954.7
396983.5
397012.9
397078.9
397143.7
397170.1
397181.5
397207.4
397217.2
397231.5
397318.9
397351.3
397374
397479.8
397497.1
397511.1
397512.4
397518.7
397525.1
397756.9
397856.1
397885.6
397962.5
397993
398055.3
398102.5
398147.1
398189
398255.9
398267.7
398466.5
398542.6
398552.6
398556.7
398600.5
398734.1
398794.9
398798.6
398814.8
398842.9
398938.2
399102.9
399439.3
402347.6
402371.6
402565.2
402686.5
402827.7
402851.2
402858.1
403001.4
403133.1
403164.4
403356.9
403358.5
403444.2
403586.5
403716.3
403730
403742.7
403821.1
403844.6
403872.9
404021.2
404070
404149.8
404391.7
406067.5
407893.7
408565.2
408878.8
413319.2
413338.7
413438.6
413696.3
413843.7
413894.3
414099.1
414126.1
414139.6
414372.8
414405.3
414541.6
414569.5
414621
414739.4
414913.5
415212
415217.5
416928.7
417153.8
417432.7
417621
418468.6
418512.3
418705.9
418707.3
418718.7
418800.8
418821.5
418843.2
418862.2
418972.8
418973.5
419070
419080.9
419101.6
419103.6
419221.7
419224.6
419226.5
419237.9
419429.8
419482.2
419910.7
420074.2
420083.1
420273
420316.2
420581.6
420755
420896.9
425402
425504.8
425639.8
425918.9
426016.5
426216.7
426697.3
426722
426877.5
426908.1
427190.2
427197.2
427395.3
427423.9
427454.5
427468.4
427505.3
427582.9
427596.7
427606.9
427726.7
430127.1
430205
430270.3
430414.2
430469.2
430554.8
430622.8
430683.7
430694.1
430732.5
430778.5
430856.1
430910.2
430911.2
430942.2
431173.5
431457.2
431479.7
431552.9
431563.6
431653.5
431673.2
431691.5
432543.3
432649.4
432673.1
432711.6
433155.9
433315.4
433382.8
433894.8
434135.8
434159.9
434168.6
434362.8
434415.8
434674.1
434795.8
434849.5
435388
435539.6
435613.5
435613.6
435655.4
435730.1
435817.2
436088.4
436255.4
436461.2
436540.2
436640.7
436644.2
436658.7
436922.2
436974.7
437086.4
437137.2
437235.3
437270.5
437422
437485.6
437860.2
437945.8
437952.6
438003.4
438004.8
438212.5
438278.5
438310.2
438374.6
438438.8
438439.8
438460.3
438701
438717.2
438719.2
438725.6
438781.3
438851.8
438957.9
439098
439177
439184.5
439221.3
439271.1
439393.7
439496.8
439559.9
439730.3
439752.9
439839.3
439886.5
439935.2
439961.1
439994
440004
440109.9
440146.9
440179.4
440265.4
440323.6
440385.1
440391.4
440452.3
440519.3
440552.5
440553.4
440571.9
440584.3
440595.7
440700.6
440808.8
440916.7
440970.9
440974.6
441001
441037.1
441131.3
441238.9
441240.9
441599.6
441803.3
442413.5
444133.2
444254.5
444381.1
444862.1
448882.5
449336.8
449422.7
449626.7
449945
449984.2
450261.5
450403.7
457762.5
457858.4
457922.7
457959.7
458011.6
458235
458371
458499.5
458543.2
458566.4
458652.7
458655.2
458672.8
458792.8
458793.9
458952.2
458989.4
459704.9
459822
459959.9
459968.5
460000.9
460104
468183.9
468218.7
468223
468260.9
468518.2
468588.1
468645.2
468703.4
468722.5
468734.2
468780.8
468808.7
468919.7
469008.3
469010.8
469065.7
469068
469093.2
469201.3
469239.6
469407.6
469424.1
469529
469562.2
469580.5
469635.6
469643.8
469729.9
469744.1
469766.9
469853.9
469928.6
469986.3
469992.9
470018.5
470019.7
470066.1
470125
470239.8
470281.7
470324.4
470338.3
470342.1
470344.6
470352.2
470384.6
470388.1
470415.2
470421.2
470472
470472.3
470583
470640.7
470644.2
470683
470701.3
470721.9
470724.7
470730.7
470840.7
470842.3
470884.2
470977.1
471075
471131.5
471137.7
471169.2
471269.2
471277
471440.6
471443.3
471549.5
471625.2
471669.5
471699
471716.2
471805.7
471846.8
471884.8
471992
472030.3
472102.4
472188.1
472211.4
472230
472464.6
474116.8
474184.1
475002.1
476206
476323.4
476920
477045.9
477227.7
477328.6
477413.3
477568.2
477664.4
477861.2
477901.6
478199.5
478413.7
478534.6
478684.2
479016.1
479106.1
479112.4
479131.7
479207
479369.8
479385.1
479506.2
479954.9
479977.8
479979.7
479999.6
480086.6
480151.2
480159.6
480167.2
480196.9
480263.3
480345.8
480381.6
480382.6
480410.9
480594
480617.6
480640.9
480697.5
480708.8
480863.2
481075.9
481210.4
481404.1
481696.8
482503.8
482504
482527.3
482566
482602.9
482605.6
482615.3
482642.8
482717.7
482739.6
482777.9
482912.6
483008.8
483041.4
483069.3
483092.5
483103.1
483120.7
483389.2
483447.5
483527.6
483596.8
483609.4
483642.7
483686.2
483727.4
483776.2
483780.6
483802.2
483888
483914.1
483996.2
484027.4
484044
484044.4
484215.1
484232.8
484418.7
484420.8
484520.6
484537.4
484570.6
484664
484666.3
484908.3
485282.3
485441.8
485630.4
487567.3
489318.7
490198.4
490215.5
491135.6
491475.4
491594.2
491604
491810.6
492586.8
493045.9
493053.8
493093.5
493563.6
494245.4
495526
495570.3
497414.8
498368.7
499024.8
501062.9
501287
501557.7
501581.2
505133.8
505481
505529.8
505745.1
505787.7
505995.6
506013.1
506386.5
508004.5
508147.5
508320.8
508353.2
508388.8
508433.2
508445.7
508554.6
508609.1
508686.1
508721.9
508785.2
508854
508950.5
509004
509004.5
509023.8
509063.7
509180.5
509198
509221.6
509302
509440.3
509461.8
509479.7
509503.4
509525.3
509562.3
509652.7
509781.7
509934.2
509957.7
510092.3
510481.4
510501.5
510752.7
510772.6
510838.9
510861.1
510871
510889.7
510919.1
510943.8
510981.4
510987.1
511156.3
511395.5
511663
526142
526165.9
526503.8
526974
527016.3
527167.7
527180.5
527244.3
527318
527408.1
527441.3
527514.7
527549
527621.3
527887.5
528014.8
528025.5
528192.6
528192.7
528299.1
528431.5
528532.3
528634.9
528767.1
529770.7
532734.5
532942.9
533075.1
533118.1
533138.1
533188.6
533281.6
533401.4
533492.7
533554.4
534080.8
534869.1
534869.4
534883.8
534888.6
535040.3
535085.5
535126.1
535833
536171.7
536195.3
536527.2
537113.9
537344.6
541646.6
541878.5
542082.8
542168.9
542322.8
549107.8
549175.5
565138.6
565171.6
566019.2
566910.9
571428.7
571659.9
571707.1
573317.9
579631.9
579671.3
579931.2
580066.5
580136.3
580233.8
580276.6
580575.7
580577.8
586843.9
586925.8
586948.5
586971.5
587029.4
587125.9
587145.6
587214.4
587234.8
587451.2
587648.2
587726.4
587791.9
587821.8
587855.7
587924.5
588053.5
588102.7
588105.9
589397.7
589481.6
589520.1
589524.3
589607.7
589756.4
589833.3
589846.7
589984.8
589994.7
590131.9
593905.2
594931.5
595219
