1768.6
1878.5
1934.6
1949
1980
2066.2
2069
2072.8
2102.5
2125.1
2144.4
2226.5
2259.2
2289.7
2305.9
7403.5
7528.7
7532.4
7546.6
7632.6
7677.7
7684.9
7699.1
7777.9
7780.1
7977.2
20027.7
20139.6
20269.2
20301
20331.6
20380.9
20451.7
20467.9
20469.4
20550
20696.7
20700.4
20796.4
20825.7
34327.7
34498.6
34517.1
34983.1
35055.6
35078
35120.5
35176.7
35344.5
35386
35388
35391.6
35451.9
35453.3
35482.6
35574.2
35602.3
35661
35662.8
35719.1
35719.2
35752.8
35826.2
35913.4
35982.3
36079
41609.8
49040.4
49273.8
49511.5
49959.2
50069.5
50178
57100.1
69783
70070.5
70144
70152.2
70178.1
70185.4
70248.6
70312.8
70370.3
70423.1
70464.3
70476.8
70554.3
70629
70658
70669.3
70702.6
70719.1
70813.6
70832.5
71121.4
71156.6
71971.2
78070.5
78325.9
78403.3
78517.3
79174.5
79384.9
79387.8
79420.3
79684
79879.1
79919.1
80305.6
81596.8
83641.8
83943.3
83945
84030.5
84083.6
84239.1
84357.7
84364.4
84414.8
84460.5
84616.3
84649.7
84862.1
84927.2
84968.1
85023.5
85035.7
85050.9
85160.2
89315.9
89361.3
89536.5
89558.1
89591
89652
89718.1
89786.5
89791.1
89842
89996.2
90025.7
90035.3
90091.8
90097.9
90112.1
90142.8
90246.5
90254.7
90277.4
90318.5
90321.2
90473
90496.3
90511.6
90632.6
90654.8
106300.5
106308
106619
106702.9
106777.4
106852.2
106958.6
106968.9
106980.8
107004.7
107018.9
107057
107081.9
107097.3
107200
107202.6
107277.2
107310.5
107565.9
107640.6
108749.8
109844.7
109971.5
110136.4
110138
115902.6
116346.6
116349.9
116390.2
116487.8
116516.6
116589.7
116656.2
116753
116780.6
116839.3
116918.7
116925.9
117287.7
117389.5
117475.7
117529.1
117565.5
117611.3
117713.8
117715.5
117763.8
117916.7
117998.2
118018.8
129397.3
146935.8
152208.1
176757.4
183391.8
183779.5
183780.3
183920.8
183990.6
184015.4
184072.2
184102.7
184170.1
184203.7
184286.3
184323.2
184338.4
184353.8
184427.4
184432.9
184447.2
184573
184588
184663.2
184668.8
184733.9
184740.1
184842.3
184891.4
184989.5
185045
185074.1
185133.1
185221.4
185378.3
185529.6
185554.9
185582.8
185920.1
185968.4
186267.6
186269.2
186350.5
186367.3
186379
186605.5
186855.5
187027.3
191132.8
201918.8
210141.8
211052.7
211073.8
211174.1
211449
211539.5
211693.6
211729.5
211804.6
211899.7
211913.8
211978.8
212178.5
212295.5
212437.7
217771.2
217999.3
218147.5
218338
218683.4
218795
218891.4
218908.3
219288.7
224740.3
225037.5
225110.6
225256
225295
225311
225357.1
225408.2
225413.7
225428.3
225507.6
225518
225531.2
225658.5
225692.9
225733.2
225759.8
225830.8
240837.9
256413.7
256758.7
256947.2
257430.1
257707
257838.6
257964.6
258098.5
258140
258240.4
258431.2
258432.4
258462.5
258475
258487.6
258555.9
258620
258639.2
258674.7
258692.7
258702.5
258782.6
258819.2
258819.6
258844.8
258968.1
258994.1
259000.6
259023.1
259046.6
259066.4
259068.9
259073.2
259174
259199.4
259260
259267.8
259304.7
259307.1
259380.7
259443.8
259501.7
259525
259546.8
259649.5
259704
259752
275656.9
275949
276088.7
277393.3
277620.2
277932.8
286789.2
287224.4
287263.9
287333.6
287345
287348.3
287448.5
287492.8
287578.1
287593.6
287640.6
287693.2
287715
287790
287847.1
287866.4
287935.6
287968.8
288080
288101.7
288263.1
288400.8
288544.4
288545.4
288593.9
288686.6
288959.3
288986.3
289044.5
289068.3
289095
289182.5
289249.7
289300.7
289353.9
289436.3
289439.8
289454.3
289454.8
289482.1
289540.1
289551.2
289660.3
289663.9
289850.7
289897.5
289941.8
289994.4
290187.2
290188.8
290261.7
290323.2
290329.4
290329.9
290410.7
290428.8
290471.2
290476.9
290521.4
290569.6
290604
290638.5
290774
290940.6
290940.7
291019.6
291066.2
291100.9
291128.8
291179.1
291182.2
291208.5
291310.9
291339.3
291388
291398.3
291444.3
291519.8
291579.5
291633.4
291708.7
291714.6
291748.1
291825.1
291868.2
291979.7
292003
292004.5
292026.3
292062.1
292135.8
292235.9
292358.3
292391.1
292492
292525
292564.1
292701.7
292716.8
292726.8
292842.9
292850.6
293026.5
293051.2
293071.2
293083.8
293089.2
293177.8
293431.9
293533.7
293616.2
293636
293652.9
293657.3
293676.1
293885
293899
293920.4
293932.9
293976.1
293986.1
294028.4
294140.5
294190.3
294259.1
294279.4
294370
294395.5
294410.8
294545
294559.4
294565.2
294623.2
294661.7
294662
294671.8
294697.3
294755.9
294775.9
294787
294791.5
294803.1
294839.4
294867.3
294877.9
294918.8
294923.1
294938.7
294965.5
294966.7
295020.4
295063.8
295072
295077.1
295081.5
295159.2
295276.1
295303.4
295322.7
295341.7
295391.3
295623.2
298641.7
311411.2
311427.7
311475.9
311582.8
311653.8
311807.5
311846.9
321207
323086.3
323196.4
323339.7
323489
323519.1
323708.6
323721.8
323911.7
323941.1
324062.4
324073.7
324078.5
324404.7
324529.6
324652.6
324721.8
324821.3
325041.2
325162.9
325237.6
325251.6
325301.9
325338.3
333045.3
333154.4
333168.6
333236
333296.1
333545
333927.9
334031
334040.7
334390.9
334413.8
334488.6
334593.4
334669.5
334924.6
337942.8
338588
344213.9
346059.7
353168.1
353791.2
353804.8
353824.1
353853.6
353945.8
353990.9
354006
354006.5
354072.4
354205.8
354220.2
354276.5
354315.6
354357.7
354510.3
354567.1
354569.1
354586.1
354645.7
354647.7
354662.4
354692.3
354696
354708.5
354808.3
363585.9
366058.7
366095.1
366292.1
366392.1
366446.7
366516
366518.9
366845.9
366878.1
366966.1
367108.5
367313.3
367469.9
367580.4
367617.4
367747.3
367747.8
367846.2
367893.5
367902
367969.4
368067.7
368306.6
368334.3
368354.5
368399.6
368408.9
368439
368451.5
368462.5
368612.6
368623.7
368645
368755.2
368790.9
368809.4
368826.9
368840.6
368905.9
368906.4
368956.3
368982.4
368985
368995.4
369010.6
369021
369058.8
369174.7
369215.9
369343.5
369372.3
369451.3
369528.3
369533.6
369571.4
369576.5
369656.3
369753
369845.3
369874
369907
370078.3
370079.5
370085.7
370210.5
370225.4
370296.7
370379.4
370394
370397.6
370427
370513.8
370518.2
370529.9
370536.2
370582.5
370586.3
370633.5
370678.1
370718.9
370735.6
370747.1
370842.5
370873.1
370885.4
370904.7
370917.4
370917.6
370918.6
370930.6
370959
371012
371069.1
371114.1
371115.4
371182.3
371185.9
371192.1
371255.6
371300.4
371303.5
371326
371346.4
371401
371401.9
371443.9
371449.4
371473.3
371532.7
371545.2
371547.1
371555.6
371563.7
371572
371629.4
371690.2
371783.5
371998.5
372011.2
372099.6
372146.2
372158.1
372172.6
372361.2
372443.8
372496.1
372625.6
372693.1
372765.4
423538.7
423724
424248.5
424312.9
424338.8
424495.1
424542.8
424546.5
424547
424589.2
424628.3
424762.4
424805.9
424926.9
447062.1
447143.5
447228
447274.9
447410.5
447426.4
447508.4
447616.2
447682.8
447708.4
447750.4
447789.4
447857.7
447980.9
447983.8
448364.8
453390.6
453896.5
453936.1
454134.2
454268.4
454302
454361.6
454368.7
454423.2
454452.7
454466.7
454602.3
455233.9
455281.2
455301.4
455499.6
455739.4
456030.9
456586.2
460687.5
460803.1
460903.5
461145.3
461309.9
461369
461376.1
461468.9
461569.8
461704.6
461716.9
461914.2
462110.4
462148.9
462342
462446.3
462589.6
463547.2
463633.6
463728.8
464074.7
464138.5
464233.2
464298.1
464387
513658.7
514142.2
514251.7
514294.8
514549.6
514765.1
515427.8
515483.4
515589.5
515952
515994.3
516395
516412.3
516470.8
516620.9
516623.7
516644
516686.3
516740
516783.7
516854.4
530916.4
531033.1
531280.5
531424.5
531839.6
531955.3
535213.2
535613.7
536512.3
536603
536662.7
537890.2
537929.9
537944.5
538085.2
538189.6
538231.3
538255
538273
538401.8
538409
538458.7
538610.5
538628.1
538726.5
538738.1
538764.9
538780.4
538785.2
538871.2
538909
538962
539033.2
539042.1
539047.2
539067.1
539162.4
539219.3
539304.3
539502.9
550298.8
550770.9
550920.6
551086.8
561466.7
561898.3
562420.3
562684
564658.5
568011.8
568420.6
568432.3
568488.2
569194.2
569213
569460.6
570226.5
570419.1
575811.4
578965.5
581581.4
581810.4
581813.8
581895.8
581951.3
581986.8
582007.2
582180.9
582204.1
582209.2
582214.2
582215.6
582514.8
582540.7
582561.1
582579.9
582592.8
582613.8
582625.4
582665.9
582706.8
582709.8
582713.5
582769.1
582813.1
582897
582954.4
583008.7
583047.8
583067.2
583166.8
583238.1
583307.9
583356.9
583431.1
583447.5
583597.9
583691.4
583719.2
583788.4
583854.2
583875.3
583915.3
584059.8
584144.2
584173
584214.5
584313.5
584313.8
584329
584380.4
584394.9
584417.5
584420
584435.7
584460.6
584477.1
584486.1
584494.2
584527.5
584545.5
584612.2
584614.8
584620.3
584646.9
584712.7
584733
584806
584815.8
584821.7
584827.7
584844.7
584856.4
584888.8
584915.9
584953
584953.5
584959.2
584977.6
585000.2
585126.3
585153.7
585266.8
585273.3
585312.7
585317.9
585379.1
585410
585413.9
585550.9
585569.1
585597
585611.3
585631.1
585667.1
585921.3
586201.1
586451.8
586471.2
586520.1
586830.7
596920
596939.8
597527.1
597886.5
598151.5
598970.8
599017.2
599103.7
599372.3
599383.7
599454.9
599713.2
599714.1
599736.3
