12666
12730.1
12768.5
12777.7
12826.8
12837.3
12936
12982.7
13110.6
13135.2
13186.4
13322.4
13453.3
13506.2
13534
13607.4
13627.7
13657.1
13670.8
13679.3
13704
13706.1
13828.1
13857
13877.6
13889
13899.8
13952.7
13959.3
13981.9
13988.9
14035.4
14051.1
14119.2
14163
14240.1
14267.2
14340.2
14469.9
14496.7
14581.6
14631.3
14657
14709.7
14761.2
14918.5
14923.3
14932.1
14935.1
14991.6
15107.1
15107.3
15122.3
15146.5
15161.2
15180.8
15194
15198.2
15246
15253.5
15303.4
15331.7
15343.1
15365.9
15409.3
15456.3
15479.2
15547.3
15599.3
15641.8
15772.6
15852.7
15914.3
15935.6
15939.1
15946.1
16004.7
16673
25290.7
26153.6
26212.1
26577.8
27048.3
38832.9
38845.2
38970.3
38983.9
39376.8
39670.2
40065.5
40090.6
40156.3
40161.6
40194.2
40214.6
40239
40321.6
40374
40438.1
40498.7
40528.9
40584.7
40586.7
40670.9
40674.4
40748.7
40751.8
40770.4
40821.7
40841.3
40933.2
40989
41277.3
57924.6
57926.8
58991.4
72555.6
73269.7
73312.4
73332.2
73345.2
73380.2
73518.7
73709.1
73725
74144
74148.9
74215.7
74715.4
78977.5
79871.4
80864.2
81073.1
81188.2
81367.1
81397
82475.9
83009.8
162749.3
163015.3
163198.1
163384.6
163447.1
163456.4
163518.6
163524.5
163601.8
163616.2
163632.8
163686.9
163865.9
163873.5
163878.3
163902.1
163916.7
164015.3
164027.5
164071.7
164262.3
164276.3
164338.7
164383.5
164400.4
165551.2
166572.1
167049.9
167090.4
167107.9
167159.6
167195.9
167398.2
167528.3
167618.4
167653.8
167728.2
167728.5
167834.5
167919.7
167925.5
168056.5
168081.8
168138.4
168153.6
168199.6
168327.9
168341.5
168387.8
168415.6
168486.7
168614.1
168624.2
168650.7
168726
168826.2
168845.3
168879.7
168890.2
168938.3
168971.8
169022.1
169055
169073.5
169160.5
169213.5
169217.1
170064.3
170090.7
170090.8
170282
170633.9
172607.4
172811
173034
173048.7
173286.7
173290.2
173302.4
173310.3
173341.6
173342.5
173515.5
173517.8
173548.8
173557.3
173574.8
173680.9
173729.4
173733.3
173753.2
173872.4
173906.9
173957.4
174048.1
174148.3
174502.4
174581.8
187250.5
187377.9
187379.4
187661.7
187742.8
187854.9
187901.5
187906.4
187920.6
187923.6
187945
187955
188059.8
188062.3
188183.3
188244.7
188254.3
188331.7
188343.5
188746.3
188765
188782.7
188943.3
189027.4
189040.1
189058.4
189223.8
189289.6
189327.4
189382.2
189393.5
189445.6
189570.2
189613.3
189624.1
189659.7
189676.4
189746.8
189750.3
189752.7
189802.9
189831
189835.1
189858.2
189898.7
189899.2
189903.3
189964.8
189982.2
189983.3
189992.4
190034.4
190104.1
190125.5
190140.4
190181.4
190186.9
190245.4
190308.8
190382.1
190386
190395.6
190481.8
190552.7
190604.4
190616.6
190682.9
191831.7
192043.2
192717.3
212748.3
212922.2
213002.1
213930.2
219712.8
220182
220211
220221.5
220278.9
220337.2
220417.9
220463.5
220467.1
220572.7
220604.6
220619.7
220683.4
220694.4
220706.9
220762.1
220793.6
220808.1
220826.8
220900.5
221025.5
221198.3
221213.1
221617.3
221807.7
222100.2
222158.8
222180.7
222211.3
222279.7
222338
222410.4
222460.6
222604.9
222644.8
222648.6
222732.5
222830.4
222860.5
223113.1
229721.3
229831.9
229858.6
229904.3
230052.9
230110.5
230112
230122.8
230129.3
230203.8
230273.7
230338.2
230435.6
230489.9
230521.8
230553.4
230606.5
230669.9
230716.1
231024.5
231062.3
231268
263685
263860.5
264260.2
265046.2
265093.8
268387.2
268608.5
268683.7
268821.8
268879.4
269001.1
269021.7
269060.3
269100.3
269105.7
269191.8
269195.2
269203
269328.3
269389.3
269492.3
269519
269593.1
269606.8
269648.8
269663.8
269696.9
269750.5
269756.4
269759
269769.7
269826.3
269922.8
269996.8
270000.1
270026
270054.6
270268.7
270346.8
270426.3
270605.1
276665.2
278280.3
278329.4
296759.2
297822.5
298264.2
298428.9
299128.6
299175.8
312669.8
312929.9
313350.3
314175.3
315585.1
316629.1
317009.4
317484
317686.7
318117.3
318760
319088.1
319273.5
319423.6
319884.3
324083.1
335366.8
335439.8
335596.4
335597.1
335667.8
335669.5
335737.6
335834.4
335837.8
335861.9
335884.3
335913.2
335917.7
335927.4
335979.9
335981.7
336023.1
336125.7
336190.7
336195.8
336284.3
336478.2
336487.6
336490.4
336564.4
336579.9
336598.8
336617.8
336634.7
336666.5
336889
337062.6
337554.6
337936
337981
337983.8
337986.1
338066.9
338190.7
338240
338406.4
338415.3
338423.8
338562.4
338575.1
338707
338855.8
339574.3
339936.8
339972.1
341659.8
342300.2
342349.5
342553.7
342589.8
342590.4
342613.6
342631.2
342643.6
342644.3
342706.7
342719.8
342743.6
342880
342903.1
342924.6
342973.8
342989.9
343030.2
343040
343058.5
343088.2
343145.1
343158.8
343386.7
343414.4
343450.6
343496.9
343585.8
344534.3
344606
344714.8
344729.9
344940.9
345307.1
345511.2
346464.1
346558
346573.7
346798.1
347127.1
347639.8
347856.6
347917.4
348094.8
348117.6
348247.8
348261.5
348293.5
348355.5
348542.2
348977.3
349276.6
367069.1
370856.6
421767.2
425004.6
425191.1
425531.6
425552.7
425567.4
425707.9
425716.8
425739.9
425809.8
425880.1
425938.3
425970.9
425986
426010.8
426037.9
426064.3
426124.4
426223.1
426248.6
426284.9
426315.1
426349.4
426357.4
426361.5
426403.2
426510.5
426534
426693.9
426714.2
426741.7
426900.8
426923.6
426973.5
426988.3
427002.7
427058.3
427139.5
427171.3
427245.4
427257.1
427317.3
427332.8
427389.7
427404.4
427524.1
427700.2
427752.1
427840.1
427929.6
427979.8
428195.3
428262.5
428294
429565.1
445332.6
448679
448763.4
448815.3
448828.1
448889.1
448972.7
449007.8
449095.5
449119.1
449158.5
449276.8
449372.8
449382.7
449391.9
449453.3
449469
449499.8
449500.5
449582.7
449684.7
449719
449753.9
450225.1
450534.1
450561.4
451132.4
454726.4
455377.2
455554.2
456614.3
456664.7
456957
457043.7
457181.7
457499.3
457610.6
457682.4
457705.5
457762
457815.4
457844.5
457937.7
457941.2
458022
458058.2
458095.4
458124
458263.5
458395.1
458448.2
458480.4
458539.4
458541.8
458593.5
458661.7
458744.9
458748.7
458794
458799
458807.1
458965.2
459085.5
459168.2
459362.1
459444.5
459484.8
459542.4
459691.9
459822.8
459884.6
459924.5
459979.1
460077.7
460079
460188.9
460279.8
460705
513030.9
513422
513684.5
513798.6
514494.8
514680.3
515339.4
529643.9
530384.4
530635.1
530856.2
531395
532019.4
532213.5
532331.7
532342.9
532389.2
532455.2
532483.8
532524.7
532556.9
532633.6
532637.1
532712.2
532722.8
532755
532858.7
532879
532898
532919.3
532940.4
532954.7
532969.8
533022
533116.3
533208.6
533330
533385.4
533450.9
533454.2
533668
533734.8
534256.4
534720.2
534787.9
534836
534842.5
534874.2
534969.3
535129.8
535138.5
535256.6
535271
535331.2
535414.6
535809.8
536024.5
536227.8
536258.8
536457.2
536473.6
536747.5
539208.6
539257.3
539550.1
539731.1
547794.4
548283.4
548771.6
548843.6
548872.5
548914.8
548962.1
548982.6
549065.4
549089.7
549100.5
549116.7
549146.4
549252.2
549266.4
549275.3
549370.4
549624
549727.5
549773.8
549812
549939.7
550043.4
550551.8
555618.6
556851.5
557605.2
557688.2
562377.1
563415.9
563770.4
563792.9
564000.5
564080.7
564231.5
564421.4
564658.3
567578.7
569036
577120.6
577134
577419.2
577872
578757
578775
579196.1
579229.5
579405.5
579456.5
579555.1
579608
579663.3
579668.9
579679.6
579682.1
579684.4
579699.2
579756
579767
579773.8
579837
579845.3
579876.4
579967
580009.9
580218.8
580227.2
580230
580268.9
580368.5
587472.2
587520.2
587531.6
587582
587691.8
587704.9
589434.2
589627.8
589628.2
589683.1
589699.6
589746.3
589787.3
589788.2
589866.2
589869.2
589909.8
589932.7
590006
590095.6
590112.8
590120
590331.9
590342.6
590382.2
590670.1
595149.5
596213.8
596263.9
597016.9
597934.1
598982.2
599558.6
599593.5
