5177.6
5290.4
5306.2
5312.2
5318.7
5386
5411.4
5419.5
5432
5435.2
5457.2
5497.3
5734.2
5734.4
6232.8
7607
7612.8
7724.5
7764.9
13512
14236.9
14389.2
14637.2
14653.5
14726
14735
14754.3
14756
14840.8
14845.6
14856.6
14864.9
14872.7
14961.7
15090.5
15159.9
15284.5
15404.7
15428
15567.8
15733.2
17363.6
17369
17377
17388.3
17528.2
17568.6
17603.3
17651.9
17672
17738.9
17859.5
17859.7
17875.8
17883.6
17889.6
17901.3
17904.4
17958.9
17982
18071.3
18127.1
18143.8
18151.2
18170
18325.2
18421.6
18477.2
18481.7
20312.1
20368
20431.6
20503.3
20524
20675
20713.3
20819.6
20822.5
23039.9
23119.6
23128.8
23209.7
23428.1
23445.6
23618.4
28738.9
29328.4
40254.5
41515.3
41588.5
41669.8
41776.6
41947
42064.3
44746.5
44995.4
45048.3
45114.1
45150
45515
50921
50985.4
51137.2
51146.5
51182.9
51252.2
51273.7
51346
51395.1
51528.5
51597.5
51619.3
51696.4
51704.8
51866.4
51976
56867.9
57238.9
57251.9
57277
57297.3
57440.1
57658.9
57694.2
57705.1
57841.7
59841.6
62892.6
63155.7
63208.7
63351.1
65700.8
66073.1
66075.2
66130.1
66454.5
67006
67241.3
67492.5
67933.2
68076
69991.5
70130.7
70182.6
70360.4
78684.7
79513.6
80225.5
80875.3
81136.4
81182.4
81212.9
81237
81467.1
81571.5
81584.3
81707.8
81969.6
82138.8
82272.3
82355.3
82415.1
82559.9
82613.4
82688.9
82822.7
83254.3
83384.9
83820.2
83916
92502.8
92774.7
92869.8
92996.4
93014.3
93078.3
93099.4
93103.7
93128.2
93145.8
93152.4
93221.1
93241.8
93341.2
93345.1
93502.8
93554.6
93585.5
93623.2
93716.2
93741
93867.5
93997.3
94013.8
94211.3
94379.5
94398.2
94720.4
94841.2
94984.8
95216.5
95218.4
95437
95494.4
95501.1
95693.7
95835.5
95856.5
96050.2
96180
96203.3
96341.9
96512.6
96632
96714.3
96807.7
96865.6
96905.3
96952.7
96973.2
96985.3
97119.4
97146.1
97302.1
97329.1
97362.8
97364.9
97516.1
97528.3
97540.6
97573.6
97595.8
97663.6
97691.9
97701.3
97943.5
97944.3
98154.1
98217.7
98235.6
98322.2
98353.5
98361.5
98471.1
98502.7
98503.3
98532.2
98539.3
98543.9
98613.2
98631.9
98723.1
98815.1
98816.5
99024.7
99062.4
99121.3
99153.7
99165.2
99196.5
99280.9
99286.2
99359.1
99410.5
99414.2
99448.7
99537.7
99551.4
99585.2
99682.3
99719
99754.9
99872.9
99963.5
99977.8
100107.2
100184.3
100200
100214.4
100326.5
100357
100411.7
100440.9
100470.5
100522.3
100588.1
100621.7
100665.6
100681.8
100693.5
100716.4
100758.2
100760.8
100803.6
100810.9
100820.6
100853.7
100928.7
100948.6
101059.9
101071.6
101125.3
101145.8
101160.7
101262.2
101323.2
101442.8
101491
101495.4
101588
101725.3
101759
101771.7
101858.5
101867.7
101919.9
102003.6
102045
102142.6
102992.8
103033.1
103092.5
103234.9
103259
103263
103550.6
113232
113280.8
113285.1
113326
113335.4
113351.8
113389.7
113404.8
113556.1
113580.3
113587
113871.1
114345.5
114701.3
114805.3
115025.8
115111.9
117819.3
117902
117922.1
117936.2
117948.7
117984.9
118116.6
118141.8
118152.2
118160.3
118190
118226.5
118309.7
118415.3
162028.4
162074.8
162108.6
162224.8
168779.2
168824
168858.4
169174.5
169288.7
169307.5
169312
169326.1
169326.8
169332.2
169440.7
169442.5
169454
169487.8
169523.9
169564.9
169644.9
169667.8
169774.1
169860.7
169869.8
170086.8
170147
172336.2
172567.8
172570.9
173410
175162.3
175540.3
175578.4
175623.4
175648.6
177749.1
177801.7
178038.2
178242.1
178554.6
178773.9
178928.2
179069
179221.8
179255.9
179426.6
179569.3
180181.3
180875.4
181020.9
181023.4
181076.1
181116.4
181173.5
181280.7
181580.7
181725.3
181799.2
181878.6
181879.7
181905.6
181917.9
181967.3
181993.7
181997.7
182011.5
182091.1
182198
182737.7
187322.4
187644.9
187970.9
193866.2
193898
194002.8
194036.4
194518.5
194533.1
194686.1
194737.2
194809.9
210588.9
210700.3
210790.9
210792
210846.1
210910.1
210925.6
210937.3
211027.6
211062.2
211072.1
211104.4
211322.2
211535.4
211695.2
211747.9
211763.8
212048.5
212063.1
213436.8
213666.4
213940.1
213975.8
214175.4
214309.7
214364.6
214599.4
214774.3
215133.6
215147.1
215148.9
215165.1
215186.8
215274.8
215367.4
215436.3
215493.4
215977.8
216264.1
216313.4
216715.8
220370.3
220474.8
221148.3
221971
222044.2
222094.8
222153.3
222160.1
222248.3
222252
222256.8
222267.9
222292.1
222322.1
222355.4
222421.2
222506.8
222520.7
222605.9
227485.8
229387.4
229485.9
229666.9
229681.2
229686.4
229729.1
229755.2
229786.7
229794
229933.6
229993.7
230018.4
230048.3
230054.8
230114.4
232751.2
232844
241788.1
244674.4
245625
250157.2
250229.3
250357.2
250452.1
250456.4
250481.6
250542.5
250551.3
250590.2
250674.8
250721
250844.4
250853
250889.3
251356.5
267094.5
269383.5
269802.4
274831.3
275301.6
275399
275658.8
275671.5
275685.3
275748.9
275781.7
276104.8
276126.4
276500.5
276529.7
276661.3
276771.3
276934.1
276960.5
277200.5
277267.7
277289.8
277401.3
277466.7
277645.3
277929.3
278027.6
278043.3
278062.9
278097
279137.3
279220.2
279343.7
279348.9
279366
279433.9
279445.7
279606.8
279923.6
279976.2
280819.4
280910.1
280998.7
281999.9
297821
297843.1
297917.7
297981.7
298003.2
298010.8
298041.2
298075.4
298083.4
298099.9
298119.9
298294.2
298441.7
298505.7
298585.4
298595.2
298698.4
298761.8
301461
301583.9
301656.2
301842.4
301871.2
302168.8
302244.6
302248.1
302324.2
302396.2
302541.2
302558.5
302598.2
302681.3
302705.2
302715.9
302747.1
302806.2
302840
302859.6
302877.4
302913.7
302973.9
302982.2
302999.2
303034.8
303075.2
303144
303155.7
303164.7
303167.1
303234.8
303242.1
303421.5
311178.9
312625.7
313327.3
320356.7
320463.4
320504.6
320665.4
321799.4
325370.5
325459.9
325488.8
325509
325537.1
325583.9
325586.2
325586.8
325598.1
325684.7
325790.8
330475.5
330602.8
330717.9
330867.9
330938.3
331033.3
331144.6
331256.6
332819.5
332836.7
333014.1
333115.6
333154.7
333179
333194.5
333240.2
333397.6
333432.2
333436.2
333561
333569.9
333764.6
333768.3
333963.8
334292.1
334362.2
334407.6
334476
334583.4
334614.3
334772.5
334781.5
334862
334953.7
336483.2
337886.3
338018
338271
338277.7
338279
338322.9
338324.4
338368.4
338504.4
338566.8
338584.6
338590
338644.9
338656.2
338732.3
338737.3
338773.2
338814.6
338855.8
338893.9
338936.8
338948.2
339029.5
339038.1
339040.9
339058
339060.6
339069
339243.2
339318.1
339585.7
339617.4
350430.7
366644.8
367305.4
373461.6
373551.4
373717.4
373756.6
373852.5
373966.8
374013.4
374048.1
374217.3
374250.2
374267.5
374535.6
425306.4
425697.5
427018.8
427084.9
427086.9
427145.4
427173.2
427324.2
427407.8
427408.1
427419.3
427487.3
427541.7
441750
442014.8
442175.4
442408.5
442518.6
442533.2
442554.4
442570.9
442572.6
442747.1
443044
443071.6
443248.7
443316.3
443775.7
443896.8
446684.8
446776.2
446960.8
446966.6
447045.8
447131.8
447193.3
447223.8
447234.3
447249.3
447260.4
447289.3
447297.5
447337.1
447350.3
447359
447392.8
447526.9
447565.1
447615.6
447653.1
447688.2
447721.6
447845.5
447847.9
447873.7
448026.1
448342.2
448516.7
449607.4
450204.1
451047.5
451165.2
451487.6
451598
451702.4
451736.8
451755.4
451814.9
451842.8
451857.6
451886.6
451903.4
451988.4
452025
452065
452102.6
452116.1
452253.9
452936.1
454595.6
454734.9
454750.8
454826.5
456105.7
456110.6
457788.1
458287.1
458428.7
458485.7
458717.1
458969.1
459821.5
459832.1
459885.5
459888.3
459930.4
459941.9
460100.6
460122.7
460132.7
460162.9
460166.8
460387.8
460401.3
460416.4
465241
465442
465536.1
465551.5
465584.8
465590.5
465737
465754.5
465847.7
465895.8
465967
465975.8
465983.8
466164.6
466234.6
466299
466308.9
466411.1
466542.8
466853.4
466968.6
467166.4
467170.1
467172.1
467247.6
467275.6
467277.5
467362.7
467374.5
467451.8
511759.6
517642.7
517846.9
518641.4
518753.6
518756.8
518773.1
518776.9
518814
518877
518914.6
518952.1
518966
519022.8
519090
519204
519219.5
519322.1
519330.8
519335
519414.5
519528.9
519556.4
519635
519640
519694.3
519712.5
519840.7
519910.6
519917.8
519976.1
520050.1
520054.1
520150.2
520174.2
520189.6
520209.7
520388
520689.9
521454.3
522306.6
522528.1
523250.7
523414.6
523850.9
524391.5
524500
525248
525310.1
525406.5
525466.9
525769.3
530646.5
531035
531125.5
531128.3
531155.6
531211.5
531212.3
531389.3
531662.7
531695.6
531726.4
531869.7
532955.3
532982.3
532997.4
533222.6
533225.3
534722.3
534965.7
535023.6
535024.2
535136.7
535171.2
535218.9
535265.3
535368.3
535376
535411.9
535488.3
535668.8
535797.7
535894.9
535990.8
536138.8
536245.5
536365.1
536570.9
536955
540482
541270.5
541875.7
542093.3
546794.9
546837.8
547063.4
547101.7
547258.7
547261.1
547276.4
547518.2
547521.4
547538.3
547592.4
550339
551791.1
552043
552056.4
552133
552166.3
552241.7
552360.4
552365
552581.3
552688
552735.6
552840.4
552850.4
553774.9
563717.4
574440.4
574529.5
574534.2
574989.9
575104.5
575243.5
575395
575436.3
575532.3
575570.7
575713.6
577048.2
578414.5
580079.9
580246
580289.3
580333.8
580353.7
580362.4
580470.2
580703.4
580747.1
586796.4
586839.4
586871.7
586940.5
587000.8
587073
587091.3
587115.8
587127
587160.6
587181.4
587186
587223.7
587261.3
587333.2
587432.3
587478.4
587601.9
587659.5
587673.7
587692.4
587775.2
587849.6
587956.5
588086.6
588153.1
588207.9
588211.4
588270.8
588911.4
589002.2
589016
589022.3
589104.8
589552.7
589667
591425
591449.9
591469.2
591582.6
591606.9
591612.2
591664.8
591673.1
591749.9
592195.5
592476.2
592500
592594.5
592796.4
593047.1
593329.3
593514.9
593968.5
594619.8
594623.3
594690.6
594736.2
594864.7
594948.4
596651.3
596680.5
596728.2
596752.3
596764
596927.5
