5157.3
5160.2
5256.9
5267.4
5292.7
5430
5447.9
7705.7
7717.3
7910
7973.3
8019.2
8024.5
8037.3
16842.4
16864.4
17147.6
17179.7
17230.5
17357.5
17358.5
17459.7
17564
19669.2
20608.5
20664.1
20779.4
20811
20873.3
20878.3
20908.8
20947.5
20956.4
21114.6
24105.5
24366.7
24550.8
24585.7
24619.3
24712
25357.8
25516.2
25624.7
25633.5
25666.6
25853.3
25873.7
25874.3
26054.7
26170.1
26220.3
26230.5
26267.4
26340.7
26495.6
26505.4
26512.3
26543.9
26597.7
26678.9
26806.6
26812.6
26868.9
26890.7
26938.8
26947
27038.3
27065.5
27161.1
27256.3
27277.6
27380
27407
27786.8
28227.3
28238.5
28279.9
28357.4
28437.8
28497.4
28715.8
28741.9
41557.4
41699.4
41783.2
41903.6
42102.7
42191.9
42232.7
56553
56673.5
56686.6
56696.2
56722.6
56776.2
56936.3
56967.4
56988.7
56999.6
57016
57028.8
57150.6
57213.2
57323.4
69460.6
69628.8
69844.1
69904.4
70004.4
70032.1
70307.5
70472.3
74012.9
74313.8
74320.1
106198.5
106293.7
106377.2
106406
112340.1
112539.9
112570.7
112632
112645.8
112897.4
112914
113071.1
113119.1
113161.6
113264
113302.9
113341.5
118007.8
118289.8
118307.4
118315.3
118328.2
118430.5
118821.9
128897.2
128957
128962.6
129133.5
129151.4
129182.6
129327.3
129428.9
129431.3
129469.9
129496.4
129521.2
129548
129647.6
130004.2
130024.7
130047.5
141429.6
144190.5
144785.9
145126.4
145151.6
145396.1
145463.6
145476.9
145618.7
145688.8
145798.2
145845.8
145995.4
146140
146219.2
146248.9
146322.8
146910.7
147014
147107.8
147175.9
147381.6
147473.7
148385
148496.8
148688.7
148901
149264.1
149307.8
149370.6
149587.5
149641.2
149755.7
149920.6
150317.4
150513.5
150922.7
151025.4
151295.8
151386.6
151457.4
151499.5
151692.1
151766.9
152005.7
152185.7
153266.9
153299.2
153464.6
153696.6
153781.7
153828.5
154013.7
154024
154203.1
154399.3
154431.4
154541.5
155113.8
155156.2
155325.3
155559.3
155641.3
155671
155819.4
156011.7
156053
156545.2
156745.3
156815.9
156825
156854.4
156995
157037.8
157348.5
158209.4
158336.5
158356.8
158472.7
158556.3
158945.8
158996.2
159007.3
159017.8
159032
159052.4
159355.9
159632.5
159710.3
159876.9
159993.4
160057
160120.6
160135.6
160190.1
160319.6
160574.1
160978.1
162503.5
162517.2
163068.2
168397.4
168443.1
168765.4
172974.4
174387.1
174441.1
174755
174768.3
174924.5
176304.5
176370.8
187073.4
187173
187252.1
187269.3
187377.3
187436.9
192441.2
199516.8
199770.8
199809.4
200218.1
200557.2
200720.2
201673.5
201791.7
201802.4
202184.7
202899.6
203113.2
203548.1
203736.1
203762.2
204164
204176.7
204769.4
205130.6
205160.3
205559.3
210205.6
210329.6
210863.5
210943.4
211037.8
212969.2
213067.5
213174.8
213311.7
213462.1
213524.7
213615.4
213677.3
213772.5
213810.7
213842.7
213857.4
213858.8
213873.6
213956
213962.5
213969.8
213988.9
214063.5
214130.2
214145.5
214146.7
214148.9
214177.5
214442.2
214586.5
214604.3
219333.9
219535.3
221411.4
222670.9
222706.1
222745
222897.5
222928.4
222938.1
222949.3
222990.8
223039
223045.3
223330.3
223341.5
223456.8
223495.4
223555.2
223558.9
223599.5
223605.3
223646.4
223654.5
223711.1
223711.4
223830
223933.1
223969.4
224972.5
224995.9
225043.7
225045.8
225182.8
225223.6
225231.6
225239.9
225363.2
225551.5
225731.4
239912.3
240103.4
240132.6
240192.8
240205.7
240513.3
241197.5
241205.1
241218.9
242000.8
242548.6
242786.3
242843.1
243034.6
258538.1
259261.8
264997.9
265189.4
265259.6
265280.1
265373
265557
265602.7
265610.4
265779
265830
266271
266413.9
266437.7
266585.5
266937.9
267050.3
267198
267225.3
267235.2
267254.4
267285.8
267341.6
267374.3
267404.8
267414.7
267571
267689.5
267693.5
267696.9
267739
267894.9
267952.3
268097.4
268164.3
268239.7
268314.5
268317.6
268374.2
268524.8
268527.7
268657.3
268777.1
268795.9
274768
274940.1
274962.2
275007.1
275079
275182.4
275282
275369.2
277157.9
277189.6
277481.4
298870.9
299034.1
299064.5
299085.7
299159.7
299311.1
299323.5
299384.9
299405.2
299406.2
299662
299671.9
299775.2
299784.6
300060.5
300198.6
310687.7
312453.2
312773.3
312797.2
312822.4
312868.3
312910.9
312935.6
312996.5
313024
313035.7
313037
313100.1
313184.9
313205.8
313278.1
313321.8
313513.9
315770.4
316112.5
316152
316369.7
316456.8
316474.1
316554.4
316640.9
316689.4
316823.7
316927.2
317173
317660.3
317681.1
317706.7
317791.8
317979.1
317997.2
318141
318155.4
318167.8
318409
318416.2
318501
318583.1
318651.6
318661.8
318719.7
318790.3
318829.3
318868.5
318992.9
319099.7
319151.9
319414.7
319496.9
319686.3
319690.8
319800.4
319898.7
319945.7
320080
320110.4
320111.5
320203
320264.3
325477.9
325535.8
325706.3
325722.6
325884.4
325911.6
326087.2
326129.1
332456.3
332684.7
332702.9
332946.2
333030.6
336394.8
336530.3
336584.7
336592.4
336753.3
336960.4
337001
337003.3
337175.2
337198.3
337202
337247.3
337274.7
337282.1
337289.2
337318.7
337401.5
337401.7
337465.7
337483.2
337558.6
337618.8
337625.8
337690.6
337730.8
337739.5
337743.4
337748.5
337755.2
337806.8
337832.4
337931
337985.8
341792.4
342045.4
348714.1
348894.9
348938.7
349050.5
349057.3
349091.1
349106.9
349143.7
349305.6
350396.2
372174.1
372543.6
372730.6
386388.6
386802.4
387457.1
388027.6
388158.3
393559.1
393878.5
394143.8
394713.9
400263.3
400921.6
408417.4
408646.7
409115.9
411161.5
420253.9
420485.3
421522.3
421891.9
421926.7
422626.1
422690.6
422714.8
422726.8
422965.9
423066.7
423119.7
423309.4
423335
423340.9
423386.5
423459.2
423496.6
423626.6
423765.6
423809.8
423982.4
424014.5
424282.9
424303.2
425001.2
425005.2
425144.2
425181.6
425224
426475.7
446049.2
446479.1
446605.3
446659.3
446887.8
446902
446912.3
447491.4
447520.1
447537.5
447608.4
447682.1
447826.1
448035.6
450965.4
450986.9
451010.5
451034.2
451036.1
451125.6
451339.2
451401
451415.9
451433.5
451504.7
452113.3
464003.4
464032.9
464094.3
464097.2
464101.1
464175.5
464227.2
464456.6
464713.1
475419.3
477138
479285
487486.2
493850.2
498376.3
499652.2
512754.5
512957.9
513165.9
513207.4
513243.5
513245.1
513299.5
513430.1
513509.5
513622.7
513628
513647.6
513763.8
513769.6
513790
513827.7
513840.2
513931.9
514003
514039
514114.1
514153.6
514210.4
514234.8
514305.4
514341
514345.9
514443.2
514447.7
514492.4
514531.5
514544.5
514591.8
514616.8
514656
514760.3
514770.6
514791.5
514874.3
514984.5
514997.4
515006.4
515029.2
515033.8
515092.2
515097.3
515123.4
515126
515211.3
515241.7
515341.5
515402.8
515523.6
515544.1
515548.9
515833.1
515888.6
516036.9
516085
516099.6
516244.9
516360.2
516525.9
516648.8
516664.5
516676.4
516739.4
516794.1
516958.3
530831
530898.6
534102.2
535232
535787.3
536474.7
536599.9
539338.1
539391.2
539421.6
539436.9
539441.7
539456.5
539524.7
539533.7
539581.6
539697.6
539699.2
539710.4
539878.5
540048.1
540065.9
540113.7
540277
540421.8
540662
540881.2
548260.4
551956
552041.2
552092.3
552095.1
552217
552296.8
552297.8
552386.5
552396.6
552404.7
552411.7
552506.4
552750.6
552767.4
552783.6
552792.5
552922.8
553080.8
553109.8
553127.8
553314.3
553331.4
553418.4
553553.8
553658.3
553750.9
553782.4
553940.4
554117.3
554263.9
554348
554433.8
554448.7
554460.6
554579.4
554590
554680.2
554685.9
555089.9
556927.9
557415.1
557520.4
557725.2
557764.1
557839.8
558094.9
558165.9
558335.4
558556.3
558611.3
558693.2
558733.5
558801.6
558919.9
559006.6
559014.6
559025.5
559237.6
559352.5
559535.5
560489.5
560988.8
567787.5
567803.1
567810.2
567870.1
568020.8
568103.1
568103.2
568141.8
568200.9
568233.1
568308.9
568418.2
568717
568761.2
568784.2
568869.1
568887
568917.5
568965.3
569062.4
569083.2
569118.8
569260.1
569301.3
569367.2
569383.4
569570.7
569609.3
569641.3
569747.8
569811.6
569883.3
569992.1
570298.5
570385.3
570877.6
575986.5
576014.6
576044.3
576058.9
576103.4
576287.8
576410.6
576441.2
576526.8
576527
576552.2
576553.3
576701.4
576788.6
576918.7
576924.8
576936.5
577093.9
577101.3
577123.6
577291
577408.5
577503
577531.2
577586
585431.2
585689.5
585991.2
586077.4
586107.7
586138.7
586151.8
586185
586269.3
586305.9
586372.9
586419.6
586446.1
586455.9
586486
586607.5
590974.4
