4741.2
11027.4
11210.3
11260.2
11313.2
11333.8
11334.9
11359
11371
11420.3
11624.9
11647
11721.6
11813.4
11861.2
11962.1
22753.1
22832.3
22913.2
25034.7
25204.7
25812
26025.6
26179.4
26502.2
26692.1
26724.8
26761.8
27103.4
27296.1
27609.4
27816.7
30629.4
38735
38799.6
38873.8
38975.3
40965
41082.5
41187.1
41204.6
41296.1
45599.8
45619.7
45653
45689.3
45709.7
45718.5
45728.8
52384.7
52460.2
52631.2
52943.4
53164
53517
53722.9
62689
62711.6
62746.3
62756.8
62831.3
62917
62964.5
65072.4
65110.5
65342.4
65396.7
67776.7
67794.5
67953.2
68103.9
68297.8
68368.5
68594
68678.3
68683.1
68714.3
68777.6
68806.9
73015.3
73026.8
73108.1
74312.2
75647.6
91379.8
91569.3
91605.3
91757
91887.7
92018.9
92134
92173.4
92216.7
92301.1
92306
92379.2
92408
92651.1
93912.5
93936.7
94081.3
94196.6
94405.9
94431.6
94441.8
94709.7
94856.1
94913.6
97649.8
99763.5
102278.8
102357.9
102553.5
102605.3
102907.3
103214.3
103400.4
105028
105038.5
105116.8
111352.1
111475.5
111629.5
111639.3
111724.4
111781.1
111853.6
125386.1
125431.4
126026
126068.8
126223.1
126286.8
126465
136407.3
136470.9
161331.1
161356.4
161418
161491.7
161545.2
161604.7
161684.4
163017.7
172354.4
172444.4
172532.6
172590.9
172639.2
172640.2
172852.4
173234.9
174735.7
177930
177930.7
178013.4
178124.1
178201.9
178221.6
178335.7
179204.7
181335.1
182500.9
182742.3
182785.4
182860.6
182868.1
182874.5
182878
182998.7
187446.9
188347.1
189302
192745.8
192975.5
193024.1
193056.3
193126.2
193192.1
193219.3
193226.8
193311.2
193404.6
193501.7
193553.1
193582.3
193680.8
211596.8
221139.1
221235.2
221269.3
221270.8
221290.8
221313.2
221459.8
221592.2
221601.3
221648
221679.6
221734
221797
221805.7
221815.9
222027.6
222767.4
222840.9
222842.9
222888.4
223093.2
223166.7
223510.4
223544.3
223988.2
229481.1
231636.7
231716.8
231744.1
231853.6
231878.9
232074.5
232075.1
232126.3
232250.6
232288.1
232509.5
232602.9
232851.2
232904.5
233001
243655.7
243687.4
248623.8
249356.7
249367.9
249403.9
249414.7
249444.3
249575.9
249586.2
249604.2
249699.9
249725.8
249763.6
249784
249884.7
263615.5
263877.7
263911.2
263913.2
263924.5
263945.8
264119.4
264198.8
264226.3
264315.5
264483.7
269807.1
269870
270272.7
272688.3
272873.3
272903.5
272942.1
273084.5
273087.3
273126.1
273171.8
273340.9
273382.6
279825.7
279860.5
280014.1
280105.5
280397.3
280574.9
282034.3
282065.7
282105
282185.6
282226.9
282251.1
299066.6
299071.4
299147.7
299179
299241.5
299283.8
299291.6
299309.7
299328.2
299385.2
299401.3
299535.4
299542.9
302615.7
303608.3
309158.2
309308.1
309333.9
309361
309414.7
309427.1
309514.5
309621.8
309687.5
309710.1
309793.7
309924.4
309959.9
310001
310084.7
310146
310314
310314.7
310326.8
310479.5
310493.8
310513.8
310604.2
310630.5
310652.1
311551.2
312006.4
313727.6
314410
314454.8
314528.3
314538.2
314582.5
314766.4
314880.8
315662.5
315669.2
323491.6
326669.4
330138.8
331675.7
331753.1
332052.7
332102.9
332133.8
332243.8
334929.7
335316.3
336616.8
336937.9
336958.6
336964
337061
337070.9
337097
337174
337192.8
337204.9
337280.3
337313.9
337359.6
337466.5
337471.9
337571.8
337646.4
337665.7
337795.2
337796.9
339409.6
339532.7
339545.5
339547
339693
339773.1
339861.9
339906.9
339959
339959.1
339971.1
339980.2
339990.2
340001.6
340019.5
340096.3
340144.2
340146.3
340168.9
340266.4
340325.3
340452.9
340465.6
340770.4
340821.7
340920.4
341021.5
341216.9
341226.9
341330.2
341446.7
343185.1
343303.8
343474.7
343495.9
343505.1
343624.4
343732.1
343846.6
343861.6
344002.9
344060.7
344071.7
344157.7
344169.9
344193.6
344301.7
344345.5
344366.8
344426.4
344471.3
344569.7
344597.6
344606.8
344658.3
344715.6
344723.5
344752.6
344826.6
345024.4
345026.4
345031.1
345032.4
345082.4
345092.6
345105.7
345117.1
345157.6
345374.1
345394.1
345562
345692.2
345696.9
346231.9
346416.2
346461.5
346597
346606.2
346797.8
349234.1
396263.9
396720.9
418892.6
419029.8
419350.2
419516.7
419850.5
420767.4
420869.7
420887.8
420995.9
421029.8
423105.8
423229.1
423406.9
423509.7
423581.7
423965.7
425161.2
425228.5
425270.7
429951.5
429973
429985.2
430261.1
430271.8
430365.4
441264.3
442127.4
443450.3
444528
444548.6
444588.8
444611.5
444735.6
444742.6
444756.1
444763.7
444880.7
444886
444938.7
445019.2
445165.9
448329
448421.4
448483.1
448657
448667.2
448777
448850.6
448894.7
448951.1
450305
450353.9
450370.3
450546.5
450567.4
455359.1
455429.1
455625
459283.6
459618.3
463979.4
463987
464063
464209.7
467985.8
468013.6
468023
468046.8
468085.5
468115.2
468238.5
468262.2
468375.1
468380.6
468390.7
468434.2
468541.7
468623.5
468637.7
468655.6
468670
468733.6
468764
468808.2
468861.4
469064.8
469078.8
469203.7
469252.9
469300
469346.3
469546.1
469583.4
469683.1
469789.5
470045.4
470883
479421.9
479484.2
479882.7
480054.1
480134.9
480353.7
480499.5
480541.7
480608.8
480656.2
480719.9
480954.3
481999.4
482151.3
482285.3
482331.1
482445.4
510032.6
510284.1
510373
510428.3
510821.6
510954.6
511260.1
511264.2
511418
511498.2
511525.1
511533.8
511630.3
511670
511722.2
511729.6
511760.8
511878.4
511890.6
511904.2
513538.1
513642
513650.7
513666.2
513747.5
513776.9
513869.2
514216.1
514283.1
514391.2
514396.8
514424.9
514434.8
514563.7
514719.4
514968.4
514988.6
515120.4
515183
515183.1
515836.1
516166.7
516212.3
516414.3
518071.3
518176.9
518347.5
518891.7
520037.9
520334
520437.3
520682.3
520684.4
520715.8
520719.8
520734.7
521235.6
521358.2
521374.9
521586.1
521890.7
521971.8
522275.6
522309.9
522488.4
522562.4
522910.8
523230.4
523300.2
523375
523514.2
524024.9
527173.9
527387.8
527562.3
527564.6
527609.5
527621.6
527651.1
527652.7
527722.1
527857.9
527860.2
527870.1
527875
527944.3
527958.1
527996.2
528027.7
528572.4
528583.8
528752.7
528865.2
528970.9
529164.3
529253.6
529500.9
529817.2
530884.5
532058.3
533955.8
534339.8
534414.2
534446.9
534554.1
534598.7
534674.6
534803.9
539389
539506.4
539600.4
539653.9
539771.5
539813.6
539841.3
539843.2
539908.9
539964
540089.5
540179.6
541791
542065.5
542368.2
543028.4
543068.1
543131.6
543255.9
543296.4
543320.2
543455.3
543881.1
543993.3
544239.2
544327.2
544525.1
544591.1
544677.8
544716.8
544781.8
544789
544843.3
544919.1
545002.6
545038.9
545045
545100.3
545171.1
545191.2
545213.6
545224.3
545259.7
545269.5
545299.8
545315.7
545372.5
545378
545396.3
545428.4
545471.9
545505.6
545522.6
545555.3
545777.9
545886.9
545893.5
546040.3
546147.1
546192.2
546192.5
546319.1
546382.3
546390.4
546427.1
546479.4
546517.5
546566.9
546569.3
548311.3
549654
549753.6
549823.4
549929.8
550260.6
561674.8
561704.4
561802.8
561989.2
562053.7
562145
562237.9
562541.2
562648.4
562952.9
562974.8
563019.8
563070.2
563171.7
563435.2
563462.9
563495.1
563509.7
563573.5
563573.9
563712.2
563768
563875.5
563953.3
564107.7
564118
564169.6
564227.7
564249.6
565257.1
565268.8
565512.8
568004.8
568010
568049.2
568101.8
568119.7
568162.5
569198.4
569316.2
569588
571907
571913.8
572010.2
572118.3
572195.7
572265
572289.5
572390.8
572450.3
572508.9
572529.4
572703
572716.2
572768.9
572798.9
572866.2
572927.9
572945.4
572976
573011.3
573021.6
573114.9
573147.9
573169.2
573177.6
573213
573220.7
573270
573288.9
573368.2
573387.9
573389.8
573410.6
573442.5
573480.5
573483.6
573495.6
573503.2
573525
573531.3
573559
573573.2
573594.8
573634.6
573650.1
573752.6
573762.7
573804.7
573820.2
573946.3
574009.2
574041.9
574267.2
574510.3
575188.6
575376.2
575399.9
576346
576374.8
576391.3
576452.9
576487.6
576508.2
576555.5
576632.6
576642.5
576670.2
576894.4
577120.7
577246.2
577247.1
577303
577354.3
577415.4
577548
577651.7
578748.6
578955.8
578994.1
578998.3
579209.8
579255.5
579277.2
579313.9
579314.7
579361.5
579373.2
579520
579562.2
585850.6
586125
586201.8
586362.1
586486.3
588005.4
588008.5
592021.7
592339.8
593511.2
593602.9
593742.6
593838.4
593920.7
594089.8
594181.7
594241.7
594439.1
594492.4
594874.6
594905.1
595115
596987.8
597028.7
597031.9
597278.8
599293.6
599304.1
599350.7
599410.5
599524
599580.7
599841.7
599902.2
