3.4
126
198.4
208.6
323.1
440.9
512.2
513
584.9
600.6
635.2
645.8
682.8
720.3
804.1
822.4
847.3
851
933.7
935.7
1457.3
7917
8088.1
8175
8197
8335.2
8370.5
8402.6
8495.5
8510.2
8514.8
8534.6
8564.9
8565.1
8658.4
8670.3
8711.6
8829.3
8859.2
9035.8
9086.3
9168.5
9205
9253.2
9267.5
9431.5
9450.4
9461.2
9612.6
9622.6
9639
9672.6
9749.2
9806.2
9822.9
9831.2
9966.6
10015
10042
10051.2
10138.9
10146.2
10217
10222
10271.1
10287.9
10319.6
10429.6
10555.2
10565.9
10583.2
10648
10661.7
10717.9
10756.8
10765.4
10856.8
10864.9
13120.2
13333.5
13584.4
13621.6
13670.7
13982.1
13995.8
14076.5
14140.6
14145.2
14145.3
14190.2
14253.8
14264
14306.2
14376.2
14403.2
14560.7
14615.3
14644.1
14666.9
14680.5
14776.3
14840
14910.2
15011.1
15200.8
15344.9
15390.6
15430.3
15541.4
15547.8
15582.8
15627.4
15632
15713.4
15767.4
15871.2
15880.1
15936.4
15947.4
15955.8
15987.2
16013.5
16353.8
16395
16457.6
16501.3
21102.3
21130.9
21275
21420.1
21466.1
21805.9
24395.4
29781.2
29813.5
30020
30200.1
30306.4
30351.3
30356.9
30398.5
30471.1
30638.4
30644.5
30679
30703.6
30906.8
30925.2
31043.7
31051.2
31084.2
31152.5
31164.6
31167.6
31221.4
31246.7
31324.6
31326.8
31362.6
31372.3
31379.9
31466
31503.2
31518.8
31560.4
31584.6
31768.7
31824.6
31897
31983.6
31988
32003.9
32153
32178.7
32184.2
32192.9
32211.2
32320.4
32322.8
32357.6
32371.9
32381.3
32461.9
32479.6
32508.6
32512.1
32683.1
32721.6
32738.3
32894.8
32926.2
32927.5
32984.8
32990.3
33201.9
33363.9
33396.4
33427.1
33429.6
33471.3
33477.7
33554.1
33575.5
33598.4
33782.6
33870.7
33891.7
34092.8
34108.5
34133.9
34230.7
34243.9
38713.1
38878.4
39059
39063
39230.1
39714.7
39749.9
39754.6
39771.6
39775.9
39781.4
39785.8
39795
39827.9
39937.6
39948.5
40005.1
40014.7
40092
40134.2
40234.5
40504.1
40544.1
40888.3
42328.3
42570.2
42583.5
42592.7
42606.9
42751.7
42785
42869.1
42918.1
42952.4
43011.1
43105
43110.3
43147.8
43175.3
43320
45556.4
45654.3
45700.8
45788.4
45809.7
45931.6
45972.1
46001.7
46003.8
46059.7
46118.4
46171.8
46285
46296.4
46340.2
46364
46376.2
46377.8
46418.8
46419.8
46488.4
46685.8
46699.8
46763.2
46966.6
46972.7
46992
47071.7
47104.8
47105.4
47140.2
47193.1
47221.4
47260.6
47278.2
47299.8
47330.5
47358.6
47415.5
47480.3
47508.3
47794.7
47937.5
48216.5
54436.2
54842.6
55264.6
55276.7
55293.6
55317.2
55318.7
55336.7
55441.6
55464.9
55514
55613.4
55707
55752.3
55811.9
55848.7
55917.1
55919.2
55960.3
56010.8
56102.6
56207.7
56232.4
56251.3
56258.9
56267.7
56322.3
56362
56465.7
56515.8
56531.6
56571.2
60713.2
60736.8
61143.9
61199.7
61292.8
61317.2
61529.8
61597.7
62236.5
62601.4
62675.9
62708.4
62714.8
68995.8
69138.5
69187.3
69257.2
69383.9
69395.8
69494.8
73250.5
73259.5
73820.2
74098.9
74192.7
74261.8
74275.4
74349.7
82186.6
83383.9
90860.6
91324.1
91514.4
91536
91589.7
91672.6
91679.5
91718
91790.8
91810.1
91863.1
91890.7
91939.2
91953.9
92051.3
92180.4
92457.7
93724.2
93834.7
93993.1
94082.9
94130.4
94139.2
94366.3
94786.6
94940.8
95274.5
95290.2
95933.2
95944.3
96096
96353.1
96454.6
96887
100177.4
100733.2
101974.8
102374.6
102674.4
102856.1
103828.7
103894.3
103948.5
104090.8
104407.4
104522.6
104554
104939
104967.3
105008.6
105014.5
105167.1
105172.4
105199.5
105288.2
105358.2
105364.6
105411.2
105415
105476.9
105563.7
106219.1
112895.2
120322.2
120550.5
120610
120655
120695.9
120701.5
120892.1
120900.4
120937.6
120954
120969.5
120991.4
120996
121028.9
121094.3
121117.6
121204.3
121275.4
121277.2
121278.3
121286.5
121356.6
121361.8
121362.4
121370.7
121393
121402.2
121403
121468.6
121492.1
121494.3
121520.6
121539.9
121542.9
121612
121625.1
121630.6
121674.8
121675.9
121772
121854.3
121931.5
121951
122062.4
122127.1
122160.2
122185.4
122193.2
122220.2
122256
122276
122320.2
122487
122642.1
122671
122671.8
122675.2
122788
122827.7
122852.4
122873.9
122919
123140.3
123175.2
123222.5
123313
123321.6
123334
123358
123510.9
123603.7
123652.8
123691.6
123752.7
123768.2
123794.3
123838.7
123846.7
123873.7
123882.7
123883
123888.3
123922.4
123956
123956.4
123997.2
124039.1
124058.2
124090
124127.2
124138.4
124215.8
124282.9
124285.6
124315.2
124336.3
124361.3
124384.3
124443.1
124543.5
124595.1
124602.1
124645.7
124742.2
124950.3
127277.6
127847.4
127943.7
127983.7
128104.1
128190.5
128206.3
128279.5
128413.9
128451.1
128532.6
128574.8
128827.4
129963
130186.5
130261.7
130315.6
130320.9
130334.5
130424.5
130540.9
130663.2
130790.3
130843.1
130856.9
130930.1
130935
131077.9
131119.8
131120
131150.3
131155.8
131167.9
131248.5
131338.2
131360
131362.5
131416.3
131421.8
131487.9
131530.5
131584
131600
131674
131853.7
131875.8
131889.9
132144.6
132244.5
132271.7
132532.3
132628.6
132649.5
132983.6
133032.2
133036.7
133268
133339.9
133357.1
133500.5
133952.3
134022.9
134028.2
134378.2
134543.9
134676.8
135269
135645.4
136240.4
136409.2
136865.9
137177.4
137795.2
137882.7
137984.1
138258
139196.8
139247.2
139289.9
139721
139900
139973.1
140244.8
140741.5
140854.9
140975
141114.1
141124.7
141224.6
141270.1
141387.4
141448.8
141460.8
141563.6
141831.3
141903.3
141968.2
142012
142025.1
142137.2
142144.4
142152.2
142187.3
142265.8
142279.7
142367.6
142478.8
142490.7
142494.6
142731.1
142895.3
142913.4
142919.4
143008.3
143102.5
143296.1
143297.7
143525.7
143595.7
143649.7
143752.3
143823.6
143823.9
144025.4
144061.1
144174.6
144221.9
144375.2
144423
144505.4
145470.3
145651.8
145821
146468.4
147026.9
147116.8
147315
147464.9
147901.3
148705.7
148908.8
148926
148963.2
149396.2
150091.2
150150.2
150430.3
150593
150797.8
151077.7
151241.1
151356.7
151596.3
151653.7
151946
151971.7
152099.9
152508
153467.2
153568.8
153927.3
154195.2
154529
154874.2
154912.8
155116.7
156593.8
157153.9
157262.6
158029.4
158177.5
158912.3
159078.7
159650.3
159674.9
159686.3
160764.1
161077.6
163565.2
163922.4
164163.9
167991.2
168158.3
168416.1
168437.6
168467.5
168944
168989.7
169142.7
169223.1
169307.8
169346
169409.6
172726.8
172787.3
172813.5
172851.4
172920.8
172952.5
173054.9
173109.2
173151.3
173182.2
173235.9
173236.8
173274
173395.8
173406
173439
173444.9
173482.3
173714.2
174316.2
176505.8
177693.9
177769.3
177859.1
178255.9
178351.8
178732
181580.6
181767.8
182483.3
182627.3
182660.7
182795.8
182850.6
182949.2
182955.8
182962.9
182989.3
183033.4
183087.9
183135.1
183151.6
187686.1
187700
187868.6
187973.6
188040.5
188054.6
189284.7
189605.9
189790.7
189814
189833.5
189852.1
189866.6
189935.1
190143.9
190169.3
190226.7
190328.5
190383.4
190467.1
190553.2
195509.8
195549.3
195584.9
195677.7
195678.8
195804.7
195814.7
195898.4
195964.6
195971.8
196021.2
196070.7
196101.7
196161.8
196179.7
196185.4
196300.4
196329.3
196377.8
196387.3
196387.6
196398
196420.8
196440.5
196533.9
196574.3
196635.2
196643.1
196667.9
196676.3
196841.6
196866.8
196867.2
196886.7
196910
196932.5
197007.4
197042.6
197045.9
197097.7
197132.9
197143.7
197167.4
197325.8
197352.6
197394.9
197406.5
197439.9
197500.5
197529.1
197546.8
197619.5
197635.7
197718.3
197719.4
197729.5
197731.3
198155.5
198238.3
198276.6
198297.4
198415.7
198440.4
198608.1
198672.9
198708.9
198728.6
198895.2
198941.5
198946.9
198967.1
198993.2
199024.8
199323.2
199326.5
199371.9
200629.4
202249.1
205788.8
206067.9
206096.3
206210.2
206502.6
206513.4
206564.5
206636.4
206835.8
206854.4
206994.7
207350.6
207501.2
208031.4
208050.5
208242.2
210255
219605.8
219686.7
219720.4
219791.9
219824.2
219995.1
219995.5
220184.3
220197
220202.4
220207.7
220271.5
220274.4
220306.7
220339.5
220353.9
220412.4
220420.5
220434.7
220522
220552.7
220681
220691
220729.9
220750.4
220783.6
220793.3
220796.1
220808.8
220827
220851.9
220958.2
221136
221234.6
221269.2
221336.9
221585.4
221912.6
222159.8
222378.9
229424.9
229492.6
229627.8
229862.3
229882.4
229883.1
230020
230046.7
230122.1
230150.7
230161.1
230186.4
230354.4
230407.1
230472.3
230513.8
230675.7
234110.9
234301.2
234332.3
234460.3
234582.6
234652.9
234725
234743
234839.4
235098.9
235197.5
235326.9
235329.5
235437.7
235548
235605.4
235631.5
235638.3
235639.9
235653
235706.7
235707.5
235754.8
235805
235878.2
235909.8
235950.2
235962.5
235962.7
236025.7
236084.2
236088.8
236099.8
236100.1
236175.2
236289.3
236421.9
236455.6
236459.2
236459.6
236464
236508.1
236548.5
236569
236668
236686.4
236706.2
236722.4
236734.7
236774.3
236793.2
236833.8
236967.1
236970.4
237061.6
237062.9
237073.9
237089.1
237105.7
237170.2
237244
237347.8
237530.6
237779.4
237805.8
237807.3
237822.9
238073
238078.8
238094.2
238130.7
238250.1
238279.3
238361.5
238404.2
238512.8
238636
238677.6
238736.8
238738.9
238741.6
238744
238753.1
238763.9
238837.6
238877.4
238960.9
238979.7
238999.6
239049.3
239050.8
239123.4
239174.1
239211.7
239265.2
239286.1
239341.1
239349.5
239471
240690.3
243075.8
246899.8
246924.9
247026.8
247128.8
247147.3
247148.6
247197.1
247345.1
247376.4
247402.5
247475.1
247483
247517.4
247525.6
247543.7
247549.5
247584.3
247678
247683.9
247745.6
247823.3
247859.1
247991
248075.1
248152.3
248214.6
248222.9
248343.3
248500.6
250794.4
250924.1
251209.2
251397.7
252074.8
252276.8
252451.5
252483
252557.7
252724.4
252775.8
252803.6
252959.3
252963.8
253059
253060.6
253070.3
253216
253276.1
253289.2
253347.8
253405.3
253466
253471.3
253528.3
253531.9
253581.6
253630.4
253682.3
253702.5
253765
253860.6
253913.4
253949.4
253962.4
254051.3
254103.9
254122.2
254218.5
254253.9
254280.8
254317.6
254342.3
254365.1
254374.6
254421.2
254489.4
254497.3
254533.1
254587.4
254589.5
254658.9
254724.7
254736.3
254810.1
254838.7
254895.2
254901.2
254938.6
255016.7
255106.9
255144.5
255260.5
255293.9
255303
255333.9
255715.3
255770.3
263912.3
264105.9
264534.8
266960.2
268794.7
268954.1
269044.7
269048.7
269079
269097.4
269209.2
269284.6
269297
269358.8
269374.5
269404.2
269438
269471
269503
269561.2
269738.1
269765.4
279786.6
282093
282136.3
282211.4
282509.8
282530.8
282577.4
282646.4
282663.4
282665.5
282740.4
282780.6
282867.1
282899.4
282927.5
282938.7
282981.6
283071.9
283175.4
283251.5
283765.9
283878.1
284550.4
284637
285246.7
285333.7
285374.1
285510.9
285512.8
285742.8
285866
285941.4
286049.6
286062.5
286148
286211.8
286287.1
286316.1
286344.5
286454.4
286570.9
286672.7
297822.6
298319
298570.7
299167.5
301304
302883.8
304213.2
304293.3
304368.7
304413
304526.7
304546.2
304549.9
304674.9
304718.4
305066.5
305104.1
305258.6
305345.4
305435.1
305554.7
305568.4
305695
305978.7
306073.5
306151.1
306289.5
306341.5
306412
306438
306513.9
306532
306566.8
306595.4
306616.8
306667.9
306801.9
306867
306898.7
306959.9
307047.4
307099.4
307156.8
307246
307247.4
307277.2
307377.5
307440.4
307519.7
307548.6
307645.4
307674.3
307674.6
307677.7
307881.5
307886.8
307911.1
307916.1
307971.2
307992.8
308087.7
308223.9
308228.6
308431.3
308456.9
308515.9
308826.2
313096
313828.5
314120.2
314964
315154.4
315743.6
316494.1
317010.9
317058.7
317072.4
317441
318039.4
318632.7
318932.8
318938
319036.2
319397.9
319449.3
319714.2
319755.1
326148.1
326625
326760.3
326931.1
327030.6
327108.9
327110.4
327347.5
327896.5
328103.8
328416.3
328872
328971.7
328985
329099.9
335898
335904.4
336006.5
336007.8
336104.6
336188
336352.1
336390.1
336527.1
338126.5
338266.7
338309.4
338343.5
338381.7
338398.5
338450.3
338484
338551.1
338607.9
338747.1
338797.3
339077.8
339102
339140.8
339451.3
339630.2
339631.9
339869.4
340334.2
340573.8
341592.7
341692.8
341863.2
341876.2
341882.5
341885.2
341965.6
341967.3
342080.2
342087.2
342223.4
342229.5
342254
342374.4
342375.1
342376.6
342438.5
342443.3
342499.6
342500.5
342519.3
342537.6
342567.2
342573.1
342635.6
342724.8
342743.3
342883.8
342927.2
342945
343092.8
343187.6
343873.6
347997.4
348155.6
348176.6
350531.6
350966
351347.8
351390.4
351411.3
351470.6
351476.4
351527.7
351612.4
351662
351675.1
351749.3
351853.9
351897.3
352084.6
352173.5
352281
352287.6
352370
352469.8
352478
352600.1
352637.7
352642.4
352647.2
352703.5
373543.3
375135.6
375604.8
375831.7
375848.1
375852.8
375906.6
375937.7
375955.2
376018.3
376027.2
376062.1
376092.9
376097.6
376192
376220.3
376292.2
376387.2
376505.3
376549.7
376561.6
376719.1
376890
376987.1
376993.4
377005.6
377096.2
377148.5
377218.2
377283
377340.3
377398.9
377475.8
377516.9
377702.2
377964.9
378024.5
378169.9
378378.3
378431.8
378446.6
378501.4
378528.7
378585.6
378641.6
378759.3
378789.9
378811.7
378859.6
378989.5
379117.9
379134.2
379187.8
379247.1
379361
379409.3
379436.6
379441.1
379512.4
379682.6
379753.9
379841.6
379908.2
380024
380025.8
380043.1
380185.2
380326.4
380347.4
380381.6
380383
380529.2
380552.5
380708.5
380874.6
380884.2
380970
381035.9
381115.6
381178.6
381294.2
381433.6
381499.6
381503.5
381650.4
381653.9
381915.8
381935.7
382049.8
382057.2
382146.7
382417
382429.9
382523.9
382609.7
382628.6
382632
382713.4
382720.4
382750.8
382788.6
382869.4
382906.8
382951.1
383181.2
383186.5
383196.7
383205.5
383237.1
383297.4
383298.7
383412.3
383443
383559.3
383646.1
383711.5
383842.2
383892.2
383938.8
384159.2
384198.3
384276.5
384326.5
384342
384423.4
384427.7
384438.6
384512.7
384610.2
384743.4
384744.6
384802.9
384886.4
384906.6
384948.4
385044.6
385145.2
385233.2
385260.1
385306.3
385382.2
385440
385612.2
385620.9
385762.4
386039.9
386195.2
386310.5
386361.9
386526.9
386787.8
386883.7
387034.9
387176.1
387324.2
387423.5
387456.1
387485.7
387578.2
387601.2
387772.6
387953.6
388236.8
388895.1
388909.7
388931.7
389165.7
389181.3
389390.6
389391.9
389409.3
389419.1
389429.9
389538.2
389579.8
389665.6
389675.1
389726.9
389763.3
389782.3
389855.8
389883.9
389950.4
389997.4
390007.6
390016
390075.4
390214.9
390231.3
390309.7
390368.1
390430.2
390456
390471.8
390473.6
390475.4
390512.9
390661.5
390667.3
390672.7
390724
390794.8
390904.1
390906
391107
391114
391172.7
391220.4
391326.9
391370.7
391392.8
391553.5
391568.5
391667
391741.9
391852.4
391973
392158.6
392168.6
392195.9
392200.2
392215.3
392237.9
392242.1
392296.9
392380.4
392506.7
392539.7
392599.5
392680.8
392695.6
392719.2
392738.8
392741.8
392813.1
392891.9
392917.5
393053.3
393095
393179.7
393295.5
393335.7
393547.3
393623.7
393706.2
393726.4
393790.3
393838.5
393945.7
394311.2
394324.4
394328
394578
394635.1
394668.7
394691.6
394830.5
394867.3
394922.1
395105.6
395118.2
395131.2
395230.2
395463.5
395553.3
395737.9
395778.3
395913.8
395958.4
396237.1
396248.5
396457.3
396464.6
398314.5
398599.7
398708
398967
399009.4
399079.3
399169.9
399266.4
399309.7
399353
399447.4
399463
399513
399595.6
399606.3
399608.3
399619.5
399661.5
399663.8
399667
399775.5
399832.5
399889.2
399927.4
399933.1
399994.8
400006.4
400069.3
400291.5
400764.9
400859.1
400978.3
401038.1
401059.5
401157.8
401247.9
401265.9
401399.9
401451.1
401511.1
401534.4
401543.8
401552
401677.9
401682.7
401728
401807.9
401813.8
401817.2
401962.2
402120.6
402279.6
402283.1
402345
402363.3
402430.9
402582.8
402600.7
402802.4
403333.5
404051
404078.5
404137.8
404549.5
404598.1
404674.3
404677.7
404849.9
404885.6
404971.7
405115.9
405247.5
405283.3
405290.5
405307.6
405309.7
405419.7
405452.1
405559
405624.6
405655.8
405778.8
405807
405807.6
405822.8
405858
405868.4
405903.7
405932.5
405986.5
406002.6
406074.6
406201
406232.3
406323.2
406338.8
406365.9
406388.8
406521.5
406607.6
406615.2
406676.4
406686.9
406773.2
406844.7
406945
406974.1
407107.5
407120.4
407188.5
407279.5
407289.7
407301.8
407466.7
407567.2
407629.8
407641.9
408043.8
408164.3
408292.9
408304.1
408309.4
408433.5
408525.9
408582.8
408658.7
408673
408694.4
408705.3
408779.4
408839.7
408913.7
408948.2
408949.3
409048.3
409163.7
409238.6
409275.8
409328.6
409460.2
409464.9
409494.8
409557.8
409876.3
410059.9
410066.4
410097.6
410098.6
410146.9
410149.8
410184.2
410197.3
410226.9
410312.1
410489.7
410538.2
410580.9
410604.8
410724.2
410900.5
410913.6
410948.9
410959.9
410964.3
410999
410999.5
411015.8
411031.9
411338.8
411410.2
411553.7
411672.2
411820.6
411917.9
411978.9
411981.7
412084.3
412105.7
412161.7
412171.1
412224.2
412261.1
412283.1
412325.6
412350.7
412431.8
412436.1
412472.3
412505.1
412594.7
412682.1
412682.5
412752.9
412837.1
412852.5
412886.1
413086.9
413093.3
413120.7
413218.2
413241.7
413319.4
413344.3
413487.8
413544.7
413629.4
414036.5
414223
414523.4
414545.2
414593.8
414742.4
414822
415250.4
415383.3
415450.1
415602.7
415693.9
415708.4
415832.6
415992.4
415998.6
416000.3
416020.7
416031.5
416190.8
416192.6
416232.4
416253.2
416256.8
416261.9
416332.2
416534.5
416620.8
416724.6
416738.9
416753.9
416772.3
416818.5
416829.9
416867
416975.7
416987
416994
417059.8
417069
417155.8
417178
417248.1
417264.4
417286.4
417304
417376.5
417392.7
417414
417479.5
417536.6
417564.8
417683.3
417782.4
417889.4
417934.9
417946.8
418048.3
418154.7
418388.7
418465.6
418529.2
419217.4
419296.9
419921.6
420617.2
425349.5
425430.5
425858.9
426066.3
426071.9
426449.7
426472.8
426566.4
426999.5
427244.3
427399.4
427510.5
430851.7
430963.8
431127.5
431339.3
431432.4
431622.1
431718
431736.1
431900.9
432142.3
432150.4
432157.5
432198
432283.9
432297.4
432377.5
432467.8
432484.1
432499.8
432519.9
432739.7
432919.7
433015.5
433096.8
433099.5
433144.6
433145.4
433266.1
433297.6
433340.9
433399.4
433475.8
433501.9
433539.5
433545
433579.8
433613
433850.8
433871
433914.4
433915.3
433980.1
434001.9
434091.4
434155.4
434214.8
434277.4
434285.4
434450.2
434474.9
434713.3
434730.1
434886.7
435101.9
435144.8
435254.8
435276.6
435298
435347.8
435386.7
435412.9
435474.2
435725.1
435824.5
435888.7
435966.3
435998
436016.9
436048.6
436180.6
436212.2
436719.1
436744.2
436779.2
436830.5
437092.9
437133.5
437176.4
437303.1
437316.7
437318
437368.3
437375.8
437417.6
437570.9
437642.3
437672.2
437699.3
437702.2
437757.9
437944.8
439093
439104
439334.8
439340.8
439390.2
439472.4
439550.2
439794.8
439838.1
440177
440296
440868.7
441206.9
448978.2
449007.7
449053
449083.3
449085.1
449283.9
449355.2
449400
449414.3
449554
449564.7
449570.6
449579.4
449681
449691.5
449818.6
449854.1
449900.7
450074.4
450125.5
450330.5
450335.8
450600
450654.4
457532.7
457571.2
457676.6
457735.3
457862.2
457946.2
457949
457951.1
457956.9
458000.4
458019.7
458065.7
458112.7
458128.5
458359.1
458412
458466.7
458681
458683.7
458763.4
458815
458821.8
458828.9
458929.1
459157.5
459366.8
459403.3
459420.9
459478.7
459590.9
459727.9
459764.4
459830.7
459979.7
470497.2
470592
470721.1
470830.2
471016.1
471166.3
471227.5
471639
471896.7
472286.5
472331.5
472336.5
472505.4
472525.1
472654
472751.9
472780.8
472948.5
473094.2
473164.4
473194.1
473249.7
473252.9
473263.2
473320.8
473368.4
473379.5
473401
473479.8
473564.3
473571.8
473573.7
473617.5
473652.9
473721.8
473768.1
473783.2
473787.1
473808.1
473913.9
473998.4
474013.8
474025.7
474028.2
474054.7
474061.1
474068.9
474142.5
474185.6
474186.9
474215.8
474313.2
474329.5
474355
474391.4
474402.3
474495.4
474499.9
474528.6
474545.7
474611.3
474854.7
475246.6
475313.5
475337.2
475347.2
475394.9
475464.9
475611.7
475611.8
475847.2
475996.7
475997.6
476001.2
476124.4
476229.5
476390.7
476499.9
476629
476948.6
476961.2
477263.1
477594.6
477805.4
477882.7
477961.5
478001.5
478291.3
478422.2
478502.8
478598.8
478783.4
478861.9
480036.4
480141.6
483755.9
484188.4
484759.1
484942
485087
485206.8
485240.9
485248.8
485287.4
485345
485356.3
485511.9
485526.7
485632
485652.3
485788.8
485909.8
486070.1
486073.3
486085.1
486097.1
486166.9
486211.4
486224.9
486268
486299.4
486364.9
486407.8
486466.1
486540.2
486573.8
486641.3
486671.8
486706.7
486763.2
486776.1
486778.6
486817.7
486833.4
486846.2
487265.3
487271.2
487288.5
487306.8
487321.3
487331.4
487463
487501.9
487543.7
487774.1
487859.3
487863.1
487925
487991.8
488006.3
488011.6
488021.5
488070.3
488155.7
488161.7
488190.5
488305
488335.7
488358.7
488396.3
488438.4
488500.2
488509.5
488526.8
488552.2
488561.4
488594.4
488601.4
488638.5
488646.3
488673.1
488722.5
488753
488780.9
488785.5
488793.4
488834.1
488864.6
488926
488949.1
488960.7
489031.8
489038
489052
489062.7
489082.6
489091
489134.3
489179.7
489219.4
489325.9
489391.4
489652.1
489680.7
489840.4
489882.2
489920.8
489933.6
490051.2
490104.3
490107.4
490140
490207.2
490319.4
490380
490477.2
490610
490633.4
490686.1
490733.3
490819.3
490914.5
490943
490979.5
491010.1
491175.3
491315.3
491351
491361.2
491511.8
491643.9
491658.3
491726.3
491805.1
491819.3
491983.1
492187.1
492200.8
492265.8
492576
492586.8
492608.7
492610.5
492616.4
492629.3
492797.8
492852.4
492946.2
492965.6
492966.4
493008.9
493016.7
493120.5
493168.4
493186.5
493197.9
493612.9
493629.6
493651
493687.4
493727.4
493836.6
493923.2
493940.6
493995.3
494032
494032.1
494054.9
494069
494081.3
494084.5
494105.7
494267.4
494283.8
494293.7
494330.6
494375.1
494385.4
494523.4
494524.3
494559.8
494602.4
494607.2
494615.4
494620
494660
494708.3
494722.6
494752.9
494833.7
494852.2
494857.9
494933.2
495055.7
495070
495084.8
495170.1
495320.8
495344.6
495371.8
495549.9
495556.1
495559.4
495802.3
495844.4
495899.6
495923.8
495961.5
495991.6
496004.3
496121.8
496182.4
496251.1
496295.4
496316.8
496407.3
496459.7
496643.2
496654.8
496692.3
496744
496817.3
496841.1
496894.6
496907.7
496931.3
496946.4
497031
497064.9
497106.5
497116
497120.6
497123.6
497238.4
497304.5
497431.2
497459.1
497472.4
497629.4
497652.3
497898
498026.7
498141.4
498203.7
498214.2
498303.1
498307.8
498313.1
498375.8
498428.1
498451
498458.2
498547.1
498620.2
498660.8
498825.6
498829
498834.5
498834.9
498885.2
498940.8
498952.5
498963.2
498997.2
499023.3
499034.8
499171.7
499214
499222.4
499277.4
499316.9
499322.7
499579.5
499590.9
499793.7
499824.1
499835.7
499849.9
499858.5
499878.7
499928.8
499939.4
500106.7
500134.9
500226.5
500239.3
500315.6
500380.3
500396
500547.6
500552.9
500575.4
500686.7
500804.8
500875
500974.2
501041.6
501147.3
501187
501351.8
501374.9
501388.1
501430.7
501433.1
501460.8
501460.9
501468
501538.2
501570.6
501645
501701.1
501747.1
501766.2
501784.8
501791.9
501798.3
501911.2
501986.8
501993.8
502005.5
502016
502041.4
502078.8
502233
502311.9
502347.5
502364.3
502374.4
502442.3
502452.3
502465.9
502580.2
502642
502745.2
502746.7
502828.5
502840.9
502868.4
502963
502983.2
502986.6
503045
503072.6
503090
503116.3
503153.9
503180.9
503259.9
503268.4
503355.4
503391.6
503399.7
503431.1
503507.9
503525.4
503639.9
503759.4
503779.4
503791.8
503852.6
503899.6
503912.3
503960.6
504024.2
504081.1
504122.3
504208.2
504273.2
504298.7
504303.2
504336.6
504341.9
504399.3
504420
504473.9
504514
504518.1
504525.8
504620.8
504680.3
504686.3
504891
504912.2
504924.2
505016.9
505115.6
505134.8
505443.9
505509.9
505552.7
505662.8
505806.1
505998.7
506033
506059.6
506213.2
506471
506501.6
506554.4
506595.7
506641.4
506685.3
506747.7
506773
506821.9
506831.1
506843.3
506877.3
506886.4
506941.8
506951.6
506956
507017.9
507200.9
507252.6
507418.7
507465.7
507554.9
507613.1
507628.5
507685.9
507724.8
507759.5
507776.3
507853.4
507949.1
508080.7
508312.7
508409.4
508610.2
508626.4
510165.3
517528.6
518153.3
518155.6
518401.3
518473.5
518702
519625.2
521466.9
522207.1
522365.1
522857.6
523809.3
532494.1
532558.4
532609.5
532610.4
532663
532712.6
532728.5
532749.7
532828
532839.8
532966.5
532970.1
532973.5
533019.3
533024.5
533032
533083.4
533087.9
533102
533133.6
533237.6
533238.9
533245.7
533251.7
533269.6
533359.6
533487.4
533602.3
533667.8
533680
533755
534004.7
534119.3
534133.6
534339.6
534486
534621
534679.2
534684.7
534721.4
534735
534752.7
534755.5
534863.9
534959.4
535018.9
535244.8
535574.2
541422.5
541720.8
542187.2
542191.2
542280.1
542356.4
542593.6
542673.5
542715.8
542759.8
542763.2
542770.4
542892.3
542970.4
543004.8
543100.6
543121
543124
543169.1
543292
543322.6
543323.7
543329.4
543389.8
543436.5
543465.2
543609
543673.9
543732.6
543844.3
543939
543949.2
543971.1
544039.4
544054.8
544055.2
544057.9
544064.1
544069.7
544092.3
544224.8
544251
544256.5
544278
544599.3
544612.9
544677.9
544702.2
544719.2
544750.9
544784.8
544824.1
544832.1
544837.5
544859.2
544916.6
545040.7
545045.2
545050.3
545080.8
545099.7
545226.3
545246
545270.1
545371
545383.5
545496.2
545504.2
545575.9
545633.6
545641.3
545667.6
545721.5
545772.1
545774.3
545800.6
545831.7
545888.5
545904.7
545924.4
546086.1
546169
546240.2
546276
546299.4
546357.1
546427.7
546555.8
549171.8
553807.5
555699
556547
556966.4
557273.3
557649.8
557749
557869.1
558206.4
562565.3
562650.7
563386.2
571339.9
571458
571529.7
571562.2
571655.9
571674.4
571693.8
571853.7
571861.4
571877.7
571935.6
572008.5
572009.6
572027.9
572154.7
572252.2
572258.6
572390.6
572423.5
572434.1
572623.7
572777.7
572791
573007.7
573098.6
573136.4
573188.1
573194.3
573465.4
573540.2
573673.7
573691.5
573762.2
573772.6
573863.7
574046.4
574208.7
575393
579389.6
579586.8
579610.2
579787.3
579812.7
579937.7
580133.2
580159.7
580309.9
580332.7
580587.2
587270.1
587300.9
587413.1
587419.4
587425.5
587680.3
587736
587984.4
588327.2
589676.2
589681.4
590015.5
590206.2
590246.5
590560.9
591593.8
591756.9
592565.1
593526.4
593726.8
593745.1
593791.7
593842.6
593853.6
594325.8
597463.1
