2550.8
2563.4
2622.6
2664.9
2713.4
2724.5
2739.7
2767.8
2774.8
2901
3739.7
3773.6
5593
5667.2
5668.2
5711.2
5714.7
5726.2
5746.6
5792.3
5792.4
5815.5
5846.7
5867.5
5937.1
5952
5975.3
5978.2
6092.9
6134.9
6151.2
6175.8
6179
6212.8
6237.7
6264.4
6299.6
6334.5
6356
6415.1
6523.3
8415.4
8477.6
8509.1
8558.5
8591.6
8636.1
8698.1
8706.3
8732.8
8819.9
8851.9
8928.4
9035.9
9066
9119.5
9317.6
9385.6
9389.8
9591
9639.5
9698.9
9707.9
9819.9
9885.1
9965.6
10009.7
10014.8
10212.1
10236
10279.3
10615.8
10705.4
11297.1
11332.4
11415.9
11429
11624.1
14672.4
14893.7
15686.1
17533.7
18087.1
18183.3
18220.2
18401.2
18587
18729.5
20556.2
21364.4
22535.3
22652.5
22696.2
22704
22715.3
22736.4
22809.3
22866.5
22926.6
23042.6
29034.8
29068.3
29277.3
29308.8
29336.7
29515.1
29519.4
29535.2
29591.7
29592.8
29602.2
29703.2
29756.1
29835.6
29846.8
29867.9
29938.7
29968
30128
30186.8
30212.5
30288.1
30416.7
30438.2
30547.9
30565.7
30698.9
30745.1
30956.1
31085.1
36099.1
36256.5
36337.7
36471.2
36493.5
36661.4
36860.3
37095.6
37140.6
37304.4
37391
37556.7
37649.2
37791.5
37888.4
37949.7
37958.6
37975.1
37991.8
38048
38804
38809
38809.8
41660.5
41673.2
41720.3
41853.1
41944.7
42682.3
42683.2
42784.6
42971.6
43020.8
43035.5
44136.4
50706.7
50725
52189.2
52212.8
52228.4
52310.1
52343.1
52379
52407.9
52448.4
52597.5
53187.4
53222.5
53246.9
53667.9
53961.9
54250.3
54335
54337.2
54545.7
54573.8
54621.2
55212.4
55401.2
55416.5
55566.7
55672
55687.4
55710.4
55717
56133.8
56167.9
56196.7
56200.2
56204.9
56329.6
57071.5
57114
57148.8
57155
57191.4
57295.3
57340.3
57354.2
57980
58624.3
58778.9
58803
60127.1
60222.8
60263.4
60341.5
60715.4
61444.3
61970.7
62150.8
62504.4
62533.8
62553.1
62562.5
62562.9
62680.9
62706.2
62802.3
63777.6
63917.1
63936.7
63992.3
64065.4
64089.7
64840.4
64871.4
64886.2
65014.1
65036.7
65043.9
65061.9
65084.8
65175
65327.1
65413.6
65522.2
65661.3
68009.7
68567.7
70013.1
71959.4
72048.7
72106.8
72192.9
72380.8
72429.5
72433.3
72538.2
72568.8
72705
72756.2
72774.8
72883
72915
72940
72952.5
72985.4
72994.6
72998.8
73006.9
73012.9
73024.2
73036.8
73092.4
73182.8
73227
73232.5
73253
73292.1
73328.6
73423.1
73535.2
73577
73577.9
73651.9
73669.3
76577.2
76938.3
77120
77363.4
77507.2
77629
77656.8
77668.7
77746.2
77763.2
77878.4
85388.2
85568.9
85584.4
85649
85660.3
85688.5
85712.5
85842.7
85856.8
86008
86130.9
86140.7
86259.9
86468.7
86475.3
87993.4
88664.3
88768.3
89656.2
89778.4
89919.2
89935
90102.8
90171.3
93434.7
93467.4
93508.1
93542.1
93581.5
93609.9
94028.5
94142.3
94700.2
94957.4
95164.4
95176.3
95224.9
95279
95288.8
95341.3
95373.2
95490.4
95520
95656.3
95691.3
95699.8
95705.9
95728.4
95764.7
95772.2
95936.6
96078.1
96271
96275.9
96469.9
96559.9
96725.2
96732.9
96986
97104.4
97278.7
97315.2
97603.4
98111.3
98135.2
98293.2
98843.1
98954.6
101434.3
101612.1
101661.7
101734.8
101938.1
101986
102011.5
102047.7
102420.6
102607.8
102611.3
102725
103314.9
103439.7
103541.2
103589.6
103667.3
103671.5
103769.4
103951.2
103991.3
104032.9
104195.3
104270.8
104274.6
104393.2
105579.3
105769.7
106675.9
107105.9
107109.6
107134
108373
108476.9
110763
113555.9
113628.2
113635.3
113650.2
113783.4
113875.2
113877
113917.5
113917.7
113960.9
114001.5
114001.9
114071.3
114195.9
114216.1
114255.5
114260
114277.8
114387.4
114404.7
114407.9
114410.3
114426.2
114427.5
114511.8
114532.3
114563.1
114614.3
114648
114797.4
114810.2
114870.9
114878.2
114884.4
114894.7
115034.6
115042.9
115133.9
115135.3
115157.7
115164.7
115176.6
115211.3
115239.9
115260.5
115279.8
115328.2
115331.4
115362.7
115437.9
118102.2
118118.7
118215.7
118239.6
118248.4
118257.5
118344.1
120982.6
121163.5
121173.7
121174.6
121208.3
121238.6
121279.3
121315.5
121334.2
121383.2
121404.5
121415.6
121419.1
121557.8
121592.5
121655.3
121689.1
121821.4
121891.8
121919.1
121944.6
121955.7
121974.5
122003.1
122036.4
122041
122080.9
122101.1
122165.1
122337.7
122345.3
122464.4
122590.8
122616.6
122678
122692.8
122698.9
122700.7
122775.4
122804.7
122892.9
122903.3
122978
122982.9
122985
122988.4
123049.1
123081.5
123093.5
123221.5
123239.1
123247.9
123252.8
123337
123376
123414.2
123479.8
123544.3
123546.6
123598.5
123635.6
123720.7
123811.3
123832.6
123832.9
123866.1
123951.4
123963.1
123983.6
124031.9
124134
124238.1
124252.4
124313.6
124360.6
124367.2
124440.7
124444.1
124521.4
124540.7
124629.4
126086.7
126151.2
126178.7
126185.7
126186.9
126193.1
126365.7
130623.3
130755.5
130803
130886.9
131067.7
131219.4
131238.7
131262.4
131310.3
131324
131344
131379.1
131380
131412.1
131418.2
131434.4
131471.4
131730.3
141037.4
142113.9
142592
142638.9
143588.9
153451.3
161266.4
161454.9
161637
162780
162837.3
162882.1
162943.3
162985.3
162997.8
163071.5
163121.6
163162.4
163175.3
163200
167152.8
168468.9
169227.7
169403.3
169457.9
170042.7
173968.2
173975.1
174135.4
174163.3
174204.5
174205.1
174208.1
174307.4
174327.5
174381.6
174402.8
174542.1
176039.4
176636.6
176702
176742.4
177279.4
177625.7
177644.2
177680.1
177739
177770.3
177925.6
178097.4
178122.6
178124.9
178272.1
178346.7
178443.4
178493
178507
178595.7
178643
178650.5
178665.1
178687.3
178860.1
178906.4
183259.8
184281.9
188427.1
188427.3
188689.6
188905.7
193551.2
193578.4
193635.2
193705
193721.9
193733.9
193763.8
193787.8
193794.9
193867.7
193941.3
193945.4
194008.5
194993.2
195024.4
195049
195066.3
195098.5
195143.4
195171.2
195202.8
195254.9
195269.5
195869.2
195977.5
196029.6
196041
196058.8
196062.3
196089.4
196176.6
196193.2
196256.5
196330.2
196335.7
196521.8
196595.1
196636.6
196767.4
196781.3
196814.6
196878.1
197115.4
197118.5
197234.8
197313.1
197329.6
197342.6
197362.7
197376.8
197423.7
197434.1
197450.2
197500.8
197516.5
197596.9
197608.1
197728.4
197910.3
197992.6
198011
198019.6
198151
198368.5
198406.4
198536.4
198599.8
200330.3
202453.1
202559.4
202608.9
203555.7
203910.2
207984.7
210501.2
210673.1
210681.9
210839.1
212684.7
212774.3
212792.3
212860.4
212925.1
212935.5
212962.6
213416.7
215062.7
215145.3
215150
215164.3
215330.3
215398.1
215442.2
215635
215843.6
215916.7
215943.8
215955
215992.7
216031.4
216060.7
216078.2
216101.4
216103.4
216104.7
216123
216189.3
216200.3
216280.4
216300.5
216359.2
216377.1
216403.7
216420.3
216508.3
216625
216709
216773.9
216810.1
216822.5
216834.2
216845.3
216864.2
216876.1
216920.2
216970.7
216990.5
219220.9
219274.9
219382.6
219487.6
220894.5
220960
221372.9
221824.9
222004.4
222038.3
222197.9
222822.9
224207.5
224291.8
224346.1
224535.8
224558.2
225078.1
225144.8
225314.9
225328.4
225398.5
225429.4
225431.3
225478.5
225575.3
225589.1
225600.7
225602.9
225632.1
225675.6
225728.5
225745.5
229386.5
229583.6
229695.2
229824.6
229832.3
229838.7
229850.5
231879.4
231965
232070
232099.4
232174
232199.6
232211.2
232252.7
232280.5
232286.9
232301.6
232316.1
232316.2
232338.6
232409.2
232414.9
232428.9
232444.4
232468.8
232541.5
232571.1
232608.7
232801.7
232816.2
232823.1
232844.9
232870.3
232921.6
232946
233011.7
233167.3
233238
233351
233601.8
233631.7
233638.7
233679.5
233680.4
233714.4
233767.9
233812.8
233813.6
233919.2
233927.3
233998.1
234957.2
235084.1
235091.6
235147.1
235148.5
235173.4
235199.3
235230.5
235274.9
235318.4
235387.3
235395.2
235411.4
235619.3
235640.5
235664.1
235671.7
235718
235796.1
235839.3
235851.2
236014.8
236030.2
236559.5
236583.6
236866.4
236945.1
237941.6
238279.5
238432.7
238452.8
238759.3
238923.2
239100.6
239177.1
241572.1
241819.1
243866.9
243886.7
243983.8
244023.7
244081.8
244111.2
244189.5
244629.9
245289.3
245418
245555.2
245603.4
245649.5
245913.1
246118.5
246153.3
246175.1
246208.6
246219.9
246322.9
246368.2
246419.9
246598.9
246614.9
247315.7
247336.3
247450.5
247519
249466.5
249535.3
249548
249669.7
249736
249760.2
249868.8
250025.9
250059
250727
250919.1
250957.2
251127.8
251160.3
251226.9
251262.8
251423.4
251703
251765.7
252084.4
252139.1
252141.9
252295.9
252338.8
252446
252554.3
252728.3
258764.3
259165
259259.7
259306
259306.2
259336.4
259972.3
260064.5
260099.8
260270.8
260280.3
260301.5
260316.7
260463.4
261648.5
261751.2
261949.7
262478.7
268753.4
269992.2
270049.9
273061.5
273109.2
273154.4
273301.1
273403.5
273629.2
273660.3
274007.2
274807.1
274965.5
275152.9
275212
275228.4
275328.4
275353.2
275410.9
275451.1
275555.2
275562.5
275566.4
275670.6
277086.9
277418.5
277630.3
277698.7
277707.3
277782.5
278706.5
287736.4
287812.4
287864
288218.7
293032.6
294736.8
294772.9
294830.4
294870.3
294924.5
295017.9
296714.7
297000.4
297202.4
297242.9
297382.2
297436.3
297475
300719.9
300813.6
301220.7
301224.5
301276.1
301276.4
301376.6
301390.1
301407
301451.8
301491.3
301550.4
301756.1
301782.8
303337.4
303343.1
303452.3
303578.7
303646.1
303698.7
306377.7
306435.8
306453.5
306478.8
306558.3
306641.8
306949.3
306961.4
307050.5
307082.2
307126.7
307316.1
307399.1
307450.6
307463.9
307683
311173.2
311234.5
320824.3
320869.6
320914.2
321123.2
321318.3
321420.5
321866.5
322174.2
322278.6
322326.4
322342.3
325611.3
325634
325638
325640.6
325694.3
325717.5
325757.9
325779
325994.9
326029.9
326147.2
329704.6
329769.1
329787.9
329822.6
330017
330242.3
330245.3
331515.9
331976.9
332536.3
332558.1
332845
332875.1
332992.9
333118.6
333196.5
333504.4
333685.4
338329.5
338663.8
338750.4
338813
338836.8
338933.3
339000.7
339016.1
339024.6
339049.2
339131.5
339174.4
339195.2
339240.8
339284.6
339351.3
339379.8
339470.6
339535.9
339712.9
343998.2
344065.4
344072.9
344205.8
344289.1
345959
345974.2
346088.5
346304.7
346317.2
346370.1
346473.9
346568.3
348034.5
348076
348259.8
348368.4
348390
348411.8
348480.4
348487.6
348632.6
348642.9
348651.2
348699.1
348717.5
348729
348882.1
348946.2
350067.3
350335.3
350390.6
350613.8
350646.7
350669.1
350698.6
350711.2
350789.4
350946
354691
355161
355455.9
355511
355817.4
355829
355957.5
355997.5
356177.5
356229.5
356250.3
356277.2
356290
356323.5
356445.9
356479.4
356556.7
356563.6
356594.9
356607
356624.9
356629.1
356658.9
356727.1
356750.4
356819.8
356948.3
357068.9
357080
357122.9
357125.7
357195.9
357218.2
357251.2
357270.8
357306.3
357417.5
357431.2
357495.5
357505.6
357520.6
357545.7
357598.2
357631.9
357691.2
357869.2
357872.1
357874.3
357901.3
357947.6
358179.8
358237.8
358284.6
358289.7
358422.2
358446.9
358455.1
358548
358732.3
358849.2
358860.8
358884.7
358983.3
359028.6
359031
359050.5
359066.9
359067.1
359123.9
359136.6
359186.1
359233.4
359254.6
359283.9
359456.9
359630.6
359680.6
359685.4
359694.5
359711.4
359846.9
359872.2
359892.1
360060.8
360095.4
360139.6
360182.8
360219.7
360356.6
360399.3
360481
360522.5
360582.3
360655
360720.2
360775.5
361083.8
361167.5
361257.2
361271.3
361443.9
361526
361614.7
361690.5
361721.7
361731.7
361888.9
361998.6
362084.4
362169.7
362208.1
362289.7
362299.4
362418
362439.9
362484.5
362487
362540.9
362622.2
362778.1
362837.2
362938.8
362988
363288.6
363788.2
363804.3
363868
363921.8
364363.4
370135.8
370168.3
371384.7
371603.6
371819.9
371842
371950.9
372027.1
372060.7
372081.9
372142.5
372210.1
372227.8
372276.8
372293.7
372383.5
372462.9
373057.9
373128.8
373142.9
373296.3
373301.6
373315.6
373353.4
373396.3
373405.5
373410.5
373511.6
373524.5
373608.7
373659.5
374721.3
374773.5
374782
374913.5
376201.1
376591.4
376606.8
376793.3
377197.7
377659.4
378211.7
378305.6
378662.1
378769.6
378874.2
378952.6
379022.6
379093.6
379361.7
379521.2
379765.2
379881.8
380046.8
380555.3
380692.6
380992.4
381221.3
381246.5
381371.3
381895.5
382127.2
384214.8
384572.6
389442.6
389539.6
389719.4
389748.1
389763.4
389772.2
389790.7
389878.4
389901.3
389906.2
389931.4
389995
389999.8
390076.6
390080.6
390161.3
390196.3
390241.5
390273.7
390324.9
390354.7
390357.6
390399.2
390457.9
390460.9
390489.7
390519.2
390598.5
390627.9
390631.1
390641.7
390661.5
390683.9
390884.3
390955.4
391005.4
391050.3
391121
391123.8
391220.2
391296.2
391398.8
391552.4
391569.8
391571.1
391605.5
391610.9
391654.8
391676.4
391831.2
391886.4
391898
391911.9
391992.9
392079.3
392105.7
392168.6
392217.2
392304
392437.2
392440.5
394154.4
395590.6
399285.2
399335.3
399347.1
399395.9
399529.3
399682
400028.8
401540.8
401740.2
404953.8
405036.3
405279.4
405416.8
405607.6
405717.7
405760.9
405837
405857.5
405861.3
406102.3
406343.5
406355
407553.7
408870.7
409037.3
410517.2
411093.7
412080.9
412188.3
412252
412277.9
412303.2
412331
412350.7
412383.5
412408.1
412408.8
412456.9
412510.5
412554.9
412676.2
412730.4
412840.7
412877.1
412927.5
412939.8
413006.8
413094.3
413114.2
413156.9
413169.1
413169.9
413229.7
413309.3
413486.5
415039.1
415484.5
415562.1
415829.4
415982.1
416001.9
416084.4
416091.7
416210.9
416242
416246.2
416351.8
416388.8
416439.8
416451.2
416480.2
416513.9
416672.5
416674
416709.5
416777.8
416812.5
416866.1
417434.3
417527.3
417626.3
417945.5
417987.8
418027.1
418077.9
421752.1
423441.8
423591.4
423647
423774.7
423825
423879.1
423880.3
423975.9
424067.1
424108.4
424149.9
424213.3
424338.1
424362.9
424404
424437.5
424478.1
424490.2
424518.6
424689.2
424760
424801.6
424890
424892.2
424924.1
425068.5
426158.8
426273
427994.5
428010.1
430161.2
430185.2
430237.2
430347.4
432419.3
432664
434592.9
439532.1
441545.2
441758.6
442728.8
442756.3
442918.2
443038.9
443159.3
443176.5
444255.1
444380.8
444397.5
444426.3
444482.8
444608.5
446552.2
446723.8
446759.5
446795.5
446804.2
446823.5
446911
446918.9
446991.8
447085.8
452133.4
452158.8
452284.1
452296.7
452375.8
452404
452429.9
452459.1
452537.1
452586.2
452592.7
452619
452631.5
452725.8
452731.4
452863.7
452918.9
453064.4
453126
455433.4
455619.4
459743.9
459764
459794
459892.6
459933.6
463935.5
463944.5
464782.2
464983.1
465534.9
467709.2
467942.5
468010.9
468092.1
468108.8
468267
469064.5
469088.8
469109.3
469448.8
472486.8
472569.3
472640.2
472675
472898.6
472928.8
472971.3
473015.2
473071.7
473090.4
473116.1
473150.8
473166
473209.6
473292.8
473351.8
473367.7
473522
473535.6
473551.1
473587.7
473916.1
473989.6
474225.2
474272.4
482508.7
483724.8
484297
485498.3
485789.9
485810.7
485928.8
485998
486200.3
486252.4
486331.3
486346.9
486579.9
486581.3
487156.3
487169.7
487235.8
487241.5
487443.3
487922.7
488124.9
488444.2
488687.4
488721.6
488810.4
488939.7
489040.2
489139.4
489466.5
489511.4
489528.6
489647.1
489800.8
490411.8
490833.1
490857.6
493427.6
494410.7
494736.7
494813.5
494890.8
495363.8
495646.3
495669.5
495979.8
496113.4
496249.1
496497.9
496574.2
496903.2
497767
498096.4
498128.6
498285.8
498478.7
498898.4
499035.2
499048
499276.5
499442.7
499657.2
500000.8
500041.5
500050.6
500114.9
500121.8
500191.3
500508.6
500511.7
501296.8
501610
501635
501778.5
501790.6
501996
502024.8
502688.7
502862
502987.3
503017.9
503988.2
504131.1
504220.2
504885.5
506388.7
506447.2
506953.9
507024.8
507049.4
507174.9
507214.5
507227
507234.4
507350.5
507379.6
507430.1
507542.8
507579.2
507595.2
511824.8
515126.4
515547.6
515758.9
516002.7
517304.8
517408.7
517621.7
517773.1
518006.8
518082.2
518143.6
518155.4
518198.3
518202.6
518210.9
518246.7
518296.5
518304.1
518354.4
518387
518427.8
518489.4
518508.7
518564.3
518673
518729.4
518802.2
526526.5
526693.2
526834.7
526947.2
527122
527194.6
527235.6
527277.4
527289.6
527305.3
527311
527359.2
527387.7
527460.1
527733.6
527812.2
530880.7
533272.8
534771.2
534920.7
534931.5
534938
534951.4
535068.9
535075.3
538642
539003.7
539170.2
541124.2
541290.8
541305.7
541333.6
541693.1
541767
542152.8
542158.8
542211.4
542354.9
542402
542529.2
542556.6
542627.1
547176.6
547216.7
547583.6
547655.3
548552.7
548586.3
548644.1
548700.5
548709.5
548777
548780.2
549563.6
550637.9
550683.6
561548.9
567414.5
567613.1
567658.5
567769.5
571442
575501.5
575602.9
575660.8
575685.8
575700.6
577713
577860.1
577874.6
577896.2
577903.3
577921.6
578005.5
580233.9
580288
580583.5
582779.7
582837.3
584212.6
585269.5
586357.9
586582.9
586642.8
587174
587213.7
587306.8
587341.2
587419.8
587468.7
587488.4
587558.6
587648.7
587655.5
587707.3
587733.6
587801.1
587814.2
587846.9
587868.7
587955.5
588035
588077.3
588091.3
588131.4
589533.4
590487.5
590510.8
590517.2
590555
590574.2
590592.3
590592.6
590597
590671.1
590705.2
590727.8
590734.8
590761.3
590805.3
594714.7
594929
595879.4
595915.1
595973.7
596005.7
596016.5
597284.1
597601.2
597655
597719.5
597730.7
597751
597781
597928.7
