1319.4
1602.7
1651.4
1701.5
1777.1
1840.7
4678.8
4852.9
4892.3
4978.3
4982.4
5070.1
5164.9
7825.1
7947.1
9207.2
9598.7
9803.2
12241.5
12332.4
16050
16213.6
16296.5
16306.5
16368.4
16575.2
16624.3
16666.3
16706.5
16806.3
16950.1
16950.4
16957.4
16998
17082
17089.2
17119.5
17195
17227.9
20885.9
20916.3
20950.9
21036.5
21106.1
21166.8
21217
21312.6
21322.7
21424.2
22510
23721.3
24315
24622.2
24853.7
24952.6
24983.8
25063.5
25227.8
25421.7
25925.6
25961.4
26071.4
26561.3
26696.4
26831.6
27004.2
27170.2
27254.5
27713.3
28138.7
28377.5
28450.4
28666
28733.6
28786.4
28907.8
29347.3
30285.3
34583.5
34962.5
35121.6
35192.2
35198.4
35346.5
39089.9
39249.7
39304.3
39549
41738.4
41747.4
41877.8
41885.4
41938.3
42046.1
42092.3
42108.8
42128
42200.7
42246
42261
42299.4
42308.6
42525.4
42566.9
48407.6
48608
48675.9
48854.2
49078.5
49342.6
49413.5
49518.3
50057
50119.9
50200.2
50263.6
50308.3
50334.9
50364.2
50375.7
50429
50560.2
50573.1
52618.5
56439.6
56479.1
56601.5
56708.7
56721.4
56736.5
56754.6
56783.5
56804.8
56832.1
56851.2
56945.7
56992.7
57026.6
57036.5
57116.7
58058.6
58255
58853.2
60374.8
60484.2
60561.8
62247.9
69004.3
69448.7
69478.6
69479.7
69483.6
69487.4
69490.9
69641.8
69682.9
69693
69702.4
69753.7
69772.4
70067.6
70094.3
73799.6
73809.8
73895.6
73928.7
74151.4
74152.4
74332.3
74547.3
74594.8
74653.3
74717.2
74733.9
74820.9
74902.2
80712.3
81549.5
90697.2
90770.7
91037.8
105938
106061.2
106233
106266.2
106358.1
106397.5
106399.2
106448
106474.5
106474.9
106482.7
106509.6
106563.5
106581.2
106584.5
106611.5
106616.5
106625.3
106661.6
106674
106687
106717.2
106750.3
106769.2
106833
106922.2
107020.2
107046.8
107100.2
111509.4
111800.1
111869.5
112011.2
112017.8
112018
112129.4
112131.5
112173.2
112236.2
112264.3
112303.5
112364.3
112389.5
112419.1
112435.7
112465.3
112468.7
112500.3
112584.9
112588
112629.9
112715.2
112816.3
112817.9
112911
112922
112942.3
112943.5
112984.4
112986.6
113031.1
113039
118207.9
118272.1
118475.1
118500.6
118515.8
118574.4
118581.6
118582.2
118759.6
118774.8
118781.2
118782.5
120953.4
125792.9
126479.4
126567.9
126666.4
126677.1
126799.8
126820.6
126877.9
126916.4
127066
127066.9
127257.9
127310.6
127921.2
128065.5
128220.1
128465.1
128653
128698.8
128818.6
128860.5
128871.2
129269.6
129317.6
129376.4
129427
129711.5
129747.6
129789.4
129870
129953.8
130017.2
130087.4
130186.4
130318.8
130358.8
130404.9
133874.9
134344.7
134433.3
134539.8
135142.6
135162.6
136867.5
136872.5
137918.3
138426.7
138595.2
139097.5
139341.6
139739.2
139915.5
139918.4
139979.6
140041.1
140130.8
140154
140231.2
140685.2
140734
140762.4
140790.4
140898.4
140983.5
141076.2
141087.3
141160.2
141181.6
141325.7
141395.9
141548.6
141662.5
141941.4
142234.9
142343.8
142681.2
142694.7
142917.7
142956.3
143131.6
143174.3
143256.6
143320.3
143396.8
144113.5
144245.3
144339.4
144514.4
144517.8
144576
144591.6
144643.6
144769.1
144799.8
144844.1
144865.2
144933.4
144939.3
145065.6
145089.7
145156.2
145385.5
145408.6
145529
145586.7
145670.5
145696.8
145805.3
145825.6
145828.2
145830.3
145844.1
145844.4
145863.9
145891.1
145898.2
145913
145919.9
145974.6
146069.8
146089.6
146114
146141.7
146190.6
146206.2
146222.4
146229
146266.3
146301.8
146310.9
146362.2
146403.3
146412.7
146494.9
146520.4
146584.1
146601.5
146719.1
146721
146799.2
146849.4
146873.3
146879.3
146883.3
147087.3
147094.5
147185
147230.8
147260.9
147268.1
147285.9
147352.4
147362.4
147417.6
147456.3
147457.1
147496.8
147547.1
147574.9
147628.2
147644.8
147671.5
147696.2
147831
147864.4
147870.3
147920.1
147970.5
147974.1
148005.6
148015.5
148030.1
148031.5
148166.6
148310.4
148366.1
148487.6
148511
148515.2
148561.5
148579.3
148613
148697.4
148701
148711.6
148732.8
148750.4
148835.3
148901.1
148917.4
148940.8
148941.1
148959.9
148961.2
148991.8
149030.6
149081.8
149087.8
149181.6
149193.4
149210.4
149253.7
149277.2
149374.7
149384.6
149442.8
149513.1
149534.5
149577.7
149597.5
149669.2
149673
149728
149821.8
149902.3
149915.7
149989.6
149999.6
150029.8
150050.4
150147.8
150149.1
150176.3
150235.4
150289.7
150311.3
150421.6
150434.2
150467.7
150494.4
150564.4
150685.9
150719.2
150742.1
150750.2
150811.1
150830.1
150843
150872.8
150945.3
151060.9
151063.7
151096.9
151111.1
151188.7
151190.2
151205.6
151265.6
151301.4
151302.1
151319.9
151401.5
151449.1
151478.2
151480.5
151581.7
151683.2
151730
151740.1
151740.6
151821.4
151822.5
152018.2
152095.5
152209.9
152218.4
152248
152267.1
152349.3
152423.7
152434.9
152443.2
152563.6
152611.4
152640.5
152718.4
152816.1
152890.2
153104.6
153110.1
153127.2
153149.6
153176
153198.6
153260.1
153270.6
153336.5
153429.7
153535.9
153608.5
153623.7
153629.6
153638.1
153642
153676.9
153686.7
153811.3
153850.1
153866.9
154014
154022
154022.3
154064.4
154203.2
154225.4
154236.9
154297.7
154303.3
154305.5
154331.6
154350.8
154411.7
154547
154563.4
154667.6
154716
154761.9
154766.9
154793
154834.5
154982.5
155033.8
155064
155076.2
155081.9
155102.4
155149.3
155151.7
155208.8
155266.9
155369.4
155411.3
155456.9
155474.4
155482
155491.7
155527.8
155573.9
155733.6
155828.6
155855.9
155869.3
155870
155886.4
155899.9
155907.7
155942
155963.1
156015.3
156078.7
156079.9
156134.2
156154.4
156160
156181
156181.1
156188.8
156264.4
156348
156375.3
156415.3
156553.2
156557
156662.5
156706.2
156719.6
156727.8
156843.6
156914.8
156983.9
157142.2
157158.8
157182.1
157252.1
157254.2
157343.1
157380.4
157394
157394.6
157475.4
157502.9
157534
157615.1
157637.2
157647.4
157657.9
157762.3
157857.9
157865.6
157916.3
157921.7
157941.9
157986.7
157999.6
158073.6
158091
158396.2
158457.8
158528.2
158591.4
158646.4
158663.1
158724.9
158748.3
158763
158775.9
158787
158834.1
158842.7
158882.2
158935.5
159159.2
159230.4
159472.7
159508.3
159627.2
159753.7
159756.1
159774.6
159776
159824.9
159855
160146
160230.6
160292.1
160331.2
160360.9
160542.2
160654.2
160655.6
160908.6
172529.2
172716.7
173088
176022.8
176330.4
176473.1
176691.2
176867.4
176939.3
177419.7
183598.8
183623.1
183675.4
183764.9
183790.8
183892.6
183900.8
183905.2
184025.6
184038.2
184261.5
184286
184417.9
184547.8
193342.4
193639
195871
197203.8
197530.8
198815.5
198866.8
199012.2
199034
199041.3
199136.9
199157.3
199239.9
199259.9
199329.4
199342.2
199361.1
199485.3
199488.5
199507.3
199531.8
199627.1
199641.2
199652.5
199672.5
199680.6
199777.9
199856
199912
199973
200030
200054.4
200066.3
200077.7
200115.6
200194
200220.5
200278.8
200289.5
200304.4
200331.8
200367.2
200422.2
200446.7
200484.7
200530.2
200543.1
200566.2
200605.1
200663.7
200710.5
200811
200850.7
200918.3
200931.4
200982.1
200982.8
200995.6
200997.3
201152.3
201203.6
201240.3
201279.6
201285.1
201341.8
201366.4
201379.8
201383.7
201439.7
201447.7
201471.7
201476.9
201489
201501.9
201637.1
201744.4
201821.3
201836.1
201906.4
201907.1
201912.7
201913.4
202141
202142.5
202206.6
202273.8
202342.8
202350.7
202353
202384.1
202463.5
202496.9
202519.7
202585.1
202632.3
202706.1
202711.7
202783.8
202800.9
202825.3
202830.8
202891.3
203079.7
203180.9
203256.5
203321.8
203346.2
203400.1
203463.4
203483.4
203492.2
203518.5
203545.8
203590.5
203648.9
203666.6
203693.9
203890.1
203900.7
204009.8
204045.3
204076.4
204115.3
204124.8
204166.6
204197.6
204201.9
204214.1
204305.3
204392.2
204509.7
204699.2
204784.4
204822.2
204870.5
204911.3
204946
205037
205315.4
205322.5
205374.8
205476.3
205597.1
206098.7
206357.4
206537.2
206848.9
206849
207065
207098.6
207111.1
207369.1
207592.3
207873.9
208499.9
209732.5
209755.1
209790.5
209852.6
209891.6
210109
210116.9
210136.9
210147
210147.2
210202.3
210252.5
210272.2
210279.1
210294.4
210316.2
210405.1
210414.1
210458.8
211113.8
211897.7
213006.3
213417.8
213426
213771.5
213884.3
214060.9
214153.5
214409.3
219410.4
223423.6
223577
223759.9
223956.7
224104.3
224237.6
224238.5
224249.2
224305.6
224381.9
224556.1
224823.6
224823.8
224890.6
224965.3
225042.4
225158.3
225218.5
225462.3
225479.1
225817.8
231726.1
235888.2
238478.7
238924.6
239181.3
239361
239803.9
239884.5
239979.3
239994.7
240055.8
240057.9
240107.9
240113.4
240264.5
240341.1
240344.1
240361.9
240407.6
240428.8
240458.6
240527
240558
240671.9
240707.3
240716.5
240722
240741.8
240847.1
240858.1
241257.6
241294
241328.7
241330.1
241330.8
241358.2
241367.1
241447.1
241512.5
241540.4
241700.7
241752.7
241783.9
242142.2
242369.9
242372
242449.7
242480
242500.2
242614
242663.2
242713.3
242739.8
242811.5
242834
242840.6
242922.1
242996.8
243056.2
243056.3
243135.4
243250.8
243354.1
243412.4
243697.1
248305.4
248648.8
248720.7
248822.9
249053.7
249161.4
251636.2
251663.7
251977.7
256086
256500.2
256603.1
256683.6
256746.3
256860.4
257127.2
257192.5
257220.2
257248.9
257301.8
257329.2
257568.3
257726
257811.2
257880.7
258141.6
258187.8
258189.3
258227.4
258297.8
258402.1
258658.6
258717.8
258850.8
258890.2
258924
258930
259072
259095.5
259248.7
259502.7
264025.2
264057.4
264106.2
264497.5
264545.6
264590.3
264647.4
264721.8
264785
264796.9
264822.9
264829.4
264895.2
264904.2
264918.5
264925.9
264941.9
264947.9
265091.4
265150.4
265161.1
265171.9
265208
265255.1
265263.1
265279.3
265279.4
265296.3
265406.5
265512.3
265578.3
265582.3
265596.5
265620.1
265701
265781.5
265849.7
265938
265979.1
266045.5
266047.2
266146.3
266156.3
266174.2
266229
266242.5
266305.4
266348.8
266435.4
266513.1
266519.9
266590.3
266615
266631.3
266662
266683.9
266688.2
266699.2
266702.2
266706
266807.5
266825.2
266934.4
266951.5
267002.8
267019.5
267094.4
267215.4
267254.5
267305.5
267473.4
267561.5
267614.7
267648.5
267747.5
267757.6
267819.7
267838.2
268181.3
268408.1
268718.6
268809.5
274427
274488.9
274505.4
274746.7
274919.2
275016.9
275030.6
275148.5
275210.2
275324.3
275444.1
275462.9
275473.8
275617.3
277142.1
277210.2
277228.8
277290.3
277448
277616.4
277667.2
277706
277868.4
278138.2
278289
283500
284679
285196.7
286693.9
286729.6
286850.9
286897.1
286969.2
287124.3
287151.7
287170.4
287175.4
287244.5
287362.3
287560.2
287597.6
287649.6
287753.9
287857.5
287879.1
288717.1
288718
289010
289803.5
290351.6
292548.8
293336.7
294802.9
294809.5
294886.3
294998.7
295051
295062.8
299006.2
299577.1
300164.1
300721.6
303859.1
304552.3
304695.1
305032.2
305585.7
305959
306951.5
307171.8
308343.8
308401.5
308652.6
308682.7
308789.3
308914.1
308998.6
309127.7
309665.2
309806.4
310675
310868
311064.5
311094
311113.2
311204.1
312700.2
312799.7
312804.4
313159.9
313243.7
313288.5
313358.2
313628
313640.9
313696.9
313722.3
313930.9
314029.6
314041.7
314103.4
314105.1
314284.5
314331.9
314535.4
314601.7
314703.9
314821.3
315325.2
315411.4
315519.6
315609.9
315722.7
315769.4
315789.5
315818.3
315826
315885.1
315900.6
315902.4
315915.6
315982.1
316032.5
316043.9
316091.3
316123.6
316140
316157.4
316271.2
316276.9
316300
316336.5
316367.9
316394.9
316658.7
316679.8
316725
316769.2
316794.1
316796.9
316829.4
316830.9
316840
316849.7
316915.5
316988.6
317041.9
317071.2
317126
317364.5
317395
317530
317531.2
317573.8
317829
317858.8
317935.8
317947.2
317969.9
317970.2
317986.7
318092.4
318269.6
318350.7
318363.5
318440.2
318519.3
318591.3
318601.2
318684
318728.1
318762
318763.3
318821.7
318875.1
318966.9
318997.9
319065.1
319100.3
319246.7
319265.6
319281.1
319282.2
319295.8
319467.5
319471.3
319514.3
319530.5
319560.5
319585.7
319618
319649.8
319664.2
319681
319808.8
319827.4
319838.9
319840.8
319843.2
319874.4
320048.2
320125.2
325917.7
326010.3
326077.4
326143.9
328305.9
328755.5
328904.4
328909
328955
328969.2
329068.4
329089.2
329387.9
332241.9
332323.8
332372.2
332569
332701.8
332760.8
332787
333137.1
333636.2
337182.7
337733.1
337904
339859.6
340362
340417.7
340922.4
341438
341479
341522.4
341662.9
341694.9
341744.9
342015.6
347303
349161.6
349457.9
349532.5
349590.8
349859.7
349908.8
349981.4
350082.8
350389.8
350847.1
350886.8
353410.4
353436.6
353442.7
353472.8
353693.2
353771.5
353791.6
353874.8
367342.6
367770.5
367934.2
370015.3
370790.3
371111.1
371162.7
371464.3
371577.2
371593
371803.4
371870.1
371954.1
372068.8
372072.8
372186.4
372255.3
372313.9
372334.1
372393.7
372415
372491.2
372505.3
372578.3
372639.1
372823.1
372827.7
372859.9
375668
376055.5
376395.7
376737.4
376952.8
377105.1
377167.9
377252.4
377284.6
377540.1
377791.3
378157
378264.5
378344.3
378482
378645.7
378668.2
378767.8
378838.4
378919.1
379079.5
379178.6
379286.1
380036.4
380487.9
381037.6
381616.7
381646.9
381718.5
381794.6
381891.8
381988
382092
382300.3
382310.3
382544
382560.6
382612.8
382617.7
382637.4
382661.5
382689.9
382700.1
382783.2
382888
383021.5
383645.5
383743.4
383773.2
383858.9
383888
384138.9
384193.3
384262.1
384280.5
384560.2
384610.4
384696.5
384765.4
384922.9
384929.5
385127.1
385130.6
385379.2
385502.3
385657.7
385671.8
385719.1
386157.3
386159.8
386183.3
386218.8
386456.8
386581
386793.1
386967.9
386983.5
387104.9
387129.3
387316.8
387322.1
387574.6
387631.8
387713.6
387750.8
387988.1
387996.2
388030.3
388173.2
388408.5
388643.6
388756.8
388772.5
388878
388913.5
388928.7
388994.2
389011.8
389428.2
392078.2
392460.1
392518.6
392566.4
392686.3
392692.5
392739.4
392818.4
393011.2
393208.9
393316.5
393527.9
393648.3
393652
393876.8
394031.3
394074.2
394089.4
394097.3
394221.9
394264.4
394421.5
394455.1
394512.6
394695.9
394744.6
394763.1
394790.8
394960.5
395250.8
395345.9
395353.7
395363.5
395378.1
395403.1
395494.6
395527.3
395539.1
395562.9
395750.4
395781.4
395850.1
395877.3
395958.1
396085
396194.8
396328.1
396334.5
396500
396606.8
398171.9
399710.1
399891.5
400161.4
400274.8
400464.8
400609.3
400650.4
400682.7
400905.1
401078.4
401225
401231.1
401290
401306.2
401438.2
401649.3
401759.2
401769.3
401825.5
401912.6
402004.8
402031.5
402310.2
402334.1
402623.6
402699.5
403015.9
403422.7
403494.8
403697.2
403803.6
404200.4
404428.9
404713.8
404774.3
405075.7
405323.2
405327.7
406362.3
406760.2
406773.4
406887.5
407013.4
407246
407337
407425
407504.1
407891.1
407965.4
407988
408085.9
408367.3
408378.3
408488.4
408689.9
408716.7
408869.3
409325
409459.8
409484.3
409569.9
409655.7
409804.3
409805.5
409892.9
410163.5
410352.5
410611.5
410760
410910.2
410955.1
411007.4
411032
411054.4
411328.7
411337.7
411899.2
415511.2
415593.3
415758.5
416477.3
417155.7
417748.8
418663.5
418819.5
419043.4
419754.9
419817.4
419831.4
419851.1
419947.9
420001.8
420004.1
420015.6
420077.9
420087.2
420105.9
420209.4
420251.2
420270.3
420325.5
420417.3
420420.1
420484.2
420563.8
420668.9
422752.2
422786.9
422900.4
422960.1
423070.9
423159.3
423484.4
423583.5
423631.3
423916.5
424038.4
424040.9
424058.7
424076.8
424095.7
424109.5
424291.9
424369.1
424392.3
424416.4
424497.7
424499.8
424594.5
424747.6
424751.5
424876.7
424897.6
430501.3
433150.5
435081.6
435144.9
435631.8
437997.7
439249.3
439386.7
444843.4
445869.8
445958.1
446092.4
446103.8
446219.1
446280.2
446324.6
446326.9
446340.1
446359.8
446394.3
446416.5
446422.5
446432.7
446509.5
446581.5
446598.1
446645.7
446652.2
446666.8
446668.4
446718.2
446781.3
447036.4
447056.1
447964.3
449918.4
450247.2
450348.4
450462.9
450518.2
450633.4
450690.7
450694.7
450695.2
450715.7
450750.5
450806.8
450880.9
450994.7
451382.8
456285.2
458975.5
459414
463854.7
463910.9
463976.2
464058
464125.2
464166.1
464213.3
464333.6
464460.9
464632.1
464715.2
465148.4
468106
469365.1
473535.7
474628.6
474702.5
474774.7
474797.1
474813.7
475067.8
475088.4
475110.8
475285.5
475364
475381.5
475537.2
475563.5
475587.8
475660.9
475661.8
475667.6
475711.7
475768.9
475816.5
476325.5
476548.6
476659.6
476787.8
476863.1
476947.8
477108.4
477217.1
477287
477312.8
477315.4
477387.7
477532.4
477736.7
477975.3
478108.7
478464.6
478709.1
479028.9
479108.4
479448.4
479609.5
479658.4
479777.8
479832.8
480102.9
480109.7
480117.2
480376
480628.2
480809.8
480967.9
481153.7
481408.3
481498.8
481639.5
481672.6
481948.3
482089
482325.7
482412.4
485756.7
486019
486292.6
486635.1
486661.5
486836.2
486848.1
487041.2
487054.7
487385.7
487519.1
487629
487659
487670.9
487881.3
488555.5
489262.4
489263.3
489581.4
490008.8
490662
490811
490814.2
490853.9
491330.4
491381.1
491694.2
491914.2
491952.3
491981
491998.2
492156.1
492340.2
492382.1
492561.5
492729.6
492731.5
492887.9
492967.9
493376.5
493478.1
493643.7
493883.6
493891.8
494063
494113
494174.1
494204.8
494308.2
495186.1
495280.6
495586.3
496684
496758.8
497307.8
497400.5
497679.2
497991.9
498203
498210.5
498258.8
498306.3
498503.2
499160.6
500385.9
500517.8
500896.1
500921.2
501811.8
502436.5
502703.7
502826.9
503047.1
503103
503262.7
503565.3
503889.1
503957.9
504091
504295.1
504313.2
504771.9
504888.5
504901
504996.3
505408.1
505411.2
505445
505522.6
505583.2
505627.7
505837.8
505913
505964.8
506091.2
506390
506436.1
506800.5
507106.1
507808.3
508143.1
508269
508473.8
508566.2
508669.5
509073.6
509158.8
509276
509529.8
509599.1
509845.4
510221.6
510816.5
510889.1
511374.7
512836
513334.3
513560.6
513668
514050.7
514079.8
514168.4
514235.4
514279.9
514385.5
514521.9
515100.3
515199.5
515280
515325.9
515440.8
515445.7
515559
515634.5
515878.9
516047.2
516150.8
516288.3
516362.6
516385.5
516390.3
516483.5
516507.6
516558.6
516567.2
516600.3
516624.9
516651.4
516696.8
516786.2
516855.2
516902.1
516937.4
516948.2
517292.2
528125.4
528667.4
530426.8
531077
531531.4
533817.4
533818.3
533907.4
533915.6
534000.6
534060.2
534162.6
534189.4
534288
536438.1
539314
539349.2
539412.9
539892.1
539910.6
539937.3
540011.2
540103.4
540186.8
540944.8
541008.1
541262.6
541419.6
547795.7
551907.6
552407.7
552892.1
552989.4
553116.9
553247.7
553291.8
553339.7
553346
553371.6
553389.7
553443.6
553443.7
553452.9
553482.6
553515
553588.1
553631.3
553850.5
553875.5
553882.7
554057.5
554073.3
554105
554131.7
554162
554224.6
554292.1
554388.3
554391.4
554469.4
554533.3
554679.7
554788.1
554887.7
554917.8
554950.5
555004.3
555015.6
555031.2
555089.2
555145.2
555157.3
555186.6
555196.7
555226
555245.5
555251.1
555308.9
555483.7
555526.9
555657.2
555702.9
555709.1
555715.1
555761.3
555818
555894.9
555909.6
555925.2
555942.3
555976.6
555976.8
556160.6
556182.6
556186.1
556200.7
556210.8
556241.7
556252.6
556290.9
556353.7
556361.2
556450.2
556494.9
556506.9
556513.5
556577
556578
556614
556629.3
556675.2
556693.6
556822.8
556845.6
556964.4
556974.3
556988.7
557176.9
557223.1
557317.6
557319.1
557330.6
557441.5
557455.9
557497.6
557568.3
557574.3
557653.5
557677.3
557760.7
557801.4
557805.1
557806.6
557821.1
557822
557880.4
557921.8
558090.1
558108.5
558155.5
558159
558168.6
558264.2
558321.3
558480.6
558494.5
558495.3
558563.6
558859
559260.2
559362.6
562592.6
564941.6
565051.6
566162.3
566349
566414
566527.3
566546.4
567874.4
567934.5
568171.8
568375.9
568381.9
568473.2
568613
568617
568621.2
568679
568711.8
568748.6
568814.5
568863.4
568926.2
568930.7
568944.6
568960.8
569019.2
569074.1
569080.8
569137.6
569182.4
569234.9
569240.8
569317.9
569334.7
569390.5
569464.8
569566.7
569786.3
569795.4
570346.8
570447.3
570490.1
570591.9
570756.3
570805.9
570835.8
570848.5
570855.6
570912.9
570926.1
570944.9
571123
571193.9
571322.6
571342.6
576056.4
576061.7
576148.8
576259.7
576402.8
576682
577401.3
582209.7
582673.9
582842.3
582876.8
583141.3
583877.6
583900.4
584117.3
584136.6
584241.7
584497.9
584504.2
584511.3
584951.1
584996.6
585232.8
585254
585362.7
585432.3
585563.3
585643.6
585659.8
585763.8
585765.9
585777.9
585818.3
585858.7
585892.5
585929.2
585961.6
586084.5
586113.8
586143.9
586226.3
586307.8
586357.9
586364.1
586417.5
596200.6
