1273.2
1296.1
1314.1
1391.5
1397.9
1460.7
1480.5
1543.2
1575.8
4423.5
4538.5
4631.1
5080.4
5234.8
7199.4
7217.8
7327.9
7332.5
8301.2
8333.4
8340.6
8382.3
8492.6
8532.4
8607.8
8843.5
8916.7
8983.1
9003.9
9030.6
9095.9
9120.6
9124.6
9147.4
9192.5
9243.9
9255.8
9308.3
9380.9
9510.3
9654.9
9705
9706.1
9715.9
9739.2
9852.3
9894.1
9942.6
9991
10060.1
10074.3
10108.7
10171
10185.8
10248.6
10263.4
10300.7
10372.4
10428.1
10436.9
11293.7
12941.1
12972.4
13073.9
13790.1
13833.1
13861.3
13895.8
13906.2
13965.5
14028.3
14070.3
14421
16881.6
17071.5
17108.2
17126.3
17187.4
17265.8
19796.4
20047.2
20051.2
20066.2
20172.2
20200
20252.2
21829
22662.5
22664.1
23444.3
23534.9
23595
23631.2
23693.8
23724.6
23924.5
25113.8
27326.1
28270.4
34323.3
34415.3
34448.5
34453.3
34457.1
34557.3
38686.9
38799.4
40243.2
40252.9
40284.7
40313.3
40327.8
40428.1
40485.1
40488.4
40519.4
40548.9
40574.8
40610.9
41535.3
41632.2
41688.5
41817.1
41851.8
41882.4
41896.8
41921.8
41925.8
42737.3
42792
43699.2
43716.9
43736.8
43739.3
43808
43824.3
43855.4
43907
43915.4
43919
43988
45302.7
45385.5
45473.4
45488.9
45683.9
45817.9
47711
47782.2
47795.4
47797.2
47829.5
48005.9
48193.4
48226.8
48237.2
48238
48245.3
48365
48382.8
48446.3
48459.6
48503.5
48510.8
48558.5
48638.5
48799.5
48802.7
48817.6
48884.4
48989.3
49036.7
49062.9
49491
49687.8
50193.1
50262.4
52322.7
52990.6
53005.4
53072
53227.3
53268.3
53290.3
53310.1
53695
53844
53937.6
53973.6
54036.9
54118.5
54167.9
54173.7
54194.9
54248.8
54313.6
54395.5
54414.3
55568.6
55666.6
55775.9
55847.4
55876.6
55889.7
56283.7
57002.1
57142.9
57277.9
57312.2
57585.9
58537
58596
58652
58653.8
59522.6
59639.6
59818
59826.5
59849.2
59968.4
60490.5
62909
62946.3
64006.8
64145.3
64322.5
64334.6
64338
64341
64360.7
64366.2
64372.1
64382.7
64484.5
64492.8
64544.7
64562.9
64592.9
64594.7
64605.1
64613
64681.2
64681.6
64713.6
64720.3
64724.4
64725.1
64742.7
64743.7
64762.4
64789.1
64817.6
64866.7
64885.9
65018
65031.1
65063.1
66441.5
66464.6
66476.5
66662.7
66743.7
66787.1
70799.7
71371.4
71410.3
71745.9
71824.4
71860
71893.4
72154.5
75563.7
75570.4
75659.4
75953.3
76032.4
92236.8
92343.1
92385.3
92409.8
92460.2
92715.7
102516.1
102638.8
102656.1
102717.2
111375.7
111406.1
111412.2
111440.4
112763.7
112886.2
112902.1
112917.9
113023.9
113026.5
113050.7
113095.3
113211.4
113231.3
116292.1
116317.5
116947
117131
118257.1
118265
118390.6
118488.1
119181.6
119369.6
119399
119428.8
119501.2
119582
119703.4
121509.1
121594.1
121650
121661
121691
121746.4
121786.7
121800.1
121885.2
122062
122263.6
122607.5
122745
122836.6
122880.3
122982.9
123097.2
123396.7
123635.9
123676.2
123789.6
123859.3
124106.7
124211.1
125579.7
125635.7
125706.7
125840.8
125952.7
125952.9
126234
130337
130423.3
130566.6
130669.4
130677.2
130713.4
130752.3
130791.2
130808.3
130826
130833.9
130952.5
130971
131030
131072
131106.3
135448
137111.9
138196.5
138686
138796.2
141226
141720.7
162518.3
163538.7
163677.1
163782.3
164184.8
166437.8
166453
168272.8
168327.9
172215.2
172292.4
172296.3
172352.8
172368.5
172373.2
172380.5
172571.4
172816.1
173674.2
173692
174917.8
175008.2
175120.8
175123.5
175139.8
175179
175272.9
175310.5
175661.6
175761.4
180119.3
180198.9
181248.9
181305.3
182311.2
182423.2
182427.1
182474.9
182486.4
182540.2
182582.2
182594.4
182649.6
182655.2
182669.9
182677.2
182736.8
182742.5
188724.1
189422.6
189451.8
189464.5
189530.2
189551.8
189608
189686
189752.8
189836.3
189891.5
190144.2
190399.1
190425.4
190434.9
190458.2
190593.2
192378.2
194542.9
194571
195369.6
195880.1
196325.4
196360.8
196362.1
196575.2
196577.4
196640.3
196705.2
196771.6
196825.1
196828.1
196843.9
196910.6
196916.7
196917.4
196990.4
197005.7
197038
197246.7
197256.3
197340.9
197356.8
197397.9
197421.6
197441.6
197566.3
197579.5
197587.4
197632.9
197662
197675.4
197724.7
197737.3
197759.1
197759.7
197807.3
197868.1
197871.4
197887.3
197916.1
197949.2
197950.5
197963.6
197984.4
197991.6
198037.4
198126.7
198166.8
198173.7
198230.4
198238.1
198270.4
198280.6
198323.7
198463
198491.5
198508.8
198748.3
198804.8
199877.1
200082.8
200796.1
201411.1
201457.7
201609.8
201757.3
203014.5
204325.9
204638.4
204816.4
204862.2
204998
205248.1
207967.7
208195.1
208547.1
208605.7
208810.1
208901.1
208918.1
208952.4
208982.6
209880.8
210378.5
210442.2
210455.4
210621.4
210750.6
210777.8
210918.3
211958.4
212001
212176.5
212181.5
212190.1
212209.8
212345.5
212347.6
212406.9
212422.9
212454.6
212469.2
212482.8
212608.1
213232.1
213573.5
213672.8
213705.2
213752.7
213906.1
213922.1
213967.3
214150.7
214233.7
214268.2
218026
218061
218102.6
218106.7
218120.6
218137.1
218233.8
218306
218307.1
218315.6
218324.9
218351.8
218391.1
218403.6
218510.5
218527.1
218549.7
218645.4
218797.1
218859.8
218885.6
218921.8
219056.8
220108.1
220270.1
220400.2
220492.6
220609.2
220687.9
221568.4
221976.6
230175.3
230353.3
230433.8
230587.6
230666.7
231881.7
231894.3
231902.7
232269.7
232315.3
232870.4
232898
233069.3
233212.8
233246.8
233256
233338.6
233356.9
233396.4
233469.6
233506.6
233596.3
233599.1
233674.6
233690.2
233706.7
233723.6
233829.6
233836.7
233934
233990.9
235131.5
239261.9
239394.7
239460.8
239498.2
239581.4
241518.7
241879
241902.6
242204.7
242283.3
242527.8
242541.5
242744.8
242841.1
242865.2
243196
243887.2
243948
244004.6
244016.8
244340.4
244434.3
245513.4
245863.1
246112.4
246419.3
246582.8
246663.1
246714.7
246753.5
246755.1
255738.2
255779.1
255837
255874.8
255879.8
255891.5
255907
256043.9
256265.2
256299.5
256309.5
256512
257647.5
263576.5
263591.4
263653.4
263671.6
263685.8
263697.8
263767.9
263779.8
263810.6
263811.2
263814.6
263821.3
263851.6
263860
263862
263869.7
265257.1
265334.9
265341.2
265446.8
265589.2
265644.8
265737.5
265755.2
265825
265934.1
266384.4
266862.5
267049
267070.8
267113.4
267159.1
267209.1
267274
267478
267591.2
267593.2
267684.4
267841.1
267982.6
268952.1
269493.8
269559.6
269566.3
269574.5
269578.2
269729.3
269752
269868.5
273400.2
273413.6
273596.6
273632.9
273805
273981.3
274017.5
274474.7
274603.5
274825.7
275053.6
275259.2
275337.1
275356.9
275397.8
275521.7
275523.4
275531.6
276063.7
277076.2
277132.2
277161.3
277234.1
277235
277260.4
277283.3
277317.7
277325.5
277439.1
277485.6
277491.8
277499.3
277511.1
277542.5
277569.6
277597.7
277911.7
278816.3
278835.5
279003
279047
279097.8
279856.1
279916.6
279990.2
280151.3
280377.1
280378.5
280454
280520.3
282017.1
282026.3
282051.3
282075.3
282103.7
282259.7
282304.4
282358.8
282379.7
282395.8
282396.4
283176.5
283263.1
283264
283377.7
283387.4
283444.4
283486
283519.9
283556.1
283572.4
283628.9
283664
283679.9
283684.3
283704.9
283728.4
283820
283866.5
283929.6
283934.5
283995.4
284053.4
284096.9
284101.5
284124
284133.3
284157.5
284166.5
284409.8
284435.1
284492.1
284575.5
284595.4
284621.5
284690.5
284709.2
284832.7
284903.8
285134.8
285486.8
286257.3
286574.4
286586.4
286621
286644.4
286657.3
286667
286723.6
286741
303641.6
306569.7
306591.7
306769.7
306817.9
306841
306861.1
306872.5
306902.9
306940.3
307021.8
307065.8
307084.8
307114.2
307119.2
307126
307127.4
307307.4
307369.4
307374.3
307436.7
307464.9
307566.9
307603.5
307705.8
307781.5
307829.2
308263.5
310985.9
311077.4
311127.4
311177.6
311227.6
311236.5
311290
311783.8
311924.2
312021.2
312773.3
312976.8
316096.6
316177.9
316265.1
316657.4
316661.5
316670.1
318462.2
319423.5
319904.9
319918.1
319976.4
320004.6
320005.1
320010.4
320050.4
320096.3
320149
323109
323215.2
323227.3
323266.4
323272.4
323343.7
323349.6
323371.7
323408.6
323511.6
323554.7
323556.1
323664.9
323682.2
323682.6
323790.3
323808.1
323818
323846.2
323861.6
323875.6
323912.8
323966.2
323981
324060.2
324096.7
324269.1
324271.9
324288.2
324397.8
324429.2
324442.4
324521.6
324580.1
324608.1
324632.9
324635.4
324681.8
324743.6
324815.3
324995.7
324998
325014.9
325019.9
325033
325068.2
325102.4
325683
325837.8
325925.9
325943.4
325956.5
325960.5
326057.8
326064.9
326728.4
329477.1
329549
329577.3
329646.3
329697.5
329711
329720.8
329755.5
332573
332584.1
332609.6
332678.5
332723.7
332737.1
332737.3
332848
332879
332917.6
333010.9
335666.8
335739.9
335820.8
336061.1
336207.9
339955.3
339965.1
341137.3
342790.4
342839
342902.8
342958.3
342963.5
342975.2
343071.2
343105.4
343170.2
343278.6
343306.9
343365.7
343389.2
343398.8
345749.7
345875.5
345951.4
346032.8
351252.2
351399.6
352808
352858.9
353085.5
353110.9
353142.6
353189.9
353308.7
353404.8
374515
374587.6
374760.8
374781.7
374813.1
374819.2
374939.7
374996.7
375127.7
375145.1
375193.9
375199.5
375212.1
375323.2
375461.5
375463.3
376452.3
376809.5
378141.9
378414.8
378623.1
380141.1
380947.8
383554.7
384101.2
385558.1
385565.7
385809.8
385814.4
385995.7
386282.4
386358.7
386775.4
386887.1
387138.4
387404.2
387950.2
388122.8
388866.3
388887.2
389244.7
389268
389287.1
389418
389462
389487.4
389512.6
389515.6
389516.4
389556
389646.8
389690.6
389700.7
389720.9
389752.5
389774.1
389833.3
389847.1
389899.5
390309.8
390635.4
390845.5
391102.6
391108.3
391147.4
391216.6
391364.6
391367.4
391415.5
391529.3
391588.9
391655.1
391700.4
391749.4
391808.4
391825.5
391843.2
391844.5
391934.2
392175.9
392187.7
392226.8
392358.9
392563.8
393216.2
397064.3
397111.5
397126.2
397178.7
397216
397303
397330.2
397346
397527.6
397555.3
397573.9
397591.3
397701.1
397767.8
397800
397894.9
397905.5
398010.2
398059.5
398127.4
399540.3
399784
399818.9
399906.6
399916
399941.3
400360.1
400546.4
404950.1
404983.9
405028.7
405065.7
405211.6
405234
405450.9
405573.2
405611.3
405689
405703.4
405865.7
405904.3
405991.4
406011.5
406012.1
406099.1
406127.2
406134.8
406141
406141.8
406164.5
406255.1
406259.1
406262.6
406325.5
406419.3
406472.1
406557.4
406582.4
406589.6
406604.4
406615.8
406616.4
406711.5
406716.4
406788.4
407175.3
407186.2
407252.8
407952.5
408039.2
408103.9
408238.7
408812.5
409162.6
409284.5
409323
409471
409832.8
410230.6
410279.1
410312.8
410315.8
410584.4
410978.4
411140.8
411404
411533.1
411834.8
411930.7
412012.9
412037.9
412142
412202
412257.1
412361.8
412369.1
412430.8
412544.6
412830.7
416056.4
416091.2
416283.6
416445
416482.7
416750.6
416761.1
417047.1
417322.8
417701.9
419209.4
419306.1
421644.2
421673.8
421715.2
421734.6
421757.3
421791.7
421990.3
422024.6
422035.5
422086.2
422105.1
422183.5
422632.3
430333
430416.2
430511.5
430514
430658.9
430724.5
430784.5
430857.5
439113
440418.9
441067.1
441214.9
441327.7
441363.3
441370
441421.1
441449.4
441488
441493.3
441540.3
441545.9
441602.9
441669.9
441757.2
441857.7
442777.9
446134
446448.5
446561.6
446633.5
446802.2
447014.4
447029.3
448899
449128.4
449171.3
449198.4
449214
449214.9
449273.4
449286.7
449337.7
449391.6
449413.4
449414.9
449482
449487.4
449709
453713
453906.4
454050.1
454125.6
454345.7
454490.9
457560
457655.1
457659.7
457670.4
457704
457775.9
457791
457811.1
457813.8
457854.4
457871.1
457899.4
457912.6
457930.4
457950.5
458271.9
458357.1
466634.4
466645.3
466778.8
466805.4
467168.7
468491.7
469902.3
469913.1
469987.6
470543.3
470844.9
472785.2
472940.1
472970.9
472992
473074.7
473269.3
473494.3
473516.3
473628.7
473824.3
473874.6
477406.2
482838.1
482957.5
482982.2
483053.2
483063.6
483093
483106.1
483122.3
483173.3
483230.2
483257.5
483356.8
483360.1
483477.3
483523.5
483524.7
483537
483546.9
483604.1
483726.7
483758
483850.9
483897.4
483906.5
483945.9
484119.8
484146.2
484201.6
484221.9
484243.1
484527.9
486446
486939.6
486949.5
487023.1
487205.4
487509.3
487919.2
487968.8
488070.7
488361.5
488654.7
488760.7
489083.7
489170.4
489295.7
489419.2
490407.9
490464.6
490684.3
490733.4
494814.8
495413.3
495514
495594.5
495762
496041.2
496057.4
496191.5
496383.7
497183
497242.9
497278.5
497436.8
497460.2
497476.8
497516.6
497868.3
498337.7
498368.9
498460.3
498573.1
498601.8
498612.2
499282.6
499692.3
499804.4
499827.4
499832.5
499839.5
500251.4
500327.3
500879.7
501023.6
501390.2
501485.5
501879.7
501897.8
502133.1
502365.9
502635
502686.9
503604.8
503681.9
503970.7
503981.7
504115.1
504350.4
504580.3
504591.7
504696.6
504829.8
506631.8
506808.5
507123.5
507138.2
507244.1
507275.2
507429.2
507519.9
507537.7
507605
507673.1
507675.6
507727.4
507758.4
507759.2
512073.4
512174.8
512414.3
512416.3
512419.6
512443.9
512521.4
520380.6
520536.9
520778.6
520830.9
520889.7
520897.5
520985.9
521020
521033.5
521099.7
521100.8
521143.9
521228.9
521231.9
521499.7
521691.6
521693.7
521765.6
521768.7
521791.4
521805
521896
522020.7
522065.7
522068.6
522091.2
522243.2
522247.1
522268.4
522292.8
522335.2
522355.8
522356.2
522381.5
522411.2
522424.2
522558
522645.2
522705.6
522712.4
522735.7
522923.7
522948.1
522978.4
522979.1
523282.3
523299.2
523379.3
523407.6
523432.5
523466.8
523541.2
523573.4
523690.8
523705.3
523740.3
523807.2
523820.6
523868.6
523951.8
523985
524140.8
524143.4
524203.1
524334.5
524340.3
526640.8
526966.9
527170.5
527201.5
527325.9
531097.2
531258.2
532402.9
532414.9
532565.6
532578.5
532784.8
540340.6
540495
540529.1
540749.3
540878.5
543689.6
544137
544583.9
544642.8
544699.2
544867.7
545161.1
546034.8
546133.1
546306.5
546386
546394.3
546482.6
546577.2
546835.7
549124.9
549241.8
549349.8
550736.5
550839.2
550851.9
550857.8
550894.2
552085.4
552266.3
552271.9
552477.9
552485
552493.7
552750.3
552842.7
552912.9
552967.2
552967.5
553014.9
553022.9
553087.8
553129.3
553147.8
553225.5
553243.5
553246.7
553282.7
553347.6
553363.1
553524.8
553530.8
553619.5
553632
553646.8
553663.1
553672.8
553710.1
553813.9
553896.3
553903.8
553942.2
553969.7
553996
554466.6
554491
554624.9
558105.1
564931.9
566097.3
567785.4
572091
572347
572472.1
572589
572651.1
572656.8
572667
572719.3
572748
572777.4
572805.9
572886.1
573054.8
573066.9
573075.4
573176.8
573202.4
573251.5
573294
573363.8
573376.2
573496.6
573526.3
573577.4
573626.4
573640.2
573640.4
574080.6
574174.2
574240.6
574331.6
574771.6
574849.6
574996
575155.8
575224.6
579561.4
579592.1
579620.5
579660.9
579690.7
579724.9
579745.1
589987.1
589990.5
590075.9
590108.7
590216.1
590855.9
590872.2
590941.2
590981
591041.8
591067.6
591127.3
591273.7
592294.3
592320.7
592736.8
592989.1
593506.9
593576.3
593678.3
593720.9
593736.5
593759.6
593814.5
593820.7
593845.1
593879.1
593918.7
594009.2
594078.5
594112
594161.8
594191.3
594215.2
594353.7
594394.8
597052.3
597470
597917.2
597956.8
598064.1
598166.2
598661.8
598822.6
598921
598971.8
599019.6
599652.1
