1281.3
1581.9
1614.5
1661.3
1671.1
1826.3
1858.1
1923.9
2067.4
2071.7
5151.3
5162.3
5172.4
5296.6
5324.2
5405.8
5447.7
5532.4
5559.8
5963.7
6106.8
6118.3
6230.5
6474.3
6689.8
6810.4
7110.4
7140.6
7965.6
8065.1
8124.3
8165.6
8180
8247.3
8274.5
8334.3
8393
8521.3
8527.5
8562
8594.6
8681.6
8714
8830.1
8908.5
8922.7
8981.3
8990.5
8990.7
9026.6
9186.3
9355.3
9420.8
9487.4
9510.6
9516.7
9650.3
9739.9
9839.6
9907.1
9915.1
9937.4
9956.2
9970.9
10015.7
10056.3
10116.2
10125.1
10343.9
10347.3
10430.4
10436.3
10478.9
10480.9
10638.2
10657.7
10797.5
11165.6
17186.8
17187.5
17255.7
17259.7
17278.6
17329.8
17372.5
17382
17413.4
17470.1
17499.5
17511.2
17549.6
17668.4
17673.7
17722
17731.3
17731.8
17827.5
17901.1
17935.1
17966.8
17979
18004.8
18028.6
18194.9
18263.6
18341.1
18376.6
18582.5
18616.5
19019.9
19317.3
19582.6
21036.3
21106.2
21229.9
21366.6
21399.6
21409.5
24208.7
24311.8
24333
24430.8
24454.7
24509.1
24554.8
24556.9
24835.6
24843.2
25002.7
25083
25105
25410.8
25443.5
25476.2
25614.5
25632.4
25668.4
25721.2
25770.6
26087.2
26167.5
26251.7
26372.1
26456.7
26691.5
26709.4
26825.1
26919.1
26994.2
27148.3
27407.5
27603.6
27627.4
27688.9
27716.2
27740.5
27741.9
27844.5
27997
28016.2
28083.2
28290.6
28312.8
28319.8
28366.5
28453.7
28505.6
28561.5
28625.7
28743.7
28796.9
28909.6
28968.6
28994.8
29066.6
29342.2
30223.1
34168.5
34385.6
34429.2
34432.3
34490.9
34689.3
34916.6
35038
35105.8
35117
39725.1
42129.1
42322.3
42376.5
42453.3
42467.2
42516.1
42599.6
42651.3
42836.4
42910.3
43267.6
48313.2
48467.2
48715.3
48790.4
48857
49037.8
49745.3
50043.9
50096.9
50099.3
50204.5
50282.9
50322.5
50322.9
50380.7
50394.4
50441.2
50461.5
50644
50728.7
50854.2
53344.8
54927.6
55239.1
55385.9
55489.3
55519.3
55570.9
55629.2
55732.8
55740.5
55852.1
56018.6
56082
56157.4
56173.6
56194.2
56383.2
56411
56413.4
56664.2
56795.7
60300.3
60347.7
60355
60381.8
60504.9
60549
60596.6
60616.8
60726.5
60942.4
61414.9
61438
61704.4
61833.8
61841.3
61946.4
61970.5
62044.2
62326.3
62334.1
62401
62416.2
69287.1
69321.6
69552.3
69553.3
69575.7
69580.8
69665.6
71668.7
73981.2
80930.4
83859.4
89866.5
89881.7
90559.9
90603.4
90651.7
90681.3
90795.4
90880.1
90900.5
90947.2
90987.7
90997.3
91055.5
91147.7
91196.5
91207.8
95290.1
96611.5
96625.2
96783.7
97848
98166.2
100888.1
103471.8
104052
104174.8
104259.4
104360.3
104468
105536.9
106040.7
106384.1
106419.3
106523.9
106585.5
106633.1
106670.8
106745.9
106826.5
106885.1
106979.8
106993.1
107245.7
112900.2
112909.9
113095.1
113144.2
113209.3
113261.1
113272.3
113278.4
113342.1
113601.9
113689.1
113894.9
114228.2
114478.8
114668.7
114669.8
114956.3
114993.7
115124.8
115291.8
115318.6
120290.2
120632.8
120651.7
120822.6
121205.2
121207.9
121386.7
121419.7
121480.4
121511.3
121866.6
122077.6
122146.4
122182.3
122184.8
122473.1
122672.7
122841.5
122894.2
122926.7
122946.7
123102.2
123167.1
123251.6
123296.9
123320.5
123518.5
123566.3
123762.8
123767.5
123808.7
123883.9
123912.9
124031
124035.3
124038.1
124139
124262.2
124473.3
124491.3
124525
124605.5
124865.3
127226.4
127587.4
128259.2
128293.3
128297.3
128562.4
128580.1
128612.6
128635.5
128951.7
129395.7
129729.9
129772.7
129816.7
129935.4
129955.6
130010.3
130051
130100.2
130143.7
130197.7
130204.8
130249.7
130276.6
130284.2
130284.7
130302.9
130373.1
130403.8
130444.5
130512.8
130533.6
130650.4
130661.6
130691.5
130723.4
130772.2
130908.1
130909.9
130921.4
131015.8
131023.4
131033.1
131045.1
131157.6
131183.1
131256
131348.7
131499.3
131703.4
131972.3
132538.6
132849.9
132963
133506.9
133606.1
133878.9
134039.7
134447.9
134642.6
138814.9
139650
140151.7
140152.5
140428.9
140637.8
140768
140773.9
140794.7
140842.7
140866.9
140904.7
140989.1
141009.6
141150.6
141163.6
141195.5
141227
141281.8
141364.6
141364.8
141400
141578.1
141621.3
141646.1
141668.4
141673.8
141708.9
141724.5
141789.4
141866.1
141973.8
142002.8
142022.6
142043.5
142063.8
142127.1
142162
142240
142250.8
142361
142370.4
142485.1
142522.5
142553.9
142725.2
142966.1
142987.9
142996.1
143039.3
143039.7
143079.6
143092.3
143132.3
143149.4
143152.2
143198.4
143230.2
143235.7
143279.5
143355.2
143417.3
143564.5
143708.2
143729.7
143847.2
143893.1
143912.6
144000.6
144017.8
144021.5
144054.9
144079
144255.1
144304.4
144317.9
144567.8
144574.7
144577.4
144593.1
144621.5
144685.5
144725.9
144832
145127.2
145257.2
145325.1
145340.7
145375.3
145473.9
145746.9
145871.5
146169.7
146537.6
146684.9
146702
146749
146906
147107.5
147261.8
147455.9
147657.8
147703.5
147707.4
147857.2
147861.2
147884.3
148108.8
148209.3
148251.1
148363.9
148437.1
148651.5
148699.7
148746.5
149069.3
149371.9
149411
149436.7
149700.2
149815
149855.5
150049.3
150152.6
150189.6
150387.3
150425.7
150621.9
150867.3
151225.6
151391.4
151754.1
151988.9
152213.8
153232.9
153314.1
153516.3
153556.3
153614.2
153868.7
153948.7
153959
154076
154094
154619.3
154818.3
155169.3
155217.8
155268
155473.1
155565.7
156210.2
156746.6
156859.8
157011.2
157618.5
157678.7
158098.4
158598.8
159020.3
159200.2
159290.8
159335.5
159403.3
159425.1
159436.5
159444
159487.3
159647.8
159706.1
159968.1
160258.6
160287.9
160723.7
160740.5
175862.2
175966.8
176247.1
176253.6
176280.2
176345.6
176370
176386.8
176762.5
176967.9
176979
176986.9
177075.3
177136.9
177214.6
177238.4
177426.3
177498
177516.3
177529.4
177565.5
177601
177726.7
178561.6
178708.6
178852.3
178981.9
183194.9
183412.9
183506.1
183591.1
183662.4
183681.7
183686.2
183791.1
183937.8
184049
184063.9
184210.5
184713.6
186855.3
186988.2
187584.6
187615.4
195655.3
196197.1
196232.2
196393.1
196402.2
196416.4
196478
196509.7
196526.7
196547.6
196583.8
196587.5
196701.8
196807.1
196858.5
196921.8
197036.2
197077.1
197116.9
197124.4
197207.8
197231.4
197247.5
197253.6
197278.1
197295.3
197301.2
197349.5
197375
197397.2
197462.4
197465.9
197504.9
197595.6
197611.4
197644.1
197683.5
197700.6
197704.2
197739.7
197791.7
197809.4
197902.3
197936.1
197995.7
198033.5
198039.7
198099.4
198113.9
198130.2
198175.2
198233.5
198423.8
198463.1
198684.1
198726.7
198748.5
198755.9
198930.7
198946.3
198976.5
199004.1
199258.5
199334.7
199354.4
199752.6
199983.4
200352.5
201119.9
202182.2
202841.6
202845.3
203097.8
203443
204207.1
204709.2
204732.3
205135.6
205474.3
205568.2
205593.7
205594.7
206175.6
206568.1
206836.8
206936.9
207154.2
207390.6
207860.2
208616.7
209199.5
209920.6
210034.8
210324.3
210443.4
213111
213206.1
213288.4
213304.1
213324.1
213328
213423.2
213471.9
213497.7
213524.7
213588.9
213655.8
213668.4
213669.1
213745
213761
213773.1
213865.5
213915.3
214210.6
214257.7
214305.8
214356.1
214387.3
214389.2
214401.4
214404.4
214405.4
214429
214446.4
214481.7
214526
214532.9
214682
214845.4
214960.2
215008.9
215033.6
215096.7
215206.2
215291.9
215358
215377.8
215444.5
215749.9
216025
216223.1
216312.3
216376.9
216497.3
216516.9
216672.5
216723.9
216782.1
216913.3
216931
216977.2
217054.7
218969.3
219079.1
219239.9
219521.3
222919.1
223297
223353.7
223556.6
223734.2
223755
223873.4
223913.2
223925.9
223931.8
224047
224123.9
224200.9
224391.5
224412.9
224486.4
224530.7
224543.7
224584.2
224584.5
224589
224594.3
224666.2
224723.1
224804.3
224845.5
224873.8
224928.2
224942.8
224943.6
224984.9
224995.8
225004.7
225023.3
225024.2
225194
225322
225401.5
225658.3
225664.7
234185.2
234274.5
234495.1
234636.2
234716.4
234742.3
234827.1
235025.9
235061.6
235111.2
235140.1
235338
235462.7
235499.5
235540.1
235619
235619.5
235784.8
235989
236077.6
236315.4
236515.2
236610.1
236627.5
236628.2
236654.2
236659.3
236701.8
236810
236934
237014.7
238172.5
238290.3
238337.4
238471.8
238608.9
238677
238809.6
239083.6
239154.6
239192.9
239286.2
239332.8
239339.9
239380
239417.5
239434.5
239451.8
239458.2
239511.3
239517.8
239608.6
239720.3
239832
239977.4
240024.2
240051.6
240085.8
240089
240090
240218.4
240279.1
240417.7
240452.5
240453.4
240778.3
241022.1
241100
241148.8
241320.4
242763.4
242814.2
243256.4
247227.6
247370.4
247499.2
247669.2
248145.6
248215.5
250649.2
250849.1
251111.5
251397.5
251525.2
251558.7
251648.5
252074.3
253096.9
255883.2
256114.6
256180.5
256304.8
256543.3
256562.7
256724.7
256866.6
256898.8
257095.7
257100.3
257107.9
257119.2
257239.2
257244
257244.7
257275.7
257291.9
257608.9
257749.8
257751
258168.9
258226
258361.7
258423.2
258446.8
258466.6
258476.9
258501.5
258506.7
258552.2
258681.2
258826.6
258890.7
258904.2
258909.4
258934.9
259222
259231.7
259508.7
264913.1
265889.7
266057.3
266747
267095.7
267170.4
267214.7
267270.1
267312.2
267414.7
267463.2
267810.2
267940.2
267985.5
268067.2
268219.9
268348
268552.8
283212.1
283358.3
283653.7
283898.5
284228.6
284260.6
284483.8
284564.6
284678.8
286694.7
286739.8
286848.6
286899.7
286989.8
286990.5
286994.7
287039.2
287167.3
287253.4
287422
287446.3
288718.5
289545.3
290654.9
292627.4
294245.5
294674.4
294801.3
294976.5
295083.2
298318.8
298954.4
298986.1
299076.6
299179.2
299582.3
299639.9
299662.5
299942.5
299975.9
300034.4
300102.4
300108.1
300316.3
300371.6
300400.4
300407.7
300422.6
300440.2
300445.8
300451.8
300485.3
300497.4
300642.2
300648.5
300714.4
300859.6
300899.7
301218.1
301528
301569.4
301746.9
304647
305004
305020.6
305158.1
305381.6
305382.4
305415.9
305775.1
305776.3
306174.1
306410.1
306411.6
306442.7
306495.6
306562.9
306612.9
306684.5
306690.4
306721.2
306748.5
306772.3
306818.1
306827.9
306838.9
306872.1
306969.6
306994.4
307036.3
307097.8
307099.8
307140.5
307156.9
307281.2
307349.1
307364
307378.5
307427
307453.3
307461.8
307469.1
307560.3
307574.2
307583.8
307597
307607.1
307643.4
307717.7
307794.6
307832.8
307859.1
307893.9
307950.9
308109.8
308201.8
308204.3
308212.2
308228.2
308368.1
308370.6
308447.7
308596.2
308761.6
308785.2
308841.7
311932.2
312390.4
312603.5
312653.5
312701.5
312834.2
312874.8
312917.5
313150.9
313172.7
313797.5
316032
316487.7
316580.8
316811.3
317075.1
317729.6
317896.2
318068.8
318192.3
318315
318666.9
319230.3
319442.2
319810.7
320089.7
320252.5
320267.6
320290.3
320350
320383.1
320425.9
320452.6
320490.7
320506.9
320524.3
320557.7
320588.5
320642.8
320678.6
320776.5
320804.6
320932.9
320980.1
321155.4
321315.5
321457.1
321462.1
321713.8
321815.2
321913.1
321979.1
322123.5
322201.8
322237.1
322295.7
322489.4
322538.6
322561.4
322793.8
324269.4
327099.9
327346.4
327429.6
328089
328138.3
328138.8
328976.5
329016.2
329072.4
336983.8
337169.3
337230
337331.3
337445.5
337455.2
337606.9
337642.9
337731.2
342469
348679.2
349136.1
349158.9
349250.4
349293.9
349342.2
349614.1
349699.1
349733
349771.7
349814.7
349825.5
349906.6
349909
350018.2
350058.4
350095.4
350101.4
350118.4
350172.1
350370.9
350435.4
350658.8
350952.4
352894.8
353049.5
353263.3
353379.7
353494.9
353574.1
353588.4
353641.1
353760
353794.4
353842.8
354024.7
354601.2
354694.8
366189.8
369762.9
370216.9
370240.4
371279.6
371438.8
371456.7
371565.9
371666
371774.2
371873.3
372345
372566
372592.9
372727.4
372810.4
372815.1
372883.8
372952
372988.8
373102.3
373370.1
375807.6
375819.6
376119.5
376175.5
376211.8
376275.4
376303
376364.6
376590.2
376625.6
376756
376907.9
376909.2
376988.8
377186
377258.2
377269.2
377330.4
377591.9
377672.7
377754.3
377762.4
377837
377858.6
377960.7
378094.9
378125.6
378289.8
378314.5
378414.7
378464.9
378600.7
378632.5
378698.2
378824.3
378864.4
378884.3
378960.6
379180.6
379228.5
379257.3
379323.4
379448.1
379475
379479
380104
380219.9
380242.9
380275.7
380415.1
380502.6
380533.5
380664.5
380678.7
380791.7
380827.1
380942.5
380953.8
381109.6
381153.7
381186.9
381374.3
381375.4
381491.2
381494.7
381505.2
381510.8
381555.4
381616
381636.6
381835.5
381893.4
381909.1
381994.5
382027
382151.5
382155.6
382157.3
382179.6
382221
382424.7
382512.3
382524.9
382595.8
382664.7
382744.2
382765.9
382801.1
382853.3
382887.1
382916
382935.2
382987.4
383006.2
383041.2
383068.3
383113.3
383143.5
383210.2
383229.9
383363
383405.9
383492.5
383536.5
383564.1
383576.1
383587.6
383883.2
383892.3
383954.3
384029.3
384150.8
384183.9
384192.5
384261.5
384449.1
384493.9
384508.8
384539.6
384572
384596.3
384603.6
384640.2
384676.3
384717.4
384993.2
385097.2
385322.7
385415.4
385451.1
385487.1
385614.6
385642.6
385696.9
385754.7
385815.5
385833.6
385851.2
386025.6
386113
386138
386140.9
386150.6
386182.2
386187.1
386229.5
386309.9
386353.7
386363.6
386398.2
386425.4
386454.3
386454.5
386466.9
386496.2
386496.5
386510.1
386513.2
386571.6
386590
386599.6
386604.6
386619.7
386979.3
386992.2
387015.3
387028.9
387169.1
387229.2
387285.1
387309.5
387364.9
387383.9
387419.5
387709.9
387779.9
387915.7
387950.7
387969.2
387998.7
388003.8
388028.9
388074.6
388166.8
388169
388285.7
388336.9
388408.9
388423
388506.2
388531.8
388585.5
388608
388612.4
388734.3
388745.9
388808.3
388953.4
389001.5
389011.3
389037.6
389083.3
389092.7
389195.6
389215.1
389267.2
389320.7
389402.9
389423.7
389477.8
389483.9
389487.7
389592.7
389595.4
389620.8
389893.4
389956.8
389993.2
390169.7
390213.7
390252.1
390371.9
390387.8
390793.7
390826.5
390847.2
390891.3
390921.2
391048.8
391085.3
391349.3
391379.9
391477.8
391495.9
391509.2
391582.8
391737.8
391773.7
391823.8
391835.9
391921.9
392048.3
392063
392136.4
392136.5
392200.2
392221.3
392303.5
392354.2
392652.3
392848.9
392852.3
393032.2
393124.8
393170.3
393198.7
393204.2
393240.1
393257.7
393303.6
393461.6
393607
393613.8
393743.9
394009
394079.3
394157.6
394186.9
394234.5
394278.2
394321.3
394610
394775.2
394807.7
395055.4
395201.4
395252.5
395324.8
395361.2
395630.5
395661.7
395803.9
395829.6
396009.3
396015.3
396080.8
396128.7
396202.2
399104
399279.9
399339.3
399405.4
399498.9
399824.7
399893.4
399912.8
399955.8
399995.2
400010
400104.9
400173.3
400185
400198.9
400323
400346.6
400415.2
400450.9
400451
400529.6
400537.9
400593.4
400625.7
400745.2
400896.6
400993.5
401085.5
401213.9
401215.5
401256.1
401318
401361.2
401435.2
401466.2
401518.1
401527.4
401605.9
401614.3
401642.8
401871.8
401983.9
402018.8
402112.4
402177.6
402249.9
402275.8
402426.7
402473
402833.1
402843.5
403240.3
403282.7
403469.1
403691.5
404032.3
404226.1
404338.8
404604.8
404659
404681.7
404738
404851.1
404954.9
405034.5
405058.8
405158.2
405216.5
405429.6
405602.7
405613.5
405642.1
405657.1
405861
405911.4
405917.7
405982.2
406099.1
406114.2
406155.9
406183.7
406197.3
406292.2
406320.9
406337.2
406357.5
406371.3
406383.7
406419
406420.6
406426.9
406504.3
406581.2
406604.2
406645.8
406708.7
406770
406787.1
406826.1
406863.4
406875.8
406886.1
406900.9
406971.6
407143.2
407239.8
407254
407276.6
407296.2
407344.8
407356.5
407385.3
407387.1
407422.3
407555.5
407624.8
407626.4
407888.4
407905.2
408067.9
408068
408114.8
408166.9
408198
408243.3
408261.5
408262.6
408271.7
408313.5
408444.8
408532.7
408627
408665.9
408680.5
408700.6
408707.4
408806
408859.6
408903.3
408911.7
408913.4
409074.1
409074.5
409082.8
409182
409205.7
409245.7
409280.4
409308.3
409309.3
409352.4
409423.8
409499.8
409522.7
409546.9
409559.3
409564.8
409628.1
409636
409937.1
410033.4
410055.6
410128.5
410197.6
410207.6
410232.2
410254.6
410261.4
410281.1
410305.6
410341.1
410367.2
410481.5
410610.9
410655.6
410771.6
410838.9
410879.7
410916.8
410946.4
410967.8
410969.4
411053.9
411056
411067.4
411070.1
411120
411138.1
411189.1
411271.7
411459.8
411566.7
411741.7
411788.3
411972.8
411989.9
412024.7
412063.3
412072.2
412077
412090.5
412097.2
412097.7
412226.1
412227.1
412230.5
412323
412342.8
412364
412382.3
412456.6
412458.5
412492.3
412537.3
412622.4
412712
412715.9
412716.4
412754.2
412779.9
412809.7
412957.7
413010.4
413012
413091.2
413448.1
414514.4
414624.4
414731.9
414760.3
415155.6
415196
415462.4
415536.6
415546.8
415570.7
415623
415636.2
415688.4
415769
415818.2
415916.6
415989.9
416006.6
416042.7
416254.9
416347
416376.4
416423.1
416471.4
416554.5
416644.7
416736.1
416934.7
417323.6
417347.1
417366.3
417366.8
417401.3
417430.7
417447
417511.4
417512.1
417565.4
417705.2
417969.9
418002.8
418071.5
418255.3
418383.4
418453.5
420278.6
421302.5
421866.8
422435
422754.2
422854.8
422860.9
422970.6
423104.4
423110
423123.6
423203.6
423204.7
423227.8
423282.8
423369.6
423410
423445.3
423456.5
423582.9
423787.4
423806.4
423828.8
423856.2
423882.8
423901.5
423908.9
423977.5
424023.7
424206.4
424249.5
424595.6
424660.2
424852.7
432179.7
432192.1
432226.2
432233.7
432717.6
432972.1
433315.2
434090.6
434094.7
434895.3
434954
435092.6
435188.4
435514.7
435521.7
435832.5
435987.4
436090.6
436137.9
437023
437189.8
437280.6
437756.1
437906.9
438133.7
438485.9
439512.6
439687
446767.6
450075.1
450662.4
450887.6
451063.6
451263.9
451303.1
451352.5
451395.7
451435.2
451461
451467.1
451473.4
451481.3
451508.3
451536.1
451549.5
451620.5
451667.7
451770.6
451776.3
451784.1
451826.1
451828.8
451843
451872.6
451895.4
451898.3
451906.7
451943.3
452066.2
452105.9
452121.5
452136.5
452329.3
452349.7
452428.6
452520.1
453002.4
463782.3
463982.2
464056.5
464068.3
464174.9
464178.3
464192.1
464257.7
464265.6
464417.1
464472
464503.3
464518.6
464547.3
464556.5
464590.6
464720.8
465252.8
465261.6
466669.8
468831.1
471575.7
472379.3
472491.1
472593.2
472710.6
472766.1
472768.6
472810.3
472936.1
473021.6
473037.2
473176
473182.1
473262.4
473273.4
473287.9
473309.3
473320.8
473373.2
473392.9
473443.1
473521.2
473573.4
473610.5
473637.6
473651.6
473655.7
473664.6
473700.9
473832.4
473863.6
473887.6
474002.2
474029
474030.2
474163.7
474224.6
474436.8
474478.8
474512.1
474653.7
474666.3
474712.5
474752.6
474884.5
475273.6
475894.5
476312.7
476376.3
476447.7
476520.8
476584.5
477267.5
477453.6
477584.1
477644.8
477805
477845.7
477868.2
477877.8
477880.1
478409.5
478454.5
478492.8
478545.7
478784.3
479090.1
479935.4
480947.3
481976.7
485007.5
485283.4
485409.1
485597.3
485778.6
485856
485908.4
485973
485988.2
485992.9
486049
486066.3
486071.9
486079.9
486098.2
486307.7
486321.9
486345.1
486345.4
486396.4
486526
486539.2
486584.5
486686.2
486730.1
486790.2
486856.2
486857.1
486878.6
486992.5
487005
487213.7
487274.9
487298.4
487309.7
487338.8
487638.6
487658.3
487745.4
487903
487907.5
487985.4
488077.1
488085.5
488086.8
488151
488158.2
488219.2
488245.4
488560
488642.3
488845.4
489162.5
489166
489224.1
489334
489406.3
489592.8
489690.2
489856.6
489982.9
489986.5
490064
490112.1
490344.6
490383.7
490465.5
490470
490554.8
490569.9
490590
490627.4
490722.7
490742.3
490746.1
490859.7
490881.6
490903.7
490992
491254.8
491274.1
491307
491340.6
491412.3
491465
491477.6
491553.8
491555.4
491742.4
491755.3
491836.6
491921.4
491951
492056.8
492096.5
492179.2
492183.7
492202.2
492403.1
492483.4
492523.3
492657.4
492718.6
492727.8
492843.3
492916.7
492931.1
493038.2
493061.3
493388.3
493494.6
493537.7
493790.8
493809.7
493848.9
493925.5
493987.3
493997.5
494175.5
494193.3
494216.2
494264.4
494472.9
494611.2
494638.6
494647
494738.7
494767
494866.7
494885.4
494895
494912.9
494915.8
495038.8
495074.3
495085.7
495120.7
495135.8
495156.2
495227.6
495448.5
495479.4
495596.8
495706.3
495816.2
495871
496007.1
496012.3
496189.4
496212
496350.2
496522.2
496551.8
496628.1
496650.6
496660.9
496702.8
496745.2
496986.3
497035.6
497132.9
497143.6
497172.5
497221.7
497263.2
497268.9
497316.7
497327
497347.5
497375.7
497426.9
497440.1
497449.2
497501.6
497594.1
497681.5
497750.5
497851
497876.4
498009
498076.1
498133.5
498163.2
498396.9
498419.8
498434.5
498543.7
498571.4
498642.1
498756.9
498792.3
498898.8
498918.5
499007.9
499077.2
499094.9
499252.9
499322.7
499365.3
499382.2
499434.7
499468.7
499476.7
499525.4
499563.2
499810.2
499817.8
499877.6
499877.8
499912.4
500017.4
500119
500192.6
500254.7
500268.6
500294.1
500300.9
500321.2
500417.4
500561.4
500601.5
500647.8
500767.7
500849.4
500852.2
500855.8
501060.7
501141.3
501148.7
501164
501193.5
501198
501199.2
501207.5
501246.1
501290.9
501295.4
501356.1
501392.3
501447.1
501514
501623.6
501681.9
501712.4
501722.7
501843.2
501988.8
502087.9
502106.6
502174
502205.5
502276.8
502337.4
502367.8
502462.1
502525.9
502589.3
502628.1
502727.2
502753.7
502909
502950.6
502951.4
503003.9
503022.5
503031.9
503079.3
503087.7
503112.9
503125.7
503311.7
503342.6
503351.4
503419.2
503552.7
503604.4
503619.6
503735.3
503742.1
503754.4
503817.8
503961.3
503995
504126.4
504129.6
504168.1
504248.6
504295.6
504301.5
504366.5
504387.3
504388.5
504411
504423.9
504633
504634.5
504690.7
504698
504779
504814.5
504833.3
505082.9
505171.3
505181.3
505183
505265.5
505321.4
505573.8
505786.7
506208.7
506277.6
506491.8
506548.2
506561.5
506584.1
506585
506621
506653.7
506653.9
506695.9
506750.7
506769.8
506824.2
506850.7
506861.7
506932.1
506971.7
506992.3
507000.6
507020.9
507057.2
507253.7
507326.2
507396.5
507440
507560.9
507598.6
507653.9
507786.8
507903.7
507966.7
508506.5
512389.5
512666.3
512900.3
512947
512977.9
513052.8
513139.1
513519.3
513534.1
513635.2
513890.8
513941
514026.2
514083.3
514272.4
514382.1
514387.3
514409.5
514434.3
514583.9
514590.4
514971.8
515013.3
515170
515220.8
515293.4
515414.1
515461.7
515554.4
515755.1
515801.7
515857.7
516469.7
516494
516515.9
516533.3
516608.5
516614.3
516694.3
516725.5
516730
516767.8
516789
516790.1
516793.3
516880.8
516883.9
516925.7
516963.8
516966.5
517098.9
517121.5
517135.8
517142.3
517193.6
517253.1
517278.1
517298.2
517612.9
517754.1
518411
528449.3
535449.6
536601.7
536709.1
537861.7
538271.4
538586
539241.2
539374.6
539377.8
539801.7
539872.7
539888.9
539923.9
539945.3
539978.8
540015.1
540043.8
540053.6
540077.6
540078.1
540398.3
540408.4
540517.1
540657.1
541063.1
541310.8
541452
541492
541716.5
541794.6
542025.3
542065.8
542138.1
547565.4
547888.5
547917.2
547957.4
548009.3
548042.6
548107.4
548125.3
548150.2
548158.7
548182.9
548205.6
548229.8
548457.3
548822.6
550783.3
550976.3
551382.3
551617.7
551693.3
551835.7
551843.6
551862.2
551879
551894.9
551968.5
552022.7
552029.4
552030
552062.5
552208.6
552237.7
552512.8
552525.3
552548.8
552602.4
552605.5
552641.3
552664.7
552682.5
552743.5
552770.3
552794.5
552932.5
552963.3
553007.6
553020.5
553029.4
553093.9
553179.4
553325.1
553421.3
553461.5
553591.5
553653.3
553851.1
553905.2
553939.2
553948.8
554037.5
554128.9
554216.3
554413.3
554601.6
554701.7
555619.8
556054.3
557445.7
557473.6
557590.4
558468.3
558551.4
558551.5
558554.1
558703.5
558793.6
558906.8
558922.7
559035.3
559248.4
559351.1
559642.2
559741.4
560127
560467.4
560468.8
560571.5
560670.1
560677.7
560841.1
561357.8
567811.9
568016.1
568151.3
568211.7
568285.7
568303.4
568307.7
568313.3
568331
568350.4
568382.7
568395.7
568396.7
568416.9
568467.7
568535.7
568590.8
568600.7
568612
568645.3
568743.6
568774.3
568798.1
568869.6
568902.1
568999.7
569010.5
569057.2
569060.9
569149.4
569174.4
569181.3
569199.2
569207.4
569230.9
569260.9
569261.7
569287.6
569332.9
569383.6
569464.2
569628.3
569670
569674.8
569734
569736.3
569777.4
569809
569855.6
569912.3
569953.8
569972.3
569976.7
570062
570086.6
570160.2
570204.5
570331.6
570371.1
570526.3
570764
570827.9
570845.4
570924.2
570926.4
570945.6
570950.9
570962.2
571135.3
571169.6
571278.4
571383.3
571486.7
571507.8
575845.5
575939
575995.4
576002.8
576043.7
576063.6
576127.8
576164.2
576173.4
576197
576232.6
576262.4
576325.5
576386.7
576836.2
576961
582540.8
582986.1
583112.2
583125.2
583167.3
583392
583495.7
583738.9
583829.5
584256.2
585361.6
585597.6
585637.9
585641.6
585861.3
585875.7
585983.8
586004.9
586080
586082.5
586103.6
586107.8
586246.5
586275.5
586294.7
586337.6
586361.5
586413.9
586486.1
586705.3
597929.3
598419.7
