992.2
1231.7
1254.8
1421.4
1684.7
6576.1
6629.5
6804
6832.8
6897.8
6909.2
7041.8
7043.4
7145.1
7161
7166.5
7168.6
7216
7282.3
7307.7
7348.6
7484
17824.7
19062
19146
19168.3
19216.6
19226.3
19385.4
19543.5
19712.8
19734.6
19765.1
19899.7
20130.1
20137.7
20158.6
20222.1
20444.5
20537.3
23167.3
23871.8
23903.9
24109.7
24167.9
24298.2
24427.7
24441.9
24478.1
24553.9
24605.2
24607.6
24632.5
24694.4
24840.4
24988.6
25410.2
25563.3
26088.8
27084.5
28020.6
28188.4
28324.5
28344.8
28397
28490
28730.1
28752.4
28761.6
28784.2
28827.2
28851.7
28909.6
28944.9
29086.4
29121.5
29174.4
29202.4
29341.9
29355.5
29391.1
29401
29530.5
29604.9
29649.1
29665.7
29720.4
29744.5
29744.6
29823.1
29846.3
29847.7
29870.9
30009.1
30050.1
30066.3
30086.6
30105.9
30162.7
30223.9
30418.8
30447.1
30537.4
30540.9
30580.8
30638.6
30703.8
30742.7
30779.6
30842
30919.9
30957.3
31006.6
31061.9
31113.2
31468.8
31607.3
31900.6
32714.8
34058
34090.3
34369.8
41456.4
45085.2
45948.3
46266.1
46657.3
47050.1
47447.8
47592.5
47620
47682.5
48082.6
48364
48507.3
48752.4
48758.7
49071.2
49377
49515.9
50366.3
50374.6
50386.3
50389.7
50427.6
50443.9
50470
50590.1
50610.5
50626.6
50642.5
50656
50695.1
50714.2
50721.6
50741.9
50793.3
50802.8
50824
50828.9
50831.4
51788
59871.2
59992.1
59996.1
60018
60179.9
60211.9
60233.6
60246.9
60280.6
60304.8
60360.9
60406.7
60775.9
60791.1
60861.2
60884
60955.3
61052.3
61169
61195.4
61211.3
61212.8
61296.6
61317.1
61408.3
61431.9
61482.1
61509.7
61590.7
61598.4
61621.6
61643.4
61694.8
61699.3
61731.7
61761.1
61849.3
61978
62033.3
62079.4
62106.6
62233.3
62236.3
62282.6
62301.9
62302
62323
62331.7
62335.1
62349.2
62364
62386.1
62386.7
62395.4
62450.4
62476.5
62581.1
62893.5
63221.8
66336.7
66670.5
66735.8
66991.4
70546.5
70613.7
70700.4
70710.3
70718.4
70771.9
70775.3
70784.3
70950.1
70990
71119.8
71123.1
71158.7
71213.1
71239
71265.1
71276.2
71278
71288.6
71316.7
71321.1
71366.6
71505.1
71544.5
71683.4
71706.8
71755.4
71776.2
71784.5
72062.4
72456.9
72604.9
72746.3
73122.7
73439.6
73532.4
73553.9
90682.4
90794.5
90807.6
90845.8
90924.6
91029.6
91069
91069.8
91118.5
91150.7
91195
91223.6
91253.2
91343.4
91387
91446.8
91447
91709.5
91862.2
92331.1
92679.5
93643.6
93855.6
93857.5
93895.2
93953.8
93958.2
94050.2
94092
94218.4
94270.6
94333.7
94462.2
94550.6
94575.6
94756.5
94913.4
94914.1
95167.9
95207.3
95328.4
95336.3
95367.1
95439.3
95485.3
95504.8
95669.5
95685.9
95733.1
95747.7
95767.2
95777
95853
95876.9
95877.5
95997.5
96143.8
96156.3
96302.8
96342.9
96353.9
96476.7
96614.8
96716
96775.7
96800.4
96824.7
96922
97450.8
97906.1
97947.3
97990.1
98073.6
98075.4
98155.6
98191.4
98228.9
98296
98306.5
98318.8
98469.5
98500.4
98608.9
98794.2
98952
99028.5
99083.5
99102.9
99134.4
99163.4
99257
99365.8
99784.6
99837.6
100636.3
100837.9
100908.8
100989.1
101285
101390.4
101497.4
101536.6
101624.4
101660.3
101710
102014.5
102104
102196.1
102224.6
102267
102318.5
102382.3
102531.7
102576.7
102584
102635.1
102638.1
102656.5
102719
103211.9
103312.6
103389.3
103470.3
103482.9
103487.5
103511.4
103536.7
103551.1
103558.9
103607.1
103626.4
103721.3
103759.8
103830.1
103873.6
103897.3
103913.4
103932
103950.8
103951.9
103955.6
104007.6
104076.2
104084.4
104109.1
104143.3
104153.9
104271.9
104329.3
104337
104415
104435.8
104469.1
104537
104595.8
104604.3
104611.1
105122.5
105374.2
105439
105450.7
105462.8
105520.1
105569.6
105572.4
105610.3
105651.6
105732.9
105736.3
105748.1
105767.7
105798.6
105806.8
105824.1
106034
106044.3
106065.9
106115.1
106129.2
106150
106160.5
106206.1
106219.2
106252.5
106274.5
106285.3
106404.4
106419.2
106447.2
106573.9
106809
106837.6
115455.7
115651.5
115658.4
115684.6
115694
115826.2
115871.2
115875.2
115979.3
115994.9
116014.9
116015.4
116066
116075.7
116078.1
116201.9
116245.5
116250.8
116259.8
116357.1
116391.7
116504
116515.5
116517.1
116608.3
116644.4
116670.6
116738.8
116742.2
116915.3
116929
117061.2
117067.2
117078.2
117085.6
117166.6
117198.1
117216.4
117224.4
117273.7
117362.8
117382
117411.3
117481.5
117543.5
117596.2
117597.5
117597.8
117614
117625.6
117785.7
161966.6
162082.9
174832.6
175145.1
175573.3
175574.7
175712.7
175973.4
176033.4
176071
176160.1
176165.9
176279.1
176409.7
176444.6
176556.6
176585
176596.7
176851.9
176897.9
176998.2
177019.6
177112.2
177124.9
177286.8
177322.6
177380.2
177453.6
177457
177499.2
177503.3
177530.3
177543.3
177644.2
177806
177829.4
177902.6
177951.2
177969.6
178128.1
178149.2
178426.4
178540.6
178541.7
178566.6
178594.6
178638.9
178657.2
178702.2
178778.1
178954.2
182758.4
182766.4
182906.9
183110
183187.8
183210.5
183261.3
183326.6
183345.9
183357.9
183373.2
183486.3
183497.9
183574.4
183597.2
183606.8
183901.8
184137.1
194224.1
194226
211774.3
211959.6
211977.5
212107.5
212267.2
212414.2
212432.4
212495.6
212605.6
212664
213312.9
216628.3
216873
217028.4
217146.7
217232.3
217346.9
217350.6
217374.6
217379.5
217449.4
217491.1
217531.4
217715.1
217821.7
217837.9
217842.7
217888.9
217903.4
217962.2
217976.6
218034.5
218095.3
218106.3
218130
218144.6
218155
218201
218399.4
218425.4
218448.1
218459.5
218531
218578.7
218606.3
218648.1
218674.5
218705
218751.9
218824
218871.5
218872.5
218918.1
218933.9
218959.9
218973.6
219047
219087.3
219537
223064.1
223752.6
223808.4
223824.6
223929
224139.2
224199.6
224220.4
224257.3
224321.2
224433.2
224437.3
224507.5
224519.6
224524.2
224531
224658.2
224665.4
224738.6
225001.6
225053.6
225086
225237.2
250284.2
250507.5
250545.4
250613.5
250626.1
250664.5
250788.6
250888.8
250914.8
250984.6
251006.8
251021.5
251024
251052.4
251098.3
251124.9
251147.8
251180.3
251237.4
251250.3
251270.5
251273
251312.3
251325.3
251376
251411.1
251588
251601.4
251756
251778.5
251968.5
252039.2
252090.6
252129.5
252176.2
252381.7
252399.9
252498
252635.2
252732.8
252787.4
252921.3
252940.3
252965.1
254021.6
254122
254343.9
254661.3
254872.1
255130
255400.5
255756.7
255848.9
256002.8
256009.4
257011.9
257061.7
257149.7
257379.6
257598.4
258504.3
276151.2
279214.5
279470
279573.6
279776.8
279971.9
282029.6
282241.3
282390.7
282427.4
282445.4
282447.9
282460.6
282712.9
282735
282903.3
283126.2
283307.6
283516.8
283738.7
283759.7
283812
283908.3
284254.6
284291.4
284454.8
284502
284608.1
284613.1
285043.4
285896.6
286355.3
286514.5
286516
286708.3
286805.3
286955.2
287134.6
299467.8
299715.4
299845.8
299988
300082.1
300244.9
300255.9
300336.1
300433.7
300483.5
300494.6
300545.9
300625.4
300629.3
300630.9
300810.5
300859.4
300889.9
300922
301006.1
301069.2
301097.2
301108.1
301212.8
301220.4
301298.9
301371
301381.5
301388.3
301397.5
301488.9
301509.8
301818.5
301878.8
301927.8
301985.2
302157.7
302247.8
302527
302789.2
302954.3
303087.5
311462.8
311674.7
311741
311782.1
311877.7
311948.7
311973.2
312062.3
312153.9
312158.4
312327.9
320629.5
320879.5
321072.1
321177.2
321244.5
321577.9
321748.7
322001.6
322079.3
322424.7
322748.3
322803.6
322853.1
322909.8
323006.7
323007.5
323059.9
323113.3
323205.8
323270.7
323331.2
323362.1
323392.9
323466.4
323573.4
323638.2
323681.9
323691.5
323702
323802.2
323834.4
324039
324048.7
324068.1
324075.3
324157.3
324169.1
324253.6
324262.9
324340.7
324343.3
324456.6
324478.5
324490.4
324494.2
324496.1
324524.4
324619.9
324703.6
324739.2
324860.6
324890.5
324903.1
324928.4
324957.1
325003
325020.7
325107.5
325150.4
325171.8
325172.9
325218.9
325227.7
325319
334168.5
334454.7
334526.4
334551.6
337043.8
337339.7
343874.1
343966.9
344129.3
345509.7
345720.1
345930.5
346212.9
346286.4
346467.7
348685.7
348751
349229.3
349298.3
349361.9
349548.1
349568.2
349619.6
349634
349634.2
349646.9
349650.6
349659.8
349726
349766.1
349800.4
349819.8
349822.2
349835.8
349913
349916
350046.2
350080.5
350085.9
350097.5
350099.2
350140.8
350156.6
350236.6
350255.1
350263.4
350319.6
350320.5
350427.9
350446.8
350449.1
350486.2
350512.1
350516.8
350576.6
350653.9
350727.4
350745.7
350776.4
350782.2
350804.5
350841.5
350880
350915.4
350994.9
351009.7
351051.2
351089.8
351165.7
351171.7
351199.2
351447
351544.1
351757.2
352897.1
352902.8
353199.2
353377.1
353409.1
353559.5
353781.3
372827.3
373015.9
373033.5
373067.3
373114.5
373137.7
373169.9
373323.9
373433.2
373544.6
373834
373932
421636.9
421858.2
421963.7
422456.3
422528.6
422654.2
422707.3
422841.6
448621.3
453073.5
453162.5
453309.8
453333.5
453374.6
453512.7
453516.2
453595.6
453696.1
453800.9
453890.1
453957.7
454010.4
454071.6
454079.8
454092.5
454156.2
454229.7
454271
454277
454282.6
454304.3
454379.8
454389.8
454412.4
454436.4
454638.5
454691.8
454770.7
454823.3
454885.3
454910.4
455175.5
455244.8
455502.1
455531.4
455597.2
455823
464326.6
464476.9
464698.3
464722.9
464803.1
464827.2
464858.6
464860.2
464864.3
464910.2
464988.8
465010
465061.9
465112
465204.5
465208.3
465227.2
465243.6
465273.5
465294.2
465419.3
465607.8
465887.7
466328
466491.4
466629.4
466787.7
467095.6
467201.8
512517.4
512667.2
512682.8
512728.1
512784
512919.5
512940.8
513027.7
513136
513751.5
513824.5
514157.8
516840.6
517151.1
517195
517394.1
517403.7
517414.5
517435.9
517543.8
517675.5
517726.7
517777.7
517787.7
517818.9
517909.9
517910.5
518041
518055.8
518084.2
518240.6
518387.5
518389.6
518391.2
518395.5
518429.9
518486.2
518509.1
518513.4
518519.6
518558.1
518567.2
518629.9
518651.8
518879.9
518914.1
519304.9
519807.1
519980.9
520259.5
520402.5
520761.8
521071.9
521483.3
521638.7
521696.2
522193.1
523996.5
524189.3
525013.1
539272
539854.4
539897.6
540712
540741.6
540796
540841.5
540959.3
540994.9
541093.9
541094.7
541154.1
541224.2
541231
541299.3
541353.1
541386.3
541395.2
541403.2
541404.7
541414.8
541421
541466
541584.6
541586.1
541596.6
541644.4
541659.4
541675.6
541680.7
541706.6
541739.5
541783.5
541787.9
541819.1
541875.5
541891.9
541913.1
541939.2
542000.6
542024.8
542036.3
542065
542090
542126.5
542152.5
542265.9
542340.6
542347.8
542358.1
542364.3
542415.3
542454.7
542458.1
542515.4
542528.5
542650.4
542679.3
542829.4
542839.6
543078.7
543349.9
543806.5
544660.7
544731.3
545248.2
545267.1
545288.1
545487.3
545866.6
545995.4
546198
546448.5
546558.6
546575.6
547068.7
547213.2
547249.4
547435.4
547439.1
547505.2
547550.3
547645.8
547653.9
547662.6
547735.4
547749.9
547751.7
547829.5
547830.2
547834.5
547852.7
547856.9
547942.7
548138.2
548204.2
550211.9
550415.4
550522.3
550743.5
550784.8
550807
550862.1
550900.3
550981.3
551004.6
551004.9
551021.2
551027
551040.7
551072.5
551087
551109
551279.9
551324.1
559576.1
559729.5
559771.3
559808.7
559896.1
559897.5
559918.3
560076.8
560133.5
560287.8
560447.3
560499.4
560589.4
560589.9
560609.9
560658.5
560705.2
560929.4
560967.1
561012.4
561105
561277.8
561357.6
561401
561434.3
561468.1
561618.5
561679.8
561680.4
561692.9
567904.7
567941.6
568141
568199.2
568424
568441.3
568515.2
568730.8
568752.5
568757.9
568879.1
568977.8
569019.9
569156.6
569258.3
569592.2
569615
569755.3
569760.8
569842.5
569970.8
570215.9
570724
570816
570926.8
570990.1
571022.1
571156.2
571186.9
571199.8
571228.4
571247.1
571247.4
571282.6
571310.8
571639.4
571664
572148.1
572582.7
572819.6
573008.7
573229.7
573347.6
573633.8
574462.3
574496.1
575555.5
575588.9
575653.7
575722.7
575805.1
575832.6
576149.5
576167.2
585484
585516.6
585992.1
586089.6
586372
590875.8
591450.8
591482.5
592001.9
593426
594130.4
596785.1
596917.7
597168.9
597199.2
597254
597339.2
597409.2
597683.8
597729.7
597732.9
597797
597819
597995
598284.8
598291.9
598330.7
598466.7
598507.3
598530
598547.1
598901.6
598942.6
598961.1
598987.8
599137.1
599325.1
599530.9
599701.1
599781.4
