1800.5
5093.8
5163.2
5232
7215.2
7934.3
7943
12307.1
13465.3
14061.8
14176.6
14453.3
14588.7
14593.4
14720.8
14726.1
14740.9
14754.3
14800.1
14813.1
14904.6
14919.2
14950.8
14956.7
14978
15067.9
15149.9
15211.7
15215.8
15236.3
15257.1
15369.5
15388.2
15389.4
15462.3
15547.2
15569.6
15570.3
15581.5
15617.1
15676.7
15686
15702.7
15732.1
15734.2
15739.2
15776.6
16559.7
16657.5
17084
17134.8
17142
17230.5
19993.6
21116.1
24391
24741.2
24949.8
24965.4
42147.8
45154.6
45393.4
45394.6
45400.3
45451
45454
45515
45697
51647
56492.4
56600.8
56642.8
56732.6
56755.7
56835.6
56839.2
59098.8
59178.5
59231
59289.3
59309.2
59355.3
59394.5
59480
59491.2
59603
62954.8
63051.2
65894.7
66053.7
66240
66403.5
66674.5
66849.5
67185.2
68240.7
69638.1
69763.2
71965.1
72146.7
72194.6
72251.4
72293.9
72536.4
72575.1
72900.7
73043.1
81948.7
90749
92285.4
92292.8
92458
92462.1
92488.7
92527.2
92613.8
92619.3
92619.6
92871.6
92947.7
93117.5
94036.6
94092.1
94160.1
94294.1
94331.2
94333
94372.4
98545.1
99642.8
100737.9
101788.7
101973.9
102016.1
102223.4
102538.8
102731
102771.1
102925.9
103985.5
106136.7
106276.6
106365.1
106401.3
106427.5
106488.1
106565.6
106583.2
106635.7
106651.5
106666.2
106734.9
106752.1
106884.2
112280.1
112489.9
112586.2
112734.2
112830.1
112971.5
128298.1
128633.4
128637.5
128642.4
128647.1
128709
128804.8
128818.4
128821.3
128821.8
128845.3
128861.5
128900.6
128927.6
128936.2
128962.2
129023
129080.2
129087.5
129226.7
129280.4
129308.1
129344.8
129378.8
129402
129427.6
129443.2
129482.5
129509.4
129523.2
129577.4
129644.4
129680.8
129755.7
129815.1
129830.5
129846.3
129889.5
129896.4
130101.6
130115.5
130221.5
141076.4
141180.7
141282.6
141305
141311.6
141520.8
141599.7
142196.9
143274.9
143443.3
143987.9
144083.8
144249
144306.8
144353.5
144422
144543.1
144587.6
144625.3
144657.6
144700.4
144706.3
144737.4
144917.5
145157.4
145180.9
145738
146138.7
146291.4
146300.3
146587.7
146622.7
146639.8
146761.6
146871.7
146964
147152.6
147157.6
147226.1
147565.6
147910.2
147983.4
148248.8
148460.7
148650.2
148949.2
149081.1
149148.4
149261.8
149383
149418.6
149475.3
149513.1
149686.1
149719.9
149749.4
149828.7
149861.8
149894.8
149915.1
149936.8
150115.7
150120.5
150167.4
150274.1
150315
150369.4
150436.5
150498.2
150593.1
150704
150748.8
150796.2
150820.2
151008.9
151090.1
151570.8
151668.2
151887.2
152352.6
152720.1
152755.5
153129.5
153147.9
153169.6
153213.2
154168.5
154216.9
154299.8
155128.9
155389.8
155650.1
156923
158881.4
159043.6
159093
159138.5
159155.1
159167.5
159173.2
159311.7
159389.1
159485.1
159488.9
159517.7
159556
159558.2
159666.3
159803.9
159896.5
159934.2
159964.5
159972.3
160293.3
160551.3
160561.2
160699.4
164761.7
165547
165568.7
165605.6
165607
165622.2
165717.7
165841.3
165885.1
165889.4
165909.2
166030.1
166055.6
166064.3
166158.4
166217.1
166231.5
166352.9
166447.5
166520.3
166529
166744.7
166848.3
166876.7
166903.3
166924.7
168437.7
168978.5
169276
169311.5
169311.6
169313.5
169375.1
169513.9
169605.8
173477.4
173560.8
176434.1
177980.1
179093.2
179134.3
179171
179281
179313.7
180816.1
181167.2
181319.2
181415.3
181456.5
181478.5
181509.8
181557.9
181649.7
181861.9
181909.3
182223.1
182385
182445.8
182525.1
182563.7
182635.2
182657.5
182680.4
182718.1
182736
182765.4
192599.3
192653.9
192700.6
192708.1
192723.1
192809.2
192923.1
193076.7
194675
198510.1
210362.6
211632.8
211707.7
212096.1
212506.8
212673.8
213673
213909.2
213919.1
214019.1
214044.1
214077.6
214104.4
214115
214158.4
214186.5
218172.3
218472.7
219048.2
220980.8
222394.3
222473.5
222643.1
224043.7
224594.7
224806.4
224974
224976.8
225082.4
225114.5
225293.7
225325.1
229633.9
229883.9
229894.8
229924
229935.1
229936.7
230027.4
230043.2
230073.1
230082.4
230114.5
230121.2
231248.9
231328.6
231458.4
239242.6
239453.5
239815.6
239819.5
239866
239914.5
239920.3
239944.9
239955.5
239980.5
240069.9
240091.5
240100.3
240166.8
240194.6
240227.6
240503.7
241433.5
256783.2
257142.1
257405.5
258063.3
258144.3
258364.8
264860.6
264913.4
264943.9
264957.2
265095.5
265100.2
265218.3
265482.7
265567.9
265580.4
265611
265651.4
265718.4
265824.8
265835.6
265944.7
265982.2
266236.1
266236.4
266240.8
266299
266377.3
266399.2
266418.7
266547.3
266604.1
266864.6
266912.9
266947.6
266963.8
267118.8
267148.2
267171.3
267187.5
267222.4
267255.8
267332
267467
267508.6
267546.3
267585.3
267602.8
267645.8
267904.9
271005.2
271168.5
271779.3
271813.1
271917.8
272038.1
272051.8
272052.5
272193.1
272202.1
272223
272267.9
272288.5
272291
272301.7
272304.3
272304.6
272495.1
272509.5
272766.5
278574.4
278711.9
278745.7
278860.4
278946.7
278963.2
279679.2
279722.5
279811.7
279882.3
279963.9
279991.5
280006.8
280030.2
280060
280100.9
280181.6
280194.2
280197
280274.2
280289
280313.2
280336.4
280415.2
280451.1
280511.8
281774.5
281782.4
281796.2
281923.3
281930
281936.6
282033.1
282263.5
287105.5
287364.6
287480.8
298448.8
298501.9
298880.8
298905.1
302340.7
302734
308374.5
308462.4
308484.6
311511.6
311592.3
311610.5
311652.3
311820.2
311836.9
311852.7
311876.7
312752
312911.9
316071.1
316380.9
319634.5
319649.4
319812.8
323314.9
323460.5
323758
323799.4
323864.1
323962
324003
324073.9
324110.5
324190.2
324268.4
324368.8
324403.2
324596.6
324688.2
324710.6
324727.3
325208.4
332097.5
334001.3
334586.4
336270.2
336372.5
338186.4
338194.6
338209.6
338296.7
338317.5
338371.5
338371.9
338408.7
338736.9
338780.5
338791.4
338870.4
338938
339206.8
339435.6
343731.4
343886.9
343931.8
343970
344119.2
344142.5
344158.6
344165.6
344184.2
344223.5
344252.1
345010.4
345074.3
345255.7
345275.1
345283.1
345525.4
345555.7
345640.7
345677.3
345682.5
345716.3
345730
345754.2
345801.9
346034.6
346089.4
346094.4
346185.6
346382.7
346594.1
349335.3
349467.8
349517.9
349880.7
350002.4
350074.1
353623.1
353657.8
372678.6
372726.2
372783.2
372811.7
372890.3
377550.3
381783.7
381903
381969.2
382318
382400.4
383454.9
384722.3
386231.9
386968.7
387161.4
387208.9
387400.4
387463
387614.3
387644.4
387689.2
387783.4
387848
387885.9
388061.3
388101
388392.3
388458
388482.7
388590.2
388766.5
388793
388941
388961.5
389091.3
400478.3
404920.2
404986.1
406806.8
407055.7
407305.4
407467.8
407831
407878.4
407930.2
408723.2
408761.1
408840.7
408898.2
409071.7
409233.4
410079.4
410148.2
410273.9
410303.7
411058.2
411086.2
411363.4
420871.2
421113.4
421137.7
421160.8
421176.1
421285.4
421368.1
423026.7
423040.7
423253.1
423686.2
423830.3
424539.6
424759.1
425492.7
427024.4
427163.8
427170.5
427324.1
427353.4
427359.4
427379.9
427443.8
427677.3
427704.4
428158.2
428419.9
428759.4
428838.2
428847.7
428922.3
428986.1
428987.3
429025.8
429084.4
429118.4
429136.7
429197.9
429208.4
429334.4
429424.8
429429.7
429433
429456.9
429480.2
429498
429514.2
429552
429675.9
429757
429760.6
429773.9
429810.9
429835.9
429858.1
429864.6
430013.4
444825.2
445065
445136.2
445236.2
445240.2
445240.7
445281.5
445294.2
445409.4
445491
445581.8
445780.9
448110.5
448161.8
450977.9
454640.9
454667.4
454733
454818
454843.7
454891.7
455069.4
455282.5
455288
455295.6
455399.5
455460
455481.6
455605.1
455624.6
455678.2
455698
455792.7
455852
455872.8
455909.5
458340.1
458421.1
458594.4
458847.6
463934.5
464178.9
464204.2
464235.3
464257.8
464336.3
464438.8
465976.2
499372.8
506625
511838.5
511948.1
511967.3
511980.1
512167.5
514652.2
516445.3
516606.5
516608.6
516633.8
516644
516682.8
516747.7
516764.6
516802.5
516841.2
516853.2
516867.2
516886.9
516967.9
516972.5
517034.9
519296.5
519570.9
519587.1
520003.4
520034.2
520222.3
520328.2
520336.4
520358.9
520529.7
520538.2
520612.5
520640.3
520748.3
520771.8
520825.4
520896.4
520922.7
520965.7
521081
521130.1
521159
521220.9
521233.6
521306.5
521372.6
521393.4
521439.3
521454.2
521587
521613.8
521673
521710.9
521716.2
521763
521775.6
521794.3
522037.1
522040.2
522082
522107.4
522254
522329.3
522329.7
522364.1
522375.6
522392.3
522421.4
522554.6
522783.8
522792.9
522825.3
522870.2
522976.5
522982.1
523030.1
523074.1
523160.9
523170.4
523277.7
523286.7
523315.6
523322.9
523340.9
523411.4
523432.1
523473.6
523482.1
523484.1
523491.7
523524.7
523709.4
523726.3
523759.3
523793.9
523823.1
523870.9
523898.9
523924.8
523954.7
523962.5
523964.1
524063.3
524076.8
524116.2
524152.4
524239.9
524262.3
524288.2
524311.6
524377.7
524390.1
524403.4
524511
524652.2
524756.5
524916.3
529435.7
529518.8
529641.9
529728.8
529814
529821.4
529840.7
529893.1
529897.4
529933.3
530050.3
530058.1
530063.3
530143.6
530162.1
533122.1
534904.9
534959.2
535000
535029.8
535055.9
535187.8
539883.2
544839.8
545654.8
546430.1
546466.7
546468.1
546505.7
546514.7
546617
546652.7
546695
546696.9
546705
546711.2
546736.7
546854.3
546951.8
546953.8
547327.3
550342.5
550351.4
550368.9
550417.5
550519.5
550541.4
550567.2
552298.3
552390.9
552425
552426.9
552456.4
552550.5
552581.8
552824.8
552890.8
552913.2
552981.6
552990.3
553028.7
553034.5
553044.5
553080.1
553109.7
553218.1
553226.9
553248.2
553284.2
553373.9
553391.3
553493.6
553565.9
553627.7
553630.3
553646.9
553657.6
553706.3
553720
553755.6
553817.3
553880.9
553902.2
553928.5
553955.1
553979.1
554041.3
554048.6
554059.5
554067.1
554118.3
554124.2
554129.3
554295.7
554317.4
554428.1
554431.6
554485.3
554627.3
554662.6
554682.3
554740.4
554761
554774.5
554905.6
554914.4
554926.4
554928
554955.4
556471.8
557089.2
557696.1
557764
557898.1
558296.9
558716.8
559796.7
561514.7
561528.3
561569.3
561578.7
561611.7
561629.1
561701.4
561709
561715.5
561742.8
561777.9
561803.1
561804
561865.9
562179.9
563177.4
563564.7
564608.4
565544.6
566853
566853.3
566856.7
566913.8
566990.3
567027.7
567044.2
567172.7
567178
567230.7
567442.6
568249.6
568265.1
568339.6
568426.4
568477.4
568524.8
568540.8
568591.4
568595.8
568637.5
568700.5
568737.4
568737.5
568773.8
569292.1
569397.5
569498.7
569518.5
569690.9
569729.9
569785.8
569804.6
570492.9
570526.6
570527
570653.5
570714
570770.3
570789.6
570876.4
570938.6
570962.1
570984.3
571061
572241.2
572398.2
572727.2
572941.6
573004.2
573301.9
574158.6
574200.5
574337
574438.2
574484.5
574776.3
574967.5
575013.4
575042.7
575124.6
575251.1
575345
575357.9
579884.5
579974.6
580083
580105.8
580133.9
580193.8
580205.4
580207.1
580211.6
580313.2
580431.6
585597.7
585633.7
585722.1
585815
585838.9
586050.2
586303.2
586967.5
587007.7
587098.8
587106.4
587455.9
587463.8
587560.2
587920.1
589616.6
589637
591632.5
591789.7
592000.4
592017
592024.2
592057.4
592074.3
592157.6
592188.3
592339.1
592342.1
592356.7
592511.2
592623.6
592751.3
592824.2
592827.9
592970.8
592989.9
593454.2
593590.4
593614.5
593864
593957.8
594040.1
594078.2
594220.8
594270.5
594313
594326.9
594364.4
594529
595038.7
595199.2
595213
595362.9
595407.7
595439.8
595530.9
595573.3
595753.6
595780.8
596821.7
596824.1
596956
597000.4
597063.2
597097.7
597185.7
597189.2
597215.2
597299
597303.5
597314.3
597315.1
597403.3
597472.5
597600.4
597600.8
597619.5
597644.3
597660.2
597734.2
597762.3
597762.7
597791.2
597860.4
598039.5
598536.5
598655.4
598809.4
598813.7
598936
598961.9
599029.4
599051.5
599113.8
599146
599154.4
599211
599215.1
599230.2
599320.1
599339.9
599343.6
599372.4
599388.4
599411.7
599439.5
599469
599519.4
599522.4
599574.2
599587.7
599588.1
599598.1
599601.8
599796.5
599846.2
599953.1
599955.5
599979.8
