2785.9
2856.6
3971
4054.9
4128.8
4205.6
4755
5569.4
6682.6
16152.7
16161.3
16229.5
16245.4
16341.5
16543.7
16549.6
16587.4
16603
16684.7
16873.2
17912.9
18742.7
18805
18888.4
18895.6
18925.2
18956.6
19026.9
19148.8
19303.6
19353.7
19355.3
19500.4
19515.5
19592.8
19617.5
19837.7
24544.3
29087.1
30003.1
38195
38289.9
38328.7
38933.1
38979.5
39067.8
39444.3
39591.5
40675
40850.8
41027.8
41031.4
41065.9
41099
41164.1
41237
41982.6
42087.4
42095.8
42117.3
42157.4
42169.8
42183.4
42333.4
42355.8
44922.2
45047.7
45305.9
45308.5
45387.9
45432.4
45502
48330.1
50314
50340.5
50340.8
50375
50426.8
50458.1
50532.1
50565.9
50654.7
56492.3
56533.4
56801.7
56814.2
56888.3
56982.6
57038
59362.4
59382.2
59596
59634.6
59702.2
59707.8
59806.8
59911.9
60305.3
60359.2
60381.9
60408.9
60455.3
60464.9
60508.7
60558.8
60594.9
61563.7
61838.4
62453.2
63119
65921.4
66028.8
66289.3
66304.8
66314.2
66369.3
66384.6
66391.4
66394.6
66414
66467.2
66559.6
66588.6
66629.9
66654.1
66662.1
66680.5
66688.5
66696.8
66717.9
66744.5
66793.4
66841.2
66865.9
66871.2
66925.2
67007.4
67100.7
67968.2
73381.3
74361.1
74575.2
74613.6
74716
76457.2
80748
80812.9
80822.3
81042
81655.1
82034.6
83711.7
85681.3
85732.4
85879.9
86139.1
86376.1
86425.6
86429.7
86539.1
86592.9
86615.9
86651.3
86696
86793.8
86874.6
87058.7
87076.6
87157.2
87186
87226.8
87253.1
87273.3
87368.6
87456.4
87458.5
87486.4
87552.3
87581.3
87596.2
87620.8
87933.3
90620.9
90767.7
90836
90918.7
91098.2
91354.2
92377.9
92419.6
92486.2
92499.8
92525.4
92531.4
92566.5
92600.5
92666.5
92675.2
92697.5
92708.6
92722.9
92782
92891.2
92973.7
103050.2
104177.8
105732.2
105925.1
106231.5
106345.2
106563.3
108219.4
108815.6
109109.5
109201.1
109220.9
109346.1
109476.3
110667.3
110842.1
111008.3
112330
113470.3
113516.3
113634.7
118415.7
118433.6
118605.4
118653.5
127201.9
140198.9
145013.2
145068.6
145192
145276.9
145701.4
145813.4
145820.3
145916.6
146192.9
146296.2
146459.1
146511.1
146523.9
146654.7
146689.8
146772.6
146835.5
146870.6
147252.8
147363.1
147366.7
147413.3
147492.8
147540.3
147545.5
147572
147627.2
147708.1
147718.4
147780.4
147793.1
147833.8
147898.7
147951.2
148163.9
148176.2
148369.9
148441.3
148574.9
148597.7
148651.3
148837.1
148864.1
148906.5
148944.1
149039.3
149052.5
149101.8
149220.3
149375.5
149576.1
149603.4
149622
149633.6
149684.8
149697.7
149867
149926.1
149953.8
149977.9
150118.6
150121.2
150323.4
150339.7
150449.5
150516.4
150589.8
150618.9
150667.8
150707.8
150756.8
150828.5
150874
150877.8
150889.8
150925.8
151004.8
151006.2
151020
151020.1
151026.2
151088
151143
151168.8
151169.3
151177
151341.8
151342.5
151421.7
151483.1
151487.4
151508.8
151615.6
151695.6
151699.9
151705.8
151772.5
151788.3
151790.2
151834.7
151843.7
152057.8
152091.9
152194.6
152240.4
152264.5
152299.8
152350.8
152414.4
152515
152626.4
152642.5
152677
152717.2
152752.1
152775.5
152779.4
152794.8
152840.8
153015.5
153051.3
153099.7
153179
153219.3
153229.2
153252.5
153265.7
153265.8
153318.1
153349.9
153384
153431.1
153478.9
153517.8
153702.5
153732.4
153745.4
153918.4
153922.7
153948.1
153981.6
154003.9
154015.4
154055.2
154142.4
154154.4
154199.1
154347.4
154553
154623.7
154629.3
154722.2
154812.2
155039.4
155054.7
155095.9
155150.5
155263
155272
155282
155356.7
155392.5
155445.3
155535.9
155717.7
155720.3
155726.3
155827.4
155860
155922.6
156068.9
156094.8
156237.8
156292.5
156656.1
156734.8
156751.7
156788
156793.2
157234.7
157250.5
157259.8
157301.1
157431.6
157452.7
157514.5
157629.4
157796.4
157908
157926.4
157980.4
158099.5
158168.2
158275.3
158348.5
158361.7
158393
158520.5
158758.6
158774.3
158805.3
158847.9
159002
159018.1
159889.9
159962.9
159984.2
160127.3
160133.1
160163.4
160238.6
160537.2
160617.9
160721.5
161954.5
161979.8
165712.2
165834.6
165947.4
166017.5
166313.6
166313.8
166339.4
166370
166372.7
166489.9
166545.1
166568
166578.9
166648.5
166664
166673.1
166780.6
166809.5
169095.4
169195
169439
170628.3
170665.8
170815.9
170860.1
170942.7
171084.5
171335.1
171384.2
171397.4
171438.6
171478
171584
171605.7
171669.7
171711.8
171750.9
171798.6
171838.3
172549.3
172779.2
172788.5
172814.9
172835.6
172846.1
173013.1
173035.5
173095.4
173131.5
176471.3
176471.8
176684.7
176699.8
176774.6
177285.1
177329.7
177352.5
177432.1
178104.1
181174.1
181222.5
181263.4
181339.4
181357.4
181619.1
181865.7
182266.5
182307.2
182321.6
182436.4
182475.9
182609.4
182653.3
182654.6
183423.4
183450.2
183467.7
183561.7
183697.5
183774.7
187041.5
187348.4
187443
187506.5
187562.2
187919.9
188003.2
189118.3
189228.3
189559
189603
190530.7
190765.7
190784.7
192718.6
192814.2
192820.7
192834.4
192896.2
194433.4
194493.8
194610.8
199215.9
199301.4
199425.8
199572
199602.8
199648.2
199731.9
199757.6
199815.1
199864.3
199998.9
200026.2
200064.3
200074.8
200105.7
200145
200237.5
200240.2
200314.3
200328.1
200336.9
200421.7
200448.7
200657.9
200724.7
200768.7
200788.9
200820.8
200860.8
201058.2
201210.7
201215.3
201302.4
201311.9
201320.7
201323.6
201400.1
201610.9
201674.5
201736.5
201775.5
201788.3
201825.9
201875.5
201977.1
202040.2
202124.7
202142.1
202214.5
202294.9
202426.2
202437.7
202756.3
202942.4
202967.6
203077.4
203189.3
203210.8
203393.5
203449.2
203604.7
203648.9
203737.4
203823.1
203823.4
204059.6
204068.4
204108.1
204178.6
204254.6
204298.6
204348.1
204357
204362.9
204435.4
204534.6
204635.5
204876.1
204910.4
204929.7
204965.1
205150.9
205152.9
205237.1
205520.9
210021.5
210032
210048.8
210091.9
210196
210232.6
210267.2
210277.2
210284.1
210370.6
210500.4
214847.1
214849.1
215137
215241.6
221298.5
221353.8
221426.8
221533.8
221602.9
221603.7
222384.8
222425.6
222454.2
222486
222547.6
222548.3
222586.1
222645.6
224703.4
224732.1
224754.2
226310
226488
226511
226637.8
226661.6
226707.9
226716.2
226826.6
226833.6
226863.6
226870.5
226880.3
226944.2
226958.9
227025.6
227030.4
227143.9
227161
227247
227368.4
227517.2
227596.8
227640.2
227745.3
227895.1
228001.3
228068
228069.2
228155.6
228178.3
228205.8
228267.5
228295.1
228326.1
228336.6
228433.1
228648.5
228683.6
228811.9
229137.9
229372.6
240284.9
240302.2
240316.9
240498.4
240528
240533.9
240560.5
240583.6
240822.4
240853.3
240854.1
240865.6
240904.9
240930.1
240982.6
240984
240998
241032.4
241075.4
241111.6
241194.2
241265.4
241297.6
241322.4
241389.6
241552.6
242542.2
242764.9
242828.4
242926.3
251724.7
251841.3
260103.3
261511.2
263303.8
263343.2
264144.6
264370.2
264372.7
264381.9
264393.5
264525
272314.2
272451.7
272539.5
274647
274848.4
274973.2
275018.7
275049.4
275099.5
275131
275199.9
278813.4
278877.1
278917.5
278932.9
278968.4
279090.1
279922.5
279933.6
279961.7
280048.5
280063.8
280136.8
280157.7
280169.7
280175
280238.8
280250.6
280265.4
280389
280398.6
280399.2
280406.5
280408.1
280476.2
280538.6
281833.3
281848.4
281873.7
281877
282138.6
282156.3
282266.3
282347.5
286749.7
287009.3
296035
296342.8
296351.9
296416.8
296469.4
296473.5
296524.7
296529.2
296622.2
296728.2
296921.2
296967.2
297121.7
297237.5
297324.3
297392.2
297468.5
297480.8
297510.8
297520.4
297540.5
298182.9
298470.3
298669.4
298699.5
298732.8
298751.6
298770.5
298898.3
298932.2
298952.5
298999.3
300916.4
308567.5
308694.8
308753.4
313402.6
313686.6
313718.3
313748.7
313987.9
313992.7
314013.9
314040.2
314069.5
314174
314399.7
314419.2
314468.2
314583
314628.4
314732.4
315030.1
315332.6
315348.4
315369.4
315409.6
315583.4
315606.9
315644
315652.6
315658.3
315700
315726.7
315756.9
315879.9
315977.5
316125.7
316517.5
316885.2
317025.2
317037.5
317586.2
317606
317723.8
317731.2
320353
320488.7
320493.6
320512.5
320607.5
320621.4
320631
320644.9
320684.8
321665.7
321901.9
321953.5
322062.3
322233
322338.6
322784.5
331459
331778.9
331981.4
332608.3
332719.3
332859.4
335317.5
335460.3
336523.9
336531.2
336765.1
337002.7
337279.7
337903.2
337938.7
338066.7
338146.6
338201.2
339928.9
339954.4
340028.6
340269.2
340427.4
341347.7
341571.9
341628.2
341629.3
341637
341653.4
341667.3
341681.3
341699.4
341731.6
341733.3
341734.4
341766.7
341768.6
341850.8
341927.3
341958.1
342012.9
342108.3
343069.3
343303.2
343322.2
343350.8
343377.1
343555.4
343622.4
343630.6
343641.5
343644.5
343664.9
343700.5
343706.4
343707
343847.9
343955.2
344015.6
344152.9
344222.4
344266
344307.7
344343.9
344459
344499.5
344506.2
344661.7
344663.8
344741.3
344765.2
344765.6
344808.8
344831.9
344835.1
344884.2
344902.1
344910.5
344967.4
345031.2
345206.8
345229.1
345397
345590.1
346546.1
346583.8
346590
346731.5
349546.1
349929
349973.2
350037
350121.1
350137.6
350237.8
350395.1
350773.1
350816.6
350825.2
350865.1
350878.4
350949.1
350960.4
351063.4
351111.7
355698.4
356110.5
357026.7
357267.1
357271.3
357664.8
357733.1
357828.1
358076.6
358357.1
358369
358371.3
358659
359849.8
359942.6
360014.8
360360.3
360372.5
360385
360418
360419.9
360545.3
360573.1
360672.8
360676.4
360793.7
360834.7
360878.3
360917.4
360975.5
361023.5
361051.5
361148.8
361221.8
361723
362355.8
362367.7
362372.1
362381.1
362382.5
362452.3
362510.4
362624.5
362650.5
362813.1
362844.2
362856.7
362924.9
362966
362994.8
363035.4
363062.5
363088.7
363111.6
363134.1
363136.8
363168.9
363206.6
363243.3
363269.8
363297.3
363389.1
363425.7
363454.5
363459.8
363505.3
363529
363548.1
363608.7
363673.3
363702.5
363707
363771.7
363797.1
363814.5
363824.4
363828.2
363882.2
363892.5
363957
363980.3
364042.4
364064.5
364070.7
364085.8
364120.5
364139.3
364146
364168.8
364240.1
364273.9
364286.2
364289.7
364290.2
364349.4
364392.8
364501.3
364598.3
364667.4
364699.2
364703.4
364738.7
364815.9
364842.2
364845.2
364901.6
365089.7
372865.1
372878.8
373023.8
373110.8
377108.6
383124.4
383735.7
384735
385577.8
386008.8
387330.4
388440.4
388608.7
388627.5
394736.9
395188.3
400218.3
409321.6
419826.6
420088.9
420146.8
420221.5
420243
420338.6
420347.8
420489.9
420596.3
421148.7
421265.8
421506.6
422909.5
425198.4
425348.5
425403.9
425410.5
425443
425535.8
425558.9
425668.1
426600.1
426912.4
427356.5
427556.9
429698.8
445308.5
445492.7
446446.7
446461.8
446492.9
446505.2
446528.9
446584.5
446661.6
448555.2
448702.9
449965.5
450264.6
450372.4
450376.1
450398.7
450471.9
450548.7
450564
450607.1
450618.4
450676.9
450770.9
450818.6
451430.2
451484
451532.1
453143.7
453231.3
453255.4
453270.9
455503.4
455550.6
459046.5
459189.6
459358.9
459428.7
459430.3
459439.4
459451.4
459491.2
459534.5
459652.8
459685.8
459702.8
462906.6
462924.9
466785.9
467255.4
475097
475418.7
475604.4
476590.5
476821.1
476984.5
477029.5
477162.5
477473.7
477985.2
481153
481508.3
492340.5
504937.1
510603.9
512021.2
512054.5
512074.4
512094.6
512130.5
512136.6
512139.4
512155.5
512157.4
512177.8
512208.4
512226.4
512253.5
512294.1
512369.5
512381.9
514461.8
515184.5
515583.6
515716.3
515916.9
516018.8
516278.3
516283.2
517112.9
517188.6
519346.7
519356.6
519839.9
519894.6
520065.1
520204.9
520232
520345.5
520386.2
520479.6
520483.9
520612.5
520622.3
520661.3
520688.9
520706.2
520706.9
520777.6
520780.5
520842.5
520842.8
520856.9
520975.8
520990.4
521034
521112.1
521128.7
521374.1
521635.8
521669.9
521738.6
521743
521763.9
521812.1
521823.8
521836.2
521851.6
521894.8
522006.7
522047.7
522179.8
522413.5
522418.3
522419
522479
522596.8
522635.3
522638.3
522674.5
522796.6
522802.6
522843.5
522891.5
522903.9
522908.1
522966.8
522983.8
523024
523331
523407.4
523418.7
523425.2
523433
523453.7
523462.3
523498.5
523573.7
523579.7
523707.8
523774.3
523776.9
523831.1
523831.5
523972.2
524063
524096.9
524126.4
524220.2
524352.4
524825.5
524878.7
525017.6
525133
525319.6
525396.6
525476.2
529066.1
529170.4
529187.6
529294.2
529390
529405.8
529408.2
529502.7
529512.8
529537.5
529734.4
529785.4
529873.6
529933.5
529972.5
531968.4
532021.7
532186.8
533459.7
533542.6
533580.7
533581.5
533652
533687.1
533797.6
533835.2
533893.4
533973.4
534096.9
534174.5
534174.6
534235.4
534299.3
534323.8
534339.9
534445
534462.1
534481
534482.9
534483.8
535416.5
535461.9
535483.7
536102.2
536109.1
536233.5
536286.1
536299.3
536327.7
536416.3
536441.7
536445.6
536649.7
536771.6
539333.3
539334.6
539568.4
546497.1
546562.1
546589.9
546765.8
546913.9
546992.4
547830
549583
549718
550010.8
551562.1
551698.2
551749
551756.5
551763
551807
551913.3
552118.3
555475.1
555751.9
555878.9
556312.9
556760.7
557261.2
557411.9
557604
558006.1
558035.3
559447.1
559626.5
559791.3
559804.1
560300
560381.4
560397.3
560461.5
560496.4
560538.4
560645.7
560732.8
560995.4
561061.8
561071.7
561124.7
561176.1
561988.3
562024.8
562094.4
562096.9
562098.4
562135.3
562148.9
562188.1
562251.2
562286.4
562343.6
562465.2
562847.9
562928.6
562941.4
563043
563062.4
563670.3
563940.8
563984.3
563997.2
567408.5
568287.5
569951.7
570566.1
570646.4
570833.7
570955
571051.9
571066.2
571311.3
572814.8
572923.2
573288.5
574044.6
574354.3
574420.3
574530
574530.1
574538.1
574560.4
574644.7
574828.7
574972.6
575060.8
575074.4
575103.3
575163.8
576421.6
576458.8
576555.6
576736.5
577018.8
577111.2
577141.9
577372.7
577420.3
578975.1
578986.9
578998.7
579224.6
579300.9
579317.5
579334.8
579359.2
579390.4
579469.4
579479.2
579481.4
579487.9
586615.6
586742.2
586818.4
586865.8
586876.4
586876.6
586940.8
590983.1
591569.2
591712.1
591744.8
591899.5
592099.8
592274.8
592304.1
592391
592406.8
592434.7
592477.8
592479.3
592483.9
592494.5
592519.9
592536.3
592568.1
592578.7
592621.2
592666.8
592728.9
593161.3
593345
593362.5
593376.6
593424.8
593530.2
593567.5
593589.9
593650
593664.8
593855.2
594057.7
594184.5
594312.9
595358.2
595372.3
595696.9
597050.1
599732.3
