11261.4
11556.5
11907
12112.8
12354.7
12579.8
12843.7
22711.4
22878.9
22983.5
23034
23155.9
23204.2
23218.3
23270.8
23276.9
23325.6
23333.5
23450.7
23509.3
23659.7
23689.2
23691.7
23756.7
23884.8
23893.4
23904.5
24074
24361.3
24388.6
24463.5
24646.9
24911.1
25561.3
25592.2
25942.1
25995.2
26125.9
26161.6
26218.1
26436.2
26772.4
26889.5
26943.3
27267.2
27312.7
27335.2
27453.4
27532.5
27557.3
27596.1
27800.9
27820.8
27972.5
27977.6
28325.3
28716.9
28786.3
29005.1
44469.4
50744.4
50975.1
51027.2
51234.5
51283.1
51810.2
51873.2
51976.2
52092.8
52175
53514.6
53866.3
53928.1
54024.3
54239
58174.9
58454.2
59156.2
59414.6
59505.6
59538.1
59549
59555.5
59741.5
59779.1
59820.6
59846.5
59880
59936.5
60089.2
60128.5
60214.5
61680.3
63718.5
65009.3
65139.1
65469
65471.9
65481.3
65709.5
65724.9
65736.2
65820.9
66054
66103.4
66116.3
66352.2
66378.1
66474.4
66480.4
66503.5
66532.3
66532.4
66556.7
66588.8
66621.5
66636.4
66648.5
66662.2
66713.4
66765.2
66842.7
66869.5
66940.4
66964.8
67047.6
67058.9
67095
67104.8
67112.8
67143.7
67432.3
67473.9
67558.9
67603.5
67732.7
67878.7
67962.2
68030.7
68106.5
68355
68396
93310.6
93548.4
93659.6
93710
93943.7
94760.7
94974.3
94990.4
95109.3
95922.4
96007.8
96367.3
96758.3
97071.6
97084.5
97157
97200.4
97279.9
97489.9
97576.3
97597.5
97857.8
98003.6
98018.7
98144.6
98193.1
98502.8
98588.2
99431.5
99653.8
99838.3
100012.1
100370.9
100675
100857.6
100922
101064.8
101625
101977.9
102751.5
103254.6
103794.3
126603.5
137045.7
137383.2
139391.6
151862.8
157547.7
161733.5
161734.6
161803.6
161843
161887.3
162165.1
162301
162478.9
162560.9
162582.1
162725.6
162741.6
162770.4
163500.3
163982.6
164823.4
165053.3
165120.7
165129.5
165182.9
165198.1
165336.6
165518.9
165687.9
165909.4
165941.2
165956.1
165990
166051.8
166090.4
166127.5
166185.9
166199.4
166280
166311.1
166476.1
166479
166569
166623
166652.5
166684.3
166687.8
166731.2
166810.3
166829.2
166835.2
166835.3
166889.8
166891.2
166913
167010.1
167040.6
167611.9
168074.7
174077.1
174136.8
174163.6
174560.2
174686
174755.3
174799.9
174815.4
174945.5
175017.9
175105.2
175134.9
175135.3
175139.7
175221.3
175257.2
175263.2
175349.8
175406.7
175436.5
175445.7
175451.7
175458.7
175622
175639.5
175677.2
175882.2
175934.4
175984.7
176194.1
176399.8
176513.6
176908.4
177067
177610.1
178048.1
178403.8
178967.1
179454.7
181586.2
181977.3
183404.4
188337.5
188511.5
188656.1
188708.2
188809.1
191117.8
191804.6
192342.2
192678.1
192909.8
192951.2
192970.8
193020.7
193094.8
193501.2
193514.4
193627.5
193680.3
193863.9
193957.6
194009.8
194096.6
194182
194236.5
194274.5
194307.5
194382.8
194467.4
194471.6
194565.5
194597.9
194613.3
194614.9
194648.5
194653
194706.1
194706.8
194711.8
194728
194739.6
194766.2
194956.7
195012.7
195043.7
195180.8
203641.2
209333.9
222760
223164.4
223186.3
223394.9
223426.4
223445.4
223637.9
223697.7
223727.5
224065.1
224132.1
224697.7
224962.3
230955.1
231210.8
231296
231547.3
232695.9
236453.7
241675.3
241965.5
242956.8
243546.2
243593.4
243671.8
243683.3
244177.4
244223.8
244327.9
244900.1
245014
245077.3
245856.1
246319.1
246369.6
248871.1
249358
249757.1
249768.1
249851.3
249920.4
250029.1
250164.3
250165.7
250237
250349
250601.7
250944.8
251108.4
251255.5
251679.8
252212.6
270095.4
270168.3
270297.6
271040.8
271203
271276.7
271514.4
271520.1
271523
271535.5
271789.3
271847.8
271923.1
271997.4
272033.8
272145.3
272165.6
272251.2
272344.4
272361.5
272449.7
272467.7
272515.2
272584
272646.2
272815.7
272899.7
272900.1
272921.7
273158.8
273761.8
274280.3
274659
277908.1
278267
278475.3
278727
278930.3
278935.5
278948
278963.8
278975.9
279049.1
279061.5
279068.3
279159.4
279300.5
279439.9
279496.1
282043.8
299150.5
299344.6
299403.1
299442.1
299614.3
299649.3
299748.7
299857.6
300016.8
300158.1
300757.6
300881
300969.6
301681.1
301830.2
302283
302531
302637.3
302841.8
302923.8
303041.2
303133.7
303212.7
303402.6
303489.2
303624.7
309314.4
309610.6
309910.5
310340.7
310990.6
325754.7
326199.3
326471.5
329794.8
329854
330029.3
330225.9
330269.4
330282
330320.7
330415.2
330440
330464.6
330512.4
330549.4
330751.3
330776.4
330832.3
330931.4
331018.4
331163.6
331331.3
331337.8
331424.7
331440.1
331492.5
331501.1
331640.4
331648.7
331918.1
331956.7
332001.6
332113.9
332130.8
332178.2
335940.5
336322.4
336949.2
337601.2
337746.7
343253
346709.1
347324.6
347464.2
347978.9
348379.9
348453.2
348494.3
348711.3
348848
348858.3
348859
348872.8
348881.1
349432.9
349520.2
349725.6
350468.6
350540.4
373444.1
373651.8
373719.2
373738.4
373754.8
374442.7
375160.7
418814.9
420800.4
420980
421013.2
421022.9
421445.4
421490.5
421547.5
421575.4
421646.7
421698.2
421709.3
421745.1
421828.2
421846.1
421932.7
422024.8
422235.5
422284.6
422288.8
422323.7
422339.2
422560.1
423063.7
423188.6
426212.8
426407.2
428139.9
428200.5
428219.5
428338.1
428382.2
428511.6
428569.5
428836.3
428947.8
429151
429191.7
429192.5
429369.6
429425.4
429472.3
429545.4
429655.9
429711
429833.2
430020.7
430062.6
441236.6
441987.1
442039.5
442384.4
442436.3
442459.7
442504
442740.2
442839.3
442854.4
443143.9
443217.7
443991.1
444199
444363
444424.2
444618.1
444803
444814.6
444818.4
445007.3
445203.9
445376
445592.6
445594.9
445864.3
456556.4
456720
457229.2
457620.6
464878.5
465080.3
465457.7
465752.8
465890.6
466347.3
466419.6
466487.6
466567.8
466627.1
466640.2
466722.8
466768.3
466850.9
466866.1
466870.4
466895.3
467003.7
467007.8
467037.4
467101.6
467111.4
467123.9
467172.4
467231.2
467255.7
467277.3
467315.2
467346.4
467364.3
467426.8
467577.2
467658.8
467671.9
467679.7
467917.6
468320.8
469601.1
470817.5
478762.6
494145.4
509084.8
509819.3
511778
511781.8
511964.6
511993.3
512131
512229.9
512283.8
512339.5
512346.2
512353.8
512425.6
512507.4
512527.4
512542.3
512720.3
512767
512769.4
513006.6
513008
513052.1
513071.9
513229.3
513700.7
513860.2
514842.1
517355.7
518243.9
518619.9
518647.8
518857.2
519010.7
519049
519083.2
519184.2
519192.6
519399.1
519763.7
520637.4
521556.5
521814.5
526687.3
526993.5
527003.1
527662.4
527761
528893.1
528997
529048.6
529103.1
529104.5
529162.7
529196
529234.4
529361.5
529474.7
529480.7
529516.1
529566.1
529591.1
529632.9
529695.5
529706
529739.2
529746.5
529759.3
529939.4
529988.3
529993.9
530291.5
530339.5
530672.1
539691
539835
539849.5
539939.2
540000.1
540149.4
540326.6
540466.3
540775
540795.3
540857.5
542114.3
546963.1
547379.5
547540.8
547642.9
548106.7
548415.9
548423.9
548500.9
548553.2
548637.7
548747
548772.3
548791.1
548950.4
549261.2
563855.7
565416.3
565836.7
565974.5
566379
566777.4
566810.4
567025.3
567030.6
567086.3
567127.2
567144.3
567170.6
567177.5
567265.1
567279.3
567331.9
567750.6
567751.7
567786.5
567827.2
568075.1
568584.6
570120.3
575542.6
575577.6
576063.7
576213.2
577254
577444.4
577830.5
577925.8
578112.5
578953.3
586103.1
590578.2
590702.6
590713.5
590725.8
590738.6
590765.9
590830.7
590853.3
590864.4
590896.7
590964.7
591041.2
591059.7
591113.8
591295.1
591962.4
592814.6
593429.6
594240.1
594728.3
595007.1
595029.3
595078
595125.1
595165.8
595248.3
595293.9
595320.1
595356.8
595360
595551.1
595619.2
595622.8
595675.7
595693
595759.2
595764.9
595902.3
596619.4
