1860
2082.3
2097.9
2109.9
2151.1
2208.9
2231.9
2245.2
2258.1
2267
2270
2298.9
2320.1
2335.2
2459.4
5407.6
5875.1
6115.7
6295.5
6448.1
6476.5
6544
6604.9
6766.4
6797.6
6822
6837.9
6949.5
6972.5
7014.1
7033.8
7153.7
7183.1
7235.2
7262.3
7334.4
17753.4
18309.6
18626.5
18654
18810.7
18846.5
18880.3
18901.3
18905.6
18944.5
19002.5
19009.1
19046.5
19120.6
19203.8
19243.4
19523.8
19767.9
19777.8
19884.3
19920.6
19968.1
19991.9
19995.3
20019
20051.3
20172.1
20458.9
34891.4
35069.4
35170.6
35252.1
35429.3
35476.8
35493.5
35533.3
35567.2
35611.4
35702.8
35895.8
35907.7
49639.1
49903.9
50124.1
70445.2
70885.6
70918.7
71004.5
71007.3
71164
71187.7
71212.9
71274.2
71356
71399.2
71417.6
71440.5
71462.3
71526.4
71550.9
71583.4
71589.9
71592.3
71592.6
71593.1
71680.2
71702.2
71795.4
71893.4
71896.4
71954.1
72135.4
72145.7
72630
73041.1
73134.2
73216.2
77704.3
77931.5
78064.7
78116.6
78318.2
78347
78424.7
78516.7
78546.7
78587.8
78976.7
78977.9
79123.8
79302.1
79541
79650
79810.3
80334.4
80541.6
81207.3
81304.6
81494.1
81743.9
82813.6
83041.8
83643.6
83806.3
83917.8
84156
84162.7
84234.8
84266.5
84387.3
84422.5
84430.9
84507
84514.2
84523.8
84599.6
84675.8
84750.3
84896.4
85146.8
85154.6
85262.6
85446.7
87891.6
88256.1
88339.6
88384.6
88460.6
88585.2
88735
88883.5
89450.4
89465.6
89511.4
89514.1
89516.6
89550.6
89575.7
89579.4
89591.5
89592.9
89639.5
89647.3
89666.4
89677.1
89697
89793.4
89914.3
89957.5
89957.8
89999.8
90058.2
90094
90102.3
90148.7
90325.3
90480.7
90484.7
90514.3
106547.5
106570.2
106632.2
106693.9
106863.6
106905.8
106929.6
106955.7
107090.5
107117.7
107162.9
107173.3
107178
107203.4
107237.9
107263.3
107277.3
107341.5
107395.3
107412.4
107424.3
107424.9
107438.7
107465.9
107527.2
107533.4
107542
107555.8
107684.5
107687.1
107796.5
108490.1
108544.8
108657.2
108681.9
109070.3
109495.6
109860.4
109941.7
110029.1
110039.5
110075.8
110242.6
110463.9
110725.3
114151.6
115189.6
115350.5
115547.4
115615.9
115628.5
115727.3
115752.3
115765.9
115782.6
115903.9
115943.9
115951.2
115996.2
116028.8
116029.4
116032.5
116043.9
116071.4
116094.2
116095.2
116153.9
116183.6
116218.2
116237.7
116271.6
116389.2
116460.8
116493.5
116781
116788.7
116939.5
116961.5
116973.9
117083.7
117108.6
117164.8
117187.2
117283.5
117319.4
117419.6
117431.5
117498.6
117539.3
117553.4
117596.1
170726.5
171080.6
171138.4
183820.8
183943.2
184019.7
184044.4
184073.6
184618.1
184757
184803.3
184811.4
184817.8
184827
185008.5
185057.9
185062
185110.1
185203.3
185231.8
185257.3
185321.2
185337.7
185435
185439.1
185508.4
185535.9
185592.7
185629.1
185650.8
185851.3
185906
186086.3
186126.6
186136.4
186220.2
186261.4
186293.6
186416.8
186425.5
186468.6
186577.8
186588
186838.1
186866.2
186905.9
186975.8
186976.8
187083.4
211503.7
211748.7
211769.5
211969.4
211998.3
212005.8
212141.4
212230.3
212300.7
212497.1
212561.7
212629.8
212904.4
213287.5
213688.3
214233.3
214420.7
214673.6
215478
215655.8
215972.7
216059.3
216659.6
216850.8
216976.3
217055.3
217076.5
217137.2
217253.2
217331.6
217400.5
217410.4
217413
217464.3
217504
217519.7
217570
217651.7
217661.7
217684
217723.3
217745.9
217752.1
217794.6
217813.4
217848.7
217865.8
217885.7
217939.5
217996.1
218009.9
218332.3
218365.5
218372.5
218392
218403.8
218480.9
218493.2
218533.7
218586.7
218677.1
218697
218760.8
218878.6
218882.6
218940.5
218977.3
219181.2
219187.5
225169
225327.7
225387.7
225479
225507.4
225511.5
225701.8
225950.6
225970
226170.1
228967.4
256926.5
257062.3
257343.7
258578.7
258697.8
258770.6
258822.8
258994.2
259277.3
259316
259442.2
259453.6
259459.5
259494.1
259519.5
259556.6
259573.7
259823
259841.6
260473.7
267928.6
268057.6
287344.7
287424.2
287597.2
287641.9
287677.5
287694.7
287695.8
287729.4
287808
287814.4
287824.1
287883.6
287887.3
287982
288005.9
288018.9
288062.6
288064.4
288113
288124.9
288153
288179.9
288183.9
288208.1
288289.2
288298.3
288322.6
288342.7
288363.4
288469.5
288478.8
288502.3
288538
288578
288594.6
288605.1
288657.9
288688.1
288729.3
288749.5
288750.1
288761.6
288916.8
289087.3
289119.8
289275.7
289324.7
289402.6
289421.8
289431.1
289447.1
289501.4
289551.1
289628.6
289671
289703
289713.1
289732.5
289775.4
289837.5
290078.8
290123.9
290125.8
290169.3
290178.5
290195.5
290255.8
290284.7
290319
290327.1
290358.1
290389.6
290622
290627.4
290667.6
290789.6
290862.8
290919.1
290961.6
290990.6
290993.3
291014.2
291052.5
291098.1
291132.8
291214.1
291364.1
291421.9
291428.8
291430.4
291438.5
291449.9
291450.2
291511.8
291571.8
291592.3
291595.5
291612.1
291633.3
291643.4
291648.5
291670.4
291710.7
291733
291747.7
291868.2
291911.4
291916.7
291994.9
292029
292047.9
292065
292081.5
292102.2
292119.8
292265.3
292277.1
292381.1
292414.5
292416.4
292420.2
292455.1
292560.7
292648.9
292734
292776.6
292851
292868.9
292882.2
292966.3
293026.9
293069.8
293075.8
293099.7
293178.4
293230.5
293299.8
293365.5
293414.9
293500.8
293503
293617.5
293624.1
293656.9
293734.5
293873.2
293941.9
293949
293967.6
293981.7
294015.4
294047.4
294111
294198
294198.9
294224.5
294278.6
294336.7
294506
294519.7
294532.4
294534.9
294583.9
294638.6
294639.5
294653.5
294688
294689.8
294763.2
294797
294855.3
294926.9
294976.7
294987.3
295003.2
295101.5
295102.5
295186.8
295239.5
295248.1
295257.9
295325.7
295362.8
295722.9
296381.3
298309.2
311793.3
311997.5
312026.2
312086.1
312096.5
312097.4
312118.8
312147.9
312196.7
312249.8
312268.3
312286
312327.5
312356.3
312411.7
312494.4
316780
318000.7
320316.3
320501.5
320702.5
320739
320789.2
320872.1
320966.2
321016.5
321018.3
321083.3
321235.8
321240.3
321315.3
321315.7
321384.5
321498.6
321554.2
321571.9
321585.3
321611
321646.2
321666
321678.9
321705.8
321715.5
321754.6
321765.3
321802.9
321813.1
321817.1
321982.8
321985.5
322025.8
322122.9
322135.8
322368.3
322372.6
322382.7
322578.6
322610.4
322624.2
322696.5
322702.9
322704.8
322739
322785.9
322840.4
323135.9
323222.9
323286.4
323342
323383.9
323481.9
323485.6
323506.5
323601.9
324060.8
324071.7
324103.2
324217.6
324282
324370
324493.9
324618.2
324723.4
324753.5
324783.9
324788
324829
324935.4
325073.7
333644.7
334272.9
336920.4
337288.3
337751.4
337795
344154.2
345742.5
346075.7
353548.8
354053.9
354325.9
354340
354464.3
354578.1
354588.7
354600
354787.1
354790.3
354809.4
354832
354838.9
354865.2
354880
354911.8
354914.3
354925.8
354942.6
355028.1
355124.4
355289.9
355350.4
355390.5
355476.9
356489
356516.7
358514.8
359898
360189.9
360803.9
360949.6
361475.8
361529.4
361541
365341.8
365752.9
365800.6
366140.8
366141.9
366153.5
366564.5
366955.2
367161
367211.2
367339.6
367396.3
367544.3
367609.4
367691.6
367722.6
367742.7
367833.1
367881.9
367923.2
367961.3
368068.3
368086.6
368108.8
368173.8
368213.2
368258.7
368262.5
368320.1
368328.6
368351.3
368440.5
368485.8
368535.2
368544.8
368709.9
368715.5
368720.2
368776.2
368848.8
368924.8
368941.8
368996.5
369012.2
369021.7
369023.8
369083.5
369108
369373.6
369412.2
369434.3
369437.5
369459.4
369465.6
369489.2
369512.8
369520.5
369562
369618
369625.1
369635.7
369646.1
369647.2
369647.9
369662.4
369704.8
369718.5
369720
369754
369787.1
369802.7
369821.4
369866.1
369916.1
369934.1
369934.2
369966.2
369971.3
370023.2
370029.6
370066.2
370073.7
370075.5
370107.4
370162.8
370225.9
370295
370323.8
370429.2
370448.9
370460.1
370502.3
370507.8
370566
370602.9
370610.1
370611.5
370631.2
370677.2
370744.4
370819.3
370827.1
370898.6
370937
370948.7
370964.7
370992.3
370998.7
371039.7
371159.4
371182.7
371197.3
371251.2
371315.7
371357.9
371411.9
371490.7
371502.1
371502.2
371525.8
371581.6
371738
371766.2
371804
371810.6
371812.3
371842.7
371845.6
371884.8
371900.6
372036
372119.7
372136.3
372169.2
372219.1
372239.8
372370.9
372606.1
372739.9
372887.5
424142.2
424164.4
424272.9
424361
424888.9
424939
424941.5
425015.1
425038.1
451222.2
451592.2
451798.1
452155.4
452288.2
452609
452912.6
452936.7
452978.9
453167.3
453185.6
453222
453236.5
453334.4
453355.7
453437.7
453476
453521.1
453524
453561.1
453580.5
453645.7
453652.2
453659
453809.5
453826.5
453828.2
453969.3
454021.6
454048.5
454060.8
454211.2
454239.7
454241.6
454316.7
454427.8
454546.8
455895.1
460335.6
460540.8
460663.9
460688.4
460767.6
460777.8
460886.6
460930.1
461159
461163.1
461227
461234.7
461279.7
461295.5
461309.9
461451.1
461458.8
461613.1
461713.8
461809.2
461833.8
461858.4
461861.2
461912
461920.7
461935.6
461944.1
461980.6
462014.2
462149.9
462184.1
462318.7
462363
462435.1
462490.3
463063.8
463466
463717.4
463969.1
463977
464153.2
514717.2
515347.9
515590.6
515652.8
516567
516586.2
516692.1
531893
535210.3
535756.1
536088.9
536113.5
537021.3
537120.5
537278.2
537486.1
537516.6
537609.1
537717.9
537998.6
538023.5
538052.2
538068.4
538363.9
538373.1
538381.4
538472.1
538542.7
538795.2
538901
538939.7
538999.7
539183.1
539239.4
539281.9
539357.9
539763.2
550522.1
550554.9
550636.7
550890.6
550988
551017.6
551100.9
551103.6
551112.4
551209.4
551218.8
551270.9
551279
551374.1
551386.6
551401.9
551483.4
551489.8
551519.2
551537.9
551576.7
551787.9
551862.8
558958.8
559433.1
559907.9
560013.1
560024
560055.6
560211.6
560240.2
560304.1
560359.9
560423.3
560457.6
560600.2
560701.8
560724.9
560882.4
560883.8
560900.9
561041.4
561087.3
561152
561219.8
561249.9
561325
561386.4
561765.9
568948.4
570474
570604.3
581102
581216.6
581359.9
581603.9
581743.3
581817.4
581844
581875.1
581920.6
582043.2
582071.9
582106.8
582126.2
582155.3
582163.2
582219.2
582309.8
582467.4
582480.8
582500.6
582506.6
582556.6
582563.7
582565
582602.4
582672.9
582706.4
582719.9
582909.6
582990.6
583077.5
583138.5
583188.2
583198.1
583214.6
583600.1
583655.2
583660.1
583677.9
583698.4
583726.2
583859.9
583860.2
584031.8
584107.6
584139.6
584167.1
584360.1
584450.8
584473.1
584489.8
584610
584978.2
585108.3
585160.7
585163.2
585208.7
585218.9
585357.3
585467.5
585624
585636.5
586236.6
586699.9
597287
597560.5
597680.2
597790.2
597861.5
597971.7
598049.9
598083.3
598124.9
598196.8
598284.3
598325.9
598473.1
598594.5
598705.5
598730.5
598827.4
598941.5
599183.1
599235.2
