2227.5
4529.6
4618.5
4642.5
4644.9
4653.2
4667
5204
5233.3
5318.9
7208.7
7228.1
7359.2
7370
7380.6
7552.2
8692.8
9018.9
9102.1
9413.6
9505.3
9727.4
9796.6
10172.3
10518.6
10795.2
10823.8
10860.7
11943.7
12076.5
12100.3
12156.6
12185.5
12428.1
12465.7
12950
13714.9
14001.9
14039.9
14307.6
15696
17112
17145.5
17161.6
17164.9
17260.4
17294.4
20326.8
20335.3
20415.9
21260.8
22655.5
22969.3
23900.5
23903.6
24068
24078.1
24328.1
24883.7
25222
25268.4
25318.3
25351.3
25381.4
25454.3
25563.9
25645.5
25697
25711
25746.3
25825.6
25848
25891.2
25899.7
25917.1
25985.2
26004.8
26012
26022.7
26038.6
26113.9
26220.4
26231.3
26439.1
26463.9
26533.1
26755.5
26792.8
26857.8
26866.3
26996.7
27054.4
27097.9
27219.5
27242.3
27255.9
27257.4
27283.1
27319.9
27363
27367
27369
27497.6
27516.9
27527.4
27592
27700.7
27750.6
27754.1
27761
27787.9
27888.8
27994.1
28016.2
28051.4
28054.3
28071.1
28176.4
28412.9
29007.2
31247.7
31469.5
31562.9
31917.8
32454.8
33350.8
33494.5
33539.7
35983.2
39990.9
40090.5
40106.7
40154
40251
40259
40276.7
40287.3
40299.8
41641.3
41801.5
41860.6
42551.7
42667.3
42690.5
42774.3
42804.4
42906.9
42938
42942.6
42947.1
42976.1
43018.4
43060.6
43261.6
44103.9
44110.5
44145.9
44155.5
44169
44179.4
44214.4
44301.5
44334.6
44375.5
44376.4
44376.8
44449.8
44459.1
44489
44577.1
44615.1
44763.9
44909.8
44916.3
45806
45837.2
45838
45841.9
45932.2
45948.4
45953.9
46004
46043.9
46047.2
46048.6
46097.5
46447
51194.8
51292.1
51987.6
52185.7
52307
54292.3
55215.2
55227.1
55265.1
55285.5
55300.7
55306.3
55385.4
55587.4
55853.6
56080.5
56106.8
56122.4
56208
56251.4
56342.8
57362.1
58132.3
58159.5
58246.2
58355.8
58368.5
58683.5
58703.7
58795.1
58801.1
58989.7
58995.5
59029.2
59365.5
61079.7
61133.9
63410.4
63677.4
63684.4
63700.6
63804.9
63863.5
63887.7
65032.5
68645.7
70490.4
70670.1
70673.1
70935.8
70949.3
71427.6
75206.7
75318.3
75329.4
75383.7
75419.4
75429
75433.1
75449.9
75474.5
75630
75630.8
75663.7
75712.8
75753
78411.1
78475
78532.7
78540.5
78573.4
78580.2
78613.3
78676.8
78695
78831.7
78849.9
78871.2
78995.4
79110.7
79165.2
79177.1
79236.6
79292.6
79334.9
79361.8
79431.8
79438.5
79441.6
79451.3
79707.9
79789.8
79809.5
79818.8
79886.7
79897.2
80009.5
80071.3
80104.1
80144.5
80240.1
80285.3
80359.9
80389.5
80454.9
80523.3
80832.9
81329
81651.3
81659.4
82185.8
82310.5
82608.2
82772
83003.3
83050.7
83203
83229.7
83362.6
83409.9
83421.6
83533.4
83649.3
84136.5
84387.7
84430.1
84709.6
87754.8
88060.4
88149.1
88508.8
88856.4
89270.1
89593.6
91441.2
91501.4
91631.7
91639.3
91643.1
91685.4
91702.3
91774.6
91891.6
91904.1
92035.1
92045.4
92069
92172.1
92191.5
104724.3
104912.8
104960.6
104966.3
104986.3
105331.2
105424.6
108665.2
108809
111314.3
111401
111418.9
111474.9
111553.4
111560.5
111643.8
111684.9
111734.1
111813.2
111947
113135.9
113179.2
113191.9
113233.8
113285.9
116461.7
116471.2
116476.6
116668.1
116812.4
116866.7
116917.1
116919.2
116963.3
116971.2
116980.9
116981.7
116988.3
117060.9
117115.7
117176.1
117221
117266
117310.7
117413.9
117432.2
117507.4
117653.6
117694.5
117820.9
117850.8
118607.4
120528.9
120643.6
120666.4
120724.9
120829.7
120971.6
120974.7
121042.5
121063.5
121067.3
121071.5
121198.6
121240.7
121258.2
121275.7
121341.4
121410.6
121467.9
121947.4
121972
121992.2
122098.7
122185.7
122254
122280.4
122282
122568.6
122804.2
122832.9
122918.2
122949.3
123016.4
123099.7
123145.5
123188.8
123201.3
123268
123415.6
123530.6
123558.5
123624.1
123629.3
123646.9
123720.2
123721.2
123768.7
123826.3
123832.5
123854.8
124086
124154.2
124174.3
124247.6
124252.8
124257.6
124295.6
124391.5
124430.1
124454.9
124460.3
124494.3
124558
124574.8
124605.8
124772.3
130912.4
130972.5
131235.3
131463.1
131515.3
131541.5
131578.6
131605.7
131636.3
131645.8
131652.2
131697.5
131723.3
131920.7
132414.4
162207.3
162235.6
162258.5
162369.8
162374
162404.4
162436.4
162492.6
164265.5
173308.6
173467.7
173491.1
174539.1
174790.4
174893.8
174915.1
174928.4
174994.8
175023.1
175040.4
175059
175695.8
175777.7
175874.3
176352.1
179526.4
179572.7
179588.8
179635.3
179701.3
179730.3
179767.4
179771.6
179777.9
179843.5
179910.4
179949.4
180019.4
180040.6
180050.5
180098.8
180165.1
180202.4
180270.4
180439.1
180618.1
180687.8
180792.3
182870.3
182966.4
183053.1
185860
186237.2
186277.4
186349.8
186370.8
186543
186720.1
186993.4
187052.7
187065.7
187079.7
188854.7
189503.9
189547.5
189572.1
189616.6
189653.9
189663.6
189713.9
189721.5
189734.6
189919.3
189938.3
189974.4
189978.4
189984.3
190040.6
190135
190184.5
190185.2
190190.7
190192.1
190227.4
190258.8
190268.5
190308.7
190311.7
190351.3
190360.8
190371.7
190480
190578.3
191230.7
191411.9
192427.5
192493.2
193717
194590.8
195763.7
195822
195938.3
195967.7
195976.3
196158.9
196249.1
196361.4
196505.1
196605.1
196627.4
196656.4
196688.6
196888.6
197257.2
197981.6
199475.3
200333.3
200755.3
200955.1
201606.7
201922
202253.8
202456.5
202730.9
203320.1
203751
203871.9
204582
204643.7
205049.4
206293.5
206392.8
211892.5
211952.9
211987
212169.6
212204.8
212230.7
213512
213992.8
214043.5
214251.7
214254.6
218333
218393.8
218397.8
218966.6
219957.7
220060.7
220079.4
220103
220103.3
220146.7
220182.9
220216.7
220217
220239.4
220458.9
220486.6
220632.3
220726.9
220730.8
223711.2
223728.4
223803
223866
223977.1
225611.8
225834.6
225956.3
225974.4
225984.1
225993.3
226278.9
230210.3
230211
230238.1
230295
230302.4
230446.1
231236.7
231302.2
231395.8
232482.1
232516.6
234347.3
234473.4
234578.3
234595.8
234922.3
234948.5
234973.9
234976
234987.4
235001.3
235024.9
235094.2
235124.4
235160.8
235248.1
235258.3
235323.5
235330.6
235374.2
235505.7
235513.1
235567.4
235581.8
235627.1
235692.2
235712.1
235753.6
235761.4
235952.5
236216.6
236295.8
236540
236659.3
236660.8
236669.4
236715.7
236750.3
236817.6
236825.8
236864.7
236965.1
236978.1
237098.5
237180.3
237186.1
237229.4
237242.1
237512.3
237553.2
237608.1
237610.5
237940
237955.8
237964.4
237983
237986.4
238024.3
238030.1
238053.7
238082.2
238104.7
238247.3
238360.2
238539.4
238631.2
238696.9
238715.8
238779.2
238780.4
238876.6
238882
238917.9
239095.5
239106.8
241670.1
241756.1
241831.7
241888
241905.8
242069
242091.8
242093.4
242226
242289.7
242310.4
242320.7
242324.6
242367.2
242423.3
242570.3
242846.3
244147.8
244269.8
244431.3
244500.6
244566.4
244589
244589.7
244629
244655.9
244816.7
244878.2
244881.6
244890.4
244935.5
244948.4
244996.6
245005.8
245090.6
245157.8
245160.4
245210.4
245214.6
245251.7
245273.2
245305.9
245313.2
245464.9
245475.4
245523
245552.3
245722
245840.1
245922.7
245931.9
245953.9
246020.8
246139.1
246303
246303.6
246323.3
246356.1
246362.2
246373.2
246400.9
246420.7
246482.3
246494.8
246543
247481.5
247648
247677.4
247679.5
247763.5
247772.8
247806.1
247829.3
251638.8
252557.4
252858.2
254698.5
254713.4
254945.8
255051.3
255192.4
255322.3
255326.8
255429.7
264036.9
264105.2
264135.8
264236
267102.9
267339.5
267419.1
267473.1
268986.6
269033.4
269511.6
269569
269614.9
269670.1
269693.8
269708.8
270738.2
271226.5
271470.8
274269
274548.8
274553
274567.7
274575.4
274620.4
274690
274703.2
274724.8
274939
277114.1
277672.1
278152.1
278196.7
278960.9
280672
280816.1
280825.4
280918.3
280975.3
280995.1
281071.9
281142.9
281175.2
281176.2
281221.1
281298.4
281378.4
281412.6
281445.3
281507.5
281609.3
281701.8
282032.6
282397.9
282475.9
282529.9
282565.2
282570.6
282621.9
282685.2
282872.9
289943.1
290957.3
291844.1
293503.8
295512.9
295767.9
296110.5
297855.5
297902.7
299278.1
299451.1
299563.8
299767.3
299830.2
300007
300065.4
300596
303306.7
303465.9
303640.1
304726.7
305225.2
305719.9
305872.2
306193.2
306294.9
306310.9
306382.4
306461.7
306468.3
306493.8
306530.4
306556.7
306565
306576.5
307425.1
310773.9
310802.9
310852.4
310854.7
310900.8
310923.2
310945.6
310994.1
311025.1
311038.8
311059.4
311060.6
311093.6
313021.6
313949.4
314431.6
314527.7
314649.3
315192.7
315295.9
320105.4
320106.7
320120.3
320131.6
320139.1
323060.6
323186.6
323215.9
323811.5
323876.7
323900.9
323937.6
324652.1
324661.8
324899.5
325018.7
325051.2
325870.3
325928.6
326045.4
326061.2
326152.6
326215.9
326302.8
328490.4
329776.5
329925.1
330074.6
330147
332209
332324.8
332327.4
332401.7
332472.3
332510.8
332734.6
332742.5
336086.4
340402.1
340495.8
340630.9
340701.9
340838.9
340864.2
340931.4
341048.9
341057.6
341087.1
341103.7
341105.3
341149
341170.6
341327.3
341457.4
342438.3
342471.1
342561.9
342572.1
342619.2
342640.4
342642.6
342679.7
342688.3
342698
342706.7
342740.7
342741.5
342778.4
342837.8
342854.8
342855.7
342860.3
342865.6
342887.4
343188.3
344548
349152
349218.4
349319.1
349340.9
349345
349366.1
365376.8
365426.9
365520.5
365524.4
365562.6
365580.3
365690
365700.2
365939.1
366056.2
366067.8
366113.5
366120.9
366128.1
366129.7
366183.5
366242.3
366254.9
366312.4
366317.1
366376.7
366397
366421.9
366500.4
366511.1
366591.1
366598.7
366614.3
366683.8
366703.6
366726.3
366751
366764.2
366803.2
366815.6
366850.2
366885.7
366896.7
366932.9
366949.9
366954.5
366959.6
366972.1
367018.7
367019.1
367044.7
367049.1
367059.8
367065.9
367068.5
367086.5
367091.9
367132
367241.2
367308.4
367588.6
367646.6
374134.8
374138.6
374218.3
374272.4
374413.1
374518.1
374554.6
374560.8
374587
374622.3
374655.2
374757.7
374842.1
374850
374937.4
375013.8
375799.8
375811.2
375862.1
376054.5
376907.6
377077.3
377655.5
377848.5
378267.2
378368.5
378610.4
379616.8
380125.6
380254.4
380555
381036.2
381050.8
381092.4
382799.6
385246.3
385749.9
389440.2
389618.7
389636.7
389864.9
389895.2
389906.3
389939.9
389986.3
390159
390253.4
390572.6
390576.5
390614.2
390707.6
390833.5
390844.4
390884.3
390898.6
390952.7
390953.7
391025.1
391040.7
391056.7
391301.3
391454.6
391530.1
391633.4
391706.7
391822.4
391963.7
392031.7
392337.3
392351.1
392695.2
392834.5
392952.2
393090.4
393241.1
393288.7
397594.4
399030.4
399268.2
399337.8
399449.2
399484.8
399644.7
399709.1
399764
399786
399788.3
399914.3
400948.3
400951.5
405222.1
405337.5
405828.6
406390
412366.4
412532.3
412560.2
412697.8
413067.2
413089.3
413094.1
413098.3
413162.9
413216.6
413265.8
413327.5
413780.5
414032.7
414200.6
414525.9
414618.1
414727.8
414945.5
415349.8
415364.5
415575.3
415681
415817.5
415969.1
415999.3
416025.9
416151.2
416195.4
416201.4
416289
416491.9
416562.8
416603.9
416616.3
416636.5
416933.4
416984.3
416999.1
417025.8
417063.6
417148.9
417183.3
417231.6
417846.9
418004.2
418012.6
418104.9
418106.8
418248.4
418561.5
419983.7
420303.8
420596.2
420773.8
421652.8
421667.3
421855.8
421860.6
421886.9
421947.6
422023.2
422090.2
422118.7
422172.6
422185.9
422254.9
422324.8
422335.2
422344.6
422418.4
422475.2
422549.7
422623.2
422646.9
423250
426240.3
431844.9
431926.3
431933.9
432048.5
432075.9
432119.4
432133.4
432327.2
432431.7
432458.6
432466.7
432726.1
432777.4
432822.4
433026.4
433573.1
433694.3
434272.6
434337.1
434595.9
434877.8
435311.1
435522.7
435917.3
436014.1
436271.8
437097.1
437102.6
437266.9
437911.3
441649.4
441682.4
441691.3
441775
441926.5
441993.3
442413.4
442893.8
443050.3
443954.4
445841.4
445905.3
445963.7
446156
446722.6
446832.9
448963.1
449006.9
449067
449331.9
449342.9
449385.1
449387.3
449440.4
449460.4
449527.1
449537.1
449557
449641
449808.1
451485.2
451683.9
451811.2
451920.7
452165
454057.8
454194
454254.6
454264.3
454295.5
454315.7
454351.4
454366.6
454377
454409.8
454434
454442
454444.9
454458.7
454467.1
454470.8
454575.3
454737.4
457810.6
457824.3
457904
457987.4
458007.5
458123.2
460428.7
460551.8
460566.4
460732.7
460746.5
460769.8
460837.9
460858.5
460909.3
460956
461099.8
461129.2
461144.4
461243.5
461285.1
461399.3
462434.6
463525.6
463534
463706
463749.3
463794.8
464392.1
464573.3
467512.1
472217.1
472448
472481.7
472587.4
472660.6
472726.8
472910
472925.3
472965.6
473053.6
473085
473145.6
473247.8
473325.3
473618.2
474127.1
474157.6
474366.9
474372.4
474492.7
475663.5
481205.5
481518
482014.5
482213.5
485345.2
485675.3
485796.1
485805.1
485969
486207.1
486210.8
486280.3
486300.7
486321.4
486431.4
487387.4
488050.5
488977.6
489045.4
489228
489589
490469
490526.6
490910.5
491709
491886.3
492509.9
493590.6
494359.6
494960.2
494967.2
495166.5
495233.3
495396.3
495467.8
495680.2
495877.6
495932.6
496027.3
496098.6
496624.4
497217.7
497248.5
497568.7
497571
497675.6
498604.4
498778.2
499114.4
499122.8
499575.7
499610.2
499976.2
500259.1
500448.4
500475.2
500644.8
500684.7
501095.6
501250
501602.2
501753.1
502916.4
502953.8
503205.4
503293.9
503384
503504.3
504148.7
504241.3
504245.2
504729.9
504785.7
506343.9
507041.6
507325.9
507407.1
507437.9
507468.4
507571.2
507959.1
512171
512516.3
512553.4
512640.4
512798.3
512821.9
512865.6
512915.9
513060.3
513201.7
513205.3
513219.4
513270.4
513278.7
513391
513418
513480.1
513534.4
513603.3
513732.9
513780.4
513824.9
525342.5
525606.2
525688.8
525710
525737.1
525818.5
525916.7
525957.6
526069.9
526100.9
526153.2
526183.5
526273
526352.5
526368.4
526436.3
526477.2
526500
526537.4
526610.4
526654.9
526691.9
526714.8
526764
526784.6
526883.7
526961.1
526969.8
527001.1
527187.6
527228.6
532446.9
532545.8
532551.8
532667.9
532706.2
532729.3
532770.3
532814.9
532856.3
532923.6
532924.9
536995.8
537084.8
537090.6
537119.3
537170
537234.3
537343.2
537374.7
537480.1
537589.5
537590.6
537599.4
537668.3
537690.9
537792.4
537824.7
537847.5
538060.1
538168.3
538622
538785.7
538883.1
538909.2
539045.1
539958.3
539985.2
540100.8
540105.1
540198.5
540229.5
540247.5
540263.2
540306.7
540405.9
540509
540566.1
540611.5
540687.2
540696.4
540738.7
540745.5
540835.4
541020.2
542295.8
542663.9
542881.9
542949.7
542968.7
543012.6
543144.3
543151.2
543162.1
543187.7
543194.3
543226.2
543235.1
543242.7
543329.9
543330.8
543335.6
543343.3
543384.2
543390.3
543464.6
543536.9
543551.7
543602.6
543636.4
543673.9
543693.3
543753.3
543776.5
543782.1
543799.6
543802.9
543895.7
543900.5
543906.7
543977.6
543989.5
544097
544174.1
544221.7
544245.6
544264.6
544345.7
544360.6
544379.9
544410.7
544500.3
544608.2
544620.4
544819.9
544892.4
544924.8
544972.9
544978.2
545046.2
545123.6
545165.8
545191.6
545196.9
545207.3
545215.2
545233.4
545280.6
545325.5
545389.5
545478.2
545503
545511.3
545525.6
545543
545642.6
545716
545734.4
545797.5
545809.1
545919.6
545926.8
545942.8
545966.6
545980.5
545994.5
546019.4
546037.5
546039.6
546068.6
546083.1
546152.2
546194.2
546231.6
546278.6
547875.5
547967.2
548010.4
548047.9
548292.5
548327.8
548364.7
548420.5
548464.6
548479.3
548529.2
552148.2
552306.1
552326.4
552343.6
552359.3
552467.3
552498
552574.4
552625.4
552633.2
552652.1
552670.6
552810.8
552870.4
552882.5
552933
553085.1
553403.5
553517.6
553681.5
553789.8
554307.8
554540.3
559088.9
564538
564796.9
564811.1
564864.3
564891.9
564893.4
564899.3
564899.4
564905
564932.3
565023.6
565115.9
565124.1
565193.1
566078.2
566298.6
566471.4
566492.7
566788.7
567448.2
567745.2
567757.2
567782.6
567891.4
568095.6
568110.6
569156.8
570005
570137.3
570210.4
570214.8
570270.1
570399
571911.6
571918.8
571932.2
571977.9
572019.3
572131.7
572137.6
572193.2
572220.8
572323.2
572507.2
572643.8
572790
573473.8
573593
573709.6
573847.3
573880.8
575866.4
575961.3
579266
579564
579579.8
579630.6
579672.8
579720.5
579859
581133.5
590180.9
590853.9
