7622.9
7637
7726.2
7748.2
7793.9
7828.4
7834.5
7864.7
7959.6
12169.6
12278.8
12402
12419.5
12423.3
12645.8
12716.4
20321.6
20460.7
20519.4
20592.9
20655.3
20705.7
20732.7
20801.1
20955.3
21191.1
40910.1
41373.9
41416
41443.5
41532.3
41538.5
41540.2
41563.3
41598.6
41644.7
41660.9
41693.6
41695.8
41705.6
41754.4
41796.5
41820.7
41866.7
56627.8
56692.5
56805.5
57003
57101.8
57227.7
57322.8
57364
57503.9
57561.4
57581.1
57591.2
57626.7
57734.9
57755.5
57814.1
57817
57853.8
57894.3
57924.3
58008.9
58076.6
58215.9
58219.5
58318.9
58376.2
58505.1
58546.1
58738.7
58765.4
58833.1
68129.6
68343.2
69768.8
69925.8
70074.2
70153.6
70266.3
71102.6
118104.7
118196.4
118202.3
118259
118339.8
118398.8
118413.6
118415.3
118507
126828.7
127203.9
129393.3
129689.1
133910.8
141725.2
142265.5
144626.2
145081.9
145237.6
145421.8
145880.8
146121.9
146174.5
147510.2
147600.5
147692.5
147717.7
148033.3
148534
148771.4
148866.2
148958.6
149791.8
150161.3
150161.6
150372.7
150699.9
151303.3
151363.9
151424
151439.6
151644.1
151956.9
152259.5
152358.5
152443.4
152778.3
152861.4
152944.7
153219
153474.5
153608.4
153668.4
153826.6
154011.6
154215.4
154223.7
155107
155150.8
155379.4
155430.3
155442
155982.7
157020.5
157196.8
157238.7
157377.1
157792.2
157818.1
158329.7
158579
158788.1
158844.4
158958.1
159107.3
159762.9
159802.1
160482.4
160812.1
160914.3
164749.9
165178.1
165180.6
165186
165293.5
167703.1
190854.4
190880.8
190903.7
190954.2
190998.3
191119.1
191136.5
191136.8
191147.6
191177.6
191227.5
191248.3
191284.7
191335
191345.6
191351.5
191369.3
191403.2
191505.2
191512.6
191600.5
191821.9
191894.2
191961.5
192002.2
192154
192224.1
192266.1
192408.4
192432.5
192441.3
192517.4
193228
198258
199476.4
199547
199659.3
199698.1
199736.3
199773.4
199795.2
199798.7
200225.8
200283.1
200455.2
200457.2
200500.9
200589.7
200755.3
200832.6
200859.5
201113.9
201231.2
201275.4
201284.8
201405.8
201648
201894.9
201913.8
202089.3
202251.2
202418.8
202447.5
202450.2
202520.3
202522.3
202612.7
202725.1
202777.2
202828.1
202907.6
203023.7
203163.7
203207.3
203298.7
203329.7
203368.6
203430.5
203713.9
203766.8
203937.6
204109.2
204297.9
204701.1
204812.6
204821.6
204852.2
204985.6
205144.2
205183.6
205222.7
205315.5
205342
205400.2
205660.6
206351.5
207726.8
209858.8
210164.9
210284.6
210291.4
210331.6
210442.2
210530.7
210564.9
210622.7
210671.4
210682.2
210715.8
210742.8
210762
210779.9
210816.4
210847.7
210872.4
210926.4
210950.9
210952.2
210973
211155.5
211349.6
211454.3
211592.4
211606.6
211723.7
211752
211980.6
230683.9
230807.5
230838.3
230933.1
231123.9
231189.9
231200.5
231274.1
231341.8
231420.8
240398.5
240434.6
240442.2
240598.7
240605.8
240617.8
240702.1
240916.2
241067.4
241274.7
241405.4
241508.7
241561.4
241696.6
241834.5
241849.2
241863.7
241865.2
241919.5
241955.4
241983.9
242127.3
242182.8
242191.6
242241.7
242245.4
242269.9
242274.4
242402.5
242521.1
242572.3
242737.7
242764.8
242781.2
242889.3
243181.6
243231
243488.5
248404.2
248498.9
249048
249496
249552.2
270733.1
270889.3
270987.7
271235.7
271283.3
271363.6
271380.7
271539.3
271546.6
271981.1
274564.3
274706.9
274745.1
274887.3
274984.7
275219
275305.6
275325
275325.8
275345.6
275421.7
275445.6
275461.4
275469.7
275476.5
275557.1
275622.3
275661.3
275690.8
275699.6
275801.8
275816.1
275833.1
275845.3
275947.1
275961.7
276041.8
276157.9
276273.5
276300.5
276316.6
276334
276545.3
276635.7
276692.3
276846.3
276940.3
277015.4
277073.8
277101.1
277142.7
277198.3
277226.1
277227.7
277243.9
277280.9
277290.9
277347.6
277358.2
277370.4
277374.9
277381.4
277394.1
277490.4
277537.1
277644.1
277667.2
277689.3
277768.7
277805.1
277812.4
277827.4
277904.5
278034.8
278055.9
278079.8
278117.2
278159.7
278191.2
278219.2
278258.2
278321.8
305800.6
308271.9
308610.6
308616.3
310632.2
310691.6
310735.1
310801
310801.9
310866.9
310873.9
310874.3
310928.9
310970
311249.9
311290.7
311369.4
311420
311460.5
311521.3
311619.2
325416.7
325424.1
325493.9
325585.2
325603.6
325618.3
325637.5
325716.7
325719.6
325769
325834.8
325988.1
326072.2
326131.6
326226.5
326244
326292.1
326431.5
326434.1
326503.4
326519.1
332101.7
332221.9
332460.5
332485.6
332531.4
332547.7
332668.1
332800.3
332816
332839.3
332847.7
332862.1
332917.9
332966.5
333012.5
333013.6
333067.3
333076
333176.2
333207.5
333213.8
333225.6
333252.1
333270.4
333437.8
333480
333631.6
333698.6
333750.2
333926.4
333988.7
334064.6
334119.8
334174.4
334181
334251.8
334634.3
334779.1
334879.6
334980.3
335557.6
337771.9
343252.3
343943.4
344110.2
345219.3
346532.4
346681.7
346833.5
347065.8
347152.7
347240.7
347291.5
347451.3
348583.4
375446.3
376389.9
376716.4
383138.8
384575.9
385632.1
386433.1
386773.1
386900.1
387293.7
388703.4
393080
409343.3
418671.8
419958.9
420164.4
420411
420425.5
420428.1
421195.8
428434
428637.3
428637.8
433344.4
438573.5
444757.8
445486.7
445661.7
445868
445916
446051.2
446339
446413.3
446530.9
446798.2
446821
446907.6
446916.8
446918.1
446949.4
447011.3
447034.5
447115.7
447306.7
447389.5
447499.4
447515.8
447598.9
447676.9
447718.5
447753.5
447876.1
448084.6
454627.5
455100.2
455292.9
455845.8
456085.5
456108
456141.2
456172.9
456181
456229.1
456246.3
456346.7
456348
456391.3
456392.8
456481.5
456574.7
456856.4
456861.3
457312.4
457332.9
457799.7
468655.6
468753.9
468838.1
474467.3
474815.1
474912.3
475598.9
475651.4
475750.2
476087.4
477226.3
477390.5
480724.3
481166.5
481186.5
481259.3
481578.4
481593.2
481611
481796
481943.6
482039
482191.7
482241.2
482242.2
482301.1
492528.3
500492.8
500517.7
502215.9
505361.6
508019.7
508932.6
509012.7
509150
510352.5
510731.9
510741.1
511103.7
511732.3
527774.6
528171.8
528631.3
528651
528814.2
530295.6
530353.3
530456.5
530477.3
530609.9
530635
530755.4
530843
530856.3
530885.7
530894.7
530933.2
531089.7
531160.2
531187.1
531236.5
531277.8
531304.7
531357.6
531442.8
531482.8
531521.8
531528.6
531535.2
531628.7
531658.9
531684.6
531685.1
531751.2
531949.4
532152.1
549640.1
549660.6
549800.3
549893.4
550416
562054
562187.2
562211.1
562298.9
562509.5
562585.5
562617.8
562801.5
562912.7
562920.2
563268.9
563537.7
563630.4
563693.3
563709.6
563842.6
564100.6
564137.4
564314.2
564376.8
564557
564674.7
564685.1
564781
564803.2
564838.2
564845.4
564922.7
565036.3
565133.7
565418.8
565485.6
566065
566410.7
566568.3
566644.5
566904
578170
578216.3
578333.8
578483
578544.5
578587
578594.7
578750.8
579025.6
579044.7
579061.4
579302.6
595517.3
595696.9
595913.9
596143.5
596311
596324.1
596383.5
597368.8
