2337.3
2360.5
2435.4
2494.4
2501.9
2574.2
2602.8
2626.8
2638
2691.9
2778.4
2859.6
2967.2
2968.4
3158.9
3200.8
3246.2
3304.1
3362.7
3429.8
3457.5
3934.4
3994.7
4120.3
4326.8
7152.9
7304.6
7322.6
7391.7
7412.5
7537.5
7603.4
7657.3
12610.3
19253.7
19408.4
20055
20064.7
20113.3
20159.3
20236.5
20239
20248.4
20252
20258.6
20361.3
20370.3
20392.2
20403.6
20431.2
20456.5
20541.1
20630.2
20834.7
20878.8
20918.9
22820.9
23202
29052.5
29150.8
29706.6
29901.2
29966.5
30198.5
30581.4
30730.9
31067.5
31213.1
31317.7
31610
31677.2
31943.4
31965.8
32286.3
32332.6
32929.3
35513.3
35889.9
35967.9
36042.9
36150.8
36165.6
36194.9
36220
36269.4
36281.9
36316.3
36396.3
36596.1
36827.4
37004.1
37014.6
37129.3
37230.6
37261.9
37263.3
37333.3
37396.3
37409.8
37414.7
37494
37499.3
37671.4
37724.8
37927.3
38164.7
38183.2
38348.2
40877.6
41104
41294.8
41417.9
41444.4
41481.9
41718.7
41943.5
44698.8
45187.8
45240.8
45257.4
45342.4
45354
45434.4
45463.5
45476.3
45502.9
45534.8
45683.5
45755.6
45759.1
45863.7
45936.4
46042
46147
46528.3
46755.9
46970.1
50572.7
51008.4
51438.9
57288.8
57316.2
57398.8
57495.7
57505.5
61220.3
61245.9
61465.4
61548.5
62225.1
62698.8
62876.2
63001.2
63296.6
63399.6
64913.7
70292
70467.6
70471.3
70517.1
70656
70696.1
70802.8
70818.5
70852.5
70852.9
70867.5
70945.6
70948.9
71183.8
71275.4
71651.1
72055.7
72265.2
72290.8
72320.5
72330.4
72332.5
72456.6
72593.9
73027.3
73228.3
73373.7
73394.6
76653
76970.1
76997.9
77110.2
77353
77421.7
77483.5
77631.2
77795.2
77887.1
77972.3
78127.3
78143.8
78185.7
78205.5
78361.9
78462.9
78570.8
78667.8
78682.9
78693.4
78757.5
79086.8
79307.6
79384.3
79543.2
79562.2
79843.1
80215.4
80353.1
81446.9
82052.5
82974.8
82991.6
83026
83051.9
83113
83222.7
83229.5
84398.2
84430
84431.8
84513.3
84580.2
84756.1
84814.7
84839.1
84843.5
84859
84905.4
85045.4
85062.8
85152.6
85199.5
85281.4
85300.8
85312.7
85361.2
85413.7
85489.5
85550.8
85597.9
85618.3
85677.2
85678.5
85817.2
85830.7
85863.2
85866.1
85877.1
85935.9
86016.5
86034.1
86091.7
86098.1
86201.6
86211.2
86256.1
86432.3
86442.2
86444.7
86446.8
86478.4
86532.9
86575.2
86699.5
86700.6
86720.1
86722.1
86732.4
87008.6
87049.4
87059
87071
87130.6
87261.5
87368
87469.5
87481.9
87497.1
87528.4
87554.8
87558.1
87613.5
87636.7
87700.9
87723.9
87724.2
87773.2
87781
87816.4
87825.6
87826
87909.1
87920.9
87994.2
88016.6
88048.6
88105.7
88108.3
88229.7
88264.6
88271.9
88335.9
88349.8
88501.7
88508.5
88560.3
88573.5
88612.9
88667
88683.4
88695.2
88700.4
88762.3
88771.7
88794.6
88800.5
88807.2
88837.4
88853.1
88923.1
89002.6
89012.9
89119.4
89148.5
89175.5
89183.8
89228.4
89245.9
89247.4
89281.6
89288.4
89326.8
89385.7
89397.1
89435.2
89437.6
89450.6
89961
91453.6
91463.7
91664.3
91830.5
92080.4
92213.9
92233.3
92242.8
92270.1
92396.6
92424.7
92494.8
92518.2
92526.7
92584.1
92603
92628.3
92630.2
92670.4
92678.5
92690.8
92795.4
92947.2
93038.3
93058
93076.9
93102.4
93561.8
93748.3
93914.9
94006.3
94053.7
94088.5
94152.5
94175.1
94247.2
94316.1
94379.6
94457.1
94555.5
94557.9
94632.8
94662.4
94821.9
94973.5
95074.9
95146.9
95173.2
95174.2
95277.3
95518.1
96039.8
96361
96750.5
96964.3
97015.8
97136.7
97265.4
97277.5
97626.8
97824.7
97949.3
98034.4
98503.1
98716.7
99001.3
99010
99176
99410.5
99628.3
99655
99669.6
99804.5
100050.4
100051.1
100209
100259.1
100277.4
100342.3
100408.3
100486.6
100596
100745.9
100911.8
101106.8
101201.5
101276.6
101391.8
101480.1
101584.2
101688.2
101930.4
101992.7
102055.6
102060.2
102176.7
102202.3
102277.8
102348.7
102402.4
102505
102541.8
102571
102590.3
102595.2
102609
102638
102650.9
103000.9
103085.6
103299.8
103485
103855.3
104520.2
105052.6
105054.4
105063.7
105299
105334.4
105346.1
105354
105986.4
107670.7
107682.2
107737.9
107745.5
107818.9
107829.8
107860.8
107955.2
107969.2
108044.9
108073.6
108141.6
108157.5
108187.7
108272.3
108278.4
108312.5
108378.1
108390.2
108395.8
108405.9
108448.3
108460.3
108464.7
108576.5
108721
108736.2
108740.8
108756.6
108794.3
108824.6
108908
109000.4
109013.8
109054.7
109120.7
109138.5
109164.8
109189.7
109190.4
109198.6
109226.5
109231.3
109287.4
109321.8
109357.8
109381.7
109392.3
109407.3
109446.1
109530.9
109574
109787.9
109790.2
109794.8
109818.9
109834.6
109860.1
109983.4
110087.6
110225.4
110258.6
110262.6
110263.1
110342.8
110347.7
110386
110478
110501.1
110509.9
110525.7
110544
110571.6
110647.3
110649.7
110685.4
110712.7
110715
110724.9
110730.3
110731.4
110747.4
110749.4
110799.9
110815.4
110920.5
110962.8
116489.4
116608.2
116659
116696.3
116715.7
116736.3
116914.9
117049.5
117210.3
117345.2
117433.2
117550.6
117656
117658.8
117720.6
117764.9
117795.3
117846
117860.4
117877.4
117879.1
117902.3
117923.9
117943.3
117989.7
118069.1
118330
164015.4
164431.1
164519.1
169665.6
169964.2
170012.3
170017
170470.8
170587.5
170634.4
170742.9
170749.5
170756.5
170887.1
170925
170925.1
170944.3
170965.8
171069.9
171163.4
171212.6
171236.4
171244.6
171300
171360.1
171385.4
171507.9
171638.8
171831.3
171984.4
172004.3
172108.2
175606.6
177377.9
177857.6
177976.7
178008.2
178102.2
178396.3
178503.2
178516.1
178564.2
178788.6
178915.1
179036.4
179217.7
179259.5
179278
180927.1
181201.9
181583.6
181593.9
181717.7
181766.5
181859.6
181891.1
181909.7
181949.3
182255.6
182455
182475.7
182476.6
182501.5
182505.8
182526
182526.1
182556.6
182558.5
182559
182607.8
182706.6
182721.2
182731.9
182778.8
182841.2
182957.2
183040.3
183164.5
183263.7
184737.3
185039.6
185184.4
185293.6
185375
185597.2
185680.3
185748.1
185767.4
185790.8
185901.9
185912.2
185939.3
186001.2
186001.3
186006.1
186029.9
186058
186084.8
186090.1
186132.9
186277.2
186340.7
186365.4
186406.1
186463.5
186466.7
186545.1
186646.9
191810.8
192025.3
205019.5
210403.1
210822.5
210911.4
210943.8
211068.9
211163.7
211231
211264.6
211490
211504.1
211643.7
211791.6
211816.4
211846
211880.5
211921.3
211943.3
211988.7
212030.2
212040.3
212558.1
212721
218028.3
218035
218272.3
218533.1
218659.8
218795.7
218887.9
218904.4
219511
226167.1
226173.7
226239
226330.2
226470.3
226479.9
226523.1
226534.1
226593.5
226594.2
226608.4
226729.4
226759.4
226770.5
226854.4
226915.9
226948.9
226976.3
227089.1
227114.1
227115.2
227155.8
227309.2
227369.5
227397.8
227776.3
227781.8
227866.7
227908.7
228042.4
228175.3
228259.2
228278.1
228305.7
228375.4
228415.1
228451.6
228835.2
228888.2
229001.4
229005.4
229012.7
229014.4
229107.2
229126.5
229199.7
229200.5
231474.4
242083.5
242262.4
244434.2
244499.8
244868.1
250221.2
250576.7
250618.8
250923.1
250952
250965.3
252289.7
252390.2
252400.4
252409.3
252490.5
252514.9
252517.9
252567.4
252656
252659.5
252662.5
252706
252763.1
252798.7
253008.5
253975.8
254624.3
254760.8
255052.4
259542.7
259658.3
259860.3
259948
259950.2
259989.3
260034.3
260039.8
260083.3
260116.6
260145.7
260311.7
260329.7
260530
260611.1
260858.1
260867.3
260990.3
261049
261183.6
261529.2
261559.7
261806.7
262001.9
262440.8
262738.4
263089.2
263152.4
263226.4
263308.4
263414.2
275335
275396.6
275535.5
275734
275745.6
275766.2
275817
275905.1
275967.7
276018.9
276085.9
276238.4
276244.2
276632.8
277309.6
277617.5
277976
278011.3
278263.5
278275.3
279255.7
279301
279675.3
279722.9
279725.3
279795.7
279904.6
279993.6
280041.6
280045.6
280067.1
280083.3
280102
280135.7
280209.5
280244.1
280254.3
280254.8
280358.4
280410.5
280525.9
280560.5
280573.1
280662.8
280725
281787.3
281930.4
281953.8
282005.2
282015.6
282037.3
282168.6
282177.2
282225.3
282235
282261.7
282287.6
282315
282325.8
282345.5
282415.7
282437.2
282460.8
282505.8
282524.3
282586.3
282678.5
282849.1
286269.1
286435
288676.8
288714.5
288878.3
288925
288926.8
289061.4
289157.4
289328
289374.8
289410.8
289503.8
289609.6
289670.9
289779.4
289783.1
289932.5
290192.9
290472
290843.6
291155.2
291250.8
291370.9
291475
291699.5
291940.1
291959
292290.6
292623.6
293287.2
293470
293527.9
293552
293578.8
293734.1
293829.1
293837.3
295359
295395.7
295501.8
295651.7
295780.7
295862.8
295948.7
295961.3
296046.6
296155.2
296184.6
296204.9
296329.4
296388.7
296435.2
296437
296441.4
296488.4
296563.7
296578.2
296598.6
296602.8
296614.6
296693.3
296700.8
296712
296803.4
297000.7
297042.7
297237.1
297252.5
297283.6
297427.7
297530.5
297530.9
297683
297706
301167
301195.1
301363.8
301434.3
301774.6
302110.9
302128.1
302249.4
302441.1
302441.7
302516.8
302628.7
302786.2
302880.2
302991.4
311203.6
311332
311412.5
311419
311427.8
311448.1
311460
311462.6
311465.3
311490
311539.4
311581.5
311603.6
311708
311945.7
322969.3
323031.8
323118.3
323161.4
323256.1
323375.2
323493.4
323598.2
323625.2
323674.4
323707.6
323767.8
323813.2
323958.4
324087
324108
324108.3
324249.6
324505.3
324579.6
324854.3
324889.9
324946.6
324977.3
325047.7
325095.2
325171.7
325239.4
325292.4
325308.9
325323.6
325346.9
325363.2
325392.6
325405.8
325570.2
330538.4
332856
333054.4
333267.4
333362.4
333373.2
333489.4
333545.6
333629.3
333696.5
333710.7
333781.8
333807.1
333937.1
333937.5
334032.2
334175
334205.2
334292.4
334300.6
334445.3
334473.4
334527.7
334538.1
334593.3
334771.2
334779
334896.3
339257.2
343112.8
343475
343841.9
343905.8
344119.1
344128.9
344196.1
344320.5
344376
344568.7
344660.8
345073.9
345131
345188.2
345265.1
345278
345520.9
345563.6
345799.5
345872.9
345912.5
345945.4
345966.2
346068.5
346099.7
346435.3
346477.6
346522.1
346552.7
346622.6
347116.7
347705.8
347858.1
349606.5
349982.1
352540.7
354816.4
354922
354976.8
355185.4
355202.6
355212.1
355308.1
355365.4
355414.8
355452.4
355499.5
355516.3
355523.4
355593.8
355628
355674.8
355744.9
355787.8
355823.5
355840.7
355888.1
355939.5
356000.8
356002.6
356003.8
356006
356092
356150.9
356155.8
356199.3
356266.4
356276.8
356282.3
356353
356441.2
356462.8
356492.6
356523.3
356531.1
356541.9
356584.8
356622.1
356646.1
356744.3
356823.1
356928.4
356940.9
356950.1
356976.1
357012.6
357025.5
357068.5
357095.6
357186.7
357237.1
357248.2
357255.6
357267.6
357377.2
357439.6
357449.9
357473.4
357485.5
357559.9
357588.5
357648.7
357705.6
357726.5
357741.1
357743
357777.5
357796.3
357800.1
357803.4
357951.1
357956.1
358061.9
358090.8
358130.3
358140.6
358168.5
358170.2
358188.6
358218.7
358224
358228.1
358252
358254.6
358258.4
358294.6
358340.7
358346.9
358420.9
358434.6
358466.3
358559.6
358590
358615.2
358662.1
358728.2
358763.4
358775.7
358780.8
358812.3
358946.7
358977.5
358996.5
359026.4
359057.9
359063.4
359068.5
359161.4
359171.1
359207.3
359259
359296.1
359330
359348.1
359488.7
359587.6
359661.3
359741.7
359800.1
359972.9
360051.1
360084
360194
360207.5
360232
360265.6
360298.5
360317.8
360345
360439.8
360493.9
360588.5
360605.9
360641.5
360689.9
360804.7
360864.7
360871.5
360871.7
360934
360948.5
360948.8
360949.5
361004.4
361033
361080.3
361157.4
361238.6
361271.3
361311.8
361401.9
361443.7
361612.1
361621.4
361622
361700.1
361838.6
361840.5
361849.5
361915.2
361926.7
361975.8
361993.3
362105.6
362177.1
362304.8
362359.3
362434
362468.6
362542.8
362657.7
362781.3
362897.4
362980
362985.4
362998.7
363060.9
363062.7
363066
363129.8
363132.3
363153.8
363155.8
363178.6
363260.8
363288.9
363342.9
363381.1
363451
363455.1
363681.1
363693.8
363710.7
363732.8
363733.7
363742.1
363782.4
363784
363827.3
363996.5
364014.4
364047.7
364091.7
364133.7
364260.4
364300.3
364423.9
364665.5
364671.4
364749.4
364778.1
364840.6
364840.8
364898.1
364945.9
364969.6
365019
365117.8
365152.7
365221.1
365364.7
365378
365392.2
365621.6
365769.8
365938.9
366029.4
366045
366054.4
366057.4
366128.6
366429.4
366443.3
366473
366501
366567.3
366676.4
366813.7
366819.9
366938.5
367179.7
367247.3
367364.8
367381.9
367569.8
367662.4
367863.7
368088.4
368425
368428.5
368545.4
368729.7
369098
369303.2
369841.1
370298.9
370753.9
373164.4
373322.5
373325.1
373717
373738.8
373747.6
373751.2
373955.4
422134
428357.3
446909.3
447005.7
447091.9
447173.9
447196
447342.6
447376.8
447422.5
447463.1
447469.2
447517.6
447596
447830.8
447946
447983.6
447985
448086.2
448159
448208.1
448238.2
448324
448351
448429.6
448466.6
448537.4
448691.3
454358.7
454406.2
454418.7
454457
454460.6
454471.2
454497.1
454528.1
454532.4
454568.4
454663.6
454706.8
454721.6
454768.2
454899.8
454930.9
454968
454978.9
454992.5
455061.6
455133.3
455167.1
455201.4
455284
455327.1
455336.7
455352.4
455425.5
455484.7
455589
455606.9
455747.2
455788.5
455883.5
455900
455962.1
455987.1
455988.6
456079.4
456110.1
456132.6
456159.3
456187.5
456296.6
456504.6
459862.2
460243.4
460304.9
460358.2
460980.8
460995.5
461108
461340.3
461436.8
461485
461563.8
461585.7
461619.4
461774.9
461929.3
462086.6
462158
462260.1
462470.9
462566.7
462684.7
462685.1
462848.8
462910.6
462935
462972.5
463090
463174.7
463231.5
463231.9
463374.6
463490.1
463497.2
463518.6
463601.4
463722.4
465670.6
465735.2
465781.6
465878.9
465991.4
466162.2
466347.6
517404.5
517822.4
518038.2
518049.3
518052.2
518055.9
518334.1
518437.9
518489.2
518567.1
518691.3
518805.9
518937.7
518949.8
519292.2
519325.5
519465.2
519477.1
519506.3
519613.9
519725.7
519730.4
519782.7
519815
520077.4
520271.4
520317.8
520326.2
520388.2
520449.9
520561.3
520571.4
520611.5
520627.9
520633
520700.5
520713.2
520759.6
520784
520830.2
520840.2
520874.7
520932.3
520940.6
520952.4
520961.6
521016.7
521029.1
521034.1
521046.3
521082.7
521096.2
521157
521211.9
521237.7
521336.5
521412.2
521515.1
521520
521568
521611.5
521623.9
521641.3
521644.4
521709.8
521776
521809.4
521832.4
521890.3
521937.4
521966.9
521971.5
522076.7
522091.8
522102.7
522132.4
522134.6
522142.2
522170.1
522202.9
522228.6
522243.1
522299.1
522300.1
522331.4
522401
522426.3
522432.7
522497.7
522500.3
522523.7
522541.3
522547.9
522686.6
522689.7
522734.8
522742.6
522762
522781.9
522841.3
522843
522869.8
522953.1
522977.6
523125.9
523198.8
523381.5
523405.8
523413.5
523426.5
523464.7
523516.7
523573.1
523629.8
523631.5
523677.4
523721.4
523770.7
523865.5
523893.7
523986.7
524020.2
524036.7
524060.5
524070.8
524094.1
524107.4
524233.8
524252.6
524274.4
524285.8
524309.5
524311.8
524527.8
524562.3
524643
524999
525097.3
525205.8
525227.3
525252.2
525601.8
526032.5
530781.4
530899.5
530910.8
530933.6
530979.2
531199.2
531328.3
531553.3
531748.8
531799.7
531827.3
532009
532244.5
534778
535556.4
535768.3
537234.8
537244
537377.8
537439.4
537548.1
537794.5
538795.5
539161.2
541505.7
541628.4
541652.9
541828.4
541894.5
541895.4
542171.9
542226
542316.4
542330.2
542336.8
542427.4
542436.1
542479.2
542582.7
542904.3
542962.4
543151.8
543220.8
543301.9
543372
543395
543504.3
543532.7
543564.6
543574.9
543587.1
543755.3
543840.1
543861.3
543912.5
543968.5
543969.5
543980.2
544017.9
544030.7
544206.7
544242.3
544259.7
544290.2
544399.7
544517.4
544633.1
544680.5
544683.4
544684.4
544752.2
544770.3
544772.9
544788.9
544885.2
544887.6
544896.8
544902.3
544906.3
544925
545037.7
545061.1
545097.1
545117.8
545144.5
545162.2
545309
545323.2
545382.3
545389.9
545557.7
545585.5
545608.6
545654.6
545763.6
545764
545804.2
545899.8
545922
546008.3
546008.6
546041.3
546076
546101.4
546203.8
546295.1
546319.2
546352.7
546390.7
546450.6
546456.8
546487.5
546550.1
546591.9
546594.4
546645.5
546752.3
546827.5
546837
546961.7
547008.7
547095
547145.9
547243.5
547334.1
547413.9
547418.9
547476.2
547532.2
548962.8
549713.9
549859.8
549937.7
549940.2
550051.3
550088.7
550091.1
550132.9
550151
550237.7
550250.6
550302.2
550321.8
550351.6
550363.2
550411.9
550523
550703.4
550722.2
550795.5
550840.9
561582.1
561595.5
561652
561677.9
561704.7
561745.5
561805.3
561848.6
561939.9
562070.2
562083.3
562311.9
562340.3
562357.5
562414.8
562427
562451.1
562564.6
562654
562675.5
562903.1
563408.2
563513.7
563618.6
563684.1
563706.8
563757.2
563883.1
564204.6
564412
564573
571231.4
571949.4
572030.1
572169.2
572229.5
572320
572355.4
572393.3
572415
572501.8
572528.5
572531
572646.1
572690.4
572747.8
572755.9
572791.1
572813.3
572820.5
572846.3
572855.4
572904.2
572906.2
572925.1
572981.1
573027.3
573028.4
573133.6
573164.4
573215.1
573242.6
573271.8
573348.9
573351.1
573374.1
573375.1
573394.6
573459
573593.8
573606.9
573618.9
573702.4
573746.6
573756.1
573797.6
573879.4
573904.4
573908.8
573955.1
573999
574017.5
574039.2
574080.6
574120.1
574144.5
574162.7
574198.2
574204.8
574298.7
574390
574392.4
574510.4
574633.1
574739.5
574748.1
574773.8
574853.7
574971.5
575483.1
575506.1
575622.3
578470.8
578578.1
578621.5
578839.5
578936.2
579115.9
579203.7
579281.2
580701.2
580749.5
580895.3
580950.7
580974.7
581005.4
581022
581041.6
581048.4
581083.4
581085
581104.9
581152.9
581181.2
581188.8
581210.4
581225.9
581260.9
581288.9
581301.4
581392.2
581398.1
581430.3
581444.8
581446
581449.9
581460.3
581474.3
581501.4
581639.7
581684.2
581822.1
581921.2
581924.9
581970
582392.8
588785.3
589235
589387
589402.9
591394.1
591519.2
591588.3
591633.9
591673.4
591699.7
591722.1
591842.8
592182.5
592422.1
592505
592529
592549.5
592600.8
592651.3
592683.1
592734.9
592996.4
593031.8
593141.4
593152
593458.2
593577.1
593614.9
593641.4
593653.5
593704.7
593726.9
593761.3
593781.7
593797.9
593816.6
593825.6
593826.1
593826.7
593961.1
593965.6
593991.2
594048.6
594075.2
594115.2
594311.5
594313
594365.8
594435.1
594461.3
594656.3
596472.1
596620.9
596648.2
596754.9
596850.4
596917.2
596932
596934.2
596934.3
597011.8
597033.6
597058.5
597094.5
597225.3
597235.8
597348.7
597526.4
597528.7
597579.8
597625
597884.1
597906.1
598123
598146.6
598517.4
598654.5
598665.6
598671.3
598813.5
598933.9
599021.1
599122.7
599193.4
599273.3
599362.4
599442.4
599472.4
599494.2
599519.1
599541.7
599586.4
599600.6
599619.8
599629.9
599702.5
599711.8
599751
599756
599764.3
599764.7
599774.7
599804.2
599891.6
599914.8
599916.8
599923.1
599966.1
