2155.7
2213.9
2221
2436.7
4355.4
4489.9
4543.2
4616
4628
4628.2
4630.2
4648.3
4686
4795.6
10992.9
11148.8
11211.4
11236.8
11248.3
11347.9
11465.2
12800.1
13214.5
13603.4
18982.9
19050.3
19248.1
19308.2
19314.4
19327.9
19500.3
19512.2
19531.5
19588.2
19604.9
19606.9
19635.7
19639.2
19658.6
19666.7
19736.4
19780.7
19826.6
19943.3
20087.5
21565.4
22542
22567.1
22605
22698.2
22703.2
22773.4
22789.9
22962.7
23996.6
25378.9
28957.2
28966.2
29140.3
29202.4
29370.6
29483.2
29510.1
29578.1
29622.6
29657
29666.1
29700.4
29764
29813.4
30020.6
30024.3
30049
30102.4
30103.5
30123
30166.3
30241.6
30315.3
30355
30465.4
30478.3
30734.2
30749
30764.2
30806.5
30951.7
31056.3
31066.9
31198.4
31476.1
35622
35716.6
35747
35812.9
35816.4
38718.2
38838
40482.1
43490.4
43494.3
43798.5
43801.8
43933.6
43976.6
44106.5
44203.1
44206.9
50578.9
50599.1
50795.1
50855.5
52287.1
52316.5
52328.2
52376.9
52406.2
52413.9
52427.1
52579.2
52640.8
52842.9
53002
53031.1
53076.4
53081.2
53164.2
53173.3
53194
53229.4
53261
53302.6
53315.4
53532.9
53637.7
53734
53966.9
54022.2
54041.2
54076.9
54133
54190.1
54253.4
54280.1
54290.3
54302.6
54309.5
54387.8
54390.7
54552.6
54555.1
54576.7
54594.1
54609.5
54635.2
54653.1
54727.7
54738.9
60150.8
60276.5
60551.8
60659.4
60679.8
60710.3
60893.7
60932.6
61007.9
61084.4
61357.2
61380.9
61491.7
61572.8
61573
61644.4
61663.1
61666.3
61674.7
61750.9
61783.6
61795
61950
61988.3
61991
62018.7
62047
62115.7
62121.7
62205
62221.9
62293
62294.9
62408.6
62454.6
62457.6
62477.2
62495.6
62520.6
62587.7
62589.6
62599.9
62643.1
62648.6
62663.4
62710.5
63726.2
63778.3
63838.7
63870.5
63954.6
63967.4
63968.3
63988
64037.4
64255.7
64297.7
64416.5
64446.4
64490.4
64492.2
64601.7
64607.5
64636.3
64688.8
64718.3
64730.8
64768.8
64779
64783.5
64876.1
64984.6
64993.2
65270.1
65328.3
67997.1
68375
68427.3
71290
71674.6
71724.5
71739.6
72034.4
72054.1
72056.1
72364.3
72792.7
73560.7
75054.9
75517.6
75547.7
75556.5
75575.1
75854.6
78631.4
78774.1
79085.4
79264.9
79497
79951.8
83933.5
84138.1
84159.5
84224.3
84266.3
84384.5
84408
84412.8
84539.9
84567.3
84638.6
84655.4
88806.7
89530.4
89573.6
89635.3
89650.8
89677.7
89757.2
89774.5
89994.6
90111.7
90937.6
91091.1
91307.6
91418.7
91450.1
91459
91668
94254.3
94254.5
94373.5
94734.2
95281.5
95356.2
95829.4
96058.9
97257.4
98156.3
98616.4
101959.2
102186.5
103432.1
103469.2
103482.1
103569.3
103613
103636.3
103718.5
103829.4
103844.6
103866.5
103914
104003.7
104024
104057.6
104065.2
104190.5
104194
104195.1
104289
104290.1
104373.7
104543.1
104561.2
104678.2
104755.2
105500.9
105588.4
105601.4
105647.4
105649.6
105804.6
105834
105851.5
105869.3
105937.9
106037.8
106086.7
106157.3
107297
107299.1
107364.8
107366.6
107381.2
107445.8
107561.8
107625.4
110022
111335.7
111355
111415.6
111421.1
111422.4
111423.5
111451.9
111523.7
111553
111554.4
111588.6
111592.3
111592.8
111662.4
111672.6
111697.9
111858.2
111898.6
112009.7
114937.1
119233.6
119517.9
119663.7
119775.2
119803.3
119875.4
119888.3
120123.9
120215.2
125294.3
125423.8
125500.2
125908.2
125978.3
126011.3
126110.7
126148
126185.4
126277.6
126424
126493.6
135898
161350.7
161351.4
161362.9
161384.3
162895.5
162939.5
163045.9
163054.1
163055.3
163076
163171.4
163215.6
163326.1
163437.3
163437.5
163490
163534.3
163611.3
163672.3
163698.6
163748.6
163817.3
163827
163890.7
163891
163900.6
163969.5
164000.9
164007
164086.3
164102.9
164150.7
164234.9
164329.7
164330.8
164364.8
164429.2
164552.2
164609.7
167063.4
167152.8
167260.8
167274.7
167347.7
167350.2
167383.5
167395.6
167398.9
167563.2
167593.1
167789
167829.8
167882.7
168106.4
168147.8
168380.8
168394.7
168510.9
168622.6
172268
172323.4
172373.6
172386.2
172420.8
172433.1
172500
172504.6
172506.9
172581
173721.5
173740
173796.8
173823.5
173833.4
173859.9
173897.5
173937.7
174037.6
174048
174091.8
174127.5
174162.7
174171.6
174187.6
174232.8
174241.3
174242.4
174475.1
176716.5
176768.8
176894.7
177177.4
177249.5
177314.6
177339.4
177379.3
177428.3
177607.3
177609.8
177630.9
177708.3
177904.3
178310.9
178408
178460.8
178638.5
178674.1
178715.9
180010.7
182799.1
182999.6
183050.8
183120.3
183238.1
183253.7
183305.4
184395.7
184656.3
184694.2
184808.7
184855.2
184948.3
185019.7
185030.2
185206.1
185306.6
185331.7
185409.8
185476.6
185527.2
185567.6
185580
185911.4
185944.9
186453.1
186644.7
187822.2
187872.8
187986.7
188153.8
188415.6
188424.6
188472.6
188505.5
188532
188543.7
188561.8
188575.9
188603.6
188723.8
188740.9
188761.7
188899.8
188962.3
188988.6
189016.8
191947.2
193179.5
193246.8
193502.2
195148.5
195167.3
195198.5
195225.8
195452.8
195462.8
207978.3
207981.2
208192.7
208230.6
212132.6
212816
212862.3
212911.6
212990.4
213044
213052.7
213181.2
214252.9
214321.3
219020.4
219057.4
219060.4
219163.7
219234.7
219262.1
219287.1
219298.5
219430.1
221218.4
221256
221629.8
221730.3
221734.1
221804.7
223294
224265.5
224321.1
224326.2
224376.6
224426.9
224450.3
224629.7
224852
225747.8
225853.6
225858.3
229331.3
230593.6
231879.2
231952.3
232011.3
232063.1
232066.3
232157.8
232199.1
232462.6
232713.9
232819.1
232908.8
232967.7
233031.7
233048.1
233053.6
233160.4
233166.4
233204.4
233209.6
233213.9
233372.7
233396.2
233510
233547.9
233568
233580.6
233607.4
233681.7
233898.4
233952.3
233962.1
234003.7
243727.8
243914.3
243945.6
243955
244013.9
244031.2
244059.4
244076.6
244097.6
244623.1
245102.8
245105
245128.2
245181.6
245623.5
245683.1
245789.9
245895.7
245896.5
245901.9
245982.3
246041.5
246272.7
246289.7
246296.2
246313.5
246591
246594.5
246925.2
249443.4
249636.2
249738.6
249862.9
249863.4
251236.9
251307.2
251381.2
251510
251631.7
252114.5
252234.7
252254.3
252525.8
252590.3
259409
259413.6
259416.5
259426.8
259536.2
259584.7
259622.7
259641.4
263545
263764.4
263800.9
263897
264044.2
264116.4
269957
270057.6
270287.3
270399.3
270528.5
273106.8
273199.5
273399.2
273456.8
273569.8
273593.7
273649.8
273705.9
273747.6
273756.2
273797.7
273932.7
273960.7
273998.1
274000.8
274020.5
278740.4
287872.9
288073
288220.2
288254.9
288341.3
288371.7
288408.2
288441.8
288530.1
288534.2
288554.2
288574.4
288591.5
288609.4
288619.9
288642.9
288699.7
288745
288762.7
288776.9
288782.6
288919.4
288921
289028.7
289062.6
289091.4
289162.5
289181.2
289184.2
289229.9
289427.9
289478.9
289482.8
289855.6
289864.4
290098.7
290158
290164.3
290170.4
290198.8
290260.3
290289.1
290322.1
290403.6
290407.1
290478.1
290514.1
290523.2
290563.8
290619.3
290626.2
290670.5
290697.3
290702.3
290719.5
290770.5
290786.1
290798.6
290839.3
290894.7
290896.4
290914.5
290925.4
290934
290955.1
290961.7
290966.3
291010.4
291019.5
291115.2
291117.3
291151.6
291186
291293.9
291333.9
291342.6
291371.7
291384.8
291403.1
291407.8
291446.9
291515.9
291549.8
291620.8
291674.3
291701.8
291719.9
291724.1
291751.6
291752.5
291920.7
291963.9
292020.2
292035.8
292072.2
292086
292102.5
292190
292235.6
292289
292301.9
292322.7
292410.6
292458.1
292473.7
292507.6
292525.4
292531.4
292574.8
292686.6
292713
292845.5
292856.5
293025.6
293093.7
293103
293138.3
293165.3
293195.3
293245.1
293251.4
293354
293373.3
293383.7
293493.1
293500.5
293536.8
293589.6
293635.8
293636.2
293706.6
293791
293806.6
293819.2
293875.9
293880.5
293942.6
293966.5
293974.5
294006.6
294047.9
294115.4
294144.1
294176.5
294205.7
294286.9
294342.6
294432
294449.8
294454.6
294495.5
294529.1
294552.3
294854.9
294913.5
294946.7
294962.1
295031.9
295146.6
295172
295190.7
295204.3
295321.7
295356.1
295394.1
295532.4
300257.5
301368.9
301562.1
301578.6
301605.8
301818.2
303485.6
303567.5
303586.9
303589
303595.5
303663.1
303723.4
303730.5
309519
310138.7
311898.6
312120.5
312178.6
312240.7
312247.3
312281.6
312314.8
312327.6
312340.7
312387.7
312461.8
312530.7
313837.8
313843.1
313952.4
314369.1
314598.1
315048.6
315113.9
315161.6
315315.3
315472.9
315687.4
320584.8
321687.7
323239.6
329577.2
329610.8
329786.8
329795.8
329800.1
329818
329891.8
329928.1
329993.8
330046
330070.6
331841.8
335415.1
335734.6
335751.9
335780
335893.4
336003.2
336032.2
336135.9
336455.5
339827.2
339883.1
339942.6
340040.1
340182.4
340191.7
340214.2
340255.7
340258.6
340260.1
340280.5
340302.9
340400.7
340462.1
340468.6
340587.2
340632.9
340667.6
340721.9
340793.1
340850.1
340851.9
340894.1
340902.4
340906.3
340944.5
340960.9
341039.8
341129.5
341158.9
341227.7
341256.5
341310.7
341349.7
341388.8
343073.6
345906.8
346012.6
347952.9
348154.1
348256
348269.2
348282.7
348326.9
348347.9
348370
348576.6
348646.6
348663.4
349989.3
350059.2
350139.5
350206.2
350349
350390.3
350494.2
350525.9
350645
350729.1
351042.5
351080
351231.4
351252.9
351260.9
354481
354574.2
354704
354724.8
354728.5
354729.3
354773.2
354800.4
354826.5
354883.9
354886.9
354955.3
354971.5
355095.1
355174.7
366361.3
366602.7
366742.4
367314.9
367322.3
367342.6
367520.3
367558.3
367632.4
367666.6
367697.3
367711.2
367713.5
367731.1
367737.5
367792.1
367832.5
367906.4
368004.6
368006.8
368008.3
368023.1
368033.3
368265
368284.3
368321.7
368415.4
368416.7
368472.4
368594.5
368628.4
368690.4
368767.5
368771.7
368781
368795.7
368878
368880
368882.2
369002.1
369188.1
369214.7
369224.4
369286.5
369355.5
369358.7
369400.4
369425.5
369440
369470.3
369481.1
369486.1
369704
369956.3
370051.9
370078.6
370224.6
370272.5
370336.2
370402.9
370546.8
370559.4
370576.6
370693.1
370726.5
370885.9
371066
371133.7
371273.8
371460.2
371585.3
371613.7
371702.9
371729.1
371762.4
371848.5
371997.7
372107.9
372184.2
372242.2
372940.4
372983.9
373148.9
373197.1
373224.2
373238.1
373243.2
373331.3
373340.6
373342.6
373461.3
373472.4
374351.3
374445.7
374475
374749.4
374755.7
374984.8
374996.6
375036.4
375101.9
375105.6
375185.4
375241.8
375247.2
375307.2
375361.3
375484.1
375491.1
396854.2
397048.7
397147.2
397369.4
397465.9
397473.1
397577
397758.1
397758.5
397826.5
397942.1
398696.2
418910.7
418982.4
419043.6
419139.2
419414.3
419548.6
424564.4
425799.5
425913.5
426011.2
426059.1
426099
426361.6
426510.4
426532.8
426546
426609.8
427721.7
427773.4
427934.7
427946.6
427974.1
428050.4
428082.6
428112.9
428146
428219.8
430300.4
430334.8
430335.4
430364.1
430391
430417
430504.2
430533.6
433014.3
440194.9
440696.1
441208
441302.9
441324.2
441484.3
441498.8
441510.9
441643.6
441671.3
441732.2
441734.4
441831.2
442787.3
443977.7
444195.2
444435.5
444461.4
448931.6
449006.5
450371.4
451163.6
451345.1
451438
451484
453744.3
456677.5
457014.9
457146.5
457326.3
461163.8
461326.5
461516.7
461546.3
461683.6
461731.2
461751.3
461796.2
461834.6
462025
462098.6
462161.1
462170.3
462181.8
462213.2
462269.2
462422.7
465104.6
468193.6
468267.5
468311.9
468409.8
468623.5
468897.9
469641.4
469726.6
469813.7
470066.7
470080.1
470290.7
470445.2
470600.2
479872.9
482535.7
482626.3
482628
482759
482797.8
482893
482896.1
483213.3
483228.9
483303.4
483422.8
483466.8
483565.1
483604.2
483687.5
483701.8
483709.3
483714.3
483720.6
483772.6
483891.4
484070.1
484122.7
484162.7
484179.1
484203.4
484217.2
484295.9
484422.6
484693.3
484728
484792
508917
517416.4
517478
517635.8
517727.3
518058.1
518067.7
518232.6
518367.7
518461.9
518576.2
526566.3
526756.4
526837.8
526892.1
526924.8
527018.7
527024.1
527078.8
527085.4
527149.1
527181.7
527212.8
527292.3
527296.9
527307.8
527351
527390.4
527445.8
527525
527557.8
527603.4
527816.7
532140.7
532382.8
532427.3
534107.4
534233.1
534544.3
534568.6
537471.9
537643.2
537743.8
537744.7
538185.5
538189.7
538257.9
538345.8
538451.6
538475.6
538667.6
538732.3
538741.6
538754.7
538782.4
538791
538846.5
538860.3
538959.3
538995.3
539211.3
541215.4
541251.5
541358.4
541391.5
541413.6
541433.1
541604.5
541605.8
541619
541625.8
541702.3
541728.7
541768.2
541791.1
541820.8
541826.4
541872.2
541905.4
541917.9
542041.1
542117.3
542192.7
542217.7
542246.7
542264.2
542308
542432.5
542512.4
542545.4
542560.3
542691.4
548561.2
548729
548900.6
548928.2
549053.2
549132.6
549189.7
549215.6
549246.9
549357.9
550761
550997.8
551646
551726.7
551770.2
551842.2
551861.2
551915.1
551975
551981.7
559369.3
559446.7
559449.4
559468.4
559492.3
559499.3
559558.5
559608.9
559619.7
559658.5
559665.6
559666.9
559698.9
559736.6
559800.4
559818.4
559861.7
559924.2
559969.2
560004
560052.8
560164.5
560466.7
561045.1
561169.7
561258.8
561265.8
561441
561555.6
567805.9
570921.6
571057.4
571263.6
571264.1
571304.9
571355.1
571425.6
571464.2
571540.1
571586.2
571662
571729.2
571994
572226
573247.6
578072.6
578164.6
581496.5
581813.4
581855
581891.4
581924.9
581930.9
581981.1
582041.6
582098
582258.1
582271.5
582272.3
582326.4
582347.4
582357.5
582421.1
582531.8
582598.1
582737.4
582886.5
584584.7
584938.4
585171.1
585252
589919.3
589932.7
590033.1
590189.3
590228.1
590255.5
590332.8
590381.5
590427.7
590429.5
590471.3
590476.9
590599.5
590607.5
590609
590637.7
594797
594843
597275.2
598003.4
598145
598148.4
598239.4
598364.2
598409.3
598504.5
598525.5
