1423.2
1615.7
1664.4
1726.4
1758.1
4339.3
4391.5
4598.7
7029.7
7057.1
7114.6
7135.3
10844.2
11002.2
11020.5
11047.5
11069.8
11136.9
11172.7
11231.5
11439.7
11648.5
11663.7
13993.9
14617.9
15824
19118.1
19459.8
21613.6
21738.3
21751.6
21870.5
22002.8
22016.9
22039.9
22363.5
22421
22428.3
22492.6
34410.3
34419
34444.5
34654.4
34796
39755.3
39832.7
39993.7
40272.6
41439.1
41717.4
41725.1
41726.3
41766.4
41796.7
41824.1
41834.2
43429.5
43452.5
43574.9
43639.2
43701.7
43833.6
43842.3
45069.1
45191.5
45233
45266
45347.5
45369.3
45397.8
45455.7
45472.2
45477
45624.6
45713.5
48225.4
48284.8
48365.6
48420
48436.4
48452.7
48508.7
48518.2
48626
48727.5
48753.6
48769.4
48795
49029.6
49098.7
49149.6
49164.9
49206.6
49289.8
49323.5
49367.1
49388.3
49451.7
49472.8
49555.6
49585.4
49837.2
50006.9
50070
50240.7
52451.4
52655.9
52683.7
52829.4
52865.9
52871
52894.6
52921.2
52951.7
53050.2
53095.1
53226.2
53318.2
53398.6
53473.7
53500.5
53513.5
53845.7
53851.6
53855.6
53987.5
54121
54163.3
54291.4
54510.8
54718.7
54737.9
54815.2
54909.8
57059.1
57088
57856.7
58567.9
58695.6
59496.5
59680.8
60449.7
63071.7
63100.5
63127.3
64626.4
64668.8
64773.8
64852.3
64900.2
66370.2
66615.8
66704.6
66769.6
68028.3
68595.6
68921.2
70846.5
70953.7
71119.9
71186.3
71198.8
71201.7
71310.9
71366.5
71439.6
71555.3
71584.8
71653.7
71706.6
75350.9
75361.9
75503.9
75508.3
75522.7
75708.5
75736.9
75752.2
75759.1
75852.9
75886.1
75956
75956.9
75996.6
78219.9
78964.8
79158.9
79211.9
79371.7
79442.8
79447.1
79498.1
79527.2
79544.7
79582.9
79591
79667.3
79774.6
79859.7
79946.3
79983.4
80047.9
80079.5
80123.8
80158.4
80187.8
80215.4
80245.4
80268.9
80276.4
80308.8
80427
80463.7
80466.1
80511.5
80542
80842.2
80883
80901.4
80944.5
80949
81016.1
81034.4
81055.1
81056.2
81065
81086.9
81137.8
81192.9
81283.7
81289.5
81339.5
81352.9
81407.6
81478.2
81488.8
81521.7
81531.9
81534.1
81553.7
81558
81659.5
81714.4
81822.2
81864.7
81876.3
81985.9
82037.3
82054.1
82923.7
82954
83119.5
83127.3
83224.1
83509.8
83518.9
83566.5
83580.8
83598.2
83656.1
83700.6
83701.4
83740.4
83762.4
83766.4
83772.7
83843.1
83850.6
83869.5
83958.9
83969.6
83984.2
84004.9
84044.7
84094.1
88907.6
90510.8
90684.7
90706.1
90706.6
90735.8
90736.4
90783.1
91002.7
92329.9
92349.4
92380.9
92411.7
92432.7
92473.4
92492.8
92510.6
92518.6
92524
92580.3
92613.6
92632.8
92697.9
92791.4
92855.8
92914.8
92945.7
93004.4
93848.8
94445.5
100185.6
100631.8
100652.7
102826.6
102982.9
111161.9
111492.5
111508
111547.8
111595
111627.6
111641.6
111679.7
115625.1
115721.6
115803.5
115817.6
115831.8
115942.6
115992.6
116135.1
116150
117178
118111.2
118166.4
118237.9
118882.1
119126.5
119183.9
119301.2
119337
119441.5
119449.6
119451.5
119462.8
119477.6
119489.6
119541.1
119543.5
119552.1
119554.1
119648.5
119704
119706
119769.3
119931.4
119975.6
119995.1
120016.4
120140.7
120279.5
124935.3
125050.2
125076.2
125200.7
125399.6
125432.3
125492.2
125542.9
125544.8
125547
125559.1
125562
125623.7
125629.3
125643.3
125695.8
125709.1
125710.9
125726.9
125889.8
125895
126178.9
126272.1
126291.8
126332.8
126382.7
126482.4
126989.4
127427.3
127587.8
133054.6
134690.6
134740.1
134743.9
134860.5
134900.3
135031.9
135290.8
135290.9
135359.2
135582.6
135632
135638.9
135788.4
135956.2
136040.1
136123
136341.9
136549.9
136575.5
136705.7
136778.1
137142.7
137180.4
137245
137288.1
137344.2
137588.1
137676.9
137755.3
137787.4
137880.2
137938.3
137960.7
137996
138255.5
138325.3
138458.3
138658.8
138682.1
138875.4
138897.2
138909.8
138994.8
139063.3
139243.4
139267.8
139280
139333.9
139629.8
139791.8
160940.4
161136.1
161140.5
161398.3
162738.4
162760.4
163016.1
165735
166334.4
166487.3
174372.2
174482.6
174830.6
175452.2
177116.4
177361.6
177897
179180
179465.9
180715.5
180982.5
181126.7
181166.4
181330
181332.9
181340.8
181360
181692.9
181785.6
181845.7
182057.9
182062.7
182233.2
182279.7
182313.4
182334.2
182402.1
182423.4
182434.8
182455.9
182474.9
182522.1
182556.7
182558.1
182570.1
182693.6
183473.6
183597.7
183631.2
183650.9
183661.7
183666.2
183679
183691.9
183699.6
183756
186796.3
186930.9
186943.2
187070.5
189747.8
189836
189840.6
189890.3
189894.3
189959.8
189993.9
190008.3
190012.2
190075.2
190116.1
190127.8
190184.2
190210.5
195282.9
195316.6
195371.6
195386.4
195412.7
195460.6
205943.5
205953.6
206576.3
207493.2
207553.4
207569.7
207686
207744.2
207749.2
207857.2
207881.1
207980
208008.2
208022.8
208037.9
208039.7
208103.3
208157.8
208161.9
208235.6
208242.4
208321.7
208343.1
208461.8
208512.7
208513.5
208541
208556.8
208584.6
208619.7
208725
208764.8
208803
208808
208831
208963.1
208987.6
209004.3
209229.1
209244.5
209254.2
209312.7
209329.3
209368.9
209452.3
209634
210597.8
210604.6
210625
210709.8
210744.5
210758.7
210792.6
210885.3
211223.8
211226.4
211273.3
211390.4
212500.2
217119
217121
217194.5
217203.7
217260.6
217351.6
217491.9
217568.2
217714.5
217741.8
217775.6
217779.5
217813.6
217858.7
217906.9
217940.4
217991.3
219731.1
219791.4
219911.6
219933
219934.3
219998.3
220001.1
220005.5
220025.3
220098.4
220139.9
220302.6
220315.7
220367
220421.7
220565.4
220597.5
220605.5
220688.4
220793
220885.4
221147.5
223210.6
223350.7
225780.9
225911.5
225916.7
225925
225958.5
226050.4
226062.8
231820.6
231839.3
231903.2
231903.3
233092.6
233207
233251
233348.3
233407.6
233460
233475.8
233743.6
233801.1
234066.7
243624
243633.2
243856.7
243960.8
243962.6
243974.5
244057.7
246660.3
246910.5
246931.6
255894.9
255902.6
255911.5
256010.6
256145
256154.3
256157.1
256171.8
256237.6
256281.3
256285.6
256302.1
256392.8
256680.5
256718.5
256778.3
256980.9
257007.6
257512.5
257622.6
257744.5
257754.1
257966.9
257980.9
258097.1
258201.3
258306.9
263706.9
263735.4
263882.7
268724.5
268910.1
268913.8
268938.9
269003.1
269037.6
269064.4
269236.5
269269
269312.8
269318.8
269364.8
269383.9
269522.5
273130.6
273155.3
273322.5
273342.9
273406
273426
273433.9
273503.2
273684.8
273713.9
273737.3
273819.8
273860.3
273869.2
273891.5
273936.5
274743.6
275291.9
275421.2
275480.5
275506.3
275550
275685
275692.2
275696.8
275714.8
275721.4
275722.4
275740
275851.3
275852.4
275871.2
275874.5
276014.9
276129.3
276408.1
276409.1
276429.9
276507.7
276848
276910.1
277008.1
277068.6
277091
277098.3
277135.1
277255.7
277576.3
277645
277846.3
277891.7
277904.1
277916
277936.8
277955.9
277981.7
278579
278776.8
279766
279827.1
279867.6
280003.6
280126.7
280255.1
280258.6
280280.6
280291.3
280303
280364.8
280370.4
280437.9
280507.5
280529.7
280593.7
281777.8
281801.9
281855.8
281908.8
281922.4
282038.2
282048.5
282092
282202.9
282261.9
282270.5
284285.3
286651.8
286657.6
286706
286729.2
286819
286831.6
286836
286870.3
286871.3
286873.9
286900.2
286976.9
287119.7
287999.3
295611.8
295651.8
295699.7
297900.3
297911.7
298049.5
298371.8
298605.2
298922.3
298951.5
299762.9
303693.7
303713.6
303724.5
303736.7
303798.4
304036.7
304482
306169.1
309235.4
309768.3
311022.4
311030.7
311284.1
311302.6
311311.9
313870.1
317577.6
321314.5
322695.5
322731.3
322749.2
322861.4
322952.6
322991.4
323930
325542.3
325550.5
325593.6
325604.5
325609.4
325614.9
325619.1
325647.3
325678.5
325782.7
325804.5
325825.5
325837.9
326830.5
327411.6
327474.7
327550.7
327648.7
327919.4
328426.1
329289.2
329311.9
329440.7
329460.8
329479.7
329487
329535.6
329573.3
329600.7
329609.1
329785.1
332788.2
332810.1
332844
332904.9
332947
332974.6
333005.5
333011.7
333068.2
333206.2
333261.4
333320.5
333373.3
333426.8
333432.6
333446.2
333529
333569.7
333594.6
333667.8
333808.2
333821.9
333904.7
334404.8
334629.1
340366.6
340803.5
340856.6
340882.6
341003.1
341255.7
341312.4
342331.8
342500.3
342525.1
342559.8
342579.5
342640.1
342725.8
342756.6
342766.8
342850
342851.7
343377.1
348870.8
348914.9
349190.9
351055.4
352891.8
352918.6
353135.1
353219.2
353241.9
353343.9
353356.9
353401.4
353415.4
353446.6
353451.9
353593
353628.9
353632.8
365205.3
365219.1
365402.4
365407.9
365664.6
366093.5
366211.5
366220
366277.5
366420.9
366453.4
366809.8
366836.8
366861.6
366891.4
366925.1
366940.7
367095.9
367295.9
372765.8
372827.1
372885.4
373850.7
375190.6
375277
375317.2
375352.6
375355
375403.8
375409.2
375436.2
375451.8
375528.1
375720.8
393496.3
393805
396755.9
396780.9
396802.5
396806.4
396815.2
396835.8
396860.8
396880.2
396882.6
396945.3
396970.9
397062
397198.5
397226.3
397334.8
397402.7
397469.2
397512
397562.3
397564.3
397581.5
397641.4
397661.3
397706.6
397780.1
397825.5
397882.1
397922.1
397942.6
397945.7
398014.6
398056.5
398074.3
398127.6
398162.4
398378.4
398522
403613.8
403880.2
404180.2
413929.4
418707.8
418791.2
418891.8
418986.6
419125.8
419168.8
419416.1
419416.7
419431.9
419457.4
419515.2
419515.5
419515.6
419644.9
421281.8
421304.5
421361.9
421396.5
421456.7
421507.3
421546.4
421560.5
421576.3
421646.6
421689.7
421859.7
421869.7
430405.7
430443.9
430557.8
430615.1
430616.1
430620.9
430635.9
430796.1
430830.2
430864.3
431000.9
431142.4
431151.8
433110.3
435266.8
435585.5
436568.4
436604.1
437996.1
438321.2
438339.3
438599.2
438823.1
438847
438945.6
439340.1
439583.6
439585.1
439611.2
439736.1
439760.9
440266
440365.9
440490.5
440512
440512.6
440553.4
440651.2
440701.3
440734.1
440800.4
440817
440895.8
440927.5
440997.9
441029
441042.9
441107
441114.7
441136.5
441198.3
441248.5
441379.1
441384
441390.8
441431.6
441445.3
441461.8
441503.3
441633.8
446664.9
446820.1
446856.8
446914.7
447042.5
447059.5
447091.9
447599.4
447822.5
448091
449584.5
449616.6
449647.8
449712.3
449751
449936.4
453196.3
453279.3
453297.5
453374.2
453397.5
453420.6
453446.8
453478.8
453500.6
453522.2
453561.2
453606.7
453650.8
453659.7
453669.8
453718.7
453766
453781.8
453785.6
453795.2
453802.6
453923.5
454012.8
454123.3
454132.4
458284.5
458373.8
458722.8
458762.9
459061
460349.1
460451.6
460506.6
460507.8
460588.4
460818.2
460913.9
460933.8
460966.5
461286
461286.4
461514.5
462648.7
463835
465972.1
468738.8
468800
468915.2
468991.5
469362.8
469390.2
469667.7
469717
469743.7
469802.8
469836.6
469964.7
470031.6
470047
470047.4
470231.7
470342.6
470353.9
470424.7
470478.8
470487.8
470533.9
470536.1
470556.5
470630.3
470694.6
470750.8
470855.5
470989.4
471019.8
471565.2
471699.2
472274
475414.3
479088
479326.2
479464
479473.9
479839.6
480215.6
480304.6
482643
482649.8
482695
482701.3
482703.1
482758
482802.3
482811.1
482825.1
482850.5
482867.9
482902.7
482905.5
482947.3
482960.2
482970
483132.1
483270.9
483320.9
483445.5
483465.8
483576.9
483606.7
483616.1
483865.1
483892.2
483969.8
483999.3
484548.1
484596.9
484656.9
484690
484731
484808.6
484845
484930.9
506001.3
512186.9
512780.4
516051.6
516163.8
516996.7
517060.6
518243.2
518628.8
520341.3
520348.9
520448.1
520456.6
520483.7
520526.4
520547.8
520559.8
520580.7
520640
520643
520708.5
520727.3
520785.3
520792
520815.6
520864.1
521180.2
521206.4
521239.3
521258.2
521260.2
521323.2
521386.3
521537.9
521540.8
521587.1
521687.3
521746.7
521979.1
521980.2
522004.6
522069.4
522078.6
522098.9
522120.1
522120.5
522121
522221.2
522244.9
522279
522310.8
522313.2
522387.9
522426.4
522427.4
522491.1
522540.2
522585.6
522621.1
522628.7
522696
522714.1
522799.8
522827.9
522833
522839.9
522859.8
522899.6
522948
522963.5
523006.5
523025.5
523029.8
523053.4
523059.7
523080.1
523114.4
523220.5
523245.9
523337.2
523439.3
523503.7
523545.5
523552.6
523573.6
523596.5
523630.2
523644.7
523776.6
523800
523823
523830.1
523849.8
523879.3
523895.6
523924.2
523926
523958.1
524016.7
524026.4
524075.4
524102.6
524192.7
524406.6
524414
524656.1
524763.8
524954.9
524997.5
525113.7
527238.3
527316.3
527442.7
527482.9
527574.2
527901.7
528335.3
530621.2
530704.2
531165.5
531256.9
531258.9
531262.4
531324.4
531447.7
531465.1
531465.6
531467.7
531515.9
531582.8
531627.8
532609.2
532706.5
532740.8
532748.8
532751.3
532823
532998.7
535306.7
535372.7
535389.8
535390.1
535663.3
535947.5
535951
536090
536094.1
536122.4
536384.8
536419.5
536795.6
536847.4
536891.8
536892.1
536899
536905.3
536931.8
536942.8
536972.1
536988.4
537040.4
537135.3
537346.9
537405.3
537488.6
537507.8
537601.9
537642
537682.8
537699.2
537818.8
537871.3
537890.4
537892.5
537904.8
537959.8
539148.3
546512.2
546556.1
546606.5
546760.7
546869.9
547008.1
547057.5
547341
548246.5
548314.9
548370.2
548460.1
548485.9
548515.4
548568.6
548575.2
550937.2
551011.6
551148.5
551153.8
551175.7
551196.6
551212.7
551234.8
551268
551290.8
551364.9
551373.6
551396.2
551452.9
551453.9
551512.1
551558.9
551759.5
559809.7
560056.6
560381.2
561072.9
561258.7
564769.1
564780
567149.9
567151.3
567178.1
567370.1
567429.3
567476.3
567574.4
567691.7
567701
567841.7
570935
571182.8
571191
572544.4
572745.8
572942.6
573062.1
573139
573284.6
573308
573401.3
573684.8
573834.6
574121.5
574253.3
574276.2
574289.9
574310.4
574401.1
574422.3
574568.6
574707.2
574974.2
575078.2
575107.8
575149.3
575166
575190.8
575210.7
575214.4
579797.2
586620.2
586666.5
589275.3
590408.8
590680
590710.1
590824.3
590872.9
590894.5
590903.2
590998.6
591584.2
591607.4
591723
591766
591860.7
591966.1
591982.7
592012.7
592091.5
592157.5
592183.9
592356.9
592516.6
592597.9
592740.8
592951.6
592970.1
593124.1
593291.1
593403.6
593524.4
593601
593653.5
593673.4
593694.8
593709
593783.2
593811.1
593826.5
593897.6
593923
594059.2
594134.4
594158.6
594159.9
594160.2
594192.3
594220.2
594273.8
594326.2
594357.1
594375.3
594378.8
594442.7
594450.9
594478.3
594480.6
595831.7
595913.6
596522.1
