4979.4
5071.6
5214.9
6183.2
14343.5
16071.8
16249
16309.3
16447.8
16497.5
17952.1
18955.6
19614.9
19927
19938.4
22695.1
23016.1
23089.6
23262.4
24039.3
30654.7
31230
39066.7
39268.5
39352.6
39463.4
39483.8
39494
39619.5
39623.1
39662.8
39706.3
39869.8
39916.8
40019.9
43797.5
44259.9
44260.3
44295
44327.5
44340.7
44404
44438.2
44470.7
44474.2
44506.3
44544.1
44647.4
44658.4
44671.7
44685.1
44888
44960.6
45021.7
45022.2
45098.3
45137.2
45139.6
45182.1
45294.2
45299.4
45405.2
45563.3
50623
51002.8
51130.7
51214.7
51282.2
51361.1
51491.6
51495
51513.2
51743.9
51747.1
51772.5
51843.5
51871.8
51881.5
51896.3
52026.5
52080.3
52178.5
52183.8
52212.9
52264.9
52270.7
53294.8
53371.1
53881
54529.8
54619.3
62662.3
62758.6
63013.7
63039.6
63048.8
63155.5
63198.2
63226.9
63316.9
63346.4
63404.6
63426.8
63432.5
63476.8
63482.7
63490.5
63570.5
63651.2
63658.3
63674.3
63707.6
63738
63769
63839.7
64691.7
64768.7
65296.2
65337.4
66956.7
67321.8
67401.4
67493.8
67536.7
67704.1
67798.9
67911.1
71130.5
72543.4
72818.5
73051.6
73117.1
73160.6
73168
73679.1
73782.3
73784.9
73834.2
73974.2
73995.4
74018.2
74123.7
74140.5
74149.3
74317.1
74383.4
74479.4
74719.2
92541.7
92603.5
92619.5
92644.2
92710.3
92730.5
92731.6
92902.6
92911.1
92999.1
93012.5
93128.3
93144.8
93164.9
93507.4
93646.4
93689.2
93818.1
94156.3
94424.2
94443.5
94923.1
95200.6
96066.2
96072
96234.4
96407.1
96556.5
96843.5
96862.9
97213
97271.8
97507.3
97643.3
97756.7
98068.4
98258.6
98623.6
98870.4
98989.2
99208
99309.9
99570.4
99685.8
99905
99955.5
100111.3
100137.2
100492.8
100521
100626.4
101009.9
101019.9
101461.1
101627.5
101798.4
102065.3
102765.2
103347.5
112379.6
112483.8
112839.6
112933.9
112950.3
113029.8
113087.1
113183.7
113273.3
117598.7
119392.7
126174.3
126212.9
127205.8
136440.1
161519.3
173253
175723.6
179166.9
179212.1
179221.2
179305
179328.2
179388.8
179401.2
179434.3
179469.6
179526.4
179622.6
179686.1
179693.8
179825.6
179895.1
180074.8
180121.5
180131.8
180322.4
180472.1
180500.7
180513.8
180585.1
180589.9
180679.8
180684.3
180731.4
180773.6
180835.4
180874.9
180910.4
181031.2
181042.1
181115
181139.5
181176.1
181211.2
181224.3
181240.3
181269.1
181284.2
181356.2
181387
181466.2
181574.6
181574.7
181611.4
181699.7
181820
181863.8
181990
182011.9
182017.7
182063.3
182114.2
182170.6
182205.4
182319.2
182404.5
182491.4
182553.1
189641.5
189713
189800.6
190147.4
192841.1
193349.3
194027.7
194061.7
194068.3
194579.6
194921.5
194924.8
194994
195045.8
208059.6
208946.9
209071.7
212191.2
212460.3
212853.9
212891.5
212913.3
212974.7
213070.5
213149.3
213159.1
213174
213179.5
213420.6
213484.9
213561.1
213678.9
213705.6
213733.8
213767.8
213815.5
213826.1
213882.6
214169.2
214358.9
214458.2
214490
214511.3
215929.9
218811.5
218983.3
219189.9
219324.2
219415.7
219526.7
219541.9
219636.9
219763.9
219831.5
219872.5
220355.4
230085.9
231852
232207.2
232551.6
232562.3
232938.1
233206.1
233548.3
233561.1
233892.4
243969
244035.5
244136.4
244195.5
244366.6
244398.9
244412.8
244434.8
244502.9
244557.5
244584
244600.4
244667.6
244671.3
244718.7
244727.3
244740.9
244752
244771.2
244781.5
244788.6
244831.6
244878.4
244961.8
245115.2
245196.8
245287
245305.1
245365.9
245444
245452.1
245533.2
245639.4
245720.4
245763
245805.2
245908.3
246046.7
246233.4
246292.5
246315.5
246525.6
246683.8
250016.9
250162.8
250243.7
250319.1
250569
264296.3
264394.1
264937.5
264984.6
264994.3
265184
265256.4
265539.2
265563
265638.8
265987.2
266019.1
266295.9
266611.3
266791
266903.7
267017.5
267221.2
267277.6
267435.5
267473.3
267563.8
267601.7
267614.9
267714.9
267717.6
267748.6
267816.8
267875.7
268025.1
268098.2
268119
268147
268179.1
268198.8
268266.7
268298.3
268298.5
268404
268406.8
268429.2
268488.1
268528.6
268546.1
268568.9
268634.6
268640.2
268640.5
268719.7
268878.6
268950
268955.3
268972.9
269143.5
269391.3
272990.8
273055.2
273193
279370.6
279494.3
279789.4
279811.6
279850.1
279937.9
279939.9
279981.3
280112
280118.6
280127.6
280330.6
280339.5
280414.6
280573.8
280616.2
280631.9
280678.9
280715.7
280783.5
280811.3
280877.9
280888.2
280892.2
280981.4
280992.6
281026.3
281091.9
281153.1
281158.2
281192.1
281203.7
281270.6
281429
281535.7
281572.2
281575.7
281588.4
281601
281611.4
281623.6
281723.3
281763.2
281779.4
281807
281942.8
281968.2
282093.5
282347.2
282404
301406.7
302036.8
302091.9
302483
302684.4
302813.7
302861.1
302901.4
303065.8
303218
303267.3
303303.1
303322
303366.3
303409.8
303423.7
303439.3
303471.1
303538.7
303682.1
311911.3
312123.8
312347.8
312360.9
312416
312426
312480.7
312505.7
312583.8
312594.1
312666.1
312687.6
312705.8
312707.5
312718.3
312721.1
312878.4
312883.8
312896.4
312921.4
312928.7
313180.5
313348.6
313391.9
313423.8
313426.1
313454.9
313627.8
313747.8
314014
314261.1
314882.3
314975.6
315856.2
315926
316160.8
316449.9
316583.9
316697.9
316720.1
316739.6
316809.2
316894.5
316909.8
316983.3
317072.1
317346.2
317381.7
317412.8
317522.4
317706.5
317709.7
317721.2
317724.9
317762.5
317785.7
317896.8
318022.3
318073.1
318077
318083.6
318194.3
318232.4
318241.6
318386.6
318534.8
318550.7
318587.2
318607.2
318649.7
318672.4
318718.8
318739.6
318848.2
318851.2
319005.8
319015.6
319023
319086.8
319158.6
319180.7
319261.1
319302.5
319321.9
319361.1
319418.2
319481.9
319616.2
319622.1
319728
319762.4
319792.4
319876
319918.9
319949.1
320190.2
320195.3
323389.5
323478.1
323485.7
323871
324106.7
325174.3
327673.7
329376.9
329739.2
329766.5
329818.5
329822.3
329874.1
329919.4
330034
330076.2
330201.6
330276.5
330306.6
330593.3
330797.7
331357.9
341844.5
341939.3
342163.8
342249.9
343249.6
343737
343832.5
343929
343979.9
345455.6
345640.5
373682.3
373751.3
373919.3
373962
373989
374051.8
374064.8
374104
374110.8
374160
374218.4
374279.6
374336
374356.7
374371.2
374432.1
374447.2
374473.5
374573
374744.5
374921.6
374968.2
375220.8
376586.6
397197.3
397365.4
397744.3
397921.4
422214.6
430225.7
430347.1
430453.6
430709.6
441675.3
441724.4
441737.5
441754.2
441766.4
441773
441793.8
441881.5
442076.9
442132.9
442233.4
442344.2
442440.8
442555.6
442562.1
442568.4
442721.8
442723
442784.9
442803.4
442813.3
442818.4
442821.5
442929.4
443024.9
443145.3
443159.6
443460.4
443514.3
443718.6
443765.5
443781
443806.1
444164.4
444238.6
444320.8
444333.1
444507.8
449436.5
449492.7
449523.7
449711.7
449730.7
449937.4
450190.6
450401.3
450857.8
450900.4
450912.2
450912.8
450985
450996.6
451008
451034
451170.3
451277.4
451291
451624.1
452059.2
455971.9
458123
458958.9
459007.2
459136.8
459613.4
464540.8
465444.6
465622
465766.9
465870.3
465896.1
465916.5
465919.9
465924.6
465930.3
465930.8
465958.9
466164.8
466186
466578
466731.9
467231.4
467483.8
467655.7
469496.7
469751.2
482975.7
483910
483944.8
484502.7
511167
517772.2
519033.6
519225.8
519426
519506
519532.7
519579
519636.1
519778
519797.1
519836.5
519838.6
519914.6
520005.1
520168.3
520226
520256
520276.4
520371.6
520534.5
520687.4
520698.9
520702.6
520737.3
520806.2
520958.3
520999.3
521135.6
521384.7
521426.7
521435.8
521448.7
521459.6
521601.1
521619.9
521829
522095.1
522161.1
522256.6
522410.1
522503.6
522765.5
522792
523188.5
523302.8
523624
523641
523642.6
523680.9
523774.3
523827.9
523830.2
523920.1
524026.2
524100.6
524222.1
524385.9
524422.4
524470.2
524472
524482.7
524758.2
524766.8
524815.7
524850
524870.1
524927.7
524971.7
525060.8
525103.3
525123.3
525176.1
525204.7
525268.4
525309.7
525317.2
525341.4
525385.6
525389.4
525428.5
525468.5
525516.5
525521.3
525611.7
525619.7
525653.6
525840.6
525897.6
526020.9
526031
526114.3
526128
526294.3
526375
526400.7
526404.7
526472.3
526493.2
526551.3
526574
526618.1
526628.8
526676.4
526962.4
527063.3
527254.6
527337.1
532595.8
533091.9
533874.8
534014.1
534322.8
534473.8
541828.6
545601.1
546418.8
546785.7
546849.8
546944.1
546954.6
546979.6
546997.1
547093.4
547223.3
547471.2
550480.5
550776.8
551843.5
551930.1
551941.7
552169.8
552191
552201.8
552231.8
552316.3
552438.4
552453.3
552732.7
552922.2
552984
553018.2
553050.2
553311.3
553472.1
553478.7
553712
553963
553965.7
554285.1
554321.9
554365.1
554885.2
555527.4
555535.7
555653.8
555973.9
556133.6
556210.9
557070.2
557160.9
557295.5
557450.9
557639.2
557648.4
557657.5
557715.4
557738.8
557750.9
557778.2
557828.3
557836.1
557893.2
558216.7
558273.3
558317.9
558347.3
558362.8
558402.2
558439.8
558474.5
558485.7
558530.9
558590
558693.7
558700.3
558805
558808.1
558810.8
558869.7
558904.6
558930.4
558934.4
558962.8
559031.6
559040
559085.8
559093.4
559167.6
559218.4
559231.6
559250
559267.7
559289.3
559562
559576.6
559715.3
559929.9
560158.5
560170.9
560979.4
560988.2
561075.6
561122.1
561304.4
561638.9
563443.6
572420.6
573065.9
573087.1
573179.6
573431.9
573494.9
573552.4
573670
573897
574182.6
574344
574507.3
574535.9
574570
574613.3
574895.9
574942.5
575066.2
575068.6
575139.3
575218.8
575228
575381.1
575446.9
575570.9
578736.1
578921.6
580263.5
589728.1
591305.6
591329.2
591589.7
591699.5
591702
591736.4
591745.8
591765
591859.9
591880.5
591921.1
591942.4
592033.1
592062.7
592104.6
592197.8
592276
592297.6
592439
592457.1
592472.8
592506.8
592623.2
592669.6
592698.8
592715.5
592719
592734.1
592765.2
592774.1
592791
592888.2
592941.6
593126.9
593139.3
593156.7
593224.9
593357.4
593396.1
593488.7
593547.7
593591.5
593627.8
593691.5
593865.5
593959.4
593961
594017.6
594074.4
594259.5
594284.5
594295.8
594440.3
594447.6
594455.7
594583.9
594629.6
594818.7
595953.8
597259.9
597270.7
597626.4
598211.1
598216
598791.4
