1271.3
1366.5
1371
1457.1
1529
1652.7
1692.2
1722.3
1925.9
7005.3
7080.2
7097.7
7131.6
7198
7213.4
7241.5
7248.3
7249
7318.7
7319.4
7493.5
7506.5
7506.8
7537.3
11086.9
11448.1
11521.9
11676.1
11720.5
11903
11913.4
11969.1
12214.4
14095
14546.1
14937
15212.9
15625.7
15634
15797.3
16001.4
16389.4
20208.3
22652.7
22750.3
22899.4
23036
23079.7
30747.2
34192.5
34262.9
34279.6
34279.7
34380.3
34436.9
34482.6
34484.5
34487
34509.6
34528.9
34552.1
34575.5
34578.8
34681.3
34693.9
34739.5
35065.6
35179.1
35224.7
38499.2
38512.6
38762.7
38790.3
38841.3
38866.8
38871
39338.6
47574.7
47628
47729.4
47816.1
48036.7
48147.1
48154.3
48241.5
48330.4
48436.8
48535.4
48540.7
48591.9
48647.2
48664.2
48677.5
48749.6
48768
48835.7
48937.4
48997.2
49041.3
49064
49073.6
49103.4
49219.6
49257.5
49320
49392.2
49406.7
49430.1
49459.2
49513.6
49517.1
49765.8
49786.8
49822.9
49878.9
49923.6
49942.7
49962
50041.9
50304.7
50417.3
52090.3
52733.5
52843.8
52957.8
52997
53949
54004.3
54017.9
54026.5
54082.2
54087.3
54224.8
54418.4
54727.5
58423.5
59749.1
60459.5
60515
60537.8
60613.7
61823.5
62012.3
64937.5
65073.3
65153.2
65211.7
65332.9
65383.2
65523.3
65576.8
65580.9
65588.5
65624
65659.1
65817.1
65850.3
65878.5
65914.3
65917.2
65929.8
65982
66026.3
66061.6
66296.6
66305.5
66344.3
66416.7
66507.1
67057.7
67176.9
67205.4
67282.7
67345.3
67364.7
67487.5
67617.8
67636.3
67706.9
67722.9
67748.8
67787.5
67852.6
67857.1
67896.5
67954
67968.1
68020.8
68039.4
68273.2
68310.9
68319.7
68326
68392
68396.6
68407.5
68472.7
68487.4
68533.2
68619.8
68688.6
70282.1
70359.3
70494.9
70615.8
70618.3
70691.5
70703.5
70727.4
70736.7
70761.1
70784.7
70841.1
70890.3
71019
71077.8
71090.2
71281.7
71361.9
71388.9
71466
71542.4
71627.1
71690.9
71809.6
71823.5
82050.7
82068.3
82252.1
82253.5
82300.7
82369.1
82575.9
83465.6
83614.9
84083.6
90637.3
90670.9
90711.2
90740.6
90748.5
90810.1
90843.3
90859.2
90866.4
91024.6
100243.6
101373.4
105628
106203.2
106288.5
106339.9
106841.1
106931
106952.5
111445.8
111611.1
115729.5
115874.5
115908.2
116086.8
116165.9
116227.9
116310.8
116314.8
116337.4
116372.1
116373.1
116410.6
116438.6
116486.1
116512.3
116599.9
116613.9
116722.5
116832
116859.3
116915.6
116920.3
116948.5
116988.2
117180.2
117282
117286
117329.6
117373.6
117382.8
117383.4
117435.7
117471
117480.8
117532.7
117600.5
117600.7
117625.1
117648.8
117671.4
117682.8
118678.5
118910.1
120245.9
125392.1
125563.8
125723.9
126024
126154.7
126283.3
126367.6
126379
127584.8
138292.4
139174.5
140069.2
161048.9
161270.4
161338.9
161545.1
161747.7
161775
161860.4
166262.4
166668.4
166857
169228.2
169342.1
169363.1
169548.4
169581.2
169581.8
169689.2
169770.6
169850.8
170170.7
170193.4
170202.7
170205.2
170292.8
170354.6
172561
172634.2
172635.5
172741.8
172850.6
173194.6
173259.7
175619.6
176940.1
177001.1
177202.1
180091
180377.5
183248.1
183527.1
183562.1
183696.1
183745.6
183882.4
183931.4
184057.1
184114
184128.2
192629.6
192680.5
192680.8
192738.8
192867.3
192874.3
192879.7
193059
193087.2
193202.2
193212.6
193233.4
193234.6
193292.7
193329.6
193330.4
193445.6
193513.6
193563.1
193576.4
193602.4
193610.2
193632.9
193868
193875.4
193906.8
194042.4
194074.3
194266.5
194474.5
194476.6
194479.4
194836.9
194901.5
194902.3
195141.8
195223.1
206299.1
208486.8
209083.1
209397.2
209472.5
209840.9
209851.6
211925.4
211971.6
212042.6
212047.8
212084.3
212198.4
212247.4
212306.9
217549
217558.8
217589.9
217816.9
217975.3
218052.1
218095.9
218165.3
218204
218343.4
218487.3
218517.3
218630.3
218752.7
218767.3
218949.7
220353.1
220923.1
221084.1
221121
221201.8
221281.7
221896.5
221968.3
222033.3
222118.9
222125.1
222144.6
222147.6
222229.1
222275.9
222309.9
222355.2
225325.4
225326.2
229005.4
229497.4
229590.3
229620.3
229876.9
229904.2
229968.2
230038.1
230039.5
230069.7
230130.3
230150.6
231706.4
231818.4
231862.2
231895.7
231914.2
231959.5
232097.8
232149.4
232173.9
232197.6
232239.5
232547
232690.1
232700.7
232778.1
232801.4
232848.5
232968
232973.2
232975.2
243118.3
243496.3
243498.1
243770.4
243871.2
245120.1
246287
246302
248381.9
248851.2
249351.5
249519.7
249566.5
249585.2
249613.9
249616.5
249628.8
249734.5
249764.9
249794.3
249816.2
249817.9
249828.6
249880.8
249886.9
249957.1
250048.9
255663.1
255761.3
255825.3
255844.4
255945
255991.3
256042.7
256086.3
256100.2
256134.9
256194.3
256202.1
256223.7
256271.8
256324.7
256347.5
256370
256393
256440.8
256484
256521.7
256523.5
256543.2
256546.8
256627.4
256673.4
256679.6
256701.1
256758.6
256808
256913.3
256944
256999.8
257049.9
257084.8
257141.5
257163
257220
257225.7
257226.9
257421.8
257476.7
257503.4
257510.5
257566.2
257605.4
257731.3
257735.4
257800.6
257802.1
257855.5
257890.7
257993.1
258124.2
258221.3
258612.4
269291
269363.4
269402.5
269465.6
270771.2
270876.2
272330.8
272342.9
272418.4
272441.7
272548.1
272691.4
272745.3
272800.9
272829.6
272870.2
272916.8
273020.9
273063
273191.6
273359.8
273413.2
273423.5
273782.9
273847.7
273882.9
273970.1
274067.8
278513.5
278859.6
278922.4
278933.5
279240.9
283189.4
283199
283250.2
283338.8
283497.8
283510
283516.8
283541
283628.1
283665
283709.8
283724.7
283767.7
283811
283820.7
283825.2
283931.5
283997.4
284032.1
284062.2
284063.6
284177.6
284190.2
284347.4
284378.2
284391.3
284642.1
284689.3
284911.7
284944.5
285592.2
285989.1
286532.3
286540.3
286551.9
286598.4
286632.6
286733.9
286734.5
286963.4
287011.3
296786.1
297751.4
298019.4
298211.1
298305.3
298567.8
303325.7
309215.6
309438.8
309505.1
309706
309739.2
309751.8
309765.4
309774.8
309857.1
309858.6
310064.7
310102.7
310608.4
310741.5
311808.5
311999.7
312201.1
314963.3
322982.5
322985.8
323150.5
323186.4
323198.2
323418.6
323732.8
323859.3
323874.2
323940.4
324023.6
324129.4
324206.4
324217.6
324287.5
324362.2
324433.1
324486.1
324657.1
324885.3
324949.4
325021
325035.1
325199
326630.4
327768.9
328713
329726.7
330240.9
330289.5
330418.2
330471.4
330504.7
330507.8
330511.5
330722.2
331008.8
331105.6
331239.7
331257.6
331479.1
331494.3
331499.2
331652.5
331665.6
331693.1
331782.2
331829.5
331850.1
331866.1
331966.9
332025.4
332158.8
338180.5
338354
338359.8
338380.3
338481.2
338497.3
338567.5
338614
338616.6
338669.7
338679.3
338859.4
338887.2
338962.1
338969.6
338979.7
339045.8
339048
339174.2
339181.3
339223.5
339318.8
339330.1
339333.3
339426.7
339462
339540.4
339564.9
339566.2
339576.3
339650.4
339677.8
339904.6
339969.2
341124.2
342474.4
344124.9
345839.6
350209.8
351157.9
351198.6
351226
352573.5
352679.1
352779
352811.1
352894.2
352986
353122.9
353200.3
353214.1
353237.4
353265.4
353304.5
353313.4
353325.7
353341.8
353539
353544.7
353608.9
353622.9
353767.4
353795.6
353801.6
353932.8
353960.3
354243.7
372561.5
372630.3
372791.2
372797.8
372815.6
374948.2
375157.9
419419.9
419426.4
419445.7
419455.2
420746.6
420799.3
420842.3
424714.4
427061.8
427182.2
427290.7
427293.6
427470.3
427502.3
427585
428711.5
428940.7
429628.4
429654.7
429692
429792.7
429875.2
429897.9
429906.1
429960.9
430021.1
430125
430130.1
430166.9
430198.3
430491
441766.1
441801.4
441915.5
442279.1
442420.5
442422.2
442801.8
443267.5
443296.2
443425.6
443481.2
443669.2
443773.7
444199.9
444208.2
444241.5
444388.5
444458.3
444499.8
444508.7
444516.8
444577.6
444884.5
444890.9
444908.1
444944.5
444958.7
445102.5
445110.3
445123.2
445138.8
445200
445373.7
445922.8
449433.4
450185.9
450351.6
450445.3
453998.5
454059.4
454075.2
454081.1
454234.2
454323.4
454349.6
454365.8
454524.6
454548.8
454569.4
455277.4
455715.8
458550.8
458642
458713.7
458734.9
458854.5
458882.5
458939.4
458960.4
459087.2
459571.8
459750.5
459801.8
459864.9
459883
459911.8
459922.5
460034.3
460105.1
464683.9
467028.3
467083.6
467098.4
467117.3
467265
467380.6
467463.2
467688.1
467731.5
467770
467811.2
467914.5
468002.7
468030.5
468044
468069.4
468075.8
468077.1
468089.9
468113.5
468125.1
468146
468150.3
468192.2
468398.9
468446.6
468631.9
468842.9
468895.1
468926.1
468944.8
468958.2
469039.4
469138.5
469302.1
469407.9
469462.3
469491.1
469556.1
478408.8
479457.5
479459.2
479785.6
480185.7
480297.6
480573
480856.3
480873.8
480906
482121
482415.1
482685.9
482827.2
484236.9
508817.3
509567.3
509778
509827.5
510084.1
510480.7
510505.5
510714.6
510766
510929.4
511012.6
511045.4
511218.7
511258.3
511597.9
511626.1
511656.4
511669.5
511699.7
511762.7
511776.4
511788.2
511834.4
511865.6
511869.5
511870.9
511881
511901.3
511901.7
511909.1
511936.2
512008.9
512357.9
525038.8
526748.5
527108.7
527311.8
527419.3
527538.8
527622.3
527636.7
527662
527667.1
527917.3
528040.4
528246.1
528297.9
528462.8
528558.4
528800.4
529008.2
529019.8
529024
529079.7
529109.9
529151.7
529267.3
529269.4
529294.2
529410.4
529491.1
529590.7
529633.3
529704.5
529790.8
529793.2
529995.6
529998.8
530086.2
530105.6
530126.3
532608.8
533223.4
533771.8
534590
534655
534670.3
534762.7
534772.5
534775.4
534788.9
534858.4
534895.6
534900.2
534938.3
535078.8
535086.2
535153.7
535368.2
535717.5
535753.3
535765.4
547894.9
550774.9
550816.2
551423.6
561651.1
565184.7
565223.5
565260.4
565344.7
565403.7
565424.6
565542.8
565670.1
565753.9
565823.5
566178.7
566631.7
566675.4
566732.7
566912.2
566974
567086.4
570802
570831.5
570929.1
571220.9
580004.5
580126.1
580379.4
580526.9
580590.9
580702.2
583094.9
583287.3
583499.1
583540.1
586147
586936.5
586946
586980.5
587088.4
587103.7
587168.5
587231.5
587237.9
587314.7
587339.4
587349.2
587359.9
587457
587521.9
587531.4
587538.1
587541.8
587625.7
587627.5
587680
587698.7
587743.6
587744.7
587749
587826.6
587830
587833.5
587845.2
587885.8
587905
587931.7
588061.1
588090.7
588107.8
588286
588307.8
588505
588728.6
588753.1
589079.9
589115.2
589181.6
589296.3
589520.3
589538.2
589573.6
589587.3
589591.8
589690
594656.7
594694.9
594723.4
594764.7
595071.9
595199.3
595253.2
595267.6
595319.3
595380
595536.4
595553.2
597938.5
598115.3
598223.2
598620.1
598775.2
599769.1
