4746.7
4870.4
4882.2
4917.1
4952.7
4975.9
7506.7
7507.9
7592.6
7605.8
7649
11164.9
11197.1
11211.5
11286.3
11300.7
11323.8
11326.3
11355.9
11557.9
12575.4
16477.5
16511.4
16547.9
16565.9
16667.6
16668.4
16691.9
16748.4
16781.2
16800.3
16851.4
16861.5
17051.8
20327.4
20345
20367.1
20434.1
20458.4
20528.9
20533.9
20541.4
20554.1
21511.5
21534.5
21655
21750.6
21803.4
21844.1
22064.4
22107.1
22543.2
22739.2
24569.2
24841.4
25197.6
25377.9
25485.4
25832.1
25879.2
26026.7
26119.2
26138.5
26180.6
26187.5
26218.4
26372.8
26525.6
26618
26668.4
26804.4
27017.3
27147.4
27507.9
27512.6
27824.3
27899.3
27908.5
27914.4
27967.6
27995.5
28207
41377.3
41544.8
41683.6
43459.5
43593.7
43688.7
43725.6
43726.6
43798.5
43802.6
43822.9
43876.9
43921.5
43976.4
43991.2
44024
44035
44045.2
44053.7
44087.1
44104.9
44134.7
44272
52347.1
52379.6
52472.4
52625.1
52706.2
52739.7
52780.8
52959.1
53211.7
53311.4
53349.3
53411.4
53434.2
53454.9
53750.7
53787.7
53854.1
53902.5
53962.8
54079.7
54183
54268.9
54402
54406.7
54536.9
54549.1
54569
54591.7
54596.2
54602.2
54829.6
54893.6
55006.1
57236.6
63725.9
63767.6
63868
63870.7
64149.7
64198.7
64208.8
64214.6
64241
64387.7
64447.1
64493.3
64568.6
64598.4
64607.2
64672.2
64772.1
64780.1
64787
64844.5
64893.3
64967.7
70435.9
74087.4
74278.1
74491
74509.8
74557.5
74583.8
74636.5
74655.1
74767.2
74825.7
74843.2
74852.2
74854.4
74903.9
74926.7
74947.2
74951.1
75093.6
80639
80810.6
106049.6
111617.8
111830.8
111854.1
111944.5
111958.9
111964.4
111983.7
112034.6
112113.4
112135.2
112280
112297.2
112354.8
112390
112397.4
112407.9
112474.5
112476.9
112477.4
112499.2
112587.5
112806.7
116588.4
116751.9
116808.1
117458.7
117501
117542.9
117603.4
117611.1
117670.3
117753.5
117950.9
118044.9
118140.4
118144.4
118831.5
119116.7
119131.6
119176.5
119198.6
119250.4
119255.4
119256.5
119273.2
119344.9
119407.3
119419.4
119482.2
119869.6
119896.1
120072.5
120111.8
120122.4
120161.1
120166.2
120229.7
120266.7
120312
120327.7
124634.9
124899.9
124980.4
125151
125158.4
125192.9
125251.3
125387.7
125518.3
125559.3
125697.5
125756.3
125789.6
125886.9
125893.5
125960.9
125983.6
126003.5
126099.9
126216.4
126241.1
126407.9
131992.6
132091.1
132348
132879.3
132917.8
133346.9
133525.9
134262.6
134274.4
134485.1
134707.3
134757.1
135019.6
135060.9
135257.9
135321
135460
135530.7
135848.7
135955.9
136137
136170.9
136276.5
136307.9
136377.5
136460.2
136651.1
136850.8
136900.5
136912.3
136964
137238.6
137252.3
137455.3
137587.4
137899.9
137975.5
138173.6
138200.8
138283.1
138380.9
138619.1
138732.2
138798.5
139033.8
139040.2
139078.6
139130.2
139253
139497
139600.5
139682.4
139803.1
161121.5
162487.2
162517.2
162533.3
168741.7
173014.9
174430
174495.3
174734.4
176180.5
176303.9
180379.4
180415.5
187220
187340.6
187381
187483
187543.5
188165.8
188301.8
190953.8
192330.3
193106.9
195097.8
195183.6
195189.2
195296.3
195301.3
195396
195702.7
195758.7
205857.7
207606.7
208064.9
208071.2
208091.8
208129.8
208139.1
208149.6
208267.8
208370.8
208491.3
208660.4
208710
208784.4
208833.9
208942
208982.6
209037.3
209058.2
209064.9
209071.5
209130.3
209134.1
209192.7
209203.5
209211.7
209245.6
209267.4
209270.9
209293.6
209320.8
209467.5
209562.6
209582.8
211311
211320
211491.5
211499.3
211515.7
211601.4
211718.2
211724.3
211781.6
211823
211871.9
211874.6
211876.3
212100.2
212147.8
213838.4
214178.7
218395.4
218603
218620.2
221240.6
221371.4
221499.3
221560.4
222630.1
222885.8
222966.8
222971
222973.9
223001.1
223015.1
223407.3
223472.5
223672.3
224031.1
224949.1
225169.6
225407.6
231744
232006.3
232031.6
232303.3
232448.9
232687.2
232877.7
233114.2
233150.2
233210.1
233273.8
233286
233320
233321
233423.8
233522.4
233553.4
233843.9
233871.7
233879.1
233948.2
234028
236997.6
237138
237407.1
243681.3
243797
243886.9
243978.2
244079.6
244126.1
244396.9
245118.1
245151.9
245220.2
245518.4
245541.4
245825.8
245847.5
245938.8
246211.2
246248.1
246251.8
246419.6
246762.9
246782.4
246821.6
246890.8
246910.8
246940.4
246954.5
246965.6
247209.4
247739.9
248371.9
248753.4
249398.6
249405.9
249766.1
249883.2
264079
264438.9
264534.9
264544
264578.9
264602.8
264626.4
264629.2
264633.3
264651
264784.9
264786.3
264886.6
265020.6
265073.8
265143.7
265213.2
265253.9
265396.4
265496.2
265525.6
265538.2
265666.6
265730.9
265739.9
265976.5
266041.2
266072.1
266198.3
266228.1
266415.6
266456.4
266617.5
266674.6
266697.9
266703.5
266990.9
266998.7
267063.8
267164.8
267328.1
267405.7
273154.5
273182
273236.5
273358.5
273412.9
273415
273551.3
273645.3
273666
273667.7
273674.4
273701.2
273725.8
273839.7
273856.6
273874.5
273925.2
274053.8
275584.8
275734
275982.1
276194.3
276222.7
276309.5
276858.9
280922.9
299037.1
299076.5
299129.3
299135
299198.1
299287.3
299407.2
299437.8
299530.8
300015.5
300048.7
300076
300451.1
301051.9
303552.1
303570
303625
303636.6
303739
303773.4
304109.2
304169.7
305987.7
309590.6
310913.6
311409.6
311608.2
311638.5
311641.6
311652.8
311653.8
313058.9
313214.5
313288.9
313318.6
313502.8
313544.3
313548.9
313773.1
313777.5
313933.8
313996.6
314069.5
314138.9
314164.1
314319.6
314351.8
314463.3
314616.2
314654.7
314666.5
314671
314704.2
314986.3
315069.6
315092.7
315113.6
315138.2
315284
315310.3
315445.7
315613
315681.1
315711.2
315860.8
315866.8
315872.9
315880.2
315950.6
315976.4
316059.7
316065.2
316133.5
316150.4
316417.1
316473.2
316601.5
316659.7
316693.5
316765.4
316766.7
316780
316893.1
317039
317283.1
317581
317698.2
317703.4
317849.6
317875.4
318328.2
318367.3
318450
318564.2
318564.4
318604.5
318626.9
318678.6
319022.6
319202.1
319284.3
319619
319853.6
320052.5
323183
323346.1
323601.1
323623.5
323771.3
323873.1
323995.8
324387.5
324543
324614.9
324727.3
324812.8
325187.5
325350.3
325388.5
325455.8
325604.9
325669.2
326540.8
326666.3
326962.9
327081.4
327364.6
327609.8
328032
328055.6
328145.2
328549.7
329451.3
329486.9
329503.2
329584.1
329633.8
329659.6
329662.9
329663.2
329973
333348.7
333443.2
333575.4
333592.7
333654.3
333736
333750.2
333756.9
333920.3
334084.2
334105.7
334293
334320
334367.8
334382.2
334425.3
334465.7
334514.4
334535.4
334709.6
335184.2
337201.2
337239.9
337334.5
337339.5
337358
337458.6
337509.6
337675.7
337691.2
337808.5
337811.3
337837.3
337856.5
338028.9
340233.4
340383.5
340511.6
340661.5
340875.4
341022.1
341290
341373.4
341442.8
341494.1
341862.4
341879.7
342063.2
342094.7
342147.6
345116
345260.8
345627.7
345837.6
346187.6
346192.4
346339.3
374536.2
374696.3
374731.8
374773.9
374932.2
374935.1
375027.6
375043.8
375072.9
375097.7
375120.8
375128.1
375155.1
375238.9
375277.9
375294.7
375383.2
375413.8
375478.6
375485.1
375496.3
375592.6
380819.7
396738
396871.9
397029.8
397102.6
397169.2
397224.5
397230.8
397231.8
397253.6
397263.8
397309.3
397371.9
397443.3
397538.3
397539.3
397542.2
397739.1
397758.6
397805.4
397909
398002.4
398041.2
398048.5
398082.9
398128.7
398324.2
398444.4
398486.4
398540.9
398578.9
398698
398905.4
403750.4
404088
404255.4
413777.9
414849.9
415260.8
418715.5
421502.7
421668.1
422321.3
422384.7
422429.2
423223.7
423241.6
423326.8
423348.2
423361.3
423393.6
423505.6
423536.1
423554
423665.1
423771.2
423860.9
423978.9
424031
424544.8
425074.2
425230.6
425665.2
427327.3
430337.7
430451.9
430462.1
430655.1
430696.8
430703.3
430733.6
430768.5
430913.1
430916.6
430996.4
431221.8
432931.7
433048.5
433296.3
434330.8
435255.9
435725.8
436400.7
437274
437280.3
437749.5
438640.9
438748.9
438822.4
439920.7
440005.1
440076.4
440176
440178.5
440272.9
440280.5
440290.6
440291.4
440335
440409
440500
440520.1
440545.9
440659.4
440743.6
440794.8
440857.3
440927.6
441010.1
441077.3
441130.6
441161.7
441183
441212
441215.2
441222.2
441332.7
441352.3
441440.5
441622.5
441652.1
441716.3
441786
441843.1
442096.1
442614
446896.6
447109.1
447182.6
447194.2
447237
447240.3
447308
447419.7
447864.5
447877.2
447877.6
447964.2
448048.7
448090.7
448095.6
448099.9
448137.8
448138.5
448171.2
448186.2
448223.5
448226.4
448241.5
448267.4
448313.9
448335.3
448454.5
448495.2
450150.2
450628.4
450659.1
450718
450725.7
450811.4
450850.6
453641.2
454157.6
454574.3
454576.1
454599
454626.1
454758.5
454932.9
454944.9
454960
455108.3
455760.9
456056.6
459363.7
459514
464163.4
464228.7
464346.8
464537.2
467749.2
467839.7
468014.2
468441.8
468454.7
469159
469364.7
469703.4
469852.7
469935.5
469942.9
469996.7
469997.6
470060.4
470077.9
470122.1
470122.5
470157.1
470160.7
470181.9
470183.7
470256.5
470257.2
470258.8
470272.2
470422.7
470448.2
470535.7
470571.4
470594.8
470667.7
470830.5
470835.6
470909.2
470982
470998.8
471088.1
471159
471219
471516.7
471539.4
471789
472279.2
477176.4
477712.6
479263.2
480052.3
480333.9
482510.3
482644.9
482670.5
482709.9
482710.9
482800.9
482883.5
482907.2
482912.1
482957.7
483045.3
483106.3
483141.7
483201.9
483217.4
483326.5
483391.4
483399.6
483468.1
483489.7
483505.2
483540.4
483557
483562.4
483576.9
483591.3
483620.5
483681.7
483753.3
483814.5
483848.5
483893.1
483951
483960.9
483981.7
484056
484076
484077.4
484100.8
484112.2
484216.9
484217.6
484262.6
484304.6
484391.2
484411.7
484423.2
484510.6
484564.8
484574.5
484585.4
484599.9
484628.2
484675.2
484791.2
484896.6
484932.9
511078.7
511110.2
512762.4
513125.9
513259.1
513339.8
513354.2
513355.7
513671
513718
513858.8
513868
513987.5
514012.8
514029.3
514032.5
514061.7
514113.2
514168.6
514176.4
514199.3
514237.3
514289.1
514357.1
514379.2
514387.8
514424.1
514506.8
514512
514565.7
514670.1
514695.4
514703
514714.9
514767.6
514793.3
514856.8
514870.7
514937
515056.2
515078.3
515148.5
515159.8
515165.7
515184.2
515201.9
515206.2
515250.3
515340.6
515570.7
515890.9
515896.2
515920.3
515962.5
515977.4
516189.8
516258.4
516269.6
516281
516573.8
516597.3
516608.2
516762.1
516844.9
525665.6
525936.8
526110.4
526352.5
526481.6
526505.9
526882.3
526933.2
526950.3
527250
527274.1
527383.5
527383.6
527426.7
527881.1
530734.2
531208.3
531282.4
531348.8
531413.5
531425.2
531464.2
531644.7
534043
534390.4
536632.5
536696.6
536760.9
537747.7
539303.9
539320.1
539329.7
539407
539436.4
539561.1
539678.1
539772.8
539806.9
539840.4
540024.7
540026.6
540030.3
540052.8
540101.9
540200.2
540624.6
548073.9
548276.4
550226
550264.8
553024.2
554012.1
554117
554332.9
554415.2
554468.2
554482.2
554578.5
554594.8
554615.9
554667.1
554690.6
554868.8
554878.8
554924.5
554948.4
554993.9
555016.9
555044.7
555198.8
555299.1
555417.3
555421.7
555501.1
555504.4
555556.9
555730.8
555765.6
555802.4
555811.7
555901.7
555928
556011.5
556017.6
556038.7
556095.9
556108.5
556114.7
556146.9
556150.6
556159.1
556166
556186.4
556188.2
556438.7
556466.9
556526.3
556533.1
556548.1
556558.9
556586.4
556604.5
556604.6
556669.7
556687.6
556691.7
556693.3
556742.6
556793.6
556798
556815.7
556826.3
556883.7
556914.8
556922.4
556929
556955.1
556972.4
556979.3
557028.6
557036
557059.5
557069.1
557078.1
557234.7
557355.1
557377.6
557384.2
557395.8
557407.1
557428.1
557471.7
557559.8
557578.6
557620.6
557670.8
557678.7
557690.6
557762.5
557774.1
557811.5
557908.7
557979.8
558012.7
558015.2
558068
558071.5
558115.7
558174.5
558221.5
558335.2
561591
561618.4
561632.2
561879.2
562420.2
562554.3
563646
567737.3
567939.8
567941.6
568017.7
568390.4
568526.6
569102.5
569351
569468.5
569726.9
569803.2
569897.2
569958.2
570076.3
570121.2
570389.4
570405.1
570410
570457.6
570504.7
576041.2
576123
576152.9
576285.8
576359.4
576372.7
576424.4
576608.1
576633.1
576788.7
576799
576811.5
576833.2
576852.1
576879.3
577013.8
577067.7
577186.4
577354.1
577389.4
577439.8
577539
578468.1
585567.6
585785.1
585979.8
586036.2
586121.6
586197.7
586422.9
586428.9
586531.1
586536.7
586544.9
590875.8
590913.3
596569
596662.6
596818.8
596849.1
596874.9
596890.6
597481.9
597845.3
599002.4
599483.7
599646.4
599845.6
