12231.6
12362.3
12475.1
12527.6
12642.7
20483.2
23645.5
23758.7
23802.6
23957.2
24013.5
24018.3
24039.5
24118.4
24295.9
24345.1
24411
24494.2
24498
24530.1
24555
24591.5
24659
24710.6
25023.2
25096.3
25257.3
25370
25720
25786.4
26028.8
26424.8
27066.5
27185.1
27384.5
27773.6
28086.2
28195
28208.6
28269.5
28350.7
28409.7
28460.2
28577.4
28585
28627.8
28633.5
28658
28690.5
28692.1
28701.5
28709.9
28720.7
28778.5
28863.3
28923.8
28930.1
28959.6
28997.4
29016.8
29045.5
29052.3
29056.5
29107.7
29129.4
29195.6
29199.8
29223.3
29352.8
29490.1
29509.8
29575.9
29588.7
29607.7
29613.6
29630.7
29802.1
29809.1
29907.4
29941.7
30024.4
30207.8
30486.4
30739.5
30776.3
30816.5
38225
38325.1
38437.6
38542.8
38547.5
38633.5
38639.1
38693.9
40778
41008.9
41153.9
41226.4
41356.5
41369.1
41394.6
41472.1
41510
41589.9
41611.4
41779.2
50485.9
50673.4
50717.8
50830.1
57447.3
57470.7
57520.5
57578
57607.4
57616.7
57652.4
57722.8
57740
57802.8
57875.9
58731.8
58919.4
59950.1
59990.8
60126.5
60186.6
60254.8
60397.6
60402.8
60554.3
60912
61472
61504.7
61667.9
61692.6
61835
61904.7
61913.8
61960.2
62044.1
62186.8
62237.6
62274.3
62480.3
62588
76232.3
78838.7
79595.2
79885.3
80666.8
81966
82136.3
82234
82314.4
82350.1
82495.8
82525.7
82552.5
82565.7
82581.8
82583.6
82586.2
82670.1
82913.8
82963.1
83420.9
87182.8
91040.8
91276.3
91312.3
91315.6
93347.6
93564.6
93727.1
94580.6
94603.5
94609.9
94755.6
94775.1
94802.6
95064.2
95808.8
95823.9
95871.2
95882.3
95997.3
96116.2
96146.9
96545.3
96564
96603.3
96749.3
96783.2
97085.9
97106.3
97457.9
97470.8
98052.1
98634.3
98925.2
99354.2
99640.8
100147.5
101124.4
101211.9
101456.7
101889.2
101990
102191.7
102993.8
103222.9
103339.2
103376.2
103460.2
103489.2
103664
103693.2
103693.7
103755.4
103784.5
103914.6
103947.3
104028.3
104066.7
104114.9
104244.2
104316.5
104450.8
105573.6
105636.2
105662.2
105804.9
106106.2
106305.6
106333.1
106416.9
108925.6
109120.3
111436
118014.2
161904.3
162174.3
162232.4
162240.7
162335.5
162344.7
167742.4
169443.4
169575.1
169592
169675.3
169691.2
169782.1
169809.4
169861.8
169939.7
169991.5
170060.1
170092.4
170157.5
170183.9
170200.8
170418.9
170419.9
170446.9
170502.7
170526
170557.3
170623.7
172332.1
172428.1
172556.7
175362.9
175746
175829.9
175952.5
175958.8
175981.4
175989.2
176166.2
176194.9
176278.5
176484.7
176537
176617
176663.5
176751.6
176831.9
176920.2
176927.1
177023.3
177168.7
177232.7
177379
177395.3
177396.2
177410.1
177447.7
177467.9
177517.5
177743.5
178284.2
178291
178351.7
178568.6
178632.3
178646
178675.2
183631.8
189062.3
189340.9
190854.4
191232.4
191240
191289.5
191536
191613
191656.8
191725.2
191840.9
191985.1
192022.2
192107.8
192182.3
192217.5
192276.1
192284.7
192376.1
200347.2
210802.7
210811.1
210858.2
210910.7
210999.7
211009.6
211178.2
211179.9
211213.8
211263.7
211389.6
211412.1
211413.9
211455.9
211626
211639.3
221656.2
221785.4
221918.5
221930.5
222067.1
222143.9
222167.9
222287.3
222287.5
223748.1
223782.8
223856.5
223883.6
223888.7
223989.5
224009.3
224016.8
224023.9
224102
224110.4
224149.9
224205.1
224211
224248.8
224252.5
224256.9
224270.7
224309.6
224315.4
224405.9
224416.5
224461
224601.6
224603.9
224657.1
224687
224717.2
224750.6
224843.2
224973.1
225902.6
226678.5
226879.1
227076.7
227269.3
227275.4
227305.7
227347.3
227427.3
227833.9
228114.7
228192.4
228216.3
229004.5
229132.7
229200.4
229361.3
229370.6
229395.1
229408.8
229544.8
229593.7
229673.7
229745.4
229821.5
250664.4
250738.3
250945.4
251066.2
251106.4
251163
251172.1
251217.1
251239
251282
251312.9
251343.7
251346.9
251415.3
251543.3
251605.5
251606
251640.3
251680.2
251683.9
251727.7
251751.3
251758.4
251835.7
251849
251853
251878.6
251886.1
251899
251948.7
251952
251954.2
252040.8
252124.1
252192
252205
252224.2
263324.6
263560.8
270532.9
271015.8
271586.5
275404.2
275546.5
275612.8
275706.7
275733.2
275745.9
275837.8
275902.7
275909.7
275912.9
275915.9
275980.6
275988.8
276080.1
276081.7
276137.4
276148.9
276229.9
276251.6
276299.2
276351.6
276402.1
276502.9
276508.3
276543.2
276575.5
276587.2
276613.9
276634.4
276653.1
276724.2
276773.5
276818.9
276829.6
276867.7
276892.4
276977.3
277057.4
277060.9
277088.2
277103.9
277143.4
277334
277756.6
277976.5
278044
278169.5
295789.6
296150.1
296158.2
296363.1
297610.7
297849.4
298224.8
298297.1
298503.5
298555.7
299427.5
299787.2
299861.3
300019.5
300032.2
300170.5
300207.5
300222.4
300297
300422
300610
300706.1
300763.5
300897.2
300902.1
300950.7
301012.5
301117.5
301138.5
301208.8
301220.7
301248.2
301264.9
301307.7
301333.9
301356.7
301473.5
301528.1
301533.6
301711.2
301728.4
301747.9
301815
301905.6
301929.2
301941.1
301957.8
302059.2
302115.2
302350.2
311246.5
311320.4
311338
311373.5
311376.5
311411.1
311467.1
311526
325248.5
325303.4
325344.2
325438.8
325451.6
325480.4
325509.9
325576.5
325639.9
325818.4
325975.5
326084.6
332868
332887.2
332921.2
333018.4
333115.7
333389.3
333429.8
333466.8
333487
333658.4
333721.7
333757.9
333761.3
333943.1
334053.9
334110.5
334151.1
334231
334235.2
334269.6
334346.5
334409.5
334422.6
334511.8
334517.3
334575.6
334657.3
334679.4
334767.6
334833.2
334932.8
334996.1
335026.2
335036.8
335371.6
338284.3
338466.9
338513.7
338635.3
338725.4
338798.9
338970.8
339018.3
339030.3
339089.4
339129.2
339209.4
339313.7
339356.5
339433.1
339486.2
339508.5
339776
339777.5
339953.1
339960.1
339984.7
344089.1
344505.9
344602.6
344830.1
345041.9
345064.2
345102.7
345169.8
345375.8
345388.4
345411.6
345421.6
346687.2
346734.3
346765.5
346942.4
346981.3
347094.3
347192
347207.7
347310
347775.5
349365.9
349659.8
349677.2
349926.1
350115.1
350116.9
350216.4
350241.5
350288.5
350295.7
350296.1
350334.9
350343.6
350367.9
350373.6
350394.6
350408.1
350442.6
350559.8
350570.3
350592.2
350608.1
350619.1
350620.7
350649.6
350731.7
350824.6
350966.8
350986.1
351362.2
363130.8
365076.8
365174.4
365185.7
365283.1
365339.3
366761.3
373030.3
373137.3
373176.4
373253.9
373267.9
373370.3
373434.6
373448.5
373506.6
373524.1
373525.8
422230.7
422496.5
422518.6
422637.7
422643.8
422675.4
422702.3
422829.5
422920.6
423017.2
428970.7
447046.3
447161
447201.6
447207.1
447250.4
447339.9
448120.6
448255.7
448279.7
448408.4
448466
448529.3
454710.9
454809.8
455027.9
455059.1
455133.8
455221.4
455988.7
456061.9
456075.4
456116.3
456159.8
456259.2
456313.5
456426.6
456652.2
456725.8
456851
456902.8
456947.2
459821.8
460084.2
460142.6
460142.8
460284.1
460526.3
460563.4
460577.2
460594.9
460642.2
462956.8
463284.8
464493
464504.6
464507.6
464618.9
464638.5
464799.3
464813.5
464849.6
464876.6
464931.9
465013.8
465020.4
465151
465155.7
465204.7
465296.6
465401
465420.6
465546.2
466243.5
466421.5
466463.3
466746.3
512664.6
512803
512874.9
512938
512986.2
512994.9
513005.8
513057.3
513498.4
517195.9
517234.6
517326
517353.6
517400.3
517432.3
517513
517558.5
517588.8
517683.4
517707.4
517846.2
517940.7
518043.7
518114.3
518122.8
518131.8
518267.6
518428.5
518554.1
530459.5
530496.8
530550.8
530597.9
530624.5
530629
530702
530712.9
530725
530751
530813.3
530847.4
530906.9
531005.4
531014.2
531050.3
531062.4
531078
531104.7
531167.2
531215.5
531270.4
531285.7
531380.3
531439.4
531504.5
531638.9
531649.8
531670.8
531674.2
531749.6
531843.7
531852.3
531856.1
531972.3
531983.5
532089.3
532105.9
532425.8
534794.7
534941.4
535132.1
536403.4
537066.2
537099.8
537245
539918.9
540059.8
540232
540287.9
540384.1
540436
540471.7
540683.4
540732.2
540755.5
540829.7
540895.8
541000.3
541012.8
541027.4
541041.9
541071.8
541076.6
541161.8
541182.4
541236.9
541343.2
541348.5
541524.8
541560.4
541947.4
542007.1
542149.7
542199.1
542217.9
547290.6
547300.1
547462.3
547642.7
547668.9
547689.9
547716.3
547780.3
547792.2
547795
547805.8
547820.6
548002.2
548146.3
549381.3
549506.7
549715.6
549881.6
549917.2
550016.8
550029.3
550051.1
561801.5
561884.3
561956.6
562019.8
562080.2
562097.1
562129
562147.1
562164.4
562283.3
562401
562523.7
562672
562748.8
562749.2
562762.5
563038.1
563107.4
563204.3
563381.2
563395.4
563463.5
563514.2
563734.6
563854
563901.1
564035.7
564251.6
564299.9
564315.6
564330.3
564390.5
564443.2
564520.1
564559.4
564658.2
568210.7
568241.8
568374.2
568716.1
569270.3
569454.5
569645.8
569818.8
569977.7
570268.5
570307.9
570581.3
571013
571013.8
571375.9
575645.9
575660.3
575733.7
575798.1
575824.8
575850.1
575900.7
575904.9
576092.8
578277.2
578441
578516.4
578553.4
578564
578602.5
578646.3
578691.8
578871.6
578873.9
580514
580672.2
580722.8
580767.4
586826
586905.1
587153.3
587245.6
587412
587444.1
587474.2
587478.6
587664.5
587688.6
587698
588091.6
588117.4
588208.6
588210.5
588215.7
588230.6
588318.8
588329.6
588395.6
588413.3
588421.6
588455.4
588491.1
588631.9
588649.6
588677.9
588704.7
588876
588968.5
588986.2
589005.9
589055.9
589116.6
589198.4
589256.9
589348.5
589349.4
589369.5
589396.1
589398.3
589425.7
589552.7
596252.2
596415.5
596433.5
596468.6
596489.9
596571.7
596580.6
596605.8
596622.1
596624.5
596631.5
596658.7
596672.7
596679.8
596721.3
596732.8
596887.6
596986.2
599168.8
599170.4
599385.1
599682.4
