2515.5
2522.1
2542.9
2619.5
2637.6
2793.8
3232.1
3333
3464.7
4903.1
5001.4
5199
7183.4
7312.1
7366.6
7390.8
7392.9
7500.4
7625
9795.2
9838.3
10626.5
10815.9
10839.8
10936.9
10963
11165.2
11233.9
13349.7
16327
16432.1
16459
16537.4
16551.4
16631.1
16694
16704.4
16707
16728.1
16824
16858.9
16876.5
16932.7
16980
20207.2
20259.9
20293.5
20307.1
20357.4
20402.7
20404.3
20432.2
20624.8
21195.1
21343.6
21350.7
21418.6
21441.5
21466.6
21498.8
21556
21562.7
21577.8
21583
21704
21757.7
21853.7
21854.5
21879
21971.2
21984.7
22048.8
22059.8
22092.6
22093.6
22118.5
22168.1
22198
22210.5
22298.2
22315.1
22374.3
22377.9
22434.9
25476.9
25485.2
26276.8
26324.9
26392.7
26458.4
26458.6
27213.4
27459.3
27734.8
27953.1
28247.4
35936.5
36176
36214.8
36216.9
36311.8
36588.6
36609.5
36909.4
36976.9
37209.7
37282.5
37528.8
37646
37675
37757.2
37801.4
37820.1
37877.3
37966
37987
38025.5
38077.5
38120.8
38193.5
38204.6
38293.9
38489.3
39208.7
39368.7
42398.6
43339.9
43396.6
43438.6
52655.3
52656.6
52671.6
52856.3
53345.2
53433.5
53527.5
53719.2
53785.9
54881.1
54956.7
54980.4
55175.6
56126.8
59478.6
66344.3
66513.4
68757.6
68844.3
68874.7
69010.5
69040.4
69052.4
69170.6
70238.7
70250.7
70305.2
70330.3
70421.2
70587
70859.4
71041.7
71978
72365.1
74270.1
74441.7
74553.9
74613.7
74623.1
74654.8
74672.7
74722.6
74818.3
74848
74917.6
74934.1
76426.4
76564.3
76678.5
76691.5
77169.8
77231.8
77583.9
77740.3
77743.7
77778.8
77782.7
78027.5
78091.2
78148.7
78159.7
78399.7
83041.9
85205.7
85277
85299.9
85392.5
85488.5
85585.9
85691.4
85746.7
85752.6
85805.6
85811.5
85825
85846.1
85853.2
85933.5
85942.2
85946.1
86013.4
86025.1
86130.8
86134.3
86181.5
86183.5
86246.6
86265.7
86360
86373.6
86455
86466.9
86646.3
86665.1
86832.8
86979.9
87150.3
87390.5
87760.8
87773.3
87791.8
87850.3
87854.8
87864.3
87872.5
87965.8
88666.6
89044.5
89075.6
89180.1
89280.6
89324.3
107882.8
107982.5
108075.2
108110.7
108160
108194.1
108201.2
108202.5
108425.7
108431.3
108446.1
108512.6
108682.8
108763
108796.9
108910.9
108914.6
108919
108938.9
109105.3
109195.9
109268.2
109362.1
109425.1
109481
109557.8
109578.2
109629.2
109902.9
109923.2
109978.1
110034.5
110251.1
110502.5
110502.8
110599.3
110626.9
110697.3
110713.5
110841.4
110861.4
110913.8
110922.7
110930.2
110931.2
111983.3
112011.7
112082.8
112103.1
112104.7
112141.5
112202.7
112284.2
112317
112410
112432.3
112433.2
112438.9
112440.6
112470.2
112513
112664.7
112733.7
112762.5
112950.7
115975.9
116025.5
116310.9
116335.5
116337.6
116351.2
116418
116511
116585.7
116647.6
116730.9
116916.3
116983.5
117090.7
117345.2
117411
117595.9
117598.6
117693.6
117753.2
117764.6
117765
117850.5
117887.6
117902.5
117931
117953.1
118706.8
118758.2
118823.2
118968.5
119029.1
119174.6
119202.4
119775.3
120020.3
120060.5
120174.9
120292.4
120314.3
120316.5
120514.5
120522.7
120523.9
120906.3
120993.3
121003.6
121356.8
124002
124236
124416.7
124694
124946.7
124981.3
124990.1
125020
125027.7
125110.2
125195.5
125199.6
125250.1
125259.1
125323.9
125406.2
125521.6
125525
125587.6
125665.2
125780.8
125815.6
126501.5
126552
126648.9
126656.4
126690.8
126833.3
126857.4
127075.3
127100.2
127207.1
127245
127365.4
127366.7
127385.7
127398.8
127482.4
127519.2
127570.4
127632.2
127651
127657.9
127732
127757.1
127793
127856.2
127960.4
128046
128086.4
128181.4
131612.7
131638
131639
131813
131952.5
131955.9
132019.2
132030.3
132099.4
132219.1
132268.4
132341
132344.5
132378.6
132540.1
132759.9
132842.6
132964.1
133065
133109.1
133152.3
133180.4
133321.7
133328.3
133504.4
133516
133546.7
133568
133606.5
133673.3
133690.7
133710.2
133727.5
133737.4
133753.7
133777.5
133820.9
133849.2
133869.9
133920.6
133974.1
134038.1
134044
134050.5
134153.7
134172.9
134299.1
134303.1
134390.6
134402.4
134426.8
134472
134490.6
134510.5
134539.2
134556.9
134622.9
134633.3
134667.8
134712.4
134715.4
134742.8
134766.1
134810.7
135016.9
135067.6
135101.9
135110.2
135132.1
135172.3
135371.4
135389.7
135404.2
135411
135433.5
135527.4
135554.7
135689.7
135758.7
135818.5
135942.9
136028.3
136070.5
136148.2
136166.7
136281
136385.3
136386
136536.2
136542.3
136648.4
136703.7
136715.6
136878.2
136981.7
137223.5
137306.6
137327
137369.3
137467.8
137579.2
137601.8
137706.6
137737.3
137756.1
137958.4
137966.4
138010.8
138011.4
138038.6
138066.5
138079.5
138135.4
138204
138339
138491.5
138540.6
138561.8
138619.8
138745.1
138933.5
138939.4
138942.9
138980.7
139049.1
139089.8
139108.7
139116
139197.9
139307.7
139311.9
139313.6
139424.7
139534.2
139588.9
139599.6
139600.9
139628.5
139628.7
139678.5
139692.3
139763.2
139786.3
139855.8
139893.4
139913.6
139971.1
140039.9
140082.5
140114.7
140272.6
140385.6
140416.5
140493
140541.6
140551.6
140686.6
140698.7
140838.8
140915.6
141128.7
141992.9
142085.2
142102
142126.1
142198.6
142386.9
142516.3
142528.7
142627.3
142672.2
142689.7
142718.9
142723.7
142851.2
143164.1
143509.3
143568.6
144456.7
147572.6
147695.6
147978.4
148809.6
149449.8
151322.1
151923
152408.4
152447.3
153707.9
154327.9
154611.7
154924.7
154996.4
155180.1
155577.3
155640
156100.1
156124.1
156139.1
156351.3
157166.9
157182.6
157729.8
160431.2
160460.4
160881.3
160923.1
160966.7
161047.7
161050.3
161141.9
162690.1
162734
162746.9
162764.7
162775
162822.7
162878.5
162900
162902.7
162949
163052.6
163112.2
163120.2
163173.7
163214.4
163263.5
163338.5
163863.4
164052.1
164208.7
167490.3
168302.8
168344.2
170837.5
170881.6
171129.6
171151.3
171257.4
171335.6
171453.3
171645.9
172858
172866.3
174027.7
174035
174122.6
174134.8
174291.5
174496.9
174523.7
174580.2
174595.9
174641.2
174949.8
185971.8
186475
186646.1
187558.7
188131.5
188205.3
188220.4
188254.2
188332.3
188422
188444.3
188584
195479.3
195494.4
195515.2
195561.3
195601.5
195617.3
195687.5
195695.4
195758.8
195775.1
195790
195811.5
195824.5
195856.8
195862.6
196110.6
196511.6
196756.9
196998.3
197290.5
197698.2
199033.6
199053.2
199143.9
200445
200683
201023
201326.4
201352.9
201473.3
201628.1
203042
204349.8
205383.9
205587.9
205661.1
205684.9
205686
205751.5
205780.5
205800.3
205801.5
205820.9
205877.8
205918
206102
206164.5
206178.8
206229.1
206253.9
206263
206281
206296.5
206318.5
206393.2
206477.5
206500.6
206538.7
206594
206640.5
206698.6
206773.5
206775.1
206858.3
206859
206863.4
206926.7
206970.6
206998
207034.2
207061.5
207093.7
207098.5
207131.8
207205.5
207207.3
207240.9
207272.9
207279.9
207309.2
207325.5
207341.4
207374.6
207384.5
207455.4
207463.7
207611.9
207628.9
207726.4
207733.3
207751.5
207797.5
207838.7
207914.5
207921
208044.8
208093.9
208147.4
208259.7
208398.1
208418.8
208435
208469.5
208485
208547.5
208634.9
208660.5
208678
208771.4
208859.8
209035.3
209214.4
209332.7
209355.1
209465.7
209525
209526.1
209884.9
209926.4
209968.2
211800.5
211810.8
211851.6
211882.4
211887.9
211926.9
212046.9
212118.5
212128.2
212128.6
212222.7
212304.1
212320.7
217879.3
218270.4
218750.8
221413.9
222822.3
222907.7
223020.6
223058
223062.7
223188.3
223261.6
223269.5
223294.9
223342.6
223360.1
223401.5
223416.4
223423.5
223451.5
223466.9
226382.7
226426.6
226432
226548.4
226579.1
226803.6
226821.1
227059.3
227655
227730.5
228035.9
228109.1
228112.6
228201.4
228333.4
228378.9
228421.8
228721.2
228814.4
229104.7
234181.7
234247.8
234264.4
234480.2
234518.1
234531.4
234551.9
234745.8
234816.3
234880
234911.9
234965.4
235275.3
235478.8
235483.6
235566
235891.8
236024.2
236025.4
236046.5
236173.7
236769.9
236981.5
237004.9
237013.1
237133.6
237176.5
237225
237314.2
237511.2
237532
237844.8
238016.9
238217.7
238561.5
238827.9
238858.2
239147.1
239186.4
239433.5
239518.6
240896.8
246803
247045.8
247069
247415.6
247672.4
247679.1
247694
247747.4
247882
248004.7
248038.7
248203.6
248239.4
248250.9
248325.9
248330.6
248357.3
248474.7
248509.6
248541.7
248544.2
248580.6
248663.1
248710.2
248821.1
249120.8
249351
260021
260021.6
260046.9
260079.8
260120.6
260325.7
260407.9
260573.9
260835.3
261010.3
261074.8
261080
262788.7
263093
263220.7
264011.1
264348.1
264398.8
264517.4
264532.8
264566.6
264569
264653.1
264713.4
264736.7
264750.5
264751.7
264808.1
264887.1
264935.9
264937.7
265010.7
265066.9
265173.6
265177.2
265405.3
265433.2
265533.7
265564.1
265605.5
265621.7
265763.4
265856.5
265872.5
265926.9
265955.6
265997.8
266010.2
266040.5
266047
266102
266105
266207.7
266219.4
266407.8
266414.8
266616
266616.9
266645
266916.2
267085.2
267111.1
267125.3
267177.4
267364.2
267475.1
271007
271864.9
274085.6
278698.5
293853.5
295830.5
295850.4
296531.7
296579.8
296661.2
296678.8
296786.4
296812.7
296825.4
296845.8
296848.1
296999.5
297152.2
297153.4
297221.3
297260.6
297292.1
297301.6
297351.2
297445.9
297497.6
297508.7
297551
297583.8
297644.6
297772.8
299228.8
299718.5
299824.7
299997.6
303767.6
303797.2
303854.2
303872.5
303873.3
303895.4
304030
304057
304104.7
304176.8
304245.3
304328.1
304364.5
304367
304377.2
304406.3
304428.8
304432.9
304528.6
304628
304656.5
304761.5
304775.5
304786.5
304876.8
304909
304909.8
304964.2
304998.1
305038.4
305056
305074.8
305251.3
305252.9
305313.5
305380.6
305396.4
305411.2
305420.1
305427.2
305455.7
305484.6
305489.4
305561
305613.9
305620.5
305668.4
305752
305786.3
305806.6
305822.7
305863.5
305965.3
305998.2
306077
306260.3
306410
309428.9
310169.5
310842.1
311650.9
311668.6
311783.2
312804.6
313330.4
313374.5
313408.3
313503
313546.6
313638.8
313656
313662.1
313683.2
313727.3
313729.2
313744.7
313791.8
313852.8
313862.1
314094.6
314236.9
314264
314265.4
314314.9
314534.4
314574.5
314734.3
314761.9
315050.6
315250.6
315263.3
315734.5
315794.4
315819.5
315899.1
316125.1
316179.3
316295.4
316403
316421.7
316474.3
316520.3
316551
316569.3
316698.6
317064.8
317204.9
317442.4
317489.1
317525.7
317564.3
317651.6
317674.6
317802.1
317957.4
317969.1
318055.7
318196.6
318223.7
318373.1
318391.7
318423.4
318501.8
318666.7
318667.4
318766.6
318810.7
318817.9
318835
318857.1
318949.8
318985.6
319111.6
319131.1
319137.5
319186
319186.8
319619.6
319709.8
319737
320004.3
322956.5
323016.1
323070.4
323105.9
323144.7
323188.9
323192.4
323325.5
323450.2
323497.2
323690.9
323707.6
323935.7
323986.7
324015.9
324065.9
324088.6
324141
324260.2
324327.5
324327.6
324537.6
324569.7
324677.1
324677.8
324983.5
325152.5
325168.8
325204.2
325220.8
326737.4
326749.1
326881.3
326899.4
326940.1
327012.4
327022.5
327238.2
327243.9
327284.2
327310.9
327439.7
327441.3
327469.9
327471.7
327490
327501.6
327545
327549.1
327564.8
327737.4
327783.7
327783.8
327844.7
327846.3
327847.2
327880.4
327993.3
328012.1
328067.6
328098.3
328128.6
328206.7
328300.5
328357.1
328399.1
328559.7
328621.7
328632.2
328635.7
328649.6
328655.6
328685.7
328694.7
328712.8
328724.8
328791.7
328832.1
328841.7
328971.9
328976.8
328979.1
329020.3
329034.5
329045
329079.2
329196.9
329198.2
329317
329496.2
329648.1
334176.2
334212.7
334561.7
335609.2
336392.2
336625
336719.4
336801.2
336864.4
337027.4
337314.8
337573.4
340273.2
340472.2
340480.6
341436.4
341485.5
341568
341581
341668.4
341812.7
341942.8
344171.7
345156.1
345183.9
346010.9
348559.7
348685.7
348739.4
348790.1
348794.5
348864.4
348896.4
348908.8
348926.3
348966.7
348998.8
349008.9
349031.1
349034.7
349109.8
349140.8
349241.1
349275
349315.2
349333.7
355217.6
355403.4
355412.4
355434.4
355653.8
355767.2
355835
355931.2
355940.9
355972.8
355990.1
355991.3
356033.1
356038.4
356041.9
356051.4
356178.1
356212.2
356289
356299.6
356300.8
356308.1
356316.7
356320.7
356353
356374.3
356388.9
356403.3
356422.2
356439.7
356465.9
356476.8
356490.6
356506
356512
356553.6
356588.3
356597.3
356610.1
356718.6
356726.9
356745
356858
356880
356905.9
357029.7
357136.3
357165.1
357222.6
357238.3
357246.2
357260.2
357295.8
357306.1
357331.1
357379.5
357444.1
357480.2
357507.7
357544.2
357548.3
357604.6
357624.7
357637.6
357644.6
357647.6
357769
357912.7
357935.7
358147.3
358344.3
358355.4
358448.6
358555.4
358586.2
358590.3
358649.8
358655.4
358701
358704.4
358706.3
358723.9
358726.2
358733
358756.8
358770.4
358923
359019.6
359020
359022.3
359110.9
359177.7
359217.4
359248.3
359253.8
359279.8
359313.2
359382.1
359388.6
359459.4
359459.5
359471.6
359577.9
359612.4
359628.9
359717.7
359757.8
359768.4
359777
359856.1
359901.5
359934.6
359955
359976.7
359981.1
360006.7
360041.2
360210.2
360216.3
360314.9
360320.3
360322.4
360351
360354.4
360370.5
360389.8
360399.6
360454.6
360463.2
360485.8
360496.1
360513.9
360603.2
360616.1
360830.4
360873.2
360927.1
360967.3
361035.6
361101.1
361137.9
361186.6
361295.5
361376.3
361409.7
361445.5
361461.3
361494.6
361585.8
361617.3
361633.6
361670.3
361685.3
361719.9
361736.2
361757.9
361760.8
361841.7
361859.6
361866.8
362073
362077.5
362223.8
362259
362260
362277.9
362284.4
362287.9
362601.3
362615.1
362701.7
362782.9
362967.3
362971.2
362986.1
363007.7
363018.7
363079.2
363082.9
363096.5
363104.7
363159.3
363233.1
363259.8
363315.6
363321.5
363323.1
363325.3
363393.6
363552
363576.7
363613.8
363714.3
363734.6
363744.6
363772.8
363802.8
363831.8
363991.8
364060.4
364073.3
364268.8
364289.3
364393.2
364405.4
364469.5
364502
364623.7
364634.2
364647.2
364848.6
364918.5
365081.1
365177.1
366501.9
374941.8
375687.4
375698.1
375724
375757.2
375849
375861.4
375991.5
376028
376206.1
376478.9
376853.3
377008
377097.5
377279.1
377323.7
377409.5
377583.1
377831.6
377885.7
377940.3
377969
378022.8
378061.9
378125.2
378206
378213.8
378232.1
378274
378296.1
378307.9
378622.1
378704.4
378730
378912.6
378921.6
379333.6
379385
379453.4
379515.3
379562.5
379567.6
379926.3
379979.6
380403.6
380423.6
380476.3
380542
380649.7
380706.6
380880.5
381011.5
381045
381055.1
381088.5
381209.3
381480.1
381855.1
382056.7
382203.7
382572.3
382581.3
382693.4
382744.2
382766.9
382783.9
382794.9
382857.1
383100.7
383194.4
383240.8
383284.3
383367.3
383568.4
384047.6
384227.9
384448.1
384495.8
384529.1
384603.7
385025.2
385175.6
385253.6
385354.1
385386.8
385395
385402.6
385453.7
385481.5
385575.2
385589.3
385658.2
385882.9
386336.7
387792.4
389595
390998.2
391309.1
392050.3
392325.4
392616.3
392674.7
392708.8
392788.2
393189.3
393341.7
393631.4
393732
393764.5
393779.3
393784.5
393826.4
393904.1
393947.7
394119.7
394167.5
394188.7
394191.3
394455.9
394469.7
394534.8
394552.8
394572
394621.3
394652
394934.6
394987.2
395053.1
395195.2
395251.3
395323.1
395451.2
395635.8
395666.6
395681.9
395770.6
395844.4
395858.9
395955
395965.4
396050.4
396281.1
396383.2
396413.1
396458.7
396575.5
396588
396700.3
396707.5
397368.8
397808.7
397900.6
398179.3
398227.9
398341.4
398399.8
398427.9
398440.7
398514.6
398563.8
398704.7
398721.1
398778.5
398815.3
398899.1
399247.3
399277.4
399598.7
399752.1
399759.9
400274.2
400492
400616.4
400775.6
401197.5
401214
401309.9
401402.4
401488.7
401500.5
401532.1
401661.3
401904.6
402032.5
402062.7
402097.7
402146.2
402182.3
402211.6
402231.2
402414.6
402441.7
402467.5
402477.1
402497.9
402512.2
402524.9
402600.8
402622.4
402640.8
402666.3
402682.3
402791.9
402813.6
402849.2
402874.3
402910.7
402976.3
402997
403067.3
403069.5
403098.7
403100.4
403159.8
403212
403292.9
403324.3
403381
403391
403421.2
403495.2
403514.1
403591.9
403625.1
403688.6
403743.7
403754.9
403783.1
403789.4
403985.8
403988.1
404032.6
404035
404080.2
404220.2
404227.6
404337.4
404383.5
404386.7
404437
404490.1
404492.9
404536.9
404830.8
405468.4
405500
405673.7
407005.5
407387.4
407505.1
407507.9
407935.3
408040.1
408575.8
408603.8
409781
410295.2
413153.9
413396.5
413741.8
413821.1
413884.9
413961.5
414023.4
414120.7
414131.7
414203.2
414354.4
414459.7
414656.8
414767.3
414787.2
414972.9
414973.6
414980.8
414997.4
415027.6
415049.7
415226.9
415291.3
415395.6
415420.1
415434
415601.8
415758.9
415782
415999.8
416142.7
416181.5
416341.8
416377.3
416746
416751.5
416936.7
417154.4
417540
417572.4
417667.4
417724.4
417757.8
417803.9
417869
417908.5
417972.6
417997.8
418013.9
418162.2
418219.9
418225.7
418258.3
418260.2
418345.1
418350.7
418388.7
418543.8
418599.5
418607.2
418648.4
418689.6
418699.3
418720.2
418777.8
418799.1
418881
419004.1
419022.6
419490.5
419494.7
419524.3
419873.6
420013.3
420313.2
420316.4
421307.6
421700.2
425589.7
426048.4
426159.9
426567.6
426598.5
427744.7
427853.7
427859.3
430539.4
430797.4
430849.7
430871.8
430879.2
431048
431110.8
431242.7
431259.7
431270.1
431336.3
431586.5
431625.8
431683.8
431698.9
431705.4
431840.6
431922.2
431930.5
431930.9
432112.5
432332.3
432746.6
432765.3
432866.5
432885.3
432976
433215.7
433304.5
433341.7
433388.2
433420.9
433425.4
433502.8
433645.6
433662.2
433808
433976.7
433984.1
434129.4
434207.6
434250.8
434295
434339.9
434378.4
434386.6
434418.3
434447.4
434509.7
434557
434651.3
434659.5
434752.6
434775.2
434807.5
434898.7
434981.2
435153.7
435185.4
435233.2
435289.9
435301.3
435353.1
435413.1
435462.6
435497.5
435608.6
435733.9
435839.1
435857.1
436062.9
436096.5
436126.8
436382.6
436578.6
436586.4
436593
436610.7
436624.8
436657.9
436688.3
436805.4
436817.2
436844.9
436855.2
436888.2
436895.5
436956.2
437011.5
437012.4
437054.6
437070.5
437103.8
437129.6
437318.4
437333.7
437384.4
437432.8
437503.1
437731.7
437744.7
437790.6
437790.7
437803.2
437828.8
437845.3
437951.3
438108.3
438117.9
438222.1
438223.4
438385.1
438635.7
438661.4
438682.6
438712.3
438737.1
438738.7
438745.5
438787.5
438794
438800.6
438883.3
438889.5
438969.6
438993.6
439133
439135.6
439243.9
439288.8
439289.8
439306.4
439502.2
439594.2
439745.7
439748
439830.8
439871.6
439928.6
439978.1
439982.1
439993.5
440027.3
440046.8
440085.4
440111.9
440112.1
440118
440136.6
440152
440163
440171.4
440479.7
440695.9
440943.8
441304.7
441480.5
441511.7
446254.8
450235.5
450301.7
450710.9
450735.1
450856.6
450900.7
454203.5
454334.7
454394.6
454455.8
454462.8
454482.6
454492.1
454517
454524.3
454634.2
454670.3
454689.6
455425.2
455672.2
456926.3
457082.2
457083.1
457504.1
459324.4
459353.2
459406.6
461821.1
462951.7
462957.4
463037.7
463092.4
463108.9
463299.6
463341.8
463586.3
469112.5
469119
470001.8
470633.1
470686.7
470766.9
470860.9
471013.1
471017.1
471033.5
471072.1
471136.6
471138.9
471144
471259.5
471333.4
471375.9
471404.6
471532.2
471599.3
471627.5
471775
471838
472107.7
472200.9
472256.2
472304.2
472326
472345.6
472490.7
473229.5
473259.2
473632.7
473682.1
473778.8
473939.7
473998.3
474304.6
474314.2
474317
474337.2
474510.4
474526.8
474646.6
474656.5
474662.5
474698.7
474725.4
474911.9
474940.1
474986.9
475476.6
475533.7
475735.9
475890.4
475908.6
475947.8
475955.7
476013.2
476055.2
476198.3
476263
476300.9
476387.2
476466.6
476545.5
476596.9
476629
476709.2
476831
476923.5
476967.5
476967.7
477085.3
477130.9
477250.7
477335.8
477340.7
477420.7
477528.9
477535.2
477736.2
477780.9
477837.5
477839.7
477845.3
477918.9
478055.4
478092.4
478123.9
478166.6
478199.6
478210.5
478317.1
478355.5
478370.9
478499.6
478547.7
478571.1
478576.3
478622.4
478730.3
478793.1
478939.8
479001.4
479031.6
479097.7
479108.4
479128.6
479143.5
479253.1
479299.6
479347.2
479624.8
479760.2
480307.4
480689.7
480750.6
480966.5
481075.3
481990.9
482246.3
482313.7
482394.2
482631.5
482639.7
482686.3
482882.5
482946.2
483344.7
484577.9
484869.3
485188.5
485360.3
485666.9
485688.7
485759.5
485954.4
486000.7
486399.9
486504.5
486576.6
486665
486675.6
487209.4
487211.7
487473.8
487857.7
487865.5
488029.5
488146.3
488214.9
488254.2
488266.2
488410.7
488601.1
488614.2
488635.6
489091
489178.5
489407.4
489477.1
489785
489844.4
489927.6
489940.3
489953.5
490133
490306.2
490338.5
490435.2
490816.6
490920.1
490969
490971.9
491040.5
491088.1
491164.6
491181.8
491187.7
491221.5
491252.8
491357.2
491360.7
491394.6
491410
491452.8
491519.3
491521.7
491524.2
491566.4
491599.4
491758.8
491995.9
492062.3
492174.4
492190.9
492315.2
492373.6
492383.7
492383.8
492430.8
492506.6
492543.4
492790.5
492921.8
492985.7
493067.5
493069.6
493159.5
493376.1
493395.3
493403.1
493493.1
493618.1
493674.2
493715.4
493720.3
493733.2
493816.2
494016.6
494130.3
494259.9
494393
494528.6
494586.4
494737.7
494790.9
494801
494960.7
495144.3
495362.9
495664.4
496223.9
496327
496517.6
496627
496631
496638.3
496690.9
496710.9
496761.7
496796.1
496911.7
496975.3
496983.9
497155.4
497258.7
497283
497613.5
497643.1
497651.6
497668.2
497967.7
498023.8
498325.6
498478.5
498631.3
498690.3
499271.7
499547.8
499635.2
499727.9
499909.6
500021
500071.6
500132.7
500132.8
500314
500375.5
500478.4
500520.8
500853.8
501033.9
501132.1
501204.2
501268.9
501498.2
501611.3
501754.1
501780.3
501991.4
502172.8
502260.6
502270.2
502463
502680.3
502927.9
502959.8
502985.4
503088.7
503243.5
503263.4
503278.8
503492.4
503556.1
503913.5
504094.3
504133.4
504181.7
504370.3
504398.9
504512.9
504558.5
504662.5
504667.8
504723.6
504767.6
504900.9
505079.9
505161.1
505173.4
505236.7
505239.6
505290
505296.1
505331.3
505338.3
505384.7
505403.3
505440
505515.6
505517.7
505529.2
505651
505665
505668.4
505671.8
505712
505736.2
505766
505768.2
505818.1
505914.2
505933.7
506009.1
506022.8
506049.3
506062.4
506079.9
506087.4
506192.4
506244
506409.3
506441.3
506493.4
506712.9
506812.8
506875.5
506984.7
507249.5
507252
508018.5
508069
508088.9
508199.5
508294
508397.3
508404.4
508567.2
508689.3
508747.2
508754.6
508814.4
508863.7
508928.7
508956.7
509526.1
509573.2
510071.3
510204.8
512275.1
513326.1
513424.9
513804.5
528189.8
529957.9
533787.6
533829.6
533978.7
534003
534038.1
534296.8
534419
534438.3
539963.5
540266.3
548552.3
548735.1
548803.6
548832.7
548850.3
548896.7
549035.3
549156.5
550798.5
550818.9
550946.8
552197
552872.4
553018.2
553253.9
553377.4
553379.4
553510.5
553756.2
553782.6
554057.5
554320.2
554344.1
554418.8
554624.6
554653
554659.7
554660.7
554758.7
554766.7
554770.4
554858.4
554962.5
555000.3
555039.5
555056.7
555058.2
555063.3
555108.7
555137.3
555167.4
555181.5
555203.1
555257.5
555367.4
555374.6
555428.4
555437.4
555594.8
555605.8
555696.6
555734.8
555756.5
555802.3
555804.6
555817.4
555901.3
555977.7
556051.9
556135.3
556247.5
556313.2
556349
556401.2
556402.7
556410.6
556451.7
556498.2
556622.5
556653.8
556715.1
556726
556853
556991.4
556994.1
557037.1
557098
557135
557152.1
557216.2
557224
557307.8
557309
557371.6
557407.4
557436.4
557474.3
557527.8
557567.9
557600.2
557606.8
557619.1
557741.9
557760.2
557794.5
557801.3
557827.5
557883.7
557890.9
557945.4
557967.5
558000.1
558074
558260.6
558261.7
558285.2
558289.2
558399
561481.8
561715.5
561717.8
566440.2
567216.3
567437.2
567470.3
567538.8
567596
567687
567692.2
567745.1
567764.2
568141.2
576874.5
577542.1
577598.5
577641.4
577709.6
577712.2
577784.1
577805.9
577860.8
577876.6
577897.2
577939.7
581060.1
581412.2
581465.5
588717.8
589964.4
590342.1
590411.9
590623.2
590666.6
590696.7
590776.4
590807.1
590909.6
590975.4
595838.9
595906.8
595998.9
597917.8
599131.8
599704.6
599940.6
