139.6
158.3
177.3
252.8
295.6
391.9
459.3
470.5
490.8
523.1
547.9
564.7
647.8
657.3
704.5
807.7
849.1
878
885.1
917.7
1133.3
2023.5
2196.3
2201.6
2215.4
5609
5742
5820.1
5917
5960.8
6029.3
6051.7
6093.6
6149.6
6178.8
6186.5
6265.3
6293.3
6295.4
6367.4
6395.7
6427
6534.8
6594.3
7651.2
7678.3
13940.1
14683.8
14693.5
14951.6
15784.6
15821.2
15861
15981
16012.7
16013.7
16015.4
16114.6
16144.7
16155.5
16232.5
16282.4
16294
16333.2
16339.3
16373.5
16582.7
17559.1
18171.7
18241.4
18276.9
18379.9
18435.6
18537.4
18546.6
18552.9
18583.5
18654
20702.6
20857.6
23087.3
23094.8
23196.2
23204.5
23288.9
23318.6
23433.9
23437.8
23480.4
23515
23525.3
23558.9
23616.1
23664.5
23739.5
31695.4
31784.8
31788.3
31924.2
32101.2
32211.4
32287.4
32320.9
32334.8
32357.4
32382.9
32395.9
32400.5
32554.1
32619.1
32671.8
32787.3
32845.5
32862.2
32903.2
32922.9
32977.9
33030.8
33035.3
33104.1
33121.1
33145.2
33145.9
33200.3
33208.8
33256.5
33317
33389.1
33430.9
33464.8
33497.5
33544.2
33649.6
33662.2
33746.7
33781.7
33835.1
33852.6
33920
33990.4
35339.7
35353.5
35371.7
35387.6
35454.2
35467.6
35470.9
35471.5
35509.7
35527.1
35746.2
35766.6
38988.6
39145.4
39168.3
39225.8
39283.2
39567.6
39620
39633.2
39793.3
40083.9
40107.4
40212.5
46063.7
46173
46236.5
46254.5
46269.8
46365.6
46378.3
46386.7
46438.9
46502.1
46566.6
46601.8
46672.3
46687.8
46815.5
46822.5
46858.7
46979.8
47015.2
47067.8
47109.7
47112.6
47156.4
47214.2
47283.1
47355.5
47357.3
47437.3
50029.9
51164.1
51431
59196.1
59314.5
59509.2
59620.8
59699.6
59753.2
65190.8
65332.8
65513.3
65617.5
65796.5
65819.9
65837.8
65908.1
65956.7
65971.8
66064
66153.1
66245.1
66253.2
66278.8
66310.9
66325.6
66390.8
66470.1
66486.2
66516.7
66559.5
66566.8
66716.1
66804.9
66818.5
66945.4
66965.2
66997.6
67002.5
67024.9
67063.7
67072.4
67100.4
67227.3
67300.6
67311.1
67354.8
67386.8
67396
67400.2
67476.1
67516
67754.9
67817
67857.2
67942.9
67983.2
67994
68017.4
68028.5
68032.1
68046
68050.7
68187.3
68228.6
68255.1
68286.1
68435.2
70022.3
70049.7
70083.8
70088.7
70103
70124.9
70174.7
70234.1
70236.3
70355.2
70438.4
70453.2
70459.5
73997
74095
74177.5
74263.5
74272.8
74313.7
74359.9
74414.9
74486.4
74510.1
80169
84262.6
84305.5
84339.3
84370.2
84388.4
84595.2
84750.9
89534.6
89582.7
89625.3
89674.9
89704.3
89715.9
89743.1
89757.2
89761
89799.2
90082.7
90088
90098.4
90273.3
90288
91604.5
91867.2
97622.6
101016.9
101263.8
105126.3
105163.6
105179.5
106862
107080.4
107198.5
107222.2
107256.8
107270.2
107291
107437.4
107630.4
107631
110093.8
113543.4
113589.7
113593.4
113606.3
113684.5
113794.1
113842.9
113868.9
113898.4
113906.2
113951.3
113953.5
113957.9
113992.3
114043.8
114141.7
114174.6
114267.7
114293.9
114367.9
114462.1
114512.8
114588.3
114610.3
114656.5
114671.6
114684.9
114691.3
114697.1
114745.1
114756.9
114796.2
114833.6
114893.2
114928.8
115095.8
115196.9
115304.3
115329.9
115351.6
115439.7
115470.3
116219.3
116516.6
116616.6
116704.9
116730.8
117663.8
117750.9
117775.2
117943.9
118068
161604.4
161726.1
161797.7
161855.7
161862.5
161888.6
161922
161945.3
162070.3
162141.2
162353.4
165980.4
166076.5
166261.8
166321.2
166612.6
166699.1
166716.3
166745.9
166866.4
166928.3
172458.5
172627.6
172723.8
172785.8
172878.3
172922.1
172953.3
173057.5
173110.2
173118.4
173141.2
173158.1
173268.6
173302.1
173497.2
175187.6
175354.4
175435.1
175460.9
175605.6
184140.7
184510.8
184580.1
184588.1
184599.8
184765.2
184863.7
184879.9
184909.7
184924.6
184929.3
185025.1
185043
185098.6
185136.3
185166.8
185172.1
185184.1
185248.4
185255
185883.3
189900.4
189973.8
190187.8
190190.6
190305.2
192872.2
192887.1
193048.7
193889.5
194244.2
194354
194375.1
194464.1
194503.4
194541.2
194547.4
194551.2
194698
194729.6
194754.5
194763.5
194776.5
194778.2
194906.8
194910.1
194919.3
212040.7
214564.6
214845.5
215109.7
215144.2
215254.2
215283.2
215352.3
215501.6
215527.2
215662.6
215929
216018.1
216025.5
216102
216162.9
216169.1
216235.1
216306.1
216332.2
216419.7
216431.8
216480.7
216526.5
216610.8
216621.1
216624
216803.6
216826.7
216923.4
216988.4
217029.6
217097.4
217159.8
217313.1
219478.9
219864.6
220197.6
220235.1
220590.3
220628.7
220745.3
220770.7
220847.4
220865.3
220924.7
221002.1
221097
221097.6
221162.3
221552.3
225316.3
225333.4
225446.9
225481.4
225523.2
225751.2
230070.4
232764.5
250072.3
250133.1
250152.5
250158.4
252901.4
252970.6
253176.5
253181
253238.1
253288
253291.9
253405.5
253414.3
253470.7
253529.6
253539.1
253619.3
253636.7
253669.6
253691.1
253752.1
253777.4
253850.8
253857
253877
253887
254109.8
254128.3
254159.6
254177.7
254232.7
254270.7
254366.5
254467.2
254562.3
254577.2
254733.4
254795.5
254886.3
254915.1
254923.5
254932.6
254932.7
254975.1
255025.4
255036.6
255115.7
255131.9
255205
255212.3
255249.7
255260.9
255342.1
255409.8
255558
257140.6
257540.4
258650.5
258678.9
258993.2
259018.6
259144.3
259168.9
259183.9
259318.2
259364.6
259384.2
259445.7
259468.3
259492.8
259712.6
264493.1
268983.3
269104.5
269374.4
269404
269543.4
269733.4
271541.6
272204.7
272451.8
272611.7
273521.9
278510.9
278845.4
278857.4
278913.2
278976.8
278982.3
279157
282675.9
282823.9
282961.8
285087.8
285088.5
285202.4
285454.4
285580.2
286206.2
286215
286226.4
286431.3
286447.7
287331.2
287346.4
287603
287610.6
287619.9
287624.4
287643.8
287737
287755.6
287795.8
287814.7
287835.1
287874.7
287994.6
288116.1
288188.2
288214.7
288217.3
288268.9
288288.3
288398.7
288449.5
288458.1
288467.4
288501.3
288579.4
288805.9
288818.8
288833.8
288880.6
288925
288990
288997.3
289095.8
289106.8
289136.6
289153.2
289271.2
289274.2
289314
289355.3
289371.9
289480
289529.7
289535.4
289609.8
289637.9
289671.9
289825.5
289832.9
289893.6
289899.4
289990.6
290013
290024.6
290056.9
290061.3
290094
290165.7
290196.7
290197.6
290259.5
290266.9
290308.7
290362.8
290401.7
290460.4
290462.5
290556.9
290565
290613.1
290616.3
290672.1
290747.5
290768.1
290814.1
290827.4
290887.8
290922.9
291290
291373.2
291432
291506.6
291581.8
291623.8
291812.1
291895.7
291966.1
292022.5
292040.4
292189.1
292210
292216.2
292228.1
292305
292493.8
292584.3
292650.5
292682.7
292693.4
292701.8
292754.3
292799.3
292819.9
292940.4
293061.7
293107.8
293109.4
293131.4
293172.1
293194.1
293344.2
293406.3
293440
293457.1
293502.9
293596.2
293629
293937.1
293942.9
294080.6
294105.1
294143.6
294145.6
294182.9
294211.6
294244.5
294331.4
294354.4
294440.8
294486.9
294519.3
294519.4
294577.6
294593.6
294628.2
294669.4
294711.4
294763
294779
294835.4
294865.2
294934.6
294967.5
295060.7
295100.8
295122.8
295144.4
295145.6
295157.3
295162.2
295174.2
295196.8
295202.3
295340.3
295629.6
303086.8
313941.5
316816
317145.1
317264.8
317356
317376.6
317448.4
317493.3
317653.5
318103.9
318243.6
318364.7
318475.7
318594.6
318883.7
318904.7
318907.7
319101.8
319119.7
319549.6
319712.8
319905.2
320585
321453.6
321938.9
322450.6
322587
325223
325336.5
325351
325467.7
330346.8
330589.8
330693.1
330716.8
331023
331108.5
331253.4
331342
331369.2
331392.3
331459.4
331472.1
331527.3
331663.5
331668.8
331750
331762.2
331787.9
331806.8
331909.1
331967
333467.9
333766.2
339368.1
339645.4
340056.3
341308.4
341510.9
341513.9
341591.2
341893.1
341991.1
342009.3
342166.8
342176
342185.9
342210
342221.5
342367.8
342368.8
342517.5
342553
342613.3
348109.7
348589.7
349269.3
351332.7
351728.6
351836
351840.7
351917.3
352011
352072.4
352107.5
352157
352164.7
352190.2
352303.1
352528.1
352571.2
352573.9
352627.6
353915.1
354010.8
354256.7
354378
354464.4
354522.8
354594.5
354680.7
354706
354790.5
354902
354923.9
354953.7
367490.5
367738.4
367800.8
367812.3
367922
368102.9
368153.3
368157.1
368228.8
368235.5
368268.7
368342.3
368376.9
368377.8
368379.3
368439.1
368442.7
368477.8
368603.2
368801.9
368824.8
368837.7
368856.5
368909.3
369023.8
369052.6
369062.4
369081.9
369154.9
369158.8
369285.3
369407
369455
369528.1
369538.3
369627.1
369702.9
369741.8
369758.8
369780.2
369787.6
369827
369829.6
369918.9
370073.4
370089.5
370116.6
370256.8
370298
370319
370391.5
370453.1
370494.7
370536.3
370582.2
370627
370646.3
370675.5
370688.9
370722.4
370726.7
370796.6
370803
370821.7
370844.6
370972.2
370984.7
371011.8
371067.9
371091.2
371154.8
371166.4
371238
371239.1
371325.2
371353.2
371437.3
371505.1
371574.5
371582.8
371753.4
371792.7
371815.6
371938.6
372013.2
372017.4
372018.6
372163.1
372278.6
372283.5
372331.4
372334.7
372408.3
421123.5
421270.6
421293.6
421421.2
421473.6
422218.3
422263.1
424286.9
424364.1
424648.1
424702.3
424869.4
429077.1
429454.7
429827.8
429860.6
429874.8
429928
429953.8
430054.4
430148.1
430212.8
441834.9
442842.8
442900.4
443110.1
443395.5
443493
443702.4
443802.6
443907.2
443940.8
443954.9
443987.5
444181.1
444457.3
444485.8
444516.2
444564.6
447072.3
447581.9
447618.7
447686.1
449486.7
449638
449708.8
449750
449798.7
449822.8
449845.4
449849.2
449882.7
449884.5
449923
449953.9
449957.4
449976
450018.2
450069.3
450203.3
450303.9
450338.8
450412.7
450449.7
450459.9
450657.5
450685.3
450697.7
451023
451721
452158.9
452198.3
452210.6
452340
452432.5
452626.9
452701.7
452712.6
452806.8
452898.5
452909.7
452937.4
453018.5
454683
458039.7
458336.3
458651.2
458779.2
458874.8
458894.6
458929.8
458942.3
459045.2
459070.1
459195.5
459224.6
459253.3
459298.8
459356.8
459415.9
459463.7
459504.2
459556.4
459612.9
459620.2
459721.8
461138.2
461368.6
461451.1
461766.4
461776.1
462265.1
462286.1
462413.4
465404.7
466509.2
466589.1
466613.6
466681.5
466922
466973.4
467095.9
467128.3
467128.7
467133.4
467219.7
467338.5
467394.9
467411.7
467948.6
468134.9
511879.8
511989.3
512046.2
512080.8
512142.7
512160.2
512194.3
512211.8
512253
512334.4
512349
512366.8
516433.7
516556.5
527701.6
527808.2
528971
529058
529283.5
529344.2
529464.1
529478.8
529521.8
529540.8
529564
529583.1
529616.7
529627.6
529635.1
529640.3
529705.1
529757.8
529790.5
529821.8
529874.7
529984.8
530138.1
532557.2
532744
532887.3
532988.8
532991.3
533064.6
533111.5
533117.4
533332.4
533391.7
533435.9
533442
533486.4
533582.5
533616.1
533628.3
533698.1
533775.3
533785.7
534258.4
534275.2
534316
534362
534374.3
534556.8
538128.2
538168.5
538202.6
538700.2
538729.6
538856
538937.4
539028
540441.1
540813.6
542844.5
542969
543386.9
543725.8
566005.8
566895.6
567118.6
567257.6
571806.5
571841.1
581936.5
582180.3
582383.8
582403.5
582443.6
582482.7
582624.3
582629.2
582656.7
582750.9
582900.1
582984.2
583163.5
583231.4
583404.9
583471.5
583517.3
583774.7
583881
584024.2
584077.7
584136.9
584159.4
584310.6
584378.1
584388
584552
584559.1
584614.3
584615.4
584630.3
584643.5
584664.1
584774.6
584917.8
584962.5
584967.3
584983.1
585130.2
585186.9
585249.8
585272
585377.7
585388.9
585727.6
586128.1
587786.3
588035.1
590836.7
590919.9
590970.3
591052
591084
591098.5
594904.9
594946.3
594969.6
595047
595062.3
595077.2
595089.4
595091.7
595098.4
595109.4
595124
595239.4
595257.9
595300.6
595322.9
595541.3
595664.8
