102.8
186.6
299.5
332.4
334.6
355.6
384.5
388
394
511.9
547
548.2
565.6
573.3
624.8
632.4
682.8
689.5
838.1
853.6
918
941.3
958
982.4
1001.3
1031.4
1106.6
1600.8
1650
1792.5
1822.3
1854.9
1858.2
1923.3
1956.9
4479.5
4523.7
4564
5339.3
5473.5
5493.6
5547.2
5923.8
5987.5
6617
7250
7426.3
7444.1
7950.7
7971.9
8067.7
8074.9
11238.5
11270.3
11506
16072.7
16160.8
16316.5
17361
17367
17511.7
17553.3
17582.5
17594.1
17621.9
17634.7
17703.5
17844.2
17969.4
17996.6
18033.1
18087.4
18089.6
18133.1
18163
18230.8
18301.3
18371.2
18471.5
18587
18617.7
18620
18636.1
18636.7
18672.9
20234.4
20243.5
20265.1
20393.1
20971.3
21083.4
21747.2
21899.5
22527.9
22600.3
22645.6
22878.9
31624.3
31646.8
31666.6
31716.4
31752
31756.2
31906.9
32072.2
32137.4
32214.8
32242.3
32250.7
32264.4
32339.8
32352.7
32357.4
32370
32407
32425.5
32471.6
32498.1
32515.9
32517.8
32578.6
32604.1
32614.6
32622.3
32760.2
32781.7
32788.4
32812.3
32849
32853
32861.8
32862.7
32907.2
32936.3
33049.2
33145.8
33158.7
33184.2
33199
33216.2
33265.9
33276.1
33315
33335.1
33352.7
33374.6
33382.1
33386.2
33415.7
33521.4
33597.4
33641.9
33667.7
33670.2
33712.5
33773.9
33928.6
34057.6
34076.1
34602.3
34658.1
34740.8
34754
34835.1
34853.5
34886.4
34997.3
35027.7
35177.6
38558.3
39242.6
39392.3
39454.4
39528
39626.6
39633.8
39655.2
39866.2
39991.6
40094.9
40109.3
42322.5
43540.2
43702.7
44015.5
46195.9
46292.6
46324.7
46343
46348.4
46422.9
46523
46526.3
46537.9
46570.3
46602
46688.4
46742.3
46756.3
46794.8
46806.3
46852
46858.5
47013.8
47024.9
47104
47110.6
47114.4
47263.9
47325.3
47350.9
48479
48899.5
49591.9
49696.8
49741.8
49751.1
49755.9
49935.9
49951.8
49968.1
50037.1
50135.7
50144.2
50171.7
50257.9
50387.6
52476.8
52790
52861.2
52932.2
53009.7
53091.7
53096
53191
53198.2
53205.3
53215.9
53230
53472.2
53475.4
53494.1
53749.2
53802.3
53842.6
53850.5
53851.6
53915.7
53962.3
54002.6
54047.8
54108.3
54109.4
54141.2
54172.5
54173.2
54285.5
54471.9
54543.2
54572.6
54622.9
54626.2
54665
54684.9
54697.4
54756.8
54761.7
54778.9
56461.6
56555
56567.9
56625.6
56640.9
56663.9
56673.1
56697.4
56819.2
58014.1
58130
58311.7
58383.4
58881.4
58886.6
58918.5
59119.8
59125.1
59307.5
61306.3
63815.6
63893.4
64093.5
64171.5
64243.1
64328.7
64421.8
64429.1
64474.9
64584.6
64647.4
64698.4
64702.5
64892.9
64895.3
64927.2
64949.1
64950.4
64954.1
65241.8
68529.4
68762.1
69338.3
69490.9
69556.7
69602
69674.9
69700.5
73277.2
73707.9
75477.4
75805.5
75949.3
75981
76041.1
80918
90590.7
90601.8
106281.9
106716.3
111068.7
111188
111195.9
111227.4
111266.4
111313.2
111393.7
113492.1
113598.7
113689.9
113824.8
113948.8
114132.9
114975.3
115093.1
115111.5
116418.8
116496.7
116517
116522.8
116552.4
116608.1
116635.8
116678.3
116781.3
116813.7
116830.8
116915.2
117354.5
117383.6
117481
117555.1
117643.8
117723.4
117867.5
118896
119200.6
119206.4
119321.9
119331.5
119378.9
119394.5
119570.7
119657.1
119727
119776.1
119790.6
119797.6
119811.6
119811.9
119945.2
119990
124985.2
125297.3
125560
125766.9
125776
125877.2
125943.9
126009.1
126045.6
126122.6
126128.2
126246.2
126294.7
126463.6
126485.6
128579.6
128777.6
128794.9
128880.8
128907.1
129169.9
129199.2
129254.2
129303.4
129397.9
129601.5
129613.1
129649.1
129698.2
129702.6
129706.3
129734.3
129790.4
129826.7
129840.6
129860.4
130007.2
130059.6
130491.1
134645.8
136149.8
137057.1
137165.9
137731
137861.6
138679.7
139007.5
139080.4
139090.2
139191.5
139195.1
141217.8
141430.7
141481
141488.6
141678.8
144012.7
144102.6
144177.3
144344.5
144526.2
144568.7
145003.4
145134.2
145145
145172.7
145296.4
145482.7
145518
145624.3
145671.8
145698.5
145779.8
146092.2
146396.1
146449.7
146515.4
146588.2
146601.2
146718.8
146723.6
146849.4
147213.5
147287.9
147329.8
147395.4
147477.4
147493.2
147616.7
147635.4
147776.3
148161.6
148352.1
148534.4
149139.2
149262.9
149474.1
149579.6
149648.9
149670
149909.7
150115.3
150386.2
151361.3
151561.6
152161
152293.9
152498.8
152715.6
152751.1
153054.2
153559.7
153769.5
153903.7
155992.5
156306.4
156334.5
156599.5
156695.2
156838.5
156966.8
158888.4
158990.3
159043.1
159386.4
159404.3
159417.1
159478.6
159487.3
159507.4
159617.8
159732.1
159757.8
159783.9
159795.2
159865.1
159875.3
160054.3
160083
160338.2
160546.9
161343.4
164618
164681.9
164689.1
164753.3
164755.1
164770.8
164779.3
164816.1
164857.1
164869.6
164872.2
164878
164896.6
164996.6
165039.4
165056.7
165066.3
165184.3
165212.2
165252
165303
165352.9
165388.1
165471.6
165530.9
165617.8
165680.5
165714.1
165820.8
165985.7
166020.5
167908.2
168016.4
169007.8
172158.7
172199.4
172213.9
172237.7
172238.1
172271.3
172324.9
172449.1
183772.1
183812.1
183816.9
183857.5
184020.1
184035.6
184076.5
184111.5
184536.7
187118.8
187166.5
187195.9
187225.5
187239.3
187263.4
187282.4
187283
187295.5
187365.5
187586.2
187844.4
190002.7
191243.7
191277.3
191353.7
191427.1
191534.7
191597
191609.2
191651.7
191678.1
191760.6
191956.6
192035
192173.9
192233.9
192250.9
192305.9
192337.4
192453.9
193285.4
193677.7
193703.1
195141.5
195203.6
195216.6
195234
195327.5
195344.3
195344.4
195366.9
203472.2
208320.5
208407.4
208485.6
208683
208722.9
208801.9
208989.1
209310.3
211638.7
211874.1
211882.9
211941.2
211984.6
212047.6
212060.7
212064.1
212075.8
212077.8
213039.9
214377.2
214505
214576.1
214612.1
214665.7
214708.2
214750.1
214813.2
214861.1
214869.5
214960.8
215000.1
215058.4
215077.6
215207.7
215261.3
215270.8
215342.6
215385.9
215458.8
215471.2
215492.3
215533.5
215572.4
215783.2
216040.8
216342.2
216744.4
216745.9
216809.6
216826.8
218138.4
218264.6
218392.9
219540.4
219667.8
219683.7
219708.1
219715.4
219759.5
219767.9
219775
219816.8
219825.9
219865.1
219877.4
222783.5
222786
222812.2
230994
231051.7
231083.9
231271.2
231275.3
231373
231453
232017
232115.9
232352.3
232404.4
232730.1
232798.2
232947.4
233071.7
233081.1
233127.8
233133.6
233226.6
233243.3
233310.1
233317.1
233497
233575.9
233608.5
233612.1
233615.6
233633.1
233704.9
233758.2
233785.7
233815.8
233841.1
233849.6
233893.8
233934.9
233965.7
233979.5
234019.6
234025.6
239815.5
239907.4
239992.5
240081.8
240144.3
240183.5
240214.8
241008.1
243692.6
243737.4
243851.8
243904.9
243931.3
244199.6
246002.8
246011.7
246114.7
246266
246345.1
246609.1
246656.6
246666.8
246812.1
246814
248611.8
253213.9
253314.8
253322.1
253374.5
253420.9
253447.7
253509.7
253811.4
253899.9
253930.8
254160
254229.1
254243.6
254275.2
254298.1
254341.8
254352.5
254422.9
254722.1
254732.4
254789.1
254891.8
255039.9
255122.5
255175.3
255190.7
255235.2
255304.2
255340.9
255418.5
255426.6
255444
255464.8
256186.3
256221
256248
256306.3
256355
256672.1
256718.3
256792.6
256809.8
256866.9
256889.4
256906.4
256975.1
256994.6
257018.9
257042.8
257050.4
257053.9
257108.8
257122.5
257136.7
257146.9
257160.3
257169.9
257278.2
257302.9
257438.5
257483.8
257529.1
257541.3
257623.6
257686.9
257687.5
257700.5
257729.4
257794.1
257823.5
257907.4
257926.8
257946.1
257976
257993.7
258025.9
258041.4
258042.5
258061.7
258064.5
258207.7
258220.8
258244.7
258247.9
258305.4
258325.7
258363.9
258446.5
258470.1
258531.3
258582.7
258582.8
258607.5
258669.5
258670.2
258792.5
258819.1
258928
258954.7
259021.9
259059.8
263458
263479.3
263484.3
263492.8
263508.5
263572.4
263601.5
263684.9
263735.3
263909.9
268097.7
268748.8
268783.7
268793.1
268810.3
268825.6
268845.5
268951.7
268961.2
268971.5
268982.6
268993
268997.1
269065.5
269224.9
270398.7
270439.1
270449.1
270527.1
270553.7
270559.4
270578.3
270603.6
270706.3
270726.3
270752.9
270810.8
270837.8
270900.8
270914
270937.5
270964.5
270978.6
270991.5
271103.5
271140
271463.5
271484.5
271526.3
271541.2
271554.1
271622.1
271682.1
271782.4
271832.3
271957.8
272251.6
273164
273480.2
273540.9
273585
273608.7
273659.2
273725.2
273791
273809.6
273843.8
273854.7
273869.1
273891.8
273895.1
273921
273988.7
278249.1
278358.3
278375.7
278397
278427.1
278452.8
278503.7
282692.3
282775.5
282820.9
282828.6
285163.5
286217.1
287071.3
287093.7
287199.6
287386.5
287424.5
298763
298766.7
298859.7
298902.9
298961.2
299000.9
299055
299088.5
299115
299143.4
303519
303699.6
303905
307958.1
320403.5
320477.6
320569.7
320625.1
320631.4
320656.6
320657.2
320937.4
321706.4
322275
322390.1
323101.6
323163.7
323255.3
323573.5
323595.5
323834.3
324220.6
324377.3
324434.1
324698.5
325020.7
325028.5
325140
325169.2
325189.2
325212.2
327560.6
329509
329514.9
329549
329597.1
329634.5
329641
329650.1
329679.1
329685.3
329724.7
329845.2
330015.6
336606.1
336740.2
336880.5
336930.3
337965.7
338090.4
342307.8
342326.1
342454.4
342553.3
342564.5
342582
342600.5
347352.3
347451.1
347452.7
347455.1
347477.9
347484.2
347532.9
347736.6
347748.4
347820.7
351615.7
351670.4
351695.2
351722.6
351745.5
351813.1
351832.2
351911.7
352026.8
352191.6
352287.9
352307.6
352324.8
352328.6
352334.7
352395.2
352406.4
352439.7
352461.9
352538.3
352562.5
352645.7
353506
353512.5
353557.4
353590.5
353610.2
353620.4
353640.2
353661
353673.6
353679.8
353729.1
353795.7
353802.5
353882.9
353926.7
353933.8
372631.7
372730.4
372885.6
374818
375039
375059.9
375150.3
375162.7
375276.4
375324.5
375420.8
375428.7
375438.5
378301.9
384456.8
384703.5
385552.3
387032.6
387080.9
387206.2
387389.8
387399.5
387617.1
387803.9
387881
387896.1
388265.4
388520.9
388594.4
388644.6
388696.1
388799.5
389185.3
396623.8
396809.5
397288.5
397619.7
397658.5
397721.6
397868.4
397898
397963.6
398095.5
398097.5
400251.3
407656.2
407721.4
408460.3
408893
409054
409997.1
410224
411149.4
411303.1
418703.4
418779.2
419012.1
419099
419385.4
421139.9
425170.1
425201.5
425238
425273.2
425332.1
425335.7
425392.1
425415.5
428261
428377.2
428384.9
428394.2
428426.9
428472.9
428633.3
428740.2
428746.9
428770.5
428862.3
429027.4
429331.7
429333.6
429357
429688.5
430236.8
430352.9
430431.4
430454.8
430503.4
430528
430550.3
430574
430620.6
430663.1
430749
438925.1
439796.3
440181.6
440498.7
440649.8
440893.2
440908
441043.8
441187.9
441197.4
441238.3
441256.3
441375.1
441387
441394.2
441535.2
441569.4
441605.3
441629.9
441693.8
449678.3
449804.9
449814.9
449959.6
451799.5
452128.3
452205.6
452234.6
452241.6
452283.5
452396.7
452502.3
452680.3
452715.7
452784.7
452789.5
453055
453148
454480.9
454556.1
454575.6
454605.9
454608.6
454918.8
456322.1
456506.3
456640.8
456668.6
456773.1
456816.4
456878.5
457157.6
457241.4
457270.2
468286.7
468743.8
469246.6
469283.5
469838.3
469866.4
469967.9
470074.4
470089.3
470106.8
470166.5
470197
470263
470286
470330.9
470334.4
470541.7
470678.7
470717.4
470855.1
470863.9
471997.5
472013.6
473818.9
479381.8
480820.7
482307.3
482737.8
482765.4
482802.8
482802.9
482821.5
482829.5
483046.5
483135
483146
483486.9
483616
483835.5
483919.8
484015.2
484141.9
484232.2
484269
484319.1
484327.6
484331.9
484391.6
484394
484471.8
484542.4
484553.4
484603.7
484629.1
484691.2
485230.1
506394
509077
511102.4
515843.6
515903.7
515951.9
516265.1
516370
526939.1
527229.9
527284.7
527313.3
527373.8
527380.2
527407.5
527474.5
527477.8
527556.5
527687
527723.5
528188.2
528298.1
530092.6
530339.8
530375.3
530416.5
536251.5
536399.7
536607.8
536645.4
536750.5
536764
536815.3
539405
539513.8
539603.8
539645.7
543019.5
549775.5
550577.6
550583.6
551639.4
551721.9
560037
560273.8
564512.8
564555.1
564562
564565
564761.8
567053.8
576597.2
576705.1
576729.6
576780.2
576801.9
576829.4
576858.3
576878.7
576886
576966.5
576978.6
576984.5
577007.2
577033.1
577137.2
577163
577201
577307.1
577321.5
577331.7
577396
577415.7
578139.3
583218.4
584036.9
584193.8
585015.3
586643.9
586702.6
586781.2
586918.7
595766.8
595845.2
596055.1
596144.4
596162.8
596266.5
597990.3
599694.9
599745.5
