4869
4940.7
4955.9
4991.5
4993.9
5064.6
5141.2
5271.7
16018.8
16075.2
16305.9
16368.8
16524.7
16560.3
16615.1
16740.6
16822.8
16865.4
16969.6
17051.4
23640.6
23673.1
23676.1
23677.7
23682.5
23806.3
23817.1
23835.5
23854
23856.3
23881.2
24015.6
24017.3
24030.3
24065.9
24066.1
24118
24150.2
24212
24292.8
24351.8
24387.6
24422.5
24443.7
24536.8
24668.6
24830.7
24929.4
24950
25190.6
25236.9
25238.9
25464.9
25467.4
25645.7
25675.4
25708.4
25862.3
25909.6
25932.1
26210.5
26252.4
26913.6
26949.3
26954.7
27072.3
27077.2
27144.7
27492.1
27506.7
27686.1
27925.3
27940.5
28031.3
28135
28248.8
28273.6
28335.7
28343.5
28376.7
28380
28426.4
28444.8
28473.7
28514.2
28534.9
28607.9
28791.6
29026.1
29081
29098.5
29143.7
29164.7
29175.4
29192.4
29231.9
29278.7
29580.8
29636.4
29692.9
29804
29899.8
30197.7
30270.4
30404.9
30491.6
30599.3
30687.1
39019.4
39272.6
39280
39294.4
39712.9
39764.4
39768.3
39838
39878.1
50470.1
50614.4
50788.2
50995.7
51483.9
59835
59866.6
59899
59944.1
59970.8
59974.7
60087.1
60145.4
60167.5
60205.1
60221
60221.2
60352.8
60358.9
61964.2
61975.1
62651.4
62918.4
66748.1
66980.7
67035.9
73682
73788.7
73998.2
74048.3
74121.8
74202.1
74232.9
74233.9
74261.2
74292.3
74377.8
74606.7
74613
74641.8
74709.7
74716.8
74800.8
74814.1
74848.9
75008.2
75360.5
75385.9
91058.8
91216.5
91237.3
92390.5
92703.7
93301.7
93318.4
93424.4
93482.8
93566.3
93640.9
93762.3
94318.2
94484.9
94638.4
94662.6
94676.2
95111.2
95134
95324.2
95537.7
95572.5
95623.3
95637.6
95672.7
95871.1
96094.5
96126.9
96359.9
96367.2
96386.3
96583.6
96637.6
96646.4
96757
96826.4
96839.5
96861.8
96890.5
96905.7
96954.4
97098
97115
97122.3
97137.1
97174.7
97449.8
97486.1
97521.4
97632
97647.2
97670
97682.3
97818.8
97841.2
97902.4
97936.1
98003.8
98059.3
98142.2
98228.9
98444.8
98567.6
98649.2
98689.5
98757.8
98816.6
98824.6
98862.9
98975.2
99054.1
99096.8
99227.8
99741.6
100065.7
100109.6
100285.2
100469.6
100487.7
100597.8
100669.1
100919.5
101060.9
101272.4
101326.6
101352.2
101360.6
101638.9
101775.2
101776.6
102039.7
102052.7
102123.2
102214.6
102251.4
102499.9
102545.2
102749.6
103250.1
103289.5
103378.3
103486.2
103515.8
103584.1
103606.5
103616.8
103954
103985.7
103994.6
104062.8
104123.4
104258
104310.8
104324
104403.2
104558.5
104681.4
104774.3
105707
105785.6
105869.5
105929.8
106094.7
106139.1
106182.6
106254.1
106352.4
112033.7
112117
112144.1
112215.2
112359.1
112382.7
112419.4
112421.1
112421.4
112436.4
112446.9
112474.4
112503
112507.3
112518.4
112528.5
112541.9
112678.2
112680.1
112749.7
112794.2
112814.1
112826.5
112907.3
112915.7
113085.6
113192.5
161837
161934.5
162261.6
162266.8
162294.6
162360.8
162465.9
166903.2
173083.3
173105.5
174920.6
175098.4
175109.6
175140.9
175221.9
175256.6
175363.7
175473.4
175484.3
175711
175739
175739.5
175781.2
175816.5
176076.4
176157.4
176221.7
176263.6
176281.9
176359.4
176382.6
176447.7
176604.1
176655.4
176930.6
177018.2
177444.6
177456.1
177505.1
177621.5
177686.5
177702.6
177713.1
177720.9
177771.4
177894.7
178011
178340.8
178366.4
178540
178611.7
178630.2
178660.6
178669.9
178895.1
179090.2
179109.8
181812.9
182775.9
183379
183522.8
183688.2
194091.3
194428.7
194517.3
213129.8
213476
213595.2
213677.8
213715.6
213749.9
213795.3
213827.3
213832
213874.3
213913.3
214094.5
214114.8
214120.2
214295.9
219584.2
219609.4
219613
221201.6
221247.2
221427.8
221476.5
223512.8
223715.4
223751
223770.3
223825.6
223937.6
223979.2
224011.5
224023.5
224114.6
224152
224158.4
224216.7
224300.3
224428
224480.2
224504.1
224564.8
224817.6
224847
224859.9
224913.2
250235.5
250380.7
250495.4
250519.1
250532.1
250649.9
250650.1
250663.2
250681
250686.2
250695.3
250744.8
250753.1
250852.2
250854.4
251011.3
251073.3
251086.3
251123.4
251215.5
251284
251291.8
251301.1
251305.9
251370.5
251491.1
251533.5
251642.2
251679.4
251691.4
251758.4
251758.6
251762.9
251786.9
251858.4
251878.5
251881.3
252021.5
252081.7
252137.4
252173.8
252197.8
252263.2
263897.5
264094.8
264169.3
264290
264522
264567.7
264584.3
264691.9
264745.5
264763
264836.9
264866.1
264897.4
264988.5
265019.2
265026.9
265122.7
265172
265270.5
265305.8
265324
265367.5
265396.7
265416.7
265495.8
265515.7
265532.2
265559.8
265684.2
265694.8
265722.6
265746
265844
265864.7
265941.8
266093.7
266151.8
266158.7
266189.5
266386.6
266480.6
266505.8
266570
266606.1
266622.5
266669.3
266716.3
266763.7
266810.4
266840.1
266847.2
266906.1
266920.5
266934.9
266963.7
267069.9
267174
267200
267243.2
267303.5
267357
267395.3
267481.6
267686.6
267905.1
267923.6
267928.7
267961.7
267983.3
268010.6
268097.9
268098.3
268115.3
268473.2
268671.9
268937.1
279107.3
279128.3
279153.9
279172.8
279178.6
279206.4
279238.7
279311.9
279338.1
279364.9
279380.1
279388.5
279419.1
279517.7
279529.8
279599.1
279599.8
279662.1
280017.1
280171.4
280576
299296.3
299319.9
299374.9
299541.8
299654.5
299781.6
299844.6
300022.3
300070.6
300133.8
300256.1
300272.9
300430.4
300483.4
300538.4
300550.6
300582.1
300673.3
300728.5
300731.5
300848.6
300873.4
300941.3
300942
301006.4
301032
301052.3
301067.3
301074.2
301079.6
301098.8
301164.2
301239
301354.9
301444.9
301488.7
301730.7
301778.5
301798.7
301925.6
302020.7
302276.3
302296.5
302727.2
303192
312808.7
313094.3
313273.3
313284.3
313324.1
313328.9
313353.6
313480.4
313483.7
313507.9
313520.7
313542.9
313570.5
313633.1
313685.4
313788.9
313814.4
313832.3
313887.9
313979
313984.5
313985.4
314040.2
314115.3
314155.6
314197.1
314247.9
314251.3
314327.1
314377
314395.3
314507.6
314583.1
314597.6
314663.1
314680.2
314751.7
314835.7
314934.5
315005.9
315238.2
315245.9
315253.2
315478.1
315577.4
315745.3
315750
315809.1
315849.5
315867.1
315874.3
315952.2
315963.1
315989.8
316000
316096
316110.7
316118
316132.4
316147
316179.1
316268
316319.7
316346.2
316389
316399.7
316445.3
316459.8
316505.9
316552.7
316553.5
316567.1
316591.5
316617.9
316660.6
316662.5
316769.1
316817.8
316947.4
316949.8
317018.2
317077
317431.1
317439.4
317486.5
317542.2
317583.6
317646.9
317780.7
317819.6
317825.5
317865.1
317873.2
317922
317925.4
317998.6
318011.4
318078.7
318117.1
318119.9
318177.6
318204.9
318237.9
318316.6
318386.6
318431.5
318437.9
318442.3
318653.3
318706.1
318715.8
318738.9
318778.8
318902.5
318959.9
319030.7
319091.7
319166.8
319381.1
319491.6
319534.5
319554.1
319633.4
319662.9
319667.2
319730.9
319736.3
319781.2
319883
319914.5
319930.6
319978.9
320006
320155
320182.6
320694.4
330771.9
330855.8
339837.4
339940.7
340186.6
340254.8
340255.4
340339.2
340663.5
340692.9
340991.5
341170.7
341674.6
341692.9
341719.7
341720.9
341983.1
341994.1
342050.4
342059.6
342096.1
342123.1
342194.7
342317.6
348856.5
349057.6
349186.8
349313.1
349315.8
349333.1
349413
349456.8
349509.9
349577
349769.2
349772.4
349793
349849.5
349972.1
350124.8
350217.9
350272.6
350356.7
350545.7
350672
350698.4
350784.2
350985.9
372771.9
373158.6
373209.3
373570.3
373635.1
373731.9
373747.1
421370.1
421531
421585.4
421632
421694.9
421710.2
421761.8
421771.5
421797.9
421953.2
422117.2
422131.9
422137
422282.1
422304.9
422413.1
422478.8
422550.9
422635.6
422641.3
422696.4
422714.8
422771.7
422776.5
422823.8
422932.4
423002.2
423004.9
450077.4
450139.1
450237.6
450495.6
450769.4
450854.8
450855.5
450905.5
451491.6
452000.9
458153.2
458928.6
458994.1
459181.3
459188.9
459190.6
459293.7
459360.8
459405.7
459641.1
464378.4
464576.7
464577.8
464702.5
464726.2
464726.6
464760.4
464887.8
464921.7
464943.4
464959.4
464987.9
465060.3
465103.2
465179.8
465185.8
465203.8
465363.2
465407
465446.1
465446.6
465462.9
465483.3
465557.4
465675.7
465801.1
466082.5
466172.2
466374.8
466392.8
466460.6
466470.4
466672.3
466822.8
467096.6
467255.2
467286.8
467309.8
467542.5
512420.5
512676
512694.3
512710.3
512722.4
512765.2
512962.2
513311.3
513404.4
513507.3
513508.3
513555.4
513714.9
513863.1
516798.8
517077.7
517219.7
517327.4
517381.3
517444.9
517475.4
517502.7
517560.1
517563.3
517672.7
517793.2
518016.8
518070.9
518289.9
518300.8
518400.1
518662
518706.7
518729.6
518740.2
518995.6
519029.4
520513.9
520624.6
521419.8
521946.8
522262.3
523099.1
524979.3
533647.7
533664.9
533978
534048.5
534076.9
534249.5
534318.1
534390.3
534537.7
534639.8
539840.9
539947.5
540233.6
540370
540432.1
540472.6
540589.5
540600.6
540680.4
540681.3
540712.4
540832.7
540836.1
540893.5
540930.6
540945.8
541128.1
541142.1
541160.2
541174.4
541188
541289.4
541320.6
541402.7
541563.8
541656.1
541715.5
541957.8
541993.4
542139.8
543009.1
544185.8
546703
546876.9
547389.4
547421.6
547594.5
547631.1
547673.1
547773.3
547800.8
547801
547908.2
547948.6
548197.9
548317.7
548325.9
548403.9
548654.6
552963.5
552967.6
553080.7
553192.8
553220.9
553274.4
553300.7
553400.4
553548.1
553639.9
553812.2
553905.1
553966.5
553978.2
554298.3
554437.9
554471.1
554485.4
554536.3
554555.7
554656.8
554725.6
554734.7
554739.5
554799.3
554802.2
554816.9
554865.5
554975.2
555013.1
555016.7
555020.2
555035.2
555054.8
555061.2
555073.5
555076.2
555154.7
555234.7
555269.9
555295.1
555340.4
555561.1
555570.5
555594.1
555601.5
555627.1
555695.3
555739.9
555793.6
555837.9
555869.7
555916.1
555969.6
556014.9
556092.3
556223.5
556242.2
556262.7
556383
556386.1
556388.9
556403.3
556410.2
556432.3
556475.4
556489.3
556511.8
556531.1
556543.2
556571.9
556587.8
556638.2
556643.1
556674.3
556754.4
556755.3
556819.8
556853.1
556899.1
556922.3
556979.9
557014.1
557063.5
557118.4
557136.8
557191.6
557197
557204
557207.6
557312.6
557363.2
557376.1
557412.5
557494.8
557551.3
557571.8
557668.7
557728.7
557740.6
557748.7
557773.3
557811.3
557840.2
558007.5
558015.9
558151.5
558232.7
558235.4
558259.3
558457.5
558680.2
558756.6
558760
558878.2
559119.3
568474.9
568814.3
569436.7
569766.6
570176.5
570243.8
570314.5
570366.7
570413.9
570493
570545.8
572258.5
573297.8
573553
573648
575536
575780
575832
575880
575885
575920
575931.5
575969.7
576072.4
576091.7
576209
576252.1
585844.8
586330.2
588117.2
590872.4
590934.4
590943.4
591004.1
591005.8
591197.3
591373.8
591422.9
591462.2
591478.3
591484.7
591494.7
591507.7
593064.8
593324.1
593934.7
595260.1
