2735
2873.9
2921.2
3095.1
3175.3
3332.2
3466.3
3538.3
3551.7
3558.1
3560.4
3561.8
3577.6
3634.1
3650.8
3655.8
3661.1
3662.5
3685.2
3792
3871.9
3883.3
3886.5
3920.3
3953
4950.1
4974.4
7870.4
11998.4
12005.2
12044
12210.3
12384.6
14438.1
15917.1
15965.6
16128.9
16158
16293.7
16350.3
16443.4
16556
16707.2
16898.9
20769.9
24747.8
25088.6
25109.6
25299.7
25736.5
26115.8
26121.2
26318.3
26356.1
26720.3
26780.9
26867.3
27056
27071.7
27143.3
27241.1
27994.5
28164.5
28659.9
36320.8
36382.1
36539.7
36598.3
36604.4
36629.2
36696.3
36761.1
36768.5
36871
36915.1
36941.3
37015.4
37025.4
37053.1
37253.9
37289.8
37310.4
37462.2
37471.4
37529
37538.6
37594.2
37647
37664.4
37804.1
37835.4
37912.5
37984.7
37996.3
38027.4
38034.1
38051.8
38825.4
38859.7
38940.6
38958.3
39044.9
39076.2
39115.6
39264.3
39315.9
39424.6
39694.5
39787.3
41439.4
41632.3
41705.1
41798.8
41868
41879
41970.1
42036.8
57199.9
57331.1
57347.9
57401
57414.3
57523.4
57550
57559.7
57589.4
57592.3
57657.7
57989.8
58125.6
58277.1
58287
58545.4
58558.8
58562.5
58583.5
58594.9
59133.3
59158.2
60345.3
73951.9
74013.5
74053.5
74053.6
74075.9
74076.3
74093.4
74171.2
74174
74185.4
74190.2
74308.4
74339.8
74388.3
74396.5
74438.4
74442
74481.6
74534.1
74593
74601.9
74640.4
74853.8
74937.6
76464.2
76547.4
76681.4
76686.4
76736.6
76777.9
76819.8
76984.2
77012.5
77023.1
77038.9
77057.5
77093.4
77128.2
77173.5
77195.3
77215.2
77223.4
77233.4
77265.7
77281.2
77295.6
77425
77449.3
77465.3
77470.7
77565.1
83833.9
85443
85991.2
86246.4
86350.2
87718.7
88915.6
106403.9
106502.4
109540.1
111475.6
111728.3
111922.5
111964.8
112279.1
112479.2
112489
112604.6
112710.2
118137.6
118179.2
118204.3
118315.7
149001.4
151668.5
151859
154732.9
156668.8
162549.8
162600.8
171741
171848.2
171849.6
171898.2
171922.4
171941.7
172686.5
172762.3
172869.5
172961.3
173059.2
173160.4
173186.2
173196.6
177073.2
183727.8
187216.5
187319.4
191124.4
191193
191201.9
191312.5
191359
191630.3
191685.1
192338.3
192474.1
199053.9
199451.8
199462.3
199533.4
199569.5
199620.4
199794.6
199808.5
200777.7
200914.7
201286.5
201373.5
201454.8
203622.4
204304.5
204616.8
204833.5
204852.1
205070.3
205327.5
205357.3
210243.9
210285.6
210583.3
210600.2
210629
210740.3
210795.2
210938.3
210989.7
211269.7
211305.9
211306.5
211343.3
211443.5
211501.9
219699.8
219754.1
220459.1
220959.9
220986.4
221057.2
221155.8
221197
221547
221603.8
221760.2
222657.7
222708.9
223620.7
223795.6
224954.7
225147.2
225176.7
225240.9
225365.4
225418.8
225451.9
225509.6
225596.4
226982.6
231205
231446.2
240909.9
241796.6
241844
241873
241909.7
242076.7
242091.3
242345.3
242381.2
243017
258672.4
259137.1
260200.2
260368.6
260390.2
260439.6
260563.1
260699.8
260711.6
260783.3
260784.3
260854.7
260968.4
260988.2
260993.6
261003.7
261038.7
261039
261050.9
261053.6
261061.4
261097
261229.1
261278.8
261297.3
261299.8
261310.3
261313.9
261377.1
261417
261429.4
261455.6
261475.2
261522.6
261576.7
261597
261613.8
261725.6
261814.8
261834.3
261840.5
261940.8
261942.1
261963.1
262035.6
262044.7
262047.8
262052.8
262054.6
262062.8
262084
262134.3
262191.8
262225.8
262284.8
262287.5
262337.8
262385.9
262401.3
262433.5
262508.4
262535
262557.7
262602.8
262696.4
262696.8
262744.4
262783.2
262796
262812.8
262816
262817
262860.2
262905.2
262927.8
262932.7
262960.6
263007.8
263026.5
263051.3
263062.2
263114.3
263135.7
264169.3
264268.5
264304.2
264480.3
264535.4
264561.1
265225.1
265271.6
266352.7
266570.3
266857.1
267307.7
268623.6
271000.6
271196
274339
274529.7
274561.9
274588.7
274694.4
274730
274905.1
274912.6
274920
275013.1
275021.7
275178.4
275189
275259.6
275495
275522.2
275532.7
275556.6
275574.2
275582.3
275587.1
275587.5
275771.9
275819.2
275857.1
275883.2
275885.8
276051.7
276056.4
276168.6
276281
276322.1
276328.4
276464.2
276470.9
276759.6
276769.6
276910.7
276979.3
277008.1
277097.8
277262.5
277297.6
277302
277355.9
277374.1
277448.2
277506.1
277597.1
277609.4
277628.6
277659.4
277814.1
277841.7
277923
277928
277930
277971.1
277990.1
278028
278157
278185.7
278223.1
294445.2
294766.7
296938.9
297267.8
297310.6
298869.8
298961.3
299225
299240.4
299411.2
299554.2
310984.4
310995.3
311019.2
311148.6
311172.2
311222.2
311224
311276
311293
311312.3
311325.8
311451.3
313240.6
313335.3
313376.2
313404.4
313496.2
313510.9
313519.4
313524.1
313624
313643
313680.1
313713.4
313754.9
313989.4
314052.8
314065.6
314126
314181.8
314226.8
314406
314432.2
314470
314558
314616.5
314684.5
314704.8
314837.2
314906.8
315160.7
315191
315286
315420.5
315629.9
315845.9
315899.1
316097.7
316134.2
316161
316312.4
316319.2
316604.6
316813.9
316847.3
316851.3
316955.5
316960.1
317061.4
317205.6
317245.7
317333
317359.1
317540
317736.3
317754.4
317817.2
318074.7
318097
318175.2
318175.6
318290.3
318351.6
318388.4
318489
318540.9
318659.7
318723.2
318759.6
318765.2
318861.6
318883.1
318884.5
318911.2
318926.9
319159.4
319263.6
319272.9
319275.9
319292.7
319544.3
319664.5
319680.5
319683.8
319697.2
320108.3
325563.6
325846
325864.8
325920
325958.2
326020.1
326033.3
326308.3
326392.1
332191.9
332215.6
332581.8
332633.3
332775.1
332775.6
332858
333324.3
333333
333336.7
333392
333428.8
333539.5
333577.9
333668.1
333741.1
333762.6
334109.9
334632.3
334813.1
334845.9
334874
335225.6
337062.1
337087.6
337151
337162.5
337173
337190.4
337528.1
337608.5
337614.7
337622.9
337704.2
337713.2
337782
337804.7
339447.7
339806.4
340312.9
340558.3
340785.2
341440.2
341462
341550
341594.3
341631.1
341682.3
341697
341722.6
341827.1
341829.7
341843.1
341871.3
341890.4
341934
342038.7
342231.8
342265.7
342371.3
346819
347050.3
347167.1
347390.9
349476.2
356040.7
356079.3
356289.9
356580.2
356779.4
356960.6
357461.6
358146.5
358158.8
358247.5
358473.9
358509.7
358677.3
359103.4
359152.3
359295.9
359445
359734.3
360063.5
360220.7
360269.6
360660.5
360860.3
361204.1
361335.4
361551.3
361570.2
361721.2
361881.8
362351.7
362705.8
363545.3
364322.1
364898.1
371645.4
371741.5
372206.8
372276.3
420237.1
420260.9
422115.6
423029.3
423040.1
423190
423255.4
423298.5
423372.8
423413.1
423454.1
423488.4
423507.6
423574.8
423614.2
423622.3
423649.5
423668.5
423754.7
423760.4
423792.1
423838.2
423848.6
423961.2
424126.7
424205
424218.9
424230.4
424237
424410.4
424450.7
424915.7
424935.3
424985.1
425011.5
446300.7
446533.7
446595.7
446629
446735.8
446760.8
446838.4
446928
447013.2
447035
447102
447532.7
447704
447855.4
447927.6
449810
449886
450011.5
450033
450084.7
450221.2
450227.8
450227.9
450538.1
450562.8
450611.2
450635.5
450682.5
450774
450786.9
450904
450986.8
450988.1
456133.5
456205
456292.2
458703.5
458881.5
459028
459069.1
459170.3
459218.9
459220.7
459296.3
459393.8
459424.5
459470.5
459482.1
459611.5
463900.7
463916.6
464033
464040.5
464044.2
464066.5
464086.2
464153
464195.3
464306.2
464343.8
464401.1
464414.9
513479.5
513622.9
513680.2
513782.6
513802.1
513842.3
513852.8
513885.2
513898.4
513918
513926.9
513960.8
514107.3
514109.6
514125.5
514243.8
514249.2
514256.6
514256.9
514264.9
514314.7
514333.8
514416.2
514577.4
514583.4
514631.5
514636.7
514643.3
514660.9
514672.3
514687.4
514901.1
514926.5
514933.8
514958
514988.2
515113.2
515199.2
515228.1
515248.9
515369.3
515406.5
515492.3
515769.7
515807.9
515808.7
516140.4
516236.5
516246.5
516275.7
516319.2
516328.8
516426.1
516435.7
516452.5
516524.9
516536.2
516545.9
516561.4
516637.2
517081.6
530518.2
530582.9
530622.3
530787
530830.4
530942.7
530996.4
531100.6
531167.4
531176.7
531188.9
531194.7
531225.4
531402.5
531468.2
531637.5
531785.5
533011.1
533370.5
533447.8
533624.5
533672.2
533678.2
533691.7
533797.2
533893
534043.5
534073
534148.1
534151.2
534249.1
534282.8
534306.8
534308
534358.4
534392.6
534428
534461.4
534512.1
534531.8
536643.4
536676.8
536913
539334.8
539369.4
539482.3
539587
539590.2
539609.2
539720.7
539771.9
539871.4
539951.8
539963.4
540208.3
540804.8
547952
548204.6
548223.8
548242.5
548648.5
554031.4
554307.6
555214.2
555222.8
555498.2
555775.6
555782.8
555881.3
555883
555911.8
555935.6
555998.9
556000.2
556168.7
556284.5
556342.3
556654.6
556862
557100.7
557413
557468
557473.3
557514.3
557804.6
557809
557921.1
557963
558130.5
558132.6
558146.1
558238.8
558326.6
558329.5
558404.9
558857.1
562389.6
564514.6
564547.9
564604.8
564621.8
564969.4
566292.8
566356.8
566812
568203.2
568257.9
568315.7
568432
568455.5
568515.2
568569.4
568670.8
568704.3
568747.3
568801.7
568892.2
569074.8
569140.3
569171.4
569281.4
569298.9
569376
569415.3
569475.2
569674.4
569732.4
569869.8
569953
569954.2
570381.4
570506.6
570512.5
576147.3
576212.9
576215.4
576308.9
576348.3
576458
576606.6
576606.9
576668.7
576669.7
576735.4
576891.7
576933.7
577002
577168
577195.2
577423
578334.4
578821.3
585409
585722.6
585820.2
585844.7
585860.9
585883.5
585896.6
585909.4
585909.9
585975.1
586004.6
586032.1
586100
586104.5
586134.3
586136.3
586179.5
586205.3
586231.6
586282.6
586296.8
586369.2
586428.9
586446.7
596432.1
596486.2
