15.3
108.3
126.9
149.3
289.1
309.2
378.2
410.3
488.2
554.7
564.4
565.4
592.7
604.6
633.4
677.1
694.3
730.5
765.5
886.6
892.3
1008.2
4300.3
4319.4
5221.1
5301.8
5334.4
5379.1
5420.6
5437.7
5452.3
5459.7
5467.1
5499.9
5522.3
7467.9
11179.7
11660.3
15861.4
15899.7
15964.3
16009.6
16044.3
16058.8
16130.5
16218.4
16219.2
17344.1
17351.1
17436.6
17449.4
17550.9
17640.5
17684.7
17685.4
17760.4
17833.4
17886.4
17932.9
17971
17973.5
18053.1
18163.5
18589.1
18628.9
20140.6
20280
20307.8
22581.8
22652.6
22684.3
22695
22737
22777.8
22845.3
23796.8
23962.6
24023.6
24062.2
24145.8
24303.9
24436.6
25377.2
27060.9
28434.6
28630.7
28637.9
28900.7
28991.7
29000
29007.1
29160.1
29254.8
29261.7
29482.6
29531.4
29933.8
30202.4
30206.5
30271
31703
31734.5
31856.7
32056
32240.4
32424
32542.3
32572.2
32600.4
32609.1
32618.9
32791.2
32839.8
32856.6
32863.9
32961.9
32986
32988.6
33165
33242.8
33260.2
33266.6
33378.1
33444.7
33484.3
33561
33622.3
33824.6
33871.8
33891.6
34055.7
38392.2
38491.4
38539.6
39106.5
39338.9
39627.6
39908.8
39980.1
39996.5
40164.5
43581.9
43777.6
44127
44245.4
44383.2
46251.5
46276.3
46280.7
46294.5
46319.3
46328.4
46350.6
46350.8
46362.5
46367.6
46384.7
46397.4
46413.2
46474
46528
46528.7
46529.2
46638.6
46678.7
46695.6
46714.8
46719.6
46770.1
46836.2
46845.8
46850.1
46863.5
46883.8
46886.5
46976.4
46993.6
47048.8
47071.4
47088.6
47132.1
47230.6
47278
47300.8
47309.9
50793
50913.2
52310
52332.5
52364.4
52378.8
52424.9
52441.5
52847.6
52907.1
53016.8
53103.6
53214.6
53225.6
53270.3
53285.5
53406
53490
53582.8
53626.8
53776
53785.2
53850.7
53877.2
54124.3
54305.7
54342.1
54406.8
54440.6
54525.8
54555.1
54556.5
54592.5
54594.2
54598.7
54659.5
54714.2
58059.5
59222.4
59402.8
60113.6
60154.3
63876
63998
63998.6
64044.1
64100.5
64116
64117.1
64233.9
64606.8
64676.2
64715.5
64722.3
64754.3
64798.3
64916.2
65008.1
65133.4
65148.4
65168
65308.6
65428
65540.5
70536.2
71848.7
74065
74324.7
74365.4
76196.9
80687.5
80691.3
80719.5
80970.7
81016.3
81115.1
81185.5
81261.3
81399.9
81432.4
81452.5
81454.3
81707.5
81720.3
81735.7
81801.9
81884.7
83627
83715.8
83776.1
84026.8
93585.6
94899.6
96279.8
96342
96612.7
97202.5
98274.4
101499.3
103768.8
103792.6
103979.9
105955.4
111142
111183.6
113227.4
113288.8
113298
113300.2
113300.4
113315.7
113349.2
113367.7
113386.3
113455.9
113519.8
117760.5
117810.6
119015.3
119340.6
125648.6
126138
126453.5
137491.5
161550.7
161632.3
162190.1
162213.4
164438.9
164695.6
164753
164821
164832.9
164855.4
164861.3
164940.9
165022
165062.4
165105.3
165144.9
165162.6
165211.3
165325.1
165332.6
165461.2
165596.6
165889.1
166998.3
167031.1
167047.7
167135.6
167218.4
167615.3
167956.9
169992.1
170315.5
170559.2
173188.8
173297.4
173405.7
173456.5
175095.2
175302.4
175819.8
175860.9
175931.5
176767.3
176787.8
177167.8
177616.7
177619.1
178413
178536.2
178605.3
179929.1
187073.1
187147
187163.3
187194.5
187205.7
187206.9
187212.1
187299.1
187303.1
189783.1
190885.4
191081.4
191470.6
191519.6
191680.5
191720.4
191784
191802.5
191840.3
192069.3
193440.9
193586.5
193589.7
195110.8
195112.1
195207.7
195369.2
211731
211737.1
211860.2
211882.7
211887.5
211925.1
211975.3
212056
212070.3
212088.2
212146.4
212182.1
212269.6
212352.6
212486
214214.4
214309.5
214350.2
214438.3
214552.9
214601.9
214674
214840.1
214955.9
215097.3
215171.4
215184.4
215463.6
216458.6
216944.5
218329.9
218350.2
219035.5
219723.5
219811.3
219835.3
219854.9
219892.4
219915.1
219966.2
219979.9
220063.2
220065.3
220213.6
220303.3
220497.5
220550.1
220796.5
221075.3
224235.9
226939.5
227221.8
231083.7
231104.3
231978.2
232008.6
232062.5
232072.6
232096.9
232180.7
232232.9
232384.6
232431.5
232487.5
232726.7
232820.4
232851.9
232856.3
232868.4
232997.8
232998.2
233180.7
233240.5
233337.9
233404.8
233467.5
233607.8
233617.4
233637.3
233678.6
233782.6
233799.8
233803.9
243726.4
243770.6
243829
243911.1
243985.9
243996.5
244000.6
244000.7
244064.2
244163.5
244219
244375.8
244392.6
244489.1
245766.8
245892.7
245955.4
246088
246165.1
246177.7
246228.4
246404.2
246460.5
249549.9
249564.1
249634.7
249651.6
249937.6
250633.2
250639.5
250814.6
250866.2
250909.2
250966.9
251043.5
251077.9
251096.9
251140.2
251148.7
251152.2
251197.2
251216.8
251314.4
251324.2
251462.7
251497.7
251585.6
251699.9
251737.4
251760.1
251793.4
251870.2
251901.2
251954.9
251986.9
251991.1
252002.9
252004.6
252110.1
252218
252856.8
253030
253105.3
253141
253221.6
253304.3
253350.7
253395.4
253410.2
253461.8
253484.9
253485.6
253565.5
253609.9
253695
253711.5
253757.9
253806
253815.9
253867.1
253947
253987.1
253992
254150.8
254190.9
254233.1
254243.1
254263.7
254306.6
254577.5
254698.8
254710.4
254840.8
254853.6
255108.6
255142.8
255219.1
255257.4
255273.2
255475.6
255486.9
263435.9
263514.5
263583.1
268870.1
268912.9
268980.1
269005.7
269062.5
269066
269158.9
269215.4
269289.5
269422.6
269646.1
270333.7
270338.4
270446.7
270450.5
270452.2
270497.4
270500.4
270540
270597.8
270660.9
270785.2
270932.3
271186
271863.6
271987.8
272047.8
272929.6
273021.7
273179.3
273214.3
273223.1
273256.6
273272.2
273378.3
273407
273749.8
273871.2
273942.6
273967.2
273995.4
278337.3
278350.5
278383.3
278453.5
278492.7
278499.7
278529.2
278529.5
278558.8
278761.8
279654.8
282887.1
282939.3
285754.6
300132.3
300179.6
300539.5
300540.6
300588.4
300610.3
300629.6
300713.3
300774.5
300847.3
300868.2
300870.7
300982.1
301006
301037.3
301081.8
301155.6
301240.7
301240.9
301298.6
301316.1
301370.9
301447.1
301475.6
301485.9
301487.2
301492.3
301516.5
301525.5
302091.5
303474.4
303508.9
303606.8
303607.7
310265.3
310273.9
320333.1
320382.1
322300.5
323071.6
323259.3
323320.5
323370.3
323409.8
323463.7
323557.8
323605.6
323759.5
323806.9
323899.9
324042.8
324477.3
324578.6
324815.3
324836.3
324923.3
325071.2
325145.2
325337.8
329659.4
329665.2
329728.7
329762.1
329782.3
329823.2
329843.8
329929.5
329974.6
329997.6
330091.5
330101.2
331707.8
333847.5
334237
334433.6
337884.4
337908.7
337986.7
341954.1
341961.8
342196.5
342246
342251.1
342261.7
342263.2
342313.2
342329.3
342332.5
342388
342428
342471.5
342492.2
342496.9
342534.7
342794.2
347633.1
347720
347841.8
347927.3
348049.6
348152.1
348275.3
348532.8
348681.4
349446
349578.8
350350.1
350446.1
350611.6
350666.2
351044.1
351532.3
351699.8
351727.3
351893.1
351961.3
352053.9
352066.7
352082.8
352170.9
352175.7
352203.6
352207.5
352312.9
352315.2
352355.4
352411.2
352422.6
352423.9
352465.6
352566.8
352576.5
352663.2
362806.1
364152.4
364375.1
364752.9
372988.7
373425.2
373509.3
374330.4
374664.6
374692.7
374703.6
374769
374788.4
374863.2
375064.5
375212.3
418892.1
421171.1
422245.6
422299.2
422786.8
425198.9
425304.3
425355.5
425455.6
427290.4
428009.9
428037
428238.4
428259.3
428269.5
428272.5
428382
428387.5
428391.3
428412.1
428456.6
428472.4
428598
428619.8
428638.8
428683.3
429094.2
429132.2
429216
429268.1
430113.2
430174
430374.3
430402.7
430462.2
430544.3
441453
441535.5
441571.6
441571.9
441590.1
441704.5
441822.3
441868.9
442343.6
443120.6
443520.6
444113.1
444384
444540
444544
444598.7
449366.6
449519.1
449561.7
449630
449678.2
449691.8
449724
449743.2
449783
449806.2
449850.1
449906.8
449933.7
449954.6
450162.6
451243.9
451397
451403.5
451408.5
451495.1
451509.6
451653.7
451693.7
451699.3
451732.6
451738.9
451752
451809.6
451939.2
452166.6
452192.1
454264.9
454334.3
454463.8
454869.5
454879.2
454898.4
454947
455057.6
455074.9
455374.3
455563
455627.4
455739.1
456552.8
456947.5
457075.6
457118.1
457187.7
457317
458662
464884.8
464963
465104
465112.4
465121.3
465123.9
465225.6
465278.4
465340.3
465376.2
465429.7
465463.3
465477.2
465540.7
467472.3
467694.1
469322
469974.2
470225.6
482871.3
483605.9
483785.9
513116.5
515350.8
515479.2
515805.5
515900
515905.6
515929.9
515935.4
516021.2
516051.8
516090.7
516182.4
516208.9
516244.5
516310.9
517359.3
517423.8
517429.9
517434
517558.2
517581.7
517682.1
517693.4
517766.2
518475.2
518672.3
518864.9
518879.8
526774.2
526777.6
526924.3
527055
527075
527128.2
527211.2
527383.7
527479
527485.8
527794.3
527898
527923.5
528379.5
530324.2
532621.2
532684.8
533376.3
533384.2
535483.5
535579.4
535670.1
535729.6
535795.1
535826
535854.2
535920.5
536002.5
536006.7
536094.6
536104.9
536132.8
536177.4
536196.1
536256.6
536263.9
536350.1
536367.3
536368.3
536374.9
536394.9
536424.1
536485.2
536521.2
536574.5
536657.2
536776
536790.7
539102.7
539261.5
539354.7
539364.1
539415.7
539555.7
540870
541200.4
541292.1
541316.3
541327.6
547544.1
547563.7
547591.2
547647.4
547695.1
547704.1
547718.5
547785.9
547836.3
547851.9
547857.3
550339.1
550406.9
550425.8
551906.8
551943.6
551964.5
552141.7
552380.8
560100.5
560137.7
560186.6
560226.6
560268.9
561579.6
561629.7
567170.5
570302.1
575741.9
575774
575822
575992.7
576857.1
577021.9
577345.7
577929.9
577992.4
578007.9
578019.5
579039.6
586650.1
586664.4
586732.5
586790.1
590672.5
591259.2
596016.5
596023.9
596062.9
596079.9
596093.2
596094.2
596138.4
596227.6
596824.2
596833.5
597283.8
597486.8
597833.9
597977.8
598638.4
598843
598949.7
599048.2
599179.8
599224.9
599608.3
599628.5
599861.5
599944.2
