7659
12037.1
12337.1
12435.2
12444.4
12519.3
12576.2
12606.7
12622.8
12740.6
13370.4
16123.7
20343.7
20653.1
39683
40134.1
40221.1
40241.5
40463.9
40692.2
40882.4
40898
41050.9
41086.7
41124.7
41193
41201.3
41224.8
41264.2
41269
41288.1
41290.7
41336.1
41361.6
41363.4
41398.5
41526.8
41541.4
41545.9
41606.4
41627.7
41772.9
41858.6
41922.3
57140.9
57551.8
57585.6
57643.8
57680.5
57740.4
57794.6
57856.6
57916.5
57918.1
57938.3
57950.9
57958.1
57991.3
58050.6
58086.5
58377.8
58661.3
58829.5
70235.1
71948.1
72061.1
72082.7
72775.2
72883.7
73072.3
73192.8
117783
117928.9
117945.5
117947.5
118200.1
163403
163903.9
164118.7
164144.3
164344.6
164424.3
164571.7
164607.1
164632.3
164653.5
164664.7
164722.3
164795.4
164804.4
164820.8
165012.5
165165.3
166153.9
167002.3
167635.5
167796.2
167838.1
167902.2
167950.5
167989.7
168104.3
168499.5
173990
189047.4
189052.2
189186.4
189209.7
189240.7
189248.4
189262
189293.7
189315.1
189364.3
189439.5
189549.7
189583.6
189605.8
189701.6
190509.8
190646.2
190656.9
190658.8
190672.2
190675.9
190682.4
190698.5
190714
190874.1
190971.7
190989
191002.4
191014.2
191127
191157.8
191210.1
191247.6
191304.5
191369.8
191378.2
191487
191533.1
191604.2
191628.1
191635.6
191643.2
191687.1
191707.5
191741.6
191749.7
191754.9
191772
191894.5
191934.4
191972.7
191998.4
192190.4
192269.4
192274.1
192284.2
192307.2
192364.5
199870.1
200252.9
201079.9
201603.9
201990.4
202094.5
202521.7
203066.7
203851
204291.5
210653.8
210709.8
210715.5
210782.1
210805.5
210816.5
210875.2
210889.4
210918.7
210987.6
210992.7
211113.4
211133.4
211141.5
211149.1
211195.7
211373.6
211375
211389.3
211414.4
211513
211573.2
211722.9
211729.9
211998.1
212015.9
212565.3
212609.2
212666.6
212834.8
218638.3
219493.5
223190.1
230411
230540.3
230643.4
230965.6
230999.8
231339.7
231406.1
241962.8
242259.5
269617.7
269654.4
269976.5
270005.6
270045.3
270150.9
270191.1
270449.7
270536.3
270689.1
270694.3
270851.8
271192.6
271470.1
271526.7
271527.3
271616.6
271671.2
271849.4
272055.4
274526.3
274655.7
274991.4
275004.3
275145.7
275405.1
275432.8
275560.7
275783.6
275800.6
275843.7
276059.9
276113
276168
276177.8
276197.5
276198.6
276203.6
276323
276478.1
276508.3
276568
276586.6
276604.1
276650.3
276660.5
276697.3
276776.2
276833.8
276837.1
277074.8
277091.3
277452
278000.9
278011.9
278141.2
278165.8
278181.9
278412.7
278429.6
278439.5
311046.6
311092.1
311126.7
311140.2
311317.2
311413.1
311422.8
311473.9
311477.8
311478.1
311486.5
311508.9
311551.6
311580.7
311639.6
311687
311738.8
323532.7
323559.4
323635.8
323706.4
323882.4
324211.6
324407.3
325222.3
325255.6
325347.8
325587.1
325743.6
325930.7
325973.2
326111.5
326388.4
332625.8
333126.5
333151.5
333247.1
333295.3
333586.7
333789
333939.8
333942.8
333975.2
334058.1
334073
334093.3
334130
334187.1
334305.7
334333.5
334410.7
334419.3
334500.8
334520.3
334582.5
334638.5
334761.7
334894
335018.4
335046.6
335102.2
335133.7
335191.8
335237.3
335348.5
335375.5
335485.6
335509.8
335539.1
342888.9
343024
343103.6
343107.7
343204.8
343208.7
343271.8
343274.7
343410.5
343416.8
343631.5
343671.4
343683.7
343726.3
343784.7
343986.4
344065.9
344099
344215.3
344259.7
344305.9
344327.5
344358
344414.1
344442.8
344457.1
344476
344799.1
344801.9
344832.2
344839.7
345062.9
345162.7
345180.7
345207.6
345233.9
345380.1
345389
345395.3
345406.2
345454
345464.6
345469.4
345485.1
345497.4
345502.7
345515.6
345530.2
345532.8
345556.2
345580.2
345612.6
345619.7
345718.1
345943.6
345944
346157.2
346194.8
346439.3
346555.4
346569.4
346579.2
346602
346611.5
346651.6
346667.2
346669.8
346670.3
346725
346756.5
346761.8
346763.5
346804
346921.7
347014.8
347058.7
347102.1
347180.9
347198.5
347264.6
347377.7
347718.1
347858.3
347887.6
347888.7
347958.1
421235.4
426302.3
428311.9
428519.5
428531
428533.2
428842.3
428855
428885
428960.7
429256.2
429293.2
444997
446563
446581
446599.9
446631.8
446702
446959.7
447082.8
447147.2
447190.6
447239.5
447461.3
448002.5
448098.1
448156.3
448176.9
448222.3
448230.2
448264.9
448290.6
448357.2
448378.6
448423.1
448693.5
448703.4
448714
448717.6
448735.8
448872.7
449300.3
449341.3
449602.7
449640
454702
455124.7
455246
455264.7
455270.3
455335.1
455384.1
455409.9
455524.4
455612.5
455623.6
455679.1
455909.7
455915.9
455991.3
455997.9
456085.7
456321.8
456357.5
456367.2
456401.1
456403.1
456476.9
456494.3
456600.6
456646.7
456717.6
457081
457097.6
457345.6
457355
457422.5
457475.9
457525.2
457567.1
457759.7
457936.7
530554.8
530593.7
530601
530602.9
530610.3
530729.4
530796.7
530846.6
530875.2
530894.3
530900.1
530948.1
530966.8
530980.3
531000
531018.6
531091.6
531119.6
531137.1
531144.7
531158.7
531180.8
531197.2
531205.7
531347.9
531350.1
531353
531363.4
531576.3
531588.2
531604.1
531608.7
531628.4
531733.2
531746.8
531748
531752.9
531768.1
531768.3
531819.3
531935.2
531966
532072.7
532113
532120.5
532178.4
532210.2
532290.2
532524.2
548767.5
548964
549036.9
549367.6
549575.7
549634
549641.1
549663.3
549764.1
549806.6
549881.6
549937.4
549948.3
549956.2
549956.3
550054.9
550139.2
550431.8
550459.4
550461.5
550776.7
550799.4
550807.7
559472.5
560840
561728.6
561860.8
561938.8
561966.5
561969.2
562042.4
562076.1
562109.6
562403.9
562438.3
562445.2
562482.9
562500.9
562550.6
562560.9
562613
562791.5
562816
562848.8
562885.1
562903.1
562917.3
562968.2
563040.1
563071.9
563145.7
563153.5
563282.6
563314
563348.2
563359
563367
563471.7
563489.5
563522
563523.3
563524.8
563539.9
563621.9
563628.6
563640
563682.9
563700.1
563704.3
563769.8
563779.4
563780.6
563799.7
563854.5
563870
563889.5
563912.9
563924.3
563938.4
563987.6
563993.1
564007.1
564012.3
564025.7
564030.3
564059.6
564117.4
564121.2
564230.1
564250.5
564296.2
564379.2
564408.3
564458
564532.9
564594.7
564854.8
565758.7
566277.5
567645.6
578016.7
578037.2
578198.8
578222.4
578284.4
578317.1
578329.6
578351
578394.3
578416.3
578483
578580.6
578601.7
578634.2
578666.9
578715.3
578794.7
578809.4
578834
578870.9
578945.6
578985.5
579007.8
579144.7
579377.4
579434.5
579477.3
579505.1
579655.3
590475.7
596168.4
596193.4
596321.7
596456.4
596537.6
596597.7
596711.9
596734.9
596762.6
596791.2
596799.8
597168.2
597179
599073.3
599093.8
599166.7
599183
599241.5
599251.3
599309.4
599365.4
599407.7
599483.3
599682.3
599718.7
599729
599764.1
599867.2
