1339
1418.5
1652.4
1680.7
1682.2
1797.9
1840.6
1842.3
1843.9
4185.4
5160.6
5231
7448.7
7466.5
9687.2
10146.3
10603.7
10747
10788.3
10822.1
10837.5
10837.8
10894.7
10906.5
10974.3
11039.2
12613.3
12635.7
12814.5
12857.1
17174.4
17190.9
17194.5
17203.8
17235
21250.4
21270.4
21338.6
21413.6
21473.8
21478.2
21530
21606.7
21735.3
21847.2
21921.3
21942.8
21952.2
22064.1
22070.1
22181.5
22231.3
22237.4
22282.6
22416.5
24566.4
34375.9
34390.5
34436.9
34543.7
34573.9
34641.3
34698.1
34953.5
34982.9
35001.8
35178.6
35279.7
35292.5
36134.9
38143.5
38152.4
38196.7
38266.3
38283.1
38292.6
38329.6
38373.9
38420.3
38464.2
38539.7
38679.8
38683.7
38688.7
39243.8
39605.2
41684.8
42550.9
42600.1
42622.9
42670.3
42685.2
42702.4
42717.6
42729.3
42764.6
42769.1
42906.1
42928.5
42969.4
43065
43080.1
43145.4
43147.4
43149.6
43185
43262.4
43320.7
43407.9
43502.3
43556.9
44559.5
44882.7
44887.7
44994.3
45134.9
45240
45261.3
45313.7
45333.7
45386.7
45407.3
45415.2
45434.7
45435.3
45482.9
45515.3
45516.4
45519.3
45609.4
45633.9
48369.7
48431.7
48516.9
48615.6
48715
48773
48880.2
48897.7
49212.1
49362
49380.4
49428.7
49487.7
49499.5
49518.6
49557.7
49612
49624.3
49633.3
49658.2
49704.4
49708.4
49767.7
49843.4
49859.3
49930.4
49952.1
50020
50044
50058.1
50071.3
50078.4
50104.8
50149.7
50171.7
50181.2
50352.8
51243.4
52492.5
52587.4
52758
52759.6
54680.6
54921.8
55052.7
55064.4
55079.2
55085.3
55104.1
55128.6
55137
55165.6
55172.8
55189
55312.4
55334
55389.6
55495.4
56185.8
58010.1
59116.3
59241
59346.5
59407.6
60595.8
62929.9
62997.9
63010.1
63110.5
64496.2
69158.3
69187.4
70078
70162.6
70220
70226.3
70289.1
70356.2
70370.6
70389.1
70462.8
70529
73731.5
73776.4
73810.9
74728.9
76193.6
76409.9
79928
82419.7
82740.9
82871.4
83444.7
85573
85779.6
85943.1
86131
86168.7
86392.2
86591.9
86723
86724
86800.7
86847.2
86873.4
86906.9
87122.5
87128.4
87137.1
87308.5
87334.2
87410.8
87434.7
87441.9
87442.7
87543.1
87670.5
88233.8
88639.6
88999
89869.5
90405.9
90529.9
90544.3
90614.2
90671.3
90675.7
90688.2
90731.9
90763.6
92349.5
92386.3
92451.8
92474.7
92564.6
92565.9
92598.2
92624.5
92629.9
92740.9
92808.2
92876.9
92913.4
92949.4
93063.4
93095.3
93104.9
93159.9
94009
94071.6
94080.2
94376.2
94429.2
94442.8
94854.4
99122.8
99196.4
100736.5
100814.8
103263
103459.7
106583.1
106685.8
106940.4
107028.3
108361.7
108946.3
109133.5
109146.1
109236.3
109303.8
109398.5
109431.9
109442.8
109491.6
109606.9
109656.8
110949.5
110959.6
110975
111007.4
111065.5
111095.9
111104.6
111115.4
111115.7
111127.4
111206.1
111384.4
112327.4
112803.1
113030.1
113189.7
116673.5
117786.7
117853.5
117914
117916.5
117987.8
118065.9
119028.3
119132.9
119218.2
119285
119306.4
119409.3
119519.7
119577.1
119686.1
120296.9
120395.8
120423.7
120540.2
120567.9
120595.5
120609.4
120630.9
120638.3
120648.9
120673.1
120746.3
120793.2
120830
120853.5
120899
120912.4
120936.1
120983.2
120983.9
121048.1
121219.1
121234.3
121286.3
121401.6
122255
122449.4
123022.7
123306.8
123322.7
123477.7
123623
124328
124469.7
124538.5
124559.4
124576.2
124635.3
124698.8
124699.9
124731.7
124774.6
124864.1
124893.3
124894.1
124982.9
125126
127362.9
127441.6
127679.7
127932.4
127938.4
128007.8
128309.9
131501.4
131522.5
131591.9
131663.4
131737.2
131763.7
131784.1
131860.3
131873.8
131892.7
131904.7
132027
132078.5
132242.4
132262
132293
132305.1
132363.7
132448.2
132469.2
132503.6
132554.8
132570.6
132608.5
132611.7
132613.2
132639.1
132677.9
132684.4
132717.3
132771.1
132805.2
132814.8
132995
133065.6
133080.8
133105.5
133125
133163
133191.5
133220.7
133266.9
133278.3
133346.7
133378.4
133460.6
133507.5
133731.4
133764.2
133852.3
133854.9
133904.8
134238.1
134367.1
134524.5
134582.2
134585.4
134715.9
134774.9
134886
134993.3
135061.2
135084
135106.8
135200.2
135504.3
135867.8
136108.5
136281.1
136520.8
136724.9
136754.8
137186.8
137293.2
137389
138161.4
138214.2
138369.2
138427.1
138557.2
138576.7
138684.5
138754.6
138780.1
138838.4
138906.3
138979.5
139044.7
139312.9
139402.4
139444.8
139532.5
139562
139582.6
139841.9
140527.4
140743.3
142007.5
142345.8
142539.4
142608.5
142934.1
143048.3
143059.7
143155.5
144508.4
151675.1
162820.9
162958.7
162968.3
162989.8
163031.2
163054.5
163221.9
163273.5
163319.3
163514.4
164309.9
164695.5
164719.3
164725.7
164779
164797.6
164810.8
165099.6
165148.5
165202.5
165256.1
165266.2
165292.1
165322.7
165377.5
165420.7
165821.2
165833.9
165841.5
165860.7
165907.5
166058.5
166933.3
166987.7
167114.9
167124.8
167134.8
167315.5
167646
168045.4
168115.4
168117.3
169667.3
169916.2
170175.8
170471.4
170516.2
170552.8
170609.1
170610.4
170654.5
170695.4
170738.2
170739.5
170743.3
170882.8
171008.5
171092.2
171216.9
171354.9
171382.6
171523.2
171538
171604.1
171654.5
171869
171972.6
172186.8
173943.1
174131.3
174140.3
174153.1
174163.8
174306.9
174419.3
174518.6
174531.5
174816.8
178896.4
179033.8
179035.6
179158.4
179204.1
179318.5
179367.1
179411.8
179550.5
180987.2
181185.1
181207.5
181219.6
181247.7
181260.1
181368.3
181484.5
181544.2
181555.8
181580.8
181744.3
181777.9
181845
181878.1
181885.9
181891.6
181900.4
182076.6
182230.1
182421.7
182468.4
182494.7
182503.7
182553.8
182558.5
182586.8
182605.1
182651.5
182736
182800.2
183458.3
183769
183795.5
183807.8
183842.3
183867.8
183894.7
183933.9
183962.8
183963.5
183988
184049.3
184117.5
184197.7
184244.4
184569.5
184618.2
186665.7
188263.6
188277.5
188446
188516.4
189048.4
190939.2
191814.9
191950.9
192450
195558.2
195628.9
195642.9
195667.4
195684
195723.8
195738.3
195830.1
195846.2
195858.9
195873.4
195962.7
196337.5
196480.2
196751.7
198715.9
205626.3
205648.7
205696.3
205710.1
205759.6
205891.2
206012.7
206113.5
206163.3
206310.8
206395.2
206560.3
206569.6
206572.5
206623.1
206739.5
206993
207007.7
207009.9
207321.7
207389
207399.4
207410.3
207473.3
207595.5
207706.4
207743
207931.9
207967.6
208090.5
208124.5
208194.3
208251.5
208896.2
209063.6
209071.9
211791.1
212817
213062.9
213220.7
213237.6
213253.1
213294.9
213451.7
213486
213488.4
213491.3
213503.4
213558.8
213595.2
213623.4
213626.3
213631.9
213853.6
213902.9
213915.8
213922.2
213927.1
213946
213954.1
214035
214089.2
214193.3
214197.4
214263.5
214332.9
214342.2
219273.4
219283.4
219646.8
221898.7
223139.2
223156
223281.1
225138.5
225262.1
225440.8
226232.5
226393.7
226403.1
226470.1
226483.9
226552
226636
226655.9
226677.9
226687.9
226692.1
226721.4
226819.3
226939.5
226951.4
227073
227311.1
227315.9
227329.9
227346.4
227360.3
227393.1
227395.9
227405.4
227453.7
227483.4
227521.1
227576.6
227583.2
227585.2
227642.1
227666.9
227803.4
227813.4
227868.8
227922.3
228057.7
228061.9
228111.9
228190.9
228238.1
228259.2
228371.9
228435.7
228440.1
228446.6
228490.2
228509.4
228580.2
228627.9
228758.2
228830.6
228868
228905.9
228990.5
229112
229210.5
229301.3
229303
229308.7
229331
229348.8
229366.1
229383.1
229384
230911.6
231094.9
231199.1
231289.4
234044.7
234186.8
234200
234214.6
234303.5
234317.8
234338.9
234469.7
234493.6
234493.9
234494.9
234534
234622.9
234692.6
234776
234777
234780
234784.5
234964.3
234972.8
234993.1
235138.9
235161.8
235175.7
235217.4
235333.2
235439.4
235445.2
235525.3
235632.2
235721.6
235722.3
235809.7
235940.9
236346
236399.6
236429.8
236481.4
236526.7
236529.9
236602.1
236636.4
236658.6
236665.4
236669.9
236727
236736.9
236851.1
236864.6
236911.7
236932
236944.1
236966.7
237014.2
237058.9
237062
237067.7
237092
237094.8
237117.8
237123.8
237163.7
237199
237207.7
237267.2
237270.5
237329.4
237373.8
237390.2
237403.9
237422.4
237448.8
237516.3
237524.8
237528.8
237536
237592.1
237653.5
237719.4
237893.3
237914.7
237921.7
237924.9
238014.8
238018.6
238121.1
238158.8
238164.1
238199.3
238333.4
238499.2
238591.7
238594.3
238780.9
238850.2
238883.8
246901.6
246965.6
246979.6
246988
247011.2
247031
247058.9
247067.7
247092.1
247108.2
247120.7
247138
247145.2
247155.7
247500.4
247678.1
247679.4
247771.4
247788.7
247834.8
247839
247876.4
247891.6
247900.5
247903.2
247930
247965.2
247990.4
248041.9
248192
248237.3
248246.6
248277.9
248795.2
255981.3
256024.9
256157.1
256159.4
256195.9
256242.5
256259.6
256301
256357.2
256374.6
256402.3
256434.3
256435.4
256461.1
256486.1
256497.9
256515.3
256567.2
256583.9
256602.5
256690.1
256708.8
256720.4
256822.3
256868.9
256901.5
256910.8
256919.9
257000.8
257153.3
257207.5
257236.4
257243.1
257274.3
257348
257439.9
257506.2
257671.6
257683.8
257877.3
257930.4
257962
257973.9
257980.4
258012.8
258080.2
258103.2
258115.9
258215.4
258263.1
258287.4
258291.3
258319.3
258378.8
258401.7
258438.7
258474.4
258476.2
258569.5
258634.3
258645.8
258646.6
258750.6
258799.7
259075.4
260177.8
263503.2
265036.5
265367.3
265367.5
265489.6
265586
265761.8
266345.8
267116.2
267144.4
267512.2
267594.4
267632.7
267681.7
267693.3
267712.8
267773.9
267891
267913.6
267924.1
267999
268021.2
268048.3
268090.3
268139.5
268166.2
268317.8
268321.3
268477.4
268535.1
269914.1
270121.7
270166.4
270281
270293.4
270731.2
272010
272247.8
272395
278164.7
278344.3
278602.2
278607.6
278614.7
278696.9
278706.5
278775.7
278797.8
278812.9
278813.1
278825.9
279773.5
279901.4
279916.2
279974
280079.1
280137.9
280224.5
280228
280261.5
280279.4
280292.3
280295.5
280298
280305.3
280313.5
280330.7
280331.2
280427.8
280441.1
280450.1
280463.7
280516
280592.1
280856.8
281835.4
281840
281890.7
281906.8
281921
281944.7
281949.3
281959.6
281993
282012.9
282065.4
282092.5
282242.6
282264.4
282425.9
283218.8
283491.2
283975.2
286963.9
287010
287016
287018.8
287158.5
287286.7
287450.5
287622.5
287748
287957.8
294960.6
295894.5
296145.3
296225.1
296264.7
296465.2
296504
296871.7
296877.8
296931.5
296944.3
297040.4
297247.8
297659.3
297671.1
297740.7
297751.7
298111.9
302437.3
302592.8
302796.9
302926.2
303999.8
304026
304239.7
304347.9
304373.9
304394.3
304411.3
304799.4
304850.9
305014.3
305029
305033.9
305252.1
305640.8
305777.2
305780.5
305782.4
305977.2
306019
306033.6
306096.2
306125.4
306157.5
306180.4
306239
306292
306334.9
306472.8
306571.5
306779.9
306815.2
308666.7
312467
312561.3
312563.4
312570.9
312596.5
312605.2
312609.9
312667.5
312827.6
312939.9
313073.2
313075.3
313229.1
313372.7
316215
316369
316438.6
316517.4
316661
316827.1
317048.7
317073.3
317512.7
317722.7
318291.8
318484
318594.2
318824.4
318915.3
319127.3
319624.5
319753.2
319788
320065.8
320274.7
320473.3
320596.7
326772.3
326774.7
326779.7
326811.9
326818.7
326827.3
326945.8
326946.8
326950.3
326988.5
327003.1
327078.1
327135.6
327304.4
327317.2
327334.8
327365.8
327367.9
327397.4
327425.4
327435.6
327453.1
327462.7
327488.1
327546.6
327580.6
327587.8
327593
327596.6
327669.1
327761.9
327814.2
328158.1
328184.9
328189.3
328261.6
328268.7
328280.1
328287.4
328422.3
328455.5
328532.4
328582.7
328583.7
328592.8
328701.3
328718.8
328759.1
329276.6
329315.8
329344.4
329369.9
333253.2
333319.6
333482
335451.3
339132.2
339196.4
347594.7
347618
347810.9
348042.1
348100.1
348142.1
348305.1
348374.2
348395.4
348524.6
348530.1
348544.6
348631.8
348646.9
348681.7
348851.4
353508.5
353579.8
353580.4
353606.6
353608.9
353634
353635.7
353635.9
353672.5
353683.2
353716.9
353773.5
353814.2
353838.9
353930
354139.4
354192.9
354275.1
354334.2
356302.8
356382.1
356417.5
356772.5
356898.8
356977.2
358630.6
359091.4
359103.5
359241.7
359566.2
359734.1
360053.2
360745.3
360764
362168.6
362317.2
362599.1
362782.8
363679.4
363865.9
364179.6
364195.5
364218.3
364406.1
364450.2
364457.9
364568.5
364610.9
364617.9
364673.2
364810.6
364816.8
364875.6
364893.4
364917.9
364923.4
365063.8
365072.5
365140.2
365151.6
365196.6
365631.4
365708.8
365719.5
366205.2
372305
372567.1
372645.9
372660
373825.6
374120.9
375575.7
375640.6
375661.4
375664.6
375764.7
375782.8
375785
375931.9
376186
376397.5
376859.7
376901
377009.3
377288.1
377421.5
377583.1
377587.4
377597.6
377749
377959.1
378075.6
378235.2
378284.2
378522.3
379158.2
379175.4
379326.2
379466.1
379496
379621.2
379629.5
379760.4
379789.7
379811.4
379874.9
379883.2
379988.9
380002.6
380006.3
380054.3
380118.1
380152.6
380594.9
380651.4
380656
380667
380907.8
381091.9
381985.1
382215.3
382385.2
383742.1
384616.6
389398.9
389671
389890
390170.4
390274.5
390574.6
390632.6
390970.1
391160.4
391418.9
391988.7
392410.1
392498.1
392594.5
393013.2
393049.4
393168.1
393678
393685.3
393789.9
394013.5
394048.8
394116.2
394119.7
394135.6
394174.1
394230.9
394232.6
394693.2
394830.8
395224.9
395241.3
396291.3
396901.2
397225
398080.8
398111.5
398248.5
398265.4
398466.8
398547.9
398554.8
398647.5
398670.7
398673.9
398774.8
398827.2
398939
398957.6
398996.6
398997.3
399013.6
399026.9
399070.9
399144.3
399165.6
399196.5
399242.9
399261.4
399276.9
399585.2
399750.8
399982.9
400008.5
400807.2
400920.4
401164.4
402205.4
402467.5
402629.5
402797.7
403052.5
403061.9
403238
403340.2
403413.8
404012.8
404220.8
404353.8
404459
404536.2
405246.8
405459.1
405525.9
405572.7
405653.1
410565.2
412836.6
412915.6
412940.3
413176.2
413242
413315.2
413357.7
413398.4
413471.3
413474.3
413590.2
413627.3
413730.7
413756.7
413783
413815.8
413869.4
413885.9
413945.7
414035.2
414070.6
414126.6
414182
414214.4
414365.1
414388.1
414398.3
414439.1
414439.5
414448.7
414527.4
414528.8
414563.2
414576.1
414578.5
414592
414620.6
414681.5
414689.8
415056.4
415288.5
415469.3
415491.9
415586.6
415622.5
415681.5
416086.5
416188.6
416817.9
416827.8
416894.1
417084.7
417140.6
417142.8
417146.8
417642.9
418097
418106
418170.1
418230
418253.1
418412.8
418454.4
418481.2
418517.1
418633
418669.3
418706.7
419134.4
419166.3
424381.1
424528.6
425970.2
428149.8
428181.1
428190.5
428293.5
428367.5
428377.2
428389.9
428498
428737.5
428792.3
428953.7
429097.3
429268.7
429271.9
429276.1
429552
430823
430961
430988.1
431030
431030.8
431129.7
431159.7
431228.1
431248.8
431327.3
431352.1
431375.7
431380
431384.8
431420.5
431664.1
431672.5
431716.8
431747.3
431763.2
431769.9
431874.4
431914.9
431996.4
432062.7
432086.5
432161.2
432169.3
432242.6
432245.6
432306.1
432342.1
432355.5
432386.1
432395.4
432404.4
432626.9
432677.1
432686.8
432697.7
432819.6
432885.7
432894.6
432916.9
432917.7
432926.4
433055.2
433062.6
433091.7
433185.3
433246.1
433373
433423.9
433475.2
433484.1
433550
433585.1
433662.6
433677.6
433689.5
433714
433829.1
433870.9
433896
434008.4
434009.4
434070
434084.9
434126.2
434177
434254
434264.3
434277.7
434315.4
434336.5
434436.4
434444.2
434448.8
434457.8
434526.8
434543.3
434576.9
434594
434595
434679.7
434781.3
434782.5
434794.4
434827.6
434836.8
434847.2
434871.9
434909.2
434939.2
435028.2
435034.3
435050.4
435051
435055.8
435081.6
435128.5
435300.5
435318.1
435431
435432
435461.3
435477.5
435504.7
435506.1
435637.4
435644.9
435684.9
435739.3
435876.1
435893.2
435924.9
435937.8
435990.4
436016.3
436213.6
436272.3
436279.4
436367.2
436377.9
436400.9
436409.2
436555.2
436559
436598.4
436690.1
436696.5
436721.7
436724
436731.6
436737.8
436751.8
436771.4
436810.8
436908.5
436946.5
436955.1
436971.8
437015.6
437058.8
437168.1
437178.2
437222.1
437253.2
437273.1
437284.1
437366.8
437401.9
437438.9
437460.6
437489.2
437492.3
437515.9
437628.5
437634.2
437639.3
437665.7
437709.2
437760.3
437787.4
437860.5
437882.1
437888.2
437889.5
437952.1
437955.7
437963.5
437991.1
438238.4
438284.9
438424.7
438433.4
438489.6
438652.6
438721.4
438758.7
438854.3
438932.2
439039.5
439055
439105.4
439130.6
439233.3
439257.3
439536.9
439540.9
439668.9
439675.4
439746.3
439762.3
439821.3
439837.2
439913.9
440021.9
440074.9
440149.1
440473
441025.4
441091.5
441186.5
441212.7
441273
441329.9
447584
447803.6
448000.2
450866
450980.2
451008.4
451033.1
451056.6
451360.4
451368.1
451388
451452.7
451561
451564.6
454468.8
454529.7
456879.5
456987.7
457041.3
457064.5
457068.6
457472.7
462537
462658.4
462701.3
462742.1
462750.7
462844.2
462867.4
462951.1
462962.9
463120.9
463139.3
463294.5
463481.6
466080.7
468826.3
470148.1
470491.1
470664.8
470725.9
470790.9
470859.2
470877
470877.9
470896.5
470934
470948.3
470998.1
471100.8
471105.6
471152.1
471157.5
471219.8
471273.7
471352.2
471397.8
471419
471438.8
471514.8
471562.8
471576.8
471628.3
471662.9
471684.4
471708.9
471741.1
471783.8
471924.5
471955.5
471979.3
472084.9
472113.6
472172.8
472178.5
472273.1
472378.5
472451.6
472457.9
472506.1
472559.3
472675.5
472693.5
472694.1
472876.9
472997.2
473293.9
473301.8
473477.4
473649.2
473749.4
473832.8
474083.7
474112.3
474147.5
474266.2
474292.2
474322.4
474564.5
474925.4
475033.5
477894.7
478903.1
479098.2
479458.5
482749.5
483642.6
484373.7
484378.5
484915.4
484921.5
484938.4
484940.7
484957.5
484974.5
485028.3
485037
485042.1
485059.6
485152.9
485277.6
485317.5
485339.2
485380.6
485400.6
485402.6
485407.3
485408
485415.2
485446.1
485466.4
485485.1
485490
485503.9
485505.2
485577.8
485614
485631.2
485664.9
485713.1
485715
485724.6
485776.2
485811.3
485850.6
485896.4
485923.5
485939.1
486017.5
486099.4
486117.7
486126.7
486281
486315.9
486412.4
486456
486460.5
486592.8
486717.6
486797.7
487392.1
487619.9
487674.2
487899
487986
488036
488215.9
488344.6
488671.6
488927
489626.2
490580.1
490629.2
490869.5
490909.9
491002.6
491119.3
491197.4
491301.9
491431
491497
491518.1
491798.9
491879.1
492179.3
492180.3
492284.7
492414.4
492688.3
492772.1
493047.7
493113.3
493235
493276.4
493313.5
494004.9
494047.2
494134.2
494216.5
494357.3
494396.2
494630.3
494861.1
494978.9
495341.7
496288.4
496346.5
496441.4
496575.4
496654
496902.1
497006.5
497091.1
497286.3
497425.3
497678
497939.4
498358.3
499012.9
499183.2
499226.1
499363.5
499368.9
499447.8
499518
499878.8
500139.4
500470.3
500570.4
500951.5
501159.8
501370.4
501568.1
501683
501719.4
501790.4
502002
502074.5
502130
502493.1
502727.7
502731.4
502957
503292.3
503704
503745.8
503927.4
503947.4
504110.2
504200.5
504201.9
504230.1
504386.1
504447.2
504460.1
504479.9
504534.2
505121.6
505238.4
505908.8
506019.9
506137.8
506632.8
506843.8
506932.4
507057.5
507652.9
507669.5
507689.3
507755.6
507905.8
507976.4
508917.9
518083.9
518724.2
519220.4
519226
519253.5
519488.9
519765.9
519860.9
520012.2
520032.4
520046.8
520195.1
520259.7
520289.2
520419.3
520424.2
520471.4
520537.9
520613.4
520677.4
520684.6
520740.5
520746.9
520787.4
520905.4
520913.8
520924.5
521018
521091.1
521211.4
521243.1
521309.6
521343.5
521399.1
521404.8
521458.1
521527.5
521558.5
521689
521720.4
521728.1
521776.3
521786
521901.2
521906.9
521917.6
521927.3
521997.4
522012.7
522100.5
522118.6
522137.9
522155.4
522215.4
522218.5
522267.1
522346.2
522380.2
522423.9
522441.5
522470.3
522491.5
522527.4
522560.2
522566.7
522567.2
522609.6
522621.4
522656.1
522667.8
522683.6
522689.3
522702.3
522730.9
522760.4
522781.1
522835.9
522901.1
522929.7
522968.7
523011.5
523036
523101.3
523121.3
523194.3
523200.8
523206.4
523210.1
523221.5
523222.1
523297.1
523350.2
523368.3
523422.1
523432.7
523433.9
523435.5
523441
523450.2
523482.8
523520.5
523614.3
523667
523720.6
523730.3
523747.1
523797.3
523815
523874.6
523931.9
523934.3
523971.4
523998.2
524041.7
524071.4
524124.2
524151.8
524198.1
524198.7
524204.7
524217.2
524261.6
524326.1
524370.4
524390.5
524485.1
524497.7
524519.4
524537.6
524560.3
524593.9
524766.4
524784.3
524856.2
524943.8
524957
524975.4
524999.9
529897.4
529960.9
530098
545425.4
545613.6
546317.1
546470.1
546525.9
546535.7
546572.5
546650.3
546678.9
546807.8
546832.9
546925.8
546959.2
547014.3
547099.9
547213.3
547367.2
548589.5
548634.9
548651.7
548838.7
548841
552107.8
552147
552173.5
552194.1
552247.6
552272.8
552433.2
552586.1
552718.5
553002.7
553119.5
553243.2
553276.8
553321.3
553415.2
553828.7
554092.6
554128.6
554197.2
554573
555165.2
556478.5
557878.7
558042.2
558396.7
558512.7
558542.3
558611.1
558632.7
558761.3
558805.2
558816.8
558826.4
558869.7
558909.3
558986.8
559093.8
559103.1
559215
559345.4
559952.6
560058
561190.2
567178.5
567546.5
567631.6
567737
568536.8
570911
570962.8
572436.3
572486.2
572590.4
572671.1
572746.8
572850.8
572889.1
572931.2
573108.9
573113
573168.5
573311.4
573411.2
573455.3
573467.2
573515.6
573589
573743.1
573779.8
573924.9
574090.2
574096.7
574141.7
574266.1
574330
574366.1
574402.2
574403.1
574484.8
574508.6
574670.5
574833.1
574863.5
574900.6
574967.4
575249.8
575277.7
577704.1
577840.2
577917.7
577978.8
578052.7
578086.9
580714
580755.2
580772.9
580818.6
581028.3
581371.2
582857.1
583189
583297.7
583529.4
583905.9
584159.6
584163.8
585265.7
585485.9
588123.8
588228
588585.5
588633.9
588692.2
588693.2
588750.3
588873.3
588882.6
589070.6
589154.7
589157.8
589158.8
589279.8
589368.3
589512.3
590142.1
590573.3
590583.7
590778.7
590944.1
590993.5
591610.7
591668.9
591682.9
591684.9
591714.4
591766.1
591778.3
591784.2
591872.6
591904.1
591988
592089.5
592190.2
592217.5
592313.4
592387.7
592436.4
592452.3
592493.3
592524
592537.8
592538.7
592704.5
592761.1
592776.4
592821.9
592851.8
592874.1
593064.3
593125.8
593400.6
593537
593619.1
593626.9
593634.6
593746.9
593773.5
593828.3
593871.9
593894.6
593901.5
593940.7
593941
593996.1
594058.9
594063.5
594160.8
594212.2
594220.8
594375
594421
594488.5
595656.2
595708.2
595772.3
595877.9
595960.9
595995.4
596101.4
596115.3
596123
596142.7
596176.7
