1314.2
4755.4
4793.2
6203.4
6591.7
6702.9
6814.1
6814.8
6820.2
6840
6882.1
6943.2
6992.6
7007.3
7057.2
7058.5
11913.7
11958.2
11973.2
11983.7
11987.8
12012.4
12091.7
12114.9
12143.7
12148.7
12164.8
12257.6
12280.5
12304.3
12317
12452.4
12479.1
14604
14996
15927.2
16002.6
16031.6
16221.4
16270.7
16292.5
16327.9
16396.5
16549.6
18933.7
19372.3
19436.1
19858.8
24007.4
24292.1
24570.3
24862
24916.9
25191.1
25195
25467.8
25484.7
25582.4
25813.4
26138.3
26304.2
26987.5
27347.8
28136.3
28180.5
28253.7
28299.9
28641.8
28704.9
28723.4
28953.5
29145.3
29503.5
35137
38730
38793.8
38855.6
38884.6
39042.9
39065.6
39134.2
39399.1
41619
41662.2
41723.1
41776.3
41779.8
42095.7
42151.6
48949.3
49200.7
50066
50297.5
50415.8
50430.5
50650.7
50739.5
57504.7
57548.5
57568.1
58073.7
58091.1
58177
58255.1
58305.4
58312.8
58323.1
58371.4
58395.1
58486.1
58491.7
58558
58592.1
58603.8
58611.2
58621.1
58691.6
58692.1
58695.5
58709.7
58710.3
58780.6
58789.3
58820.6
58880.8
58918.8
58960.3
58973
59065.3
59070.7
60423.9
68478.5
70985
71218.5
71263
71263.7
71323.1
71344.7
71398.8
71436.5
71471.5
71499.6
71557.5
74135.6
74337.4
74581.3
74606.9
74729.1
75418.5
90045.4
90601.2
90839.7
90877.3
90952.5
91047.1
91130.6
91164.4
91196.6
103807.9
105982
106101.3
106133
106149.6
106198.3
106237.6
106264.8
106273.9
106283.4
106350.4
106358.7
106458
106469.3
106576.8
106582.1
106646.1
106670.2
111433.2
111745.5
115367.7
115483.5
115517.1
115566
115643.5
115644.6
115732.3
115837.5
115904.4
116119.6
116137.7
116180.2
116731.3
118141.4
118288.9
118290.9
118352.8
118725.4
126870.6
127139.5
140054.8
151906.1
156468.9
156980
157794.6
162506
164802.3
165150.3
165325
165425.5
170023.6
172605.8
172663.4
172743.5
172822.2
172857.5
172898.2
172903.2
172925.8
172938
172990.7
173012.9
173098.3
173155.4
173333.5
176084.1
176277.7
176435.9
176807.1
176970.9
176977.9
177176.4
177384.5
183630.7
183713.8
183721.3
191033.8
191275.7
191326.8
191361.1
191396
192190.9
192211.7
192385.4
192414.2
192427.3
192519.7
192547.1
192725
192756.6
192815.7
192951.1
199812.3
199845.2
200036.5
200047.6
200141.2
200180.5
200201.2
200539.8
200583.9
200894.3
200919.8
200987.3
201139.2
201337.4
201364
201655
201927.9
202217.7
202532.5
202553.1
202612.1
202688
202699.8
202773.4
202783.7
202797.9
202929.6
202992
203299.4
204212.4
204215.7
204586.8
204899.2
205177.5
205229.3
205230.1
205268.1
205319.2
205327.2
205404.2
210706.3
210785.6
210808.4
210878.8
211236.7
211533.2
214626.7
214655.3
215060.7
215571.2
215660.3
215741.9
215749
215854.9
215910.4
217168
217256.2
217286.2
217308
217334.6
217529.8
217532.8
217535.1
217590.5
217652.8
217728.8
217807.7
217992.1
218045
218584.4
220002.8
220530
220823.8
220983.5
221022.5
221041.1
221106.2
221135.9
221153.6
221157.6
221185.9
221465.6
221475.3
221476.2
221533.9
221544
221647.6
221676.1
221818.4
221899.7
223729.3
223759.5
223777.4
223781.7
223973.7
223981.5
224037.5
224180.1
224536.2
224664.8
224920.1
225208.6
225246.7
225256.2
231025.1
231067.2
231164
231208.2
231328
231451.6
231511.8
231542.6
231573.4
231748.2
241622.5
241637.7
241650.2
241691.6
241734.5
241734.8
241742.2
241788.7
241803.1
241840.4
241850.3
241879
241926.9
241970.8
242000.4
242006.3
242080.9
242092.9
242110.9
242162.8
242198.1
242255.7
242259.1
242269.9
242413.9
242418
242459.2
243117.7
243181.2
243247.3
243285.2
243407.1
251682.3
256240.2
256652.9
257235.4
257440.3
258736.2
258867.6
263863.5
263987.8
269231.3
270570.5
270766.4
270777.8
270784.6
270790.9
270871.1
270898.7
270987.9
271010.8
271012.9
271025
271179.2
271262.6
271346.5
271419.9
271555.3
271563.5
271702.5
271735.2
271965
272233.2
272758.7
274301
274327.9
274331.8
274335.8
274401.3
274411.8
274498.6
274501
274552.4
274911
275031.9
275072.6
275521.5
275670.7
275868.9
276087.9
276243.8
276603.5
277045.3
277049.3
277134.6
277151.6
277156.3
277268.9
277317.2
277442.7
277508.6
277631.7
277848.2
278023.8
278056.4
278104.6
278124.1
278142.8
278192.7
278228.1
278281.5
278347
278450.8
278591
286981.7
287120.8
287215.5
287224.5
287408
287599
299601.9
300230.5
300294.7
300437.3
300904
310329.4
310807.2
310844.5
310863.3
310863.7
310915.6
310931.7
311041.2
311071.5
311207.3
311250.5
311294.4
311313.7
313714.1
313803.9
314078.7
314650.5
314744
314888
315022.8
315249.4
315475.2
315483
315512.9
315519.1
315521.4
315563.4
315566.9
315646.8
316025.6
316341.7
316526.1
317314.3
317391.1
317397.1
318010
319053.3
319868.6
320782.3
321169.6
321207.4
321207.6
321223
321267.2
321282.2
321403.6
321446.3
321481.8
321569.4
321612.8
321708.1
321734.1
321772.2
321874
322028.3
322169.1
322518.8
322613.7
322651
323051.4
324593.7
324824.9
325836.4
325950.2
326017.4
326031.2
326094.7
326103.9
326232.5
326300.9
332398.7
332412.2
332463.3
332498.2
332551.1
332591.4
332598.2
332617.4
332625
332766.8
332801.5
332822.4
333121.3
333131.9
333668
337098.9
337747
339050.4
339484.2
339525.3
339527.9
339591
339634.6
339636.6
339684.7
339837.1
339844.8
339900.6
340160.6
340175.3
340216.6
340361.1
340878.8
341336.7
341423
341478.1
341631.9
341678
341831.1
341917
341997.7
342118.9
342555.9
347587
347623.4
349147.9
349510.1
349618.4
349703.7
350110.4
350141.2
350167.7
350214
350244.8
350334.8
350923.4
351020.3
353763
372653.6
372668.3
372692.6
372765.3
372861.5
373019.5
383945
402948.3
419371.8
420265
420332.7
420503.6
420507.2
420704.9
420718.6
420770.7
422660.5
422817.9
422861.2
423034.2
423437.3
423465.3
423544.2
423600.6
423673.3
423959.2
424807.1
428279.1
428718.2
428723.2
428754.3
428800.1
428831.6
428926.7
428976.4
429017.8
429100.1
429347
429770.9
444568.9
444751.1
445093.7
445215
445340.8
445675.7
445793.7
445879.1
445982.7
446035.9
446418.5
446746.5
446917
447075.7
447288.3
449997.9
450055.4
450057.9
450088.9
450119.7
450157.6
450180
450187
450266.9
450310.4
450335.8
450362.8
450387.4
450440.2
450523.9
450532
450536
450610.5
450628.6
453083.7
453084.8
453120.1
453147.7
453196.7
453277
453342.5
453444.6
453593.5
453633.2
453634.7
453731.7
453733.3
453822.3
453826.2
453857.6
454126.2
454206.8
456249.1
456331.1
456435.8
456846.7
458400.9
458444.6
458606.2
458746.2
458751.9
458790.2
458944.5
458964.6
459075.3
459141.8
459170.1
459179.8
459213.7
459279.7
459384.7
459462.1
459478.3
459494.7
459551.9
459563.6
459608.3
459663.2
459676.1
459682.3
459693.7
459705.7
459743.7
459760.5
459801.9
464125.3
464195
464206
464265.4
464308.2
464308.8
464369.2
464377
464420.1
464515.6
464550.8
464631.8
464721.7
464727.4
464921.9
464994.3
465138.6
468354.2
469383.1
475352.3
475780.9
480264.7
481126.3
481226.5
481473.2
481564.7
481611.6
481633.8
481822.5
482092.2
509849.9
510315
510742.7
510940.3
511624.5
511642.7
513008.1
513335.3
513576.8
513675.8
513695.3
513830.7
513889.7
514859.1
515070.1
515189.4
515281.8
515454.2
516261.9
516616.2
516683.4
516720.5
516806.9
516878.5
516902.6
516906.4
516950.5
517009.1
517098.3
517127.6
529196.6
529940.9
530080.4
530400.3
530418.6
530436.9
530452.4
530756.6
530849.6
531093.7
531205.4
531564
532018.8
533021.2
533201.3
533361
533368.1
533380.6
533388.8
533459.8
533688.9
533874.5
533997.6
534101.9
534117.6
534219.1
534377.9
534385.6
534448.2
534461.6
534498.9
534550.6
534739.1
534820.6
534885.5
539377.9
539638.9
539742.6
541002.3
541191
547922.7
547953.1
547972.9
548151.3
548160.1
548200.4
548241.7
550944.9
550971.1
551093.1
551139.7
551186
551203
551211.6
551272.3
551450.9
551517.7
551557
556497.1
556560
557911.2
558117.1
558426.5
560301.6
560332.6
560914.9
561112.1
561272.2
564503.4
564681.6
564810.9
564821.2
564848.9
564928.5
564935.2
564941.8
564972.7
565038.3
565077.6
565080.4
565220.4
565263.4
565301.6
565396.3
565423.6
565647.7
565657.6
565668.3
565730.5
565738.8
565893.7
565941.6
566043.4
566065
566107.5
566134.7
566142.1
566155.2
566159.5
566194.1
566232.3
566245
566265.8
566323.7
566349.4
566413.6
566497.8
566525.1
566545.9
566708.6
566742.7
566751
566899.9
566917
567883.2
568104.2
568185.5
568257.6
568276
568311.3
568348.6
568362
568398.5
568459.4
568463
568577.5
568597.4
568634.8
568668.2
568722
568739.5
568767.1
568798.6
568817
568823.1
568828.4
568830.4
569036.9
569037.8
569086.6
569130.8
569298.2
569324.2
569325.5
569349.6
569382.6
569538.8
569566.2
569575.3
569608.3
569726.6
569869.5
569933.3
569956
570215.2
570462.2
570522.1
570584.3
570635.3
570646.6
570687.6
570715.5
570859.3
570937.7
570950.8
570968.3
571012.8
571042.2
571085.5
571112.9
575954.3
576039.2
576128.1
576195.7
578249.7
582824.7
584110.7
585765.7
585789
585819.7
585845.1
585896.4
586119.7
586310.3
586499.4
587162.8
587537.2
587604
587905.6
588065.8
589651.4
596240.7
