8.6
31.5
55.6
6733.6
6827.5
6847.9
6927.1
7046.1
7095.1
7125.1
7168.4
7174.1
7177.3
7232.4
7247.8
7332.4
7360.3
7376
7402.3
7533.9
8101.5
10777.8
10947.7
10950.8
10972.8
10978.1
11007.7
11035.6
11063.3
11130.3
11424.1
11662.8
12971.5
13007.8
13096.4
13099
13140.8
13159.6
13284.5
13329
13462.3
13465.2
13494.8
13522.7
13630.4
13754.7
13759.3
14022
14024.3
14193
14456.5
14539.4
14777.3
15289.1
15304.8
15422.1
15534.2
19172.2
19956.7
20030.9
20155.1
20178.3
20276.1
21337.4
21453.1
21453.9
21494.5
21524.9
21548.6
21567.1
21625.9
21630.6
21652.4
21675.4
21749.7
21810.6
21812.4
21972.6
22005.1
22033.6
22044
22104.7
22174.1
22196.8
22331.4
22346.4
22350.9
22381.2
22445.9
22528.3
22689.3
25831.7
31470.7
31473.1
31528.5
31566.6
31588.6
31813.3
32289.6
32402.9
32498.6
33028.6
33028.7
33123.5
33319.2
33536.5
33685.2
34052.9
42866.8
42892.9
43166.5
43361.3
43386.4
43685.5
43975.5
44079.3
45493.2
45589.1
45662
45706.9
45719.4
45731
45737.6
45762.9
45763.2
45789.6
45825.1
45828.7
45841.1
45888.4
45899.4
45919.3
46002
46075
46109.9
46114
47263.8
47271.3
47503
52446.4
52505
52860.6
52916.3
53220
53394.4
53438.4
53510.1
53510.9
53590.9
53638.3
53639.6
54023.3
54460.9
54619.4
54728.9
54782.7
54794.8
54926.6
54951
54999.7
55100.2
55137
55170
55431.8
56314.8
61057.2
61199.7
61227.7
61258.4
61298.8
62285.5
62591.2
62757.1
62939.7
63028.8
64218.5
64567.4
64583.1
64860.6
68694.1
68938.5
69011.2
69059.9
69104
69104.8
69138.2
69242.5
69286.2
70191
70527.8
70638.3
70674.3
70676.3
70718.9
70733
70766.1
70821.1
70841.6
71031
71133.1
71266.1
71278.4
71341.4
71381.8
71424.4
71457.9
71534.3
72895.3
80418.9
91455.8
91580
91677.8
91753
91767
91819.7
91857.6
91983.3
91999.2
92004.4
92080.8
92093.9
92098.4
92136.9
92176.7
94032.3
94054.5
94363.8
94408
95373.6
103084.6
104591.8
104623.3
104797.3
104849.2
104919.4
104971
105314.2
105436.5
105497.7
115478.9
115740.9
115793.1
115800.9
115831.1
116074.2
116127.6
116217.6
116286.9
116307
116384.9
116447.5
116467.4
116476.5
116660.9
116674.8
116771.6
116947.6
116968.8
117062.9
117095.9
117174.9
117350.1
117462.6
117577.9
117612.3
117648.3
117670.3
117670.8
117756.1
117839.2
118562.7
118689.6
118702.5
118706.9
118760.8
118808
118826.4
118860.1
118982
119009.3
119009.9
119030.5
119072.5
119207.4
119230.3
119253.4
119288.6
119508.5
119585.7
119667.7
119777.7
119895
119939.2
119980.3
120056.7
120071.3
120072
120129.8
120263.7
120265.3
120291.6
120328.5
120607.2
120618.1
120797.3
120852.9
120904.6
121065.8
121238.6
121818.8
121938.6
123233.3
123310
124313.6
124913.9
124931.2
125048.9
125052.4
125135.2
125149.7
125299
125352
125370.7
125450.7
125453.6
125464.9
125508.4
125527.5
125544.3
125560.1
125584.8
125663.3
125754.3
125757.5
125779.6
125802.2
126134.3
126323.3
126386.4
126419.4
126482.4
126651.2
126717.5
126900.5
126945.2
127251.7
127361.6
127408.6
127425.2
127500.8
127539.3
127559.7
127614.6
127626.6
127650.5
127660.2
127888.1
128363.2
130578.4
131543
131543.3
131583.9
131683.6
131725.4
131876.8
131924
132030.6
132073.5
132205.3
132249.4
132286.7
132387
132430.4
132559.6
132622.6
132671.2
132750.7
132870.2
132885.1
133012.7
133040.6
133064.6
133188.2
133192.7
133196.2
133256.2
133292.6
133329.9
133391.5
133403.8
133407.6
133467.2
133477.2
133545.7
133581.7
133674.9
133677.8
133736
133885.7
133919.8
133938.7
133985.6
134087.1
134404.6
134410.9
134578.4
134650.7
134662.6
134724
134824.2
134830.7
134920.5
134932.8
135007.7
135140
135204
135361.4
135385
135396.8
135403.7
135432
135460.2
135463.2
135474.7
135505.8
135510.3
135524.3
135530.6
135633.9
135653.6
135658.8
135687.6
135723.4
135750.8
135761.3
135772.6
135808.4
135989.7
136036.8
136141.2
136141.3
136146.8
136152.2
136172.4
136209.1
136212.6
136249.8
136275.1
136299
136339
136339.6
136362.8
136438.6
136465
136472.7
136479.1
136481.8
136498.7
136598.1
136604.6
136680.4
136739.5
136741.2
136743.2
136745.5
136751.3
136754.1
136779.3
136781.1
136822
136833
136882
136882.4
136978.6
136999.1
137045.5
137091.7
137109.1
137147.1
137152.5
137215.8
137282.8
137311.2
137316.4
137344.6
137555.5
137557.6
137580.8
137588.7
137652.6
137690.4
137741.4
137826.4
137883.2
137884.7
137951.9
137954.4
137958.3
138009.2
138040.5
138067.4
138108.3
138116.1
138150.9
138262.9
138280.1
138299.9
138329.6
138436.1
138443.9
138453.3
138469.5
138469.9
138523.9
138563.8
138567.6
138599.3
138660.6
138696.8
138763.9
138867.4
138885.6
138886
138903.4
138912.7
138959.1
138960.9
139018.9
139051.6
139277.8
139317
139377.3
139397.8
139416.1
139426.8
139427
139446.6
139824
139837.5
139845.3
139863.8
139913.9
139984.2
140015
140179.8
140206.2
140482.9
140531.2
140642.3
140907.6
141939.9
142461
143138.6
143196
143306.6
143336
143387.3
143445.9
143706.3
145534.3
146532.1
146542.9
149150.5
149582.9
151694.6
153185.5
153523.9
155894
156182
156538.1
157799.8
158112.5
160634.7
160781.5
160910.9
160950.9
160998.2
161063.9
161110.1
161159.6
161159.8
162947.9
163095.1
163155.4
163447.8
163481.7
163861.8
163875.5
164031.9
168234.8
168324.9
168404.4
168424.3
168444
168673.5
168756.5
168760.5
168935.2
169008.8
169031.5
169116.9
169213
169284.9
169287.6
173563.9
173765.2
173799.8
173886.5
173907.7
174234.9
174369.4
174411.5
174748.3
177729.6
178184.3
178272.5
178291.2
182345.7
182673.2
182698
182724.9
182752.4
182880.4
182907
182911.6
182934.3
183079.1
187042
187357.9
187373.2
187390.9
187433.2
187437.8
187445
187470.3
187524
187549.8
187554.1
187558.1
187633.7
187690.1
187707.6
187730.7
187734.6
187886.3
187911.7
187928.2
187931.9
187937
187939.7
187943.2
188176.9
188238.1
188268.6
188400.1
188744.8
193226.2
195364.6
195373.2
195386.1
195470.6
195475.5
195475.6
195542.7
195588.1
195594.6
195729.1
195737.6
195902.8
195986.5
196063.5
199115.2
199121
199452.1
199458.2
199522.3
202808.1
202995.9
204002.5
204690.8
204706.2
205313.4
205397.4
205479.5
205488.4
205896.5
205918.6
206007.2
206032.6
206253.7
206293
206436.5
206459.6
206471.9
206610
206651.3
206656.3
206706.6
206825.8
206836
206845.6
206909.7
206933.9
206993.9
207001.3
207013.3
207075.7
207079.8
207254.1
207292.1
207318.6
207335.4
207349.7
207549.3
207570.5
207590.7
207608.6
207619.1
207637.6
207668.9
207688.1
207704.7
207860.1
207865
207886.1
207915.1
207923.2
207943.9
207980.8
208012.2
208050.1
208088
208095.2
208097.4
208156.4
208156.8
208210.8
208339.3
208492.3
208499.4
208512
208535.7
208849.8
208907.5
208916.8
208922.6
209012.9
209047.2
209074.9
209097.3
209104.7
209145.1
209200.8
209241.8
209287.2
209290.1
209365.3
209393.3
209425.8
209469.9
209484
209494.4
209518
209523.3
209535.2
209537.3
209624.3
209628
210034.1
211729.9
211850.3
211872.7
211953.7
212143.1
212168.2
212549.7
217384.7
217388.9
217751.8
217753.2
217943.7
218101.4
218326
218392.1
218424.1
218433.8
218444.4
218455.3
218470.9
218528.1
218541.8
218640.5
218663.5
222343.5
222412.2
222527.7
222616.6
222707.7
222735.6
222745.1
222746.6
222782.9
222840.1
222854
222921.8
222994.8
223054
223068.9
223150.6
223202.2
223329.8
230239.9
232090.2
232284
232725.2
233129.4
233212.7
233262.9
233760.4
234052.6
234065
234067.3
234075
234171.8
234222.8
234252.6
234296.8
234338.3
234537.1
234642
234668.2
234845.2
234854.4
234891.3
235040.2
235233.2
235558.4
236069.9
236107.4
236331.2
236399.4
236470.5
236820.8
236825.9
237158.5
237536.1
237914.7
237959.7
238168.2
238353.6
238368.3
238434.9
238452.5
238607.3
238653.9
238681.9
239354.5
239427.1
240513
240588.6
241007.5
241427.7
241461
243075.4
243100.5
243571.7
243662.6
243705.9
243830.7
243917.6
244038.9
246740.7
247021.1
247029.7
247030.8
247167.5
247338.4
247358.2
247425.6
247540.2
247609.3
247666.4
247718.4
247753.8
247832.7
247988.5
248017
248150
248153.7
248244.2
248525.1
248655.1
248830.9
248963.6
249030.2
249032.3
249074.2
249224
249270.8
249284.6
249317.7
249356.9
249522.5
252446.3
252526.3
252714.4
252756.1
252779.2
252880.3
252971
253014.7
253074.5
253840.9
254026.6
254181.3
254348.5
254479.1
254637.5
254656.1
254710.3
254793
254886.4
254924.1
255008.6
255091.6
255197.2
255213.1
255253.3
255436.5
255469.3
270222.1
272816.4
273379.9
273498.5
273635.7
273658.4
273752
274004.3
279675.6
279794.5
279948.9
280254.5
280403.8
280423.3
282071.5
282259.7
282302.5
282375.3
282425.7
282440
282488.2
282498.1
282514.6
282517.2
282536.1
282830.3
285734.9
298802.3
298951
298953.8
299016.4
299100
299177.9
299243.9
303795
303837
303966.5
303983.5
304020.7
304032.8
304089
304094.9
304112.9
304189.7
304236.6
304254.2
304275.1
304291.3
304308.7
304348.7
304452
304465.6
304491.7
304530.3
304542.9
304608.4
304614.4
304630.8
304652.7
304665.6
304678.1
304708.1
304770.2
304772
304776.6
304789.5
304827.7
304887.1
304909.1
304923.1
305026.2
305035.7
305048.9
305081.6
305083.5
305193.6
305212.4
305226.9
305238
305245.1
305258.8
305290.1
305412
305551.6
305703.2
305818.5
305862.2
306004
306067.6
306098.5
306120.1
306127.9
306132.3
306257.4
306325
308898.7
308922.4
308924.4
308949
309007
309085.7
309306.6
309313.3
309370.3
309390.3
309430.7
309460.8
309630
309978.5
310191.9
310573.4
322936.5
322981.8
323122.6
323141.6
323142.6
323175.2
323175.5
323184.1
323194.2
323316.8
323449.3
323523
323636
323684.8
323705.5
323816.9
323902.8
323977.3
324206.4
324207.3
324274.6
324377.6
324475.5
324569.4
324637.2
324702.9
324740.1
324740.8
325013.6
325046.8
325081
325193
325200
326657.3
326660.5
326682.7
326685.3
326694
326751
326791.9
326813.8
326866
326927.8
326989.8
327001.3
327046.1
327088.8
327089.2
327194.5
327367.1
327447
327450.1
327468.7
327483
327539.6
327626.1
327673.6
327713.8
327721.5
327786.7
327825.7
327855.9
327864.2
327908.4
327944.7
327946.6
327948.2
328036.1
328088.3
328187.9
328206.1
328216
328228.4
328265.1
328317.6
328330.9
328406.6
328429.9
328439.9
328460.2
328468.3
328498.7
328513.2
328654.3
328684.3
328702.3
328762.8
328765.6
328803.2
328811.2
328818.3
328821.1
328858.4
328918.9
328936.1
328938.3
328967.3
329016.3
329136.2
329174.7
329218.4
329229.1
329244.5
329302.6
329320.4
329337.7
329429.8
329442.4
329467.5
329506.9
329555.9
329958.1
335736.5
336034.8
336094.8
336214.9
336254.8
336266.2
336300.5
336350.3
336364.9
336371.8
336451.2
336505.1
336565.6
336716.8
336719.5
336759
336773.9
336890.3
336906.9
336987.8
337020.9
337026.3
337080.1
337106.9
337406.4
337723.6
337872.8
337898.2
338000.3
338037.9
338072.9
338120.1
338163.7
338203.6
338220
338497.2
343001.1
346525.4
348267.4
349093.1
351770.1
352585.1
374788.2
374912.3
375207.9
375263.2
375301.9
375333.9
375531.4
375623.6
375702.5
375730.8
375818.9
375881.9
376015.1
376094.6
376171.1
376290.9
376698.5
376746.1
376880.2
377057.1
377440.5
377460.9
377517.4
377522
377679.2
377956.5
377957.2
378004.9
378140.3
378904.1
379003.2
379058.6
379063.3
379256.1
379356
379580.5
379844.1
379928
380041.2
380094.8
380510.2
380637.6
380638
380644.7
380738.2
380747.3
380876.5
380912.6
381079.4
381120.4
381185.9
381247.3
381362.3
381847.9
381902.2
381908.1
381992.8
382042
382152.7
382294.1
382362.9
382480.5
382568.1
382634.7
382924
382991.9
383123.5
383254.7
383362
383575
383824.7
384034.5
384129.7
384323
384684.6
384766.2
384924.6
385550.7
385570.5
385844.6
386573.4
387039.5
388065.5
388171.2
388536.8
388735.3
392808.8
393102.9
393128.3
393200.6
393393.6
393548.7
393585.9
393608.2
393682.1
393782.9
393877.9
393989.7
394038.5
394201
394408.5
394518.7
394758.7
394937.6
395067
395204.4
395309.5
395547.2
395551.4
395686.9
395725.3
395808.7
395819.1
395940.8
396104.5
396137.6
396446.1
396539.5
396560
396679
396681.6
396687.8
396701.2
396730.5
396836.5
396871.8
396881
396954.3
396962.4
396972.2
397027.2
397114.3
397138.2
397241
397354
397573.2
397581.5
397653.7
398097.3
398100.7
398132.5
398306.7
398339.2
398369.6
398374.4
398428.6
398462.5
398499.7
398578.8
398612.7
398625.5
398701.1
398718.3
398749.1
398835.4
398847.6
398868.4
398943.6
398946.1
398982.2
399099.3
399197.5
399318
399827.8
399907.2
400428
400605.1
400835.7
400874.2
401619.7
401714.7
401972.1
401988
402380.2
402395
402424.6
402687
402688.3
402692.6
402704.4
402758.3
402827.1
402872.9
402967.4
403062.5
403192.3
403280.7
403387.5
403450.6
403461.7
403508.3
403525.5
403554.6
403651.6
403792.6
403904.6
403968
403990.6
404011.3
404042.6
404102.7
404135.7
404150.1
404194.7
404253.3
404485
404541.2
404583.3
404590.9
404632.2
404847.4
405047.6
406834.8
407061
407137.8
407947.9
408939.3
410985.1
411544.8
413010.7
413337.5
413470.6
413664.9
413877
413895.9
413914.1
413989.1
414134
414139.9
414195.5
414229
414260.2
414261.1
414268.2
414335.3
414380.2
414386.1
414534.1
414618.9
414622.7
414649.1
414689.1
414714
414744.9
414792.6
414847.2
414935.7
415032.6
415068.7
415087.8
415091.5
415147.5
415229.6
415280.2
415284.7
415336.7
415530.5
415545.5
415567.4
415580.1
415605.8
415862.3
416014
416073.1
416143.7
416424.8
416889.6
417071.1
417251.4
417694
417807.3
417957.8
418066.8
418231.3
418246.8
418287.8
418320.3
418419.7
418448.3
418498
418517.2
418571.2
418606.8
418607.1
418613.4
418614.9
418652.7
418686.6
418689.1
418777.1
418887.8
418912.5
418982.9
419061.3
419135.9
419229.8
419371.4
419584.7
419790.8
419810.1
419942.1
419978.2
420259.4
421540.5
425278.3
425309.1
425404.4
425427.4
425463.8
425509.3
425588.8
425657.9
425658.9
425672.7
425711.8
425859.7
425906.2
426151.2
426216.2
426232.9
426296.1
426558.6
426578.4
426585.4
426597.8
426641.3
426642.4
426754.3
426787.8
426862.2
426950.3
427192.4
427433
427551.4
427565.9
427683.4
427752.1
427790.9
427797.6
427953.5
428013.3
428171.8
430442.7
430575.2
430586.7
430674
430725.6
430745.5
430785.5
430863.3
430889
430904.6
430955.6
430988.8
430990.6
431096
431111
431152.7
431218.8
431262.9
431263.6
431380.8
431471.2
431521.1
431609.2
431630.1
431884
431905.7
431955.2
432053.6
432114.4
432127.2
432451.9
432471.8
432781.4
432960.6
432995
433001.1
433042.2
433070.5
433136.7
433260.8
433476.9
433499.9
433540.9
433636.3
433678.2
433814.8
433850.7
433856.4
433861.5
433958.8
433978.4
433984.8
433993.3
434071.8
434135.2
434150.4
434170.4
434201.8
434268.1
434312.9
434358.5
434415
434498.6
434635.3
434830.9
434910.9
434946.8
434998.7
435026.9
435098
435122.3
435501.4
435528.3
435563.6
435608
435914.7
436198.9
436276.9
436346
436349.3
436386.8
436502.2
436689.9
436762.9
436818.7
436838.6
436877.4
436925.9
437093.3
437163
437183.6
437430.5
437577.5
437578.6
437631.1
437632.9
437757
437765
437878.8
437902.1
437904.1
438007.3
438057.1
438131
438169.8
438274.1
438297.7
438408.9
438422.4
438430.2
438439.4
438462.2
438487.6
438545.3
438593.2
438664.3
438677.8
438701.7
438762.5
438770.1
438814.7
438887
438916.6
438975
439016.6
439030
439060.1
439077.8
439097.2
439107.5
439157.1
439242.5
439260.8
439273.5
439288
439310.3
439373.4
439373.6
439406.5
439452.8
439517.2
439591.2
439684.5
439755
439756.6
439810.7
439868
439876.8
439886.9
439888.2
439910.3
439946.4
439954
439994.8
440044.8
440071.7
440137.8
440153.6
440205.4
440215
440222.4
440266.8
440283.1
440301.9
440381.9
440519.1
440563.5
440590.7
440961.1
440991.2
441260.2
441336.4
441600.9
444673
449081.5
453462.9
453698.6
453885.6
453932.6
453955.7
454065
454068.7
454152.5
454172.6
454178.5
454219.3
454232.8
454239
454244
454309
454336.7
454340.8
454345.6
454349.4
454715.8
455464
457740.4
457824.1
464051.5
468360.4
468546.5
468662.7
468664.6
468729.9
468865.2
468938.5
468943
468947.4
468961.7
469110.8
469220.4
469372.1
469427.6
469578.2
469583.9
469633.9
469744.3
469756.3
469873.6
469962.2
470030.8
470042.3
470049.5
470050.3
470067.7
470143.3
470210.3
470222.5
470288.6
470290
470299.1
470317.7
470323.6
470411.3
470569.5
470608.4
470662.6
470697
470703.4
470772.5
470775.9
470784.2
470834.3
470883.2
470920.5
470934
470954.3
470986.4
470990.3
471016.5
471022.4
471038.3
471094.5
471105.7
471122.7
471213.4
471229
471269.5
471283.2
471299.3
471386.2
471429.3
471454.2
471468.6
471485.1
471501.6
471523.6
471557.3
471597.2
471600.6
471661.3
471725.3
472011.4
472046.8
472058.6
472063.4
472112.8
472185.7
472188.4
472198.1
472204.1
472251.4
472295.4
472356.6
472428.9
472454.7
472516.6
472527.5
472875.1
473096.8
473569
473621.2
473755.1
474128.1
474133.3
474294.5
474301.7
474321.4
474504
474603.3
474642.2
474703.8
474808.4
474919
475257.4
475404.8
475831.1
475883.7
475968.6
476346.6
476536.3
476590.2
476602.4
476641
476824.6
476858.4
476900
477026.4
477162.3
477292.8
477323.4
477413.3
477447.5
477582.6
477653.9
477921
477941.9
478051.6
478075.9
478135.6
478459.7
478551.5
478889.9
478956.6
478988.2
479036.7
479061.9
479079.4
479408.8
479424.6
479438.7
479480.2
479562.3
479849.3
480141.9
480618.3
480795.3
481615.9
481901.2
482330.2
482474.4
482592.8
482605.5
482646
482693.1
482778.8
482816.1
482917.8
483300.7
483335.6
483374.8
483374.9
483462.2
483563.6
483674.6
483704.2
483727.9
483857.8
483952.4
484119.4
484313.8
484338.7
484393.6
484497.3
484648.9
484656.8
484769.5
484809.4
484825.3
484864
484897.4
484964.8
484972.3
484978.1
485020.3
485099.5
485130
485178.6
485250.8
485304
485390.5
485394.8
485426.4
485775.2
485810.1
485862.1
485934
486026.8
486376.4
486427.7
486432.6
486455.7
486489.8
486618.4
486680.2
486765.3
486769.3
487024.1
487127
487155.7
487409.6
487541.2
488850.4
489128.9
490085
490289.9
490712
490794
490922.2
491342.8
491431.1
491492.8
491604.2
491607.6
491950.5
491999.9
492036.5
492088.9
492217.3
492408.7
492416
492426.9
492432.4
492464.4
492546.3
492675.1
492771.9
492775.8
492970.4
493009.9
493225.1
493316.8
493319.7
493333.7
493394.3
493439.5
493463.1
493700.6
494014.5
494274.8
494442.4
494805.1
494820.4
495069.5
495648.5
495672
495684.3
495725.2
495743.6
496036.8
496507.3
496702.5
497082.4
497083.8
497113.2
498081.5
498454.9
498666.2
498668.1
498947
499407.1
499562.8
499640.4
500141.5
500564.8
500786.4
500955.6
501076.2
501308.3
501982.1
502074.3
502672.6
502775.6
502931
503216.6
503420.9
503648
503661.9
503762.1
503782.2
504153
504250.3
504266.9
504397.6
504628.2
504648.6
504792.6
505124.6
505346.7
505458.7
505530.6
505634.7
505652.1
505665.3
505730.3
505783.7
505789
505818.2
506007.1
506272.1
506488.3
506729.4
506742.6
507615.5
507689.9
508088.4
508106
508114.5
508145.5
508217.7
508354.7
508412.1
508524.6
508708
508830.6
508851.5
508892.1
508919.6
509106.6
509142.6
509288.8
509412.2
509418.4
509465.2
509579.3
509655.9
510065.3
510418.9
510709.1
510873.3
510912.1
511030.9
511128.9
511161.6
511275.2
511589.4
514526
514784.8
514970.8
516238.8
518205.4
518296.4
519123.3
520493.4
520503.3
520512.6
521081.9
521698
521702.8
521892.8
522232.8
522846.8
522895.2
522913.1
523225
523342.9
523647
523665.7
523720
524100.9
524186.9
524282.2
524764.6
527655.8
527678.5
527849
528231.5
528496.1
528519
528817.6
535238
535460.6
535544.1
535598.9
536360.7
536499.4
536519.6
536552.8
536841.2
536925.7
539384.7
539586
539619.6
541662.3
542011.7
542046.2
542802.1
543022.2
543030.4
543087.7
543131.4
543218.8
543336.2
543362.9
543400.9
543537.5
543577.3
543606.7
543663.3
543694.9
543730.2
543798.2
543818.6
543920.7
544007.2
544013.4
544054
544060.8
544109.3
544248.6
544259.6
544348.9
544386.3
544434.4
544456.7
544522.9
544663.1
544676.7
544709.5
544711.4
544731.2
544755.1
544759.6
544772.3
544787.8
544819.7
544837.9
544839.3
544854
544918.4
545004.6
545055.5
545061.1
545142.8
545166.8
545200.9
545227.2
545266
545275.1
545283
545287.5
545343.8
545377.7
545420.4
545495.4
545520.8
545687.3
545700.9
545732.7
545807.1
545868
545885.2
545970
546061.5
546083.3
546123.7
546132.2
546141.7
546182.1
546268.9
546425.2
546456.6
546519.1
546617.2
547012.2
548382.1
548697.9
548840.2
548933.4
548975.4
548998.3
549006.5
549081.7
550994.3
551008.7
551019.5
551023.7
551248.6
559808.4
561415.4
561558.6
567575.4
567811.8
571684.2
571698.7
571826.7
571950.2
572026.1
572071.3
572118
572118.9
572159
572261
572277.1
572309.3
572311.1
572315.3
572337.2
572367.3
572390.9
572419.6
572462.3
572524.5
572557.9
572724.1
572754.9
572783.8
572880.6
572894.7
572987.8
572991.5
573125.6
573162.4
573189.8
573367.3
573400.5
573432.9
573485.1
573563.5
573578.5
573580.1
573707.6
573709.9
573831.3
573885.3
573908.2
574054.2
574101
575318
576480
576481.6
577211.2
577471.1
577653.6
577821.3
579840.2
579888.8
586230.3
586803
586803.4
586896.8
587000.5
587790.4
588038.1
589690.4
589723.2
589797.6
589875.5
589911
589985.5
589991.9
590205.3
590364.6
590399
590429.3
590529.5
590711.3
593781.4
593864.9
593909.5
593973.6
593993
594132.3
594215.1
594222.3
594279.9
596840.4
596968.2
597172.3
597480.4
597933.8
597946.3
598255.9
599130.8
