1100.1
1142.6
1240
1313.8
1389.2
1404.7
1484.1
1541.5
1559.9
1579.8
1583.3
1620.7
1703.3
2345.5
2388.5
2457.1
2460.5
2594.6
2600.4
2610.6
2665.3
2687.7
2744.4
4812.5
4961.4
4981.7
4999.8
7063.3
7096.2
7165.6
8058.5
8059
8122.8
8242.2
8354.9
8391.4
8527.1
8575.1
8761.4
8973.6
8980.1
9040.6
9121.1
9212.5
9433.7
9469.8
9807.6
9854.4
9928.6
10263.1
10448.5
10461.6
10503.9
10572.8
10590.5
10655
10751.8
11072.2
13380.9
13456.1
13475.9
15398.3
16466.4
16590.5
16662.3
16683.2
16687.7
16729.2
16778.2
16787.9
16925
19976.5
20006.5
20104.1
21081.3
21122.5
21178.2
21180.4
21187.8
21360.9
21390.3
28917.7
29914
34079.5
34088.2
34106.4
34110.6
34194.3
34254.4
34259.7
34354.1
34370.1
34399.5
34413.5
34453.9
34574.9
34690.2
34729.1
34922.2
35940.1
35949.4
36036.3
36057.3
36296.1
36328.5
36384.3
36571.3
37617.2
37710.7
37739.4
38025.6
40444
40665.3
40669.2
42076.8
42098
42177.3
42187.7
42318
42369.6
42374.5
42432.9
42476.8
42519
42541.2
42594.5
46732.3
47713.2
47764.1
47770.7
47797.6
47826.1
47862.1
47962.9
47986.8
48102.6
48121.9
48202.1
48209.2
48399.2
48417.7
48496.4
48533.6
48631.1
48701.7
48754.3
48770
48776.8
48801.4
48828.8
48829.4
48943.5
49080.5
49106
49176
49251.6
49343.6
49356.3
49379.9
49496.5
49530.8
49811
49994.2
50070.2
50274.1
50393.4
50403.4
56221
56259.2
56431.8
56483.6
56556
56628.4
56700.8
56709.3
60455.6
60721.8
60950.5
61012.9
69170.3
69263.1
69274.6
69299.7
69332.9
69340.5
69377.1
69422.3
69437.1
69475.4
69506.3
69564.7
69583.5
69659.2
69691.6
70591
70707.5
70782.1
70795.2
70835.5
70872
70877.2
70910
70913.5
70993.5
71003.2
71023.7
71051.8
71054.7
71100.2
71100.9
71111.1
71254
71278.7
71363.1
71363.5
71408.7
71431
71471.5
71475.7
71511.7
71516.6
71545.5
71554.6
71569.1
71572.8
71807.3
71946.7
74329.4
74382.2
74507.1
74638.9
74737.4
74764.2
74798.3
74815.5
74856.4
74866.8
74934.2
74971.5
75061.7
75062.2
75368.7
75392.2
77845.6
77965.3
77968.9
78044.8
78116.9
78121.2
78361.8
78471.2
78488.6
78524.5
78575.7
78598.3
78876.7
79150.3
79187.7
79249.6
79467.2
79573.4
79602.9
84327.4
84508
84676.5
84699.4
84735.4
84756.6
84779.3
84849.7
84896
84906.1
84955.5
84983.6
85038.2
85078.1
85113.8
85132.7
85133.3
85222.6
85317.9
85321.9
85420
85464.5
85523.9
85644
85656.4
85714.9
85728.3
85777.8
85824.8
85924
85926
85981
86029.3
86249.1
86470.5
86616.2
86624.8
86898.9
87028.2
87094.8
87099.5
87440.3
87457.7
87726.3
87889
88010.9
88024.4
88083.6
88092.2
88187.2
88244.7
88282.9
88370.2
88539.1
88644.4
88646.2
88680.4
88726.1
88759.4
88820
88858.5
89055.9
89117
89183.1
89266.4
89313.9
89329.6
89350.3
90695.2
90789
104749.6
104790.3
105100
105493.5
107449.4
107474
107640.8
107856.2
107883.6
107963.4
107973.7
107985.9
108025
108038.5
108050.5
108072.3
108097.3
108104.1
108116.9
108124.4
108179.8
108213.5
108331.1
108331.4
108334.7
108409.8
108427.3
108560.9
108604.8
108605.1
108620
108666.9
108774.6
108854.2
108856.9
108893.3
108949.9
108999.3
109022.5
109130.7
109159.1
109245
109338
109389.1
109408.8
109416.7
109437
109636.9
109694
109730.8
109759.8
109819.3
109827.1
109834.1
109979.2
110132.1
110142.1
110162.7
110223.9
110331.5
110386.5
110493.6
110499.5
110562.4
110617.8
110652.6
110719.8
110775.5
110808.2
110854.9
112026.1
112090.6
112115.4
112252.2
112308.1
112320.8
112349.3
112374.3
112386.6
112450.1
112620.2
112644.6
112688.9
112698.8
112732.7
112793.9
112810.7
112843.4
115629.1
115768.3
115826.1
115897.5
116001.3
116086.9
116103.6
116143.6
116176.6
116199.3
116262.9
116306.6
116383.6
116461.2
116556.7
116692.4
116811.1
117006.8
117041.7
117106.1
117153.7
117163
117175.1
117229.4
117230.9
117231.7
117269.1
117379.5
117695
117872.8
121167.1
121219.2
121322.8
122197.9
122335.9
122448.9
124149
126623.9
126812.5
126973.4
127972.4
128015.4
128093.3
128218
128311.1
128312.3
128324.2
128358.8
128379.8
128384.5
128393.7
128399
128448.9
128556.4
128568.6
128574.2
128580.2
128610.3
128716.9
128720.1
128732.2
128732.3
128746.3
128784.5
128842.3
128845.3
128870.9
128963.9
129161
129845.2
129856.5
129910.7
130073.3
130078.7
130098
130170.5
130204.4
130243.5
130249.8
130258.8
130289.2
130304.7
130366.4
130374.6
130484.9
130540.4
130659.8
130981.1
131072.2
131209.9
131223.7
131821.5
133331.4
133859.4
134144.4
139644.5
139945.3
140333.1
140627.1
140810.4
140826.1
140907.1
140942.9
141021.3
141031.9
141066.4
141245.3
141245.8
141323.2
141330.4
141379.8
141411.5
141462
141526.2
141549.9
141573.4
141581.4
141618.8
141681.2
141763.8
141865.5
141877.6
142133.2
142144.9
142215.2
142262.3
142277.7
142335.5
142369.6
142437.2
142510
142537.7
142600.7
142633.4
142678.3
142719.4
142723
142730.2
142835.8
142856.1
142867.5
142881.4
142883.1
142887.9
142922.5
142993.2
143008.1
143096.2
143289.7
143344.4
143521.1
143637.6
143661.8
143671.3
143694
143698.5
143717.7
143802.9
143816.2
143825.2
143847.7
143859.7
143866.5
143906.7
143925.3
143936.8
144045.3
144099.7
144114.5
144150.3
144369.1
144468
144476.1
144616.6
144629.2
144644.9
144712.7
144728.2
144743.5
144766.5
144768.6
144787.1
144836.6
144885.7
145052.4
145145.9
145146.1
145215.3
145225.2
145333.5
145371.5
145390.2
145479.8
145526.3
145539.2
145612.8
145763.9
145774.4
145819.2
146041.9
146431.2
146621.6
146720.1
146924.5
147018.2
147022.5
147115.7
147142.2
147199.9
147341.7
147354
147428.1
147452
147652.9
147680.3
148252.9
148257.8
148403.3
148548.5
148646.3
148654.5
148716.8
148723.8
148881.6
148893.4
148913.1
148958.4
148997.5
149178.4
149382.2
149434.7
149548.5
149604.9
149615.6
149883.2
149915
149919.9
149965.4
149965.9
149979
150012.2
150150.8
150171.1
150305.3
150438.4
150447.3
150464.2
150513.9
150554.4
150756.2
150958
151299.4
151459.7
151545.9
151593.9
151738
151774.8
151872.9
151962.5
152101.4
152157.5
152374.3
152450.7
152477.2
152639.4
152752.5
152810.2
152816.6
152834.7
152868.3
152963.1
153279.6
153348.4
153494.3
153828
153941.7
154043.9
154205.1
154350.1
154502.8
154754.2
154884.5
155288.4
155550.2
155699.4
155957.2
156165.6
156194.1
156302.7
156307.1
156439.8
156580.5
156625.1
156659.3
156679.6
156919.7
156938.2
156993.2
157035.1
157066.1
157245.9
157278.7
157316.1
157336.9
157514.1
157828.1
157886.6
158138.5
158305.8
158501.4
158588.3
158647.8
158687.6
158743.1
158907.1
158920.7
159058.5
159114.7
159182.5
159379.2
159379.3
159383.4
159392.8
159526.6
159530.6
159572
159572.8
159615.3
159655.1
159675.3
159695
159889
159991.2
160091.5
160179.6
160216.5
160224.5
160330.9
160344.7
160517.8
160518.7
160532.2
160698
160856
160863.2
162837.8
162856.1
162888.6
162904.9
162925.3
162953.8
163001.6
163242.5
163315.8
163425.4
163425.8
163446
163449.2
163467.2
163471
163520.4
163605.5
163671.7
164017
164158.5
164416.9
164425.2
164585.6
164610.1
164801.1
164837.7
165840.6
165857.2
166152.7
167046.9
167233.5
167252.6
167265.8
167357.8
167385.9
167401.1
167488.1
167797.4
167886.6
167897.2
168063.3
168155.6
168167.2
168295.8
168624.9
168826.2
169981.3
170605
170861.6
170969
171086.3
171094.9
171122.2
171123.2
171276
171283
171301.5
172778.1
173063
173814.6
173825.5
173830.2
173847.1
173938.9
173968.8
173989.2
174010.1
174036.6
174139.4
174143.1
174151.4
174172.9
174173.5
174182
174278.9
174279.2
174325.3
174337.7
174373.1
174373.3
174532
177348.2
183241.1
183297.9
183793
184016.6
185246.9
185285.6
185368.3
185455.2
185494.1
185539.5
185561.3
185598.9
185624.4
185653.2
185679.4
185687.1
185765.3
185775.1
185778.7
185804.1
185808.2
185828.6
185835.3
185957.1
185957.6
185966.9
185972.7
185980
186045.2
186175.5
186188.7
186220.5
186237.8
186244.6
186365.2
186438.6
186591.7
186611.4
186655.9
186688.9
186889.7
187452.3
187458.1
187748.4
188242.9
188261.2
188262.8
188303.6
188365.8
188382
188391.5
188493.1
188512.8
188562.6
188608.3
188608.7
188644.1
188645.3
188677.8
188733
188898.8
191879.9
192000.7
196214.8
196360.3
196824.7
196882.4
196962.2
197037.7
197053.3
197176.5
197275.9
197484.8
197698.7
197719.5
197857.1
197857.7
197917.8
197959
198010.3
198096.9
198152.8
198211.5
198236.2
198317.4
198432.5
198467
198612.3
198641.3
198727.4
198776.8
198787.9
198791.5
198800.8
198819.6
198847.9
198870.1
198915.9
198956.4
198986
199023.7
199032.1
199053.7
199062.8
199076.6
199126.9
199136.4
199319.2
199371.7
199429.6
202807
203335.7
205828.7
205906.7
206310.9
206459.6
206692.7
206704.5
207226.6
207249.8
209964
210097.5
210101.7
212187.1
212193.1
212410.2
212426.5
217126
217245.6
217624.6
217861.8
217871
217900.7
218289.7
218401.4
218438.9
218446.4
218482.9
218545.2
218820.8
218849.3
219043.2
219100.2
221534.9
221865.2
222702
222938.9
223207.5
223207.9
223403.6
225705.9
225943.7
226063.6
226214.2
226322
226326.3
226377.9
226399.3
226484.5
226538.5
226582.8
226601.1
227025.2
227053.4
227640.8
227731.1
227736.4
227754.6
227842.3
228226.1
228250.5
228378.8
228466.8
228541.2
228547.4
228872.1
228972.5
229176.7
230677.3
230926.3
234828.8
235796.7
235923.8
236046.5
236072.4
236128.5
236440.7
238956.6
238974.9
239031.8
239109.9
239111.1
239186
239203.2
239512.7
239580.8
239621.1
239683.4
239684.2
239700.4
239732.5
239746.4
239962.2
240010.2
240061.7
240253.5
240293.3
240323.5
240330.4
240587.8
240904.2
241040.9
247518.2
247794.4
247825.3
248897.2
255127.4
255411.4
255549.5
255567.3
255826.4
255847.2
255899.2
256024.3
256025.8
256139.8
256293.6
256327
256844.8
257221
257597.5
257889.4
258056.9
259708.8
259717.8
259761.2
259808.3
259876.7
259903.3
259909.8
259943
260006.4
260090.2
260184.3
260190.6
264252.9
264278.7
264404.9
264410.9
264558.3
264559.9
264600.2
264606
264617.5
264663.2
264742.9
264743.4
264774.8
264859.6
264922.5
264926.5
264948
265030
265046.9
265217.8
265281
265356.8
265417.4
265442.5
265645.6
265726.2
265799.9
265827.7
265951.3
265982.6
266335.5
266345.8
266396.1
266410.2
266419.4
266478.5
266531.2
266539
266546.8
266558.6
266669.1
266720.2
266776.6
266777.5
266794.6
266837.3
266849.4
267065.8
267254.7
267507.9
269763.3
269890.8
269904.9
278586.1
283047.6
283124.2
283219.2
283246.8
283302.2
283303.5
283342.7
283385.7
283387.3
283460.9
283487.3
283609.7
283642.6
283721
283732.7
283735.4
283765.8
283848.3
283886.5
283912.5
283917.1
283954.4
284037.1
284038.7
284101.3
284175.6
284288.7
284294.3
284317
284419.9
284420.9
284485.8
284522.3
284523.9
284549.3
284664.3
284702.1
284716.1
284732.6
284755
284804.7
284929.5
285011
285028.9
285055.8
285116.3
285293.2
285357.8
285397.4
285438
285479.6
285597.7
285662.2
285878.8
285890.4
285892.6
285919.6
286071.7
286095.6
286110.4
286114.4
286181.2
286294.5
286405
286452.4
286499.9
286546.8
286549.3
286623.9
286693.7
286834.8
287063.9
288331.2
289481.9
289796
289984.7
291402.8
292040.3
294026.1
295487.2
295649.8
295653.3
295764.1
295855.1
296452.1
296950.3
297078
297084
297107
297258.1
297298.1
297307.2
297395.6
297532.1
297872.7
304596.8
304712.9
305000.7
305219.6
305239.4
305396.6
305663
305790.6
305856.3
306164
306239.8
306287.1
306321.1
306610.3
306621.2
306646.8
306651.9
306703.3
306890.6
306904.8
306986.1
306987
307037.5
307073.4
307217.4
307403.8
307523.9
307870.6
307944.7
307966.7
307975.1
308172.6
308213.3
308331
308392.4
308581.4
308614.5
311807
311861
311905.4
312107.1
312235.8
313422.6
313476.5
313532.2
313555.8
313585
313600.5
313612.2
313631.6
313633.4
313827.3
313827.4
313866.7
313878.9
313884.7
314022.9
314070.7
314081.5
314099.2
314117.1
314138.3
314290.9
314334.5
314434.7
314446.7
314453.9
314508.3
314524.6
314609.7
314739.7
315049.7
315081.9
315121.8
315145.8
315420.7
315565.6
315588.9
315693.3
315853
315896.6
315909.6
315933.9
315970.1
315976
316009.3
316072.9
316141.9
316187.3
316369.2
316377.8
316484.2
316543.1
316771.3
316873.8
317228.6
317246.3
317402.6
317664.4
317798.2
318430.6
318600
319306.8
319477.2
319599.9
319629.6
319707.9
319826.7
319841.4
319858.1
319891.9
319909.2
319946.2
322644.2
322771.6
322836.6
323016.5
323063.2
323069.9
323086
323152.3
323224.6
323368.6
323700.4
323706.4
323741.3
323863.1
323916.7
324516.1
324584.6
324657.2
324731.1
324777.8
324845.2
324881.8
325011.5
325078.8
328477.1
329138.3
335609.4
335634
335674.9
335759.4
335849.2
336006.2
336091.4
336247.1
336730.5
340290.9
340292.9
340391.7
340395.8
340530.7
340594.6
341021.2
341126.5
341451.3
341492.5
341605.3
341674.8
341921.5
347749.6
347912.3
348019.4
348077.5
348133.4
348136.5
348172.1
348182.1
348262
348281.9
348287.2
348430.7
348499.2
348579.3
348608.7
348692.8
348727.2
348921
349020.5
351041.5
351115
351221.1
351420.7
351435.7
352626.1
352683.3
352741.1
352763.4
352780.8
352796
352953.9
352969.4
352987
353009.9
353012.5
353046.7
353061
353103.3
353119.7
353165.6
353171.6
353265.6
353456.4
353544.8
353580.6
353609.8
353786
354871.4
354983.5
355205.6
355309.3
355368.3
355372.2
355385.1
355391.9
355416.5
355439.1
355520.8
355521.4
355544.1
355580.8
355773.1
355785.7
355787.8
355856.2
355878.2
356015.3
356104
356125.6
356126.5
356181.2
356261.9
356572.8
356723.7
356725.9
356816.7
356837.8
357005.3
357065.4
357192
357237.4
357359.8
357415.2
357481.1
357612.6
357631.4
357710.2
357877.1
357961
358252.6
358354.6
358372.4
358462.8
358543.6
358574.2
358579.2
358583.5
358607.4
358632.1
358692.5
358695
358763.4
359012.4
359079.6
359220.4
359226.1
359295.7
359297.6
359407.1
359419.8
359434.5
359561.4
359577.6
359624.2
359805.9
359939.4
360041.5
360153.6
360310.1
360387.7
360963.1
361027.2
361317.6
361342.7
361768.1
361805.9
361978.8
361994.3
362077.4
362183.1
362247.3
362826.4
363464.2
363697.3
364410.5
364433
364623.3
364831.1
364983
365028.5
365131.6
365280.3
365320.7
365802.2
366040.4
366099.7
366230.2
366740
366784.6
366852.5
367098.9
367439.2
368649.6
375847.2
376073.9
376102.2
376342.2
376390.9
376399.1
376492.2
376618.1
376618.7
376626.7
376799.8
376807.4
376815.7
376827
376830
376840
376912.4
376967.2
376999.9
377079.5
377136.6
377176.4
377203.9
377289.1
377290.9
377323.6
377374.2
377483
377598.5
377665.2
377728.6
377738.5
377743.8
377758.9
377884.2
377974.1
377988
378007.2
378042
378065.9
378080.9
378155.3
378161.9
378444.2
378514.5
378653
378653.1
378741.9
378939.8
378977.7
379050.2
379247.9
379488.3
379511.7
379608.9
379626.5
379735.1
379846
379861.6
379890.6
380049.8
380322
380324.9
380427.2
380551.4
380620.4
380637
380963.5
381169.1
381290.4
381376.3
381390.1
381422.1
381451.7
381500.1
381579
381583.5
381586
381604.5
381666.6
381743.6
381751.2
381785
381890.7
381952.2
382089.1
382093.6
382095.1
382120.1
382169.3
382218.6
382280.5
382325.2
382373
382468.6
382471.1
382496.4
382499.4
382506.8
382623.9
382649.2
382698.5
382790
383132.6
383156.8
383331
383441.1
383444.6
383495.9
383525.4
383526.1
383540.3
383586.8
383593.4
383713
383801.2
383874.2
383900.1
384000.5
384129.3
384144.7
384183.4
384336.8
384433.5
384443.5
384555.1
384655.7
384714.4
384874.5
384924.4
384957.2
385038.3
385105.7
385132.5
385143.3
385188.1
385221.5
385245
385282
385386.2
385440.6
385474.3
385651.5
385673.2
385699.9
385826.5
385863.4
385904.6
385912.7
385957
385957.2
385981.6
386002.5
386155.1
386169.1
386265.3
386277.1
386300.8
386341.5
386391
386421.6
386448.2
386476.5
386539.2
386549.4
386563.4
386575.7
386583.8
386637
386749
386753.9
386830.3
386859.5
386880
386892.3
386912.1
386920.5
387004.1
387058.9
387073.1
387095.6
387168.8
387194.4
387227.3
387254.2
387287.9
387336.9
387366.7
387370.4
387382
387397.9
387417.5
387441
387604.1
387646
387714.8
387827.3
387947.7
388078.2
388168
388304.1
388360.1
388366.3
388381.1
388484.6
388504.1
388561.3
388579.7
388579.8
388611.8
388664.1
388745.1
388748
388806
388990
388992.4
388993.8
389090.7
389121.6
389154.6
389171.3
389184.4
389277.6
389458.9
389760.6
390335.8
390555.6
391042
391134.2
391169.4
391345.4
391651.2
391840.4
392009.4
392176.5
392381.7
392382.1
392453.5
392466.5
392473.5
392498.7
392533.6
392546.8
392564.9
392610.9
392639.5
392654.1
392666.8
392721.5
392843.1
392845
392863.8
393015.6
393088.3
393178.7
393198
393299.4
393354.5
393447.2
393495.7
393739.7
393866.6
394330.6
394474.9
394534.8
394575.2
394590.3
394592.4
394646.9
394693
394729.8
394864.9
394879.8
394978.1
395205.4
395275.3
395448.4
395461.1
395585.9
395718
395777.5
395822.8
395837
396051.9
396111
396122.6
396130.5
399602.9
399815.8
399849.1
399964.6
400034.5
400067.6
400097.8
400122.7
400198.6
400257.7
400296.8
400303.1
400327.1
400385
400473.5
400506.3
400564.9
400574.9
400592.2
400658.6
400840.2
400849.9
400886.1
401009.7
401084.2
401137
401139.9
401281.6
401292
401372.8
401444.7
401485.8
401567.3
401720.5
401776.1
401836.9
401900.1
401908.1
401915
401927.5
402060.8
402146.3
402221.8
402281.8
402302.6
402314.8
403593.6
403802.7
404109.1
404573.7
404642.4
404656.7
404702.9
404913.9
404926.1
404928.6
405052.4
405072.1
405122.4
405123.7
405220
405354.6
405416.4
405534.1
405552
405587.5
405652.4
405702.6
405723.8
405732.3
405757.2
405851.3
405900.4
405929.6
405992.3
406002.2
406089.9
406122.9
406130.4
406348.7
406403.9
406553.8
406554
406576.7
406599.8
406635.2
406797.4
406825.8
407035.4
407044.1
407097
407118.4
407208
407299
407365.6
407393.5
407468.3
407511.3
407560.5
407599.2
407652.4
407759.8
407761.6
407828.6
407945.5
407951.3
407986.6
408007.7
408065.2
408070.8
408102.7
408208.5
408252.4
408258.3
408296.2
408302.1
408302.6
408338.9
408389.7
408411.1
408446.7
408464.5
408504.8
408566.2
408566.6
408567.8
408617.7
408664.7
408838.8
408877
408888
408953.5
408970
408974
408988.3
409009.8
409020.5
409051.5
409057.5
409124.5
409177
409225
409239.9
409263.1
409291.5
409370.6
409393.1
409396.6
409435.1
409496.4
409585.6
409622.8
409686.9
409718.1
409751.6
409777.4
409790.6
409822
409942.4
409953.5
409975.3
410088
410113.8
410170.3
410185.3
410215.7
410233.7
410237.4
410297
410305.3
410336.8
410372.2
410378.1
410392.7
410416.9
410486
410532.5
410566.4
410607.6
410635.2
410653.5
410695.8
410729.7
410736.1
410781.3
410789.7
410803
410818.9
410883.1
410937.4
410966.6
411062.8
411064.1
411070.2
411078
411101.7
411128.2
411161.6
411305.5
411308.8
411402.6
411720.4
411785
411825.4
411868.2
411968.8
411992.4
412126.7
412397.9
412754.2
412806.6
412845.1
413017
415778.8
415791.1
415806.6
415967.9
416045.5
416154.4
416196
416227.7
416330.2
416330.6
416573.8
416622.6
416930.5
417008.7
417078.9
417141.2
417282.7
417295.2
417298.9
417331
417347.6
417350.8
417403.6
417407
417432.6
417639
417723.9
417878.7
417896.2
417950.9
417974.8
419875.6
421165.3
421262.3
421459.7
426012.2
426019.9
426027.4
426112.6
426323.6
426620.1
427790.4
427883
427989.1
427998.2
428008.5
428014.3
428430
429270.2
429384.3
429392.6
432328.3
437336.6
437436.5
449233
450839.5
453253.7
453434.3
453520.7
453533.2
453576.3
453632
453673
453688.4
453856.2
453964.2
454010.7
454027.3
454115.3
454118.3
454133.8
454160.5
454165.5
454190.9
454512.7
456891.7
457084.8
457330.3
457333.5
457406
457475.3
459417.9
459478.3
460755.2
460768.4
460863.2
461024.4
461075.5
461184.4
461191.8
461363
461545.1
461669.9
461751.1
462524.7
462557.3
462584.8
462659.1
462659.2
462718.6
462722.5
462743.4
462859.5
462938.2
462953.7
463199.2
463208.3
463213.8
463415.8
463426.4
463426.5
463471.5
463474.4
463535.3
463574
472653.9
472741.4
472860.3
473055.8
473558.1
473700.2
473828.6
473907.9
473960.4
474011.6
474048.1
474292.9
474296.2
474464.8
474493
474618
474835
474883
474920.5
474984.4
475404.8
475570.5
475802.7
475861.7
475889
475897.4
476364.4
476395
476621.9
476872.8
476873.2
477177.3
477223.3
477364.3
477365.7
477417.3
477982.1
478140.3
478165.9
478270.8
478385.2
478666.9
486187.1
486267.2
486279.8
486535
486782
486900.6
486921.1
487024.5
487066
487141.3
487145.1
487451.9
487459.8
487484.2
487511.1
487554.2
487618.2
487629.4
487764.3
487809.5
487829.4
487896.1
487932
487941.4
487947.9
487968.6
487982.5
488055.1
488160
488229.1
488242.9
488254.9
488338.7
488361.9
488372.2
488467.1
488467.4
488593.3
488637.5
488734
488852.4
489028.8
489157.7
489282.9
489451.2
489498
489514.4
489590.6
489649.9
489703.7
489744.3
489813.6
489851.5
489878
489934.2
490064
490069
490146
490160.6
490308.1
490372.9
490373.5
490426.8
490428.7
490448
490527.3
490605.9
490609.4
490726.4
490751.1
490752.4
490782
490788.5
491086.9
491266
491344.7
491375
491382.2
491517.1
491664.7
491671.8
491732.4
491926.8
492023.5
492026.6
492046.5
492132.7
492138.6
492266.4
492279.9
492362.5
492387.8
492603.9
492685.6
492701.4
492992.9
493062.6
493108.3
493122.7
493229.5
493426
493562.9
493678.9
493685.2
493698.4
493716.4
493766.1
494235.3
494289
494324.9
494382.5
494412.6
494496.2
494644.9
494669.4
494671.9
494680.4
494690.7
494703
494746.8
494771.6
494806.6
494896.8
495142.9
495172.9
495177.1
495194.6
495202.4
495293.6
495325.7
495378.4
495484.1
495596.8
495643.1
495653.7
495666.5
495701.1
495742.3
495748.1
495927.7
496118.3
496141.6
496162.8
496436.1
496505.6
496549.2
496566.4
496715.3
496802
496851.7
496941.9
497019.8
497150.5
497217.4
497244.4
497320.4
497408.5
497439.1
497527.5
497571.9
497575.4
497594.9
497599.4
497623.6
497688.2
497693.9
497719.4
497730.1
497818.5
497898.5
497937.8
498212.3
498315.2
498377.7
498407.1
498442.3
498473.1
498473.9
498712.8
498718.1
498718.3
499092.9
499206
499220
499332.2
499386
499448
499484.9
499555
499572.9
499670.2
499824.2
499874.5
499914
500040.9
500097.3
500190.1
500217.6
500264.7
500310.1
500400.6
500472.6
500489.4
500653.4
500658
500690.5
500715
500751
500787.5
500836.9
500913
501122.4
501136.3
501317
501447.3
501478.1
501542.2
501585.3
501590.9
501905
501925.3
502032.4
502083
502125.4
502207.9
502376.3
502386.6
502433.9
502512.3
502544.9
502591.5
502598.8
502798.6
502825.4
502851.9
502880.5
503005.4
503054
503182
503284.7
503361.6
503497
503753.6
504189
504193.5
504463.6
504509.1
504517.5
504596.1
504638.8
504659.4
504705.6
504924.9
505099.8
505245.1
505775.7
506115.5
506155.7
506338.2
506468.2
506482
506516.7
506553.6
506575.1
506652.4
506708.9
506746.4
506783.6
506817.5
506896.4
506934.3
507023.9
507050.1
507104.8
507395.4
507455.6
507857.4
507905.6
508055.9
508067.8
508153.5
508216.8
508580.2
512427.6
528661.4
532481.7
533667.3
533754.2
533875.5
533918.2
534001.6
534070.5
534092.8
534139.4
534203.2
534536.7
537278
537346
537702.9
538251.7
540721.7
542377.7
542554.4
548470.1
548503.7
548759.7
548845.3
548897.5
548903.2
548908.7
549012.8
549053.5
549147.1
549147.4
549357.9
549365.7
549409.3
550804.2
550868.2
550879.2
550879.8
550886.6
551064.3
551303.1
551401.2
551447.1
551580.6
551582.1
551648.3
553051.8
553625.3
554040
554082.3
554298.7
554356.5
554450.7
554518.7
554652.7
554695.5
554764.8
554815.8
555021.2
555100.7
555106.6
555136.4
555184
555235.7
555293.9
555340.3
555348.4
555350.7
555361.4
555379.1
555380.3
555387.3
555465.4
555500.6
555571.6
555586
555610.2
555618.2
555624
555629.4
555661
555670.4
555678.7
555750
555802.1
555877
555913.3
556008.1
556152.7
556244
556252.6
556267.1
556299.7
556461
556493
556548.8
556551.7
556640.9
556651.6
556672.5
556709.4
556724.9
556738.5
556778
556785.2
556895.9
556937.5
557057.1
557090.8
557104.5
557124
557250.1
557252
557291.9
557410.6
557418.2
557455.2
557459.6
557470.2
557506.7
557515.4
557533.1
557611.1
557617.1
557788.7
557795
557807.4
557821.4
557860.1
557873.4
557957.3
557958.3
558050.6
558165.7
558264.1
561208.9
562757.1
567189.8
567192.9
567204.9
567228.5
567592
571424.4
571523.8
577685.7
577753.4
577779
577821.3
577821.8
577829.9
577950.6
577992.2
578001.7
578027.1
578038.5
578069.2
578091.8
579755.4
579903.8
579967.5
581081.2
581121.7
581257.1
581343.1
581389.2
581404.6
581437
581468.9
581500
581503.3
581579.6
581591.1
581632.6
581689.8
581716.4
581838.8
581853.5
581870.5
590021.6
590030.1
590158.1
590207
590214.2
590233.7
590287.5
590338.2
590368.5
590405.3
590459.4
590671.3
590899
595789.2
595867.8
595916.9
596153.1
597739.6
597782.2
597799.9
598219
598281.6
598381.8
598394.5
598708.6
598726.8
599745.4
