2083.2
2976.2
2984.8
2991.8
3054.6
3059.8
3078.6
3165.9
3183.2
3240.8
3265.3
3358.1
3370.4
3433.7
3475.4
3477.1
3505.5
3515.3
3551.7
3557.2
3588.5
3602.8
3615.4
3656
3691.7
3696.2
3728.9
3758.4
3764.7
3795.5
3827.1
3862.4
3868.5
3886.6
3917.9
5497.2
5678.4
5721.5
5859.9
5864.7
5901.8
5938.2
6001.1
6009.6
6022.2
6036.6
6094.8
6207.3
6211.5
6234.3
6256.8
6285.1
6304.1
6304.7
6340.8
6344.6
6349.4
6383.5
6464.7
6498.6
6547.8
6637.5
8431.1
9756.4
9911
9957.6
10208.2
10621.1
10792.4
10846.1
12993.5
13077.7
13294.9
18016.8
18266.2
18346.9
18415.8
18609.4
18645.4
18648.9
21453.2
22977.8
23096.8
23104.2
23128
23220.4
23314.5
28636.6
28696.6
28702.2
28780.4
28868
29089.7
29131
29162.6
29164
29295.6
29376.1
29439.3
29453.2
29646.7
29661
29821.6
29912.3
30017.6
35780.5
36530.5
36536.1
36556.2
36576
36585.7
36668.3
36701.8
36706.1
36726.4
36728.4
36749.6
36751.4
36764.9
36821.2
36866.7
36910.5
36910.9
36912.4
36947
36948.3
37001.9
37064.3
37165.6
37353.2
37397.3
37505.5
37505.7
37510.8
37551.1
37579
37727.5
37741.9
37745.4
37763.4
37890.1
38779.6
38864.2
41484.2
41553.5
41617.2
41638.7
41717.2
41779.7
41782.3
41824
42665.6
42698.7
42715
42726.1
42769.5
42814.6
42820
42838.1
42869.1
42927.6
42941
42974.6
42999.6
43080.1
43122
43274.8
43299.6
43502.9
50548.4
51586.2
51841.4
52075.4
52306.4
52330.8
54490.9
55063.3
55178.1
55249.8
55314.4
55400.6
55480.9
55531.3
55993.4
56151.2
56221.7
56233.8
56240.3
56256
56261.3
57181
57212.9
57223.8
57240.1
57268.9
57315
57321.6
57396.9
57651.8
58620.5
58682.5
58733.4
59598.6
60164.1
60284
60315.7
60321.9
60453.7
60458.3
60458.5
60540.7
60588
61885.5
61970.1
62117.8
62125.6
62216.6
62276.1
62468.7
65247.2
65284.3
65325.9
65437.3
65524.7
65789.8
65812.7
66051.7
67155.2
67159.1
67235.2
67287.6
67311.4
67333.9
67377.5
67381.8
67529.7
67562.8
67606.4
67614.3
67647.9
67682.7
67695.7
67706.3
67749
67775.1
67822.6
67831
68036.6
68047.1
68121.4
69060.8
69069.3
69272.7
69287.3
71909
72173.2
72272.9
72664.4
72692.9
72776.5
72842.7
72854.5
72956.9
73018.5
73073.6
73073.7
73117.2
73154.1
73197.6
73200.4
73218.4
73228.3
73236
73350
73360.2
73388.5
76617.7
76674.2
76776.8
76885.3
76919.7
76973.7
77096.5
77182.8
77375.4
77381.3
77411.1
77425.3
77531.1
77541.7
77624.6
78139.5
79057.7
79083.3
79311.8
79386.6
79792.2
83667
84003.7
84024.5
84132.1
84145.6
84166.4
84252.5
84431.7
84466.9
86424.9
89661.9
89670.8
89671.5
89698.6
89833.7
89923.1
90178.9
90269.6
90946.1
90960.4
90963.2
90980.3
91073.1
91158
95905.9
103306.2
103666.4
103863.8
104186.9
104272.3
104404
104490.2
104713
105763.8
105826.3
105831.6
105836.6
105892.4
105900
105900.4
105920
105938.9
106051.7
106167.9
106217.4
106217.5
109875.9
110660.8
113556.7
113585.1
113644.4
113784.1
113822
113859.6
113865.9
113906.1
113979.9
114016.2
114026.7
114041.7
114067.7
114073.8
114186
114286.4
114317.5
114497.7
114505.6
114551.7
114736.4
114747.9
114775.6
114801.6
114918.9
114966
114999.3
115025.5
115049.5
115050.9
115113.2
115174
115237.2
115270
115273.5
118132.5
118214.4
118232
118297.3
118434.6
120424.3
120602.5
120636.1
120641.3
120699.2
120745
120839.8
120919.6
120974.1
120975.3
121017.7
121059.9
121068
121178.5
121309
121355.3
121909.9
121916.8
122012.1
122016.8
122143.7
122189.4
122226.1
122382.2
122490.2
123065.2
123550.2
123662.5
123778.9
123839
124055.7
124064.7
124420.2
124493
124573.8
124602.9
124604
124946.2
125048.3
130658.8
130987.4
131417.5
131527.2
131527.8
131545.2
131557.3
131563.5
131634
131650.3
131686.2
131723.6
131758.1
131768.9
131802.2
131978.5
132008.7
132117.5
132300.1
132582.3
132805.8
132830.2
132911.8
133293.6
133401.7
133608.5
133641
133933.4
134288.4
134557.2
135438.1
136080.2
138894.3
139428
142185
142386.6
142553.7
142618.6
142963
143057.7
143113
143206.7
143329.9
143560.6
143806.1
161601.4
161657.7
161689.9
161692.5
161695
162832.4
163019.3
163302.9
163460.3
163484
163545.5
164025.8
164105.6
164123.1
167252.9
167584.1
168118.3
168251.2
168258.3
168352.4
168371.1
168467
168610.9
168648.2
168948.9
171950.3
172395.3
172435.2
172457.3
172473.4
172487.8
172499.5
172503.3
172587.5
172785.2
174100.5
174158.1
174290.5
174298.5
174473
174515.9
176094.4
176289.6
176371.9
176437.9
176826.6
176875.2
176903.1
176925.2
176954.2
177029.8
177058.1
177066.3
177110
177157.9
177172.2
177201
177247.5
177313.5
177322.8
177466.7
181015.5
183278.6
183357.5
183409.3
183533.7
183622.5
185248.1
185288.5
186226
186450.8
186464.7
186544.5
186875.8
186879.3
186909.6
187469
187484.1
187549.7
187620.2
187645.8
187845.3
188169.5
188196.5
188268.4
188321.2
188373.1
188433.9
188564.3
188615.4
188637.6
191074.2
193769.4
193795.2
193805.5
193810.8
193853
194121.7
194193
194249.2
194551.8
194833.6
194912.9
194915.3
194932.2
194943
194943.5
195023.4
195624.2
195706.8
195830
195870.8
195980
196025.2
196052
196069.6
196076.1
196151.4
196202.8
196469.1
196736
196862.3
197146.2
197909.7
198600.5
198853.9
200099.2
202015.5
205740.1
206117.8
206150.9
206193.3
206745.4
206915.4
206942.8
207152.8
207160.5
207384.1
210519.8
210555.7
210594.8
210825.2
210867.3
210934.8
212711.7
212750.3
212751.3
213107.8
213144.3
214523.6
214537.7
214785.9
215106.6
215396.8
215433.8
215630.7
215680.7
215771.6
215859.6
215876.3
215903.3
215915.5
215976.8
215995.9
216041.5
216074.1
216179.6
216221.3
216350.1
216373.2
216412.5
216427.1
216475.2
216477
216483.9
216486.4
216519.2
216528.4
216531.3
216646.9
216742.5
216794.7
216838.7
216863
216896.8
216943.7
216964.3
217049
219378.2
219420.8
219422.4
219480.5
219590.3
219650.8
221160.1
221225.6
221425.4
221534.6
221602.3
221616.7
221675.7
221728.7
221738.1
221892.5
221925.8
222027.4
223196.7
224104.6
224151.8
224267.6
224314.3
224332.8
224353.5
224414.1
224432.2
224570.8
224643.1
224667.9
224728.2
224819.8
224838.5
224862.9
224895.3
225532
225630.6
225745.1
225756.2
225772.5
225798.8
225880.9
228015.4
229514.4
229919.1
234208.3
234223.2
234295.8
234320.4
234356.6
234423
234431.1
234453.7
234559.4
234571.1
234602.9
234637.9
234671.9
234692
234735.4
234784
234801.6
234817.1
234861.7
234901.9
234909.1
234911.2
234917.4
234984.1
234993.6
234995.9
235049.2
235120.6
235120.8
235137.4
235139.6
235165.5
235183.7
235205.2
235244
235375.4
235428
235444.2
235491.1
235517.7
235585.8
235602.5
235666.2
235771.5
235835.2
235864
235877
235890.5
236022.3
236124.1
236243.8
236342.6
236348.3
236368.7
236449
236459.9
236478
236485.6
236532.7
236552.9
236613.3
236617.7
236717.7
236802.5
236841.4
236845.2
236856.5
236865.8
236929.7
236949.6
236978.3
236990.1
237083.6
237090.8
237205.7
237337.1
237379
237674.8
237698
237732.5
237775.7
237808
237891.7
237916.7
237959.4
237970.8
238045.9
238054.2
238074.9
238202.7
238311.3
238425.7
238425.9
238429.5
238518.2
238723.2
238764.1
238804
238897.1
243161
246965.2
247079.1
247131.8
247201.6
247292.7
247427.7
247539.5
247544.4
247620.9
247627.8
247639.7
247645.6
247689.9
247729.5
247744.8
247867.4
247892.6
247956.3
248063.5
248103.6
248147.4
248312.1
248323.9
249786.5
249816.9
249952.3
249994.8
250003.7
250025.9
250031.3
250033.6
251175.6
251261
251562.7
251642
251711.3
251715.1
251882.4
252279.7
259538.6
259563.2
259591.1
259605.3
260349.4
260391.9
260441.3
260498.7
260506.7
260510.5
260522.9
260536.1
260551
260565.1
260586.6
260656.5
260684.7
260702.2
260758.3
260941.6
261021.3
261031.6
261110.3
261355.6
261413.4
261420.1
261440.3
261469.9
261500.9
261559.5
261656.6
261746.4
261747.6
261785.5
261906.1
261983.9
262012.7
262022.1
262034.6
262083.1
262148.3
262198.2
262237.5
262302.3
262374.3
262450.9
262574
262819.1
262822.4
262836.9
262908.9
262916.5
262941.2
262966.4
262973.1
263012.3
263189.3
263753.5
263797.5
263886.7
263981.1
268636.1
270055.7
272943.3
275094.4
275172.9
275360.7
275524.4
275561.9
275588.3
275687.1
275845
275892.1
276985.4
277003.3
277007.7
277021.9
277030.1
277034.5
277110.3
277163.2
277192.3
277328.7
277431.9
277520
277543.9
277616.8
277654.6
277801.7
277806.3
277865.1
277895.1
277943.2
277963.9
278168.1
287966.7
288032.1
288215.3
288239
288288.5
288340.9
288499.3
288527.5
288766.2
288893.5
288950
289259.6
289322.9
289470.7
289759.8
290145.4
290321.8
290331.9
290364.9
290384.5
290469.5
290475.8
290491.1
290664.7
290725.8
290737.4
290793.2
290832.5
290846.3
290871.9
290906.4
290923.4
290944.1
291034.6
291079.5
291171.3
291213.6
291419.3
291534.3
291534.7
291579.6
291642.5
291646.9
291683.1
291735.4
291906.4
291922.9
291971.5
292129.1
292285.7
292347.9
292349.5
292534.2
292643.6
292648.4
292663.3
292746.1
292921.4
292926.4
293066.2
293147.3
293224.2
293227.5
293280.4
293282.8
293307.2
293319.7
293340.8
293345.5
293488.1
293498.5
293565
293676.2
293883
294041.8
294063.3
294095.8
294395.6
294524.2
294568.9
295075.2
295075.6
295262
295291.6
295307.8
295372.8
295404.1
295579.1
300453.2
300564.3
300614.9
303261.2
304313.9
304808.4
304844.1
304976
305224.8
305237.9
305421.5
305925.6
305996.8
306009.9
306152.1
306180.9
306216.1
306231.2
306241.3
306249.6
306260.3
306313.8
306392.3
311247.9
311296.9
315054.6
320809.6
321148.8
321528.3
321892.7
322182
325625.4
325665.8
325688
325691.3
325735.4
325820.4
325848.2
325881.3
326010.9
326018
326319.3
326850.5
327074
327087.6
327148.2
327235.3
327510.1
328198.4
328716.4
330119.2
330207.4
330212.1
330331.6
330365.3
330369.9
330500.2
330521.6
330561.4
330585.5
330645.2
330657.7
330719.2
330734.5
330766.8
331018.1
331043.6
331078
331305.2
331309.6
331374.1
331429.3
331546.7
331604.2
331679.7
331770.6
331863
331888.2
332047.6
332461.1
332759.8
332780.9
332960.1
333013.1
333072.9
333083.7
333442.9
336511.4
336626.3
336634.3
339422.7
339484.1
339488.4
339496.1
339634.8
339636.8
339659.6
339664.5
339681.8
339775.6
339794.4
339849.1
339857.4
339940.9
339980.9
340064.8
340067
340126.2
340268.7
343814.1
343914
343990.5
344049.2
344174.1
344340.5
345745.2
346116.8
346373.4
348266.7
348389
348587.5
348600.2
348915.4
349576.8
349608
349634.2
349693.7
349716.2
349718.4
349729.5
349765.9
349789.9
349816.2
349819
349857.6
349862.2
349924.5
349927.7
349934.2
350195.2
350216.4
350246.3
350261.6
350265.3
350267.4
350360.6
350363.8
350365.4
350425.8
350457.6
350589.7
350603.4
350693.7
350771.9
350959.5
351115
351117.6
351150.8
351206.6
354824.8
356253.2
357057.1
357125.3
357244.2
357836.7
358508.7
360425.1
360833.6
361505.8
361532.9
362154.8
362581.4
363360.9
366135.8
366341.2
366357.5
366383.3
366462.7
367383.9
367431.6
367536.4
367571.7
367634.5
367655
367710.8
367853.4
368034.3
368361
368364.1
368904.9
369022.7
369245.9
369536.7
370008.8
370379.3
370715.4
370781.9
370783.8
372119.3
372899.1
372907.7
372950.4
373080.4
373081.7
373099.8
373188.9
373258
373280.1
373284.8
373471.9
374123.5
375899
375942.3
375963.3
376086.1
376436.9
376510.3
376528.4
376551.3
376865.4
376944
376959.5
377320.1
377378.3
377671.4
377776.2
377931.1
378007.1
378156.8
378470.8
378940
379128.4
379181.6
379206.4
379235.2
379288.4
379324.9
379423.6
379530.3
379599.8
379668.7
379703.7
379774.6
379878.2
379948.9
380086.6
380150.5
380157.6
380264.1
380339
380479.9
380481.2
380590.8
380614.8
380711.4
380736.2
381037.4
381060.6
381241.6
381269.6
383529.4
383634
384098.7
385492.4
389985
390458.1
390581.8
391400.6
391423.9
391854.7
391932.7
392027.5
392028.2
392075
392162.7
392434.2
392756.8
392777.4
392829.2
392882.4
393147.3
393843.4
394090.4
394184.1
394440.8
394496.3
394630.9
395337
399009.8
399231.1
399309.1
399421.5
399466.7
399496.4
399504
399721.3
399798.6
399920
400051.1
400180.1
400356.5
400531
400706
400862.9
401013.8
401335.6
402002.8
402124.8
402161.1
402440.9
403612.1
403793.4
403879.3
404739.6
404792.8
405316.1
405378.4
405773.2
405830.5
408198.2
412964.7
413066.1
413118.7
413266.7
413288.1
413370.3
413401
413447.3
413509.8
413528.2
413551.4
413621.8
413655.3
413699.2
413916.2
414153.8
414400.4
414635.4
414745.6
414840.4
414842.6
414896.4
414898.1
414898.5
415060.8
415124.6
415213.2
415214.3
415270.1
415284.3
415325.7
415445.9
415473.3
415558.3
415616.3
415732.4
415739.5
415776.2
415811.4
415869.6
415895.8
415900.8
415936
415959.3
415965.8
416012.6
416017
416024.4
416050.5
416078.4
416109.3
416127.1
416133.4
416232.6
416290.1
416323.9
416437.5
416542.6
416615.5
416643.4
416687.5
416710.1
416792.5
416825.6
416894
416968.4
416987.5
417006.6
417204.3
417209.5
417214.4
417239.1
417477.3
417493.2
417734.5
417751.8
417829
417835.6
417886
417925.1
418018.7
418055.2
418061.6
418137.8
418205.1
418207
418234
418240.2
418278.7
418313.6
418371.8
422761.9
424892.3
425692.3
425761.5
425797.7
425946.8
426068.7
426082.6
426105.2
426108.2
426181.3
426446.4
426513.3
426514.9
426582.8
426613.7
426666.7
426738.7
427728
427809.3
430302.5
431169.3
431890
431918.5
431941.3
431952.8
431964.7
432004.7
432072.2
432089.2
432095.5
432101.9
432175
432185.6
432251.2
432252.4
432326.4
432380.9
432394.5
432403.8
432556.5
432601.3
432682.2
432765.6
432804.6
432850.9
432902.6
433108.5
433191.4
433293.9
433495.7
433549
433702.6
433883.6
433894.8
433931.8
433977.5
434004.5
434022.4
434154.1
434167.2
434208.7
434532.3
434751.9
434811.6
434822.8
434871.6
434959.2
435005.9
435077.1
435180.7
435260.1
435267.1
435355.3
435497.4
435520.2
435644.5
435800.4
435883.6
435929.4
435982.4
436019.2
436192.1
436267.2
436648.5
436725.1
436837.8
436954.5
437015.6
437022.3
437025.2
437385.6
437395.8
437490.7
437524
437587.1
437750.2
437763.3
437780.2
437947
437948.3
438300.6
438483.9
438716.5
438862.1
439213.4
439214.9
439448
439495.3
439992
440123.7
442028.8
442094.2
442199.4
442278.7
442307.3
442342.8
442672.7
442765.4
442802.2
442881.7
442927.3
442997.5
443073.6
443103.4
443142.7
443180.4
443273
443290.7
443362.4
443379.3
443385.3
443390.2
443475.5
443543.3
443660
443730.6
443773.3
443869.4
443928.5
444072.4
444128.3
444312.2
444390.9
444514.7
444540.1
444556
446691
446692.3
446738.8
446784.2
446816.2
446987.4
447088.7
447104.8
452142.8
452655.2
452702
452742.7
452760.2
452763.2
452774.4
452785.3
452802
452841.4
452867.9
452899.1
452986.6
453037.1
453038.9
458608.7
459738.5
459747.5
459768.7
459846.8
461104.3
461241.7
461469.6
461512.6
461536.5
461624.9
461735
461775.4
461813.7
461920.7
461983.7
462181.2
462227.2
462440.8
464991.7
464992.2
467121.7
467186.5
467263.9
467408.9
467409.3
467417.1
467532.4
467609.4
467726.8
467754.4
467811.6
467832.7
467844.1
467950.8
471376.6
471377.2
471385.4
472277.1
472474.4
472493.1
472664.7
472857.5
472857.7
472874.7
472877.5
472901.3
472936
473099
473118.5
473570.2
473586.2
473636.8
473717.9
473734.6
473810.5
473866.9
473899.4
473908
473979.8
474120.2
474205.6
474215.5
474252.5
474297
474317.7
474334.8
474344.6
474362.8
474370.1
474427.7
474471.9
474492.4
474502.1
476983.4
477889.1
485090.1
485292.1
485323.2
485386.9
485509.8
485548.2
485556.4
485562.1
485573
485609.6
485617.7
485664.8
485666.5
485690.6
485720.7
485729
485742.8
485759.9
485770.2
485910
485960.4
485972.6
485998.3
486081.4
486107.6
486111.4
486129.4
486139
486168.6
486179.5
486221.5
486318.7
486319.9
486357.1
486452.5
486606.2
487136.1
487287.6
487341.5
487354.3
488009.4
488130
488326.4
488379.1
488993.5
489475.7
489887.9
490650.7
490735.3
490806.6
490919.6
491080.2
491174.7
491495
491713
491738.7
492060.9
492090.2
492214.4
492363.6
492589.2
492829.7
493210.7
493361.4
493516.9
493792.7
494036.9
494039.9
494063.3
494122.5
494244.1
494265.9
494585.5
494673.3
494712
494936.5
494987.2
495175.5
495188.5
495189.7
495311.3
495347.4
495355.4
495419
495426.4
495473.4
495489.6
495572.4
495790.2
496180.3
496349.2
496463.6
496551.6
496650
496676.7
496707
496757.5
496778.4
496853.9
496975.5
496996.5
497397.6
497433
497486.6
497497
497521.1
497625.1
497661.2
497667.4
497684.3
497752.6
497833.3
497930.9
498151.1
498161.2
498338.5
498368.9
498373.3
498619.2
498628.9
498967.3
498984.6
498998.7
499189.1
499256.9
499321.5
499423.6
499527.2
499867.9
499903.7
500015.5
500187.9
500333.7
500446.3
500564.6
500690.7
500703.1
501000.4
501368.1
501387
501715.5
501787.5
501987.7
502030.7
502234.2
502333.4
502397.9
502625
502712.1
502796.1
503054.5
503119.6
503147.4
503198.3
503199
503239.2
503239.3
503357
503445.5
503697.7
503747.8
503843.4
503860.8
503935.9
504048.9
504363.7
504627.4
504629.6
504876.3
504912.3
504954
505370
506267.6
506278.8
506378.5
506447.3
506745.4
506914.9
507022.6
507330.6
507437.8
507690
511854.8
517014.9
517204.2
517241.5
517284.9
517341.5
517366.1
517409.1
517674.4
525811.2
527119.9
527125
527384
530671.9
530887.6
531005.4
531173.4
531224.2
531320
531352.7
531384.2
531623.1
533701.5
534415.8
534610.7
534708.3
534721.8
534750
534870.1
534877
534895.3
534978
537554.9
537602.7
537614.4
537633.5
537651.7
537695.6
537799.9
537895.8
537984.3
537994.3
538012.3
538170.4
538223.9
538250.9
538318.5
538360.8
538391.1
538401.2
538440.5
538483.9
538506.6
538687.2
538689.5
538706.8
538760.9
538780
538895.7
538999.5
539032.3
539132.4
541160.1
541297.7
541315.3
541416.4
541549.8
541570.6
542260.8
547911.7
548719.8
548727.2
548738.6
548809.5
548817.5
548893.1
549053.1
549071
549115.5
558727.6
560250.7
561329.7
567529.3
571007.2
571096.9
571136.9
571163.2
571211.8
571240.9
571253.9
571380.1
571513.4
575902.2
577671.4
577678.7
577753.8
577772.5
577833.8
577912.1
577948.5
577964.1
579243
581754.1
582080.5
587566.8
587770.3
587787.8
587853.5
587897.7
588162.7
590277.3
590323
590416.3
590462.9
590517.3
590632.8
590652.6
594736.4
594737.3
594754
594804.3
594807.3
594824.2
594870.7
594992.3
595016.6
596500.4
597637.8
597865.7
599369.5
