15.4
25.8
92.7
110.7
127.6
134.8
140.6
170.3
290.7
296.3
301.3
304.9
316
424.8
436
592.5
641.9
787.3
851.7
888.3
1012.5
1055.1
1084.1
1134.5
2472
6739.5
6746.5
6828.9
6888.9
6960.3
7038
7044
7068.8
7071.7
7127.1
7155.6
7169.8
7255.1
7265.2
7272.3
7420.2
7431.2
7550.3
7557.6
10105.7
10802.2
11057
11151.8
11247.1
11336
11422.5
11560.7
11676.1
11794.2
11843.2
13040.4
13093
13243.9
13314.6
13315.9
13420.1
13420.3
13462.4
13522.9
13641.7
13706.4
13818.1
13880
13923.8
13958.1
14005.7
14234.1
14397.2
14531.6
14950.5
15048.6
15050
15160.5
15189.1
15280.6
15308.5
15459.8
15580.1
15683.7
15731.1
15752
15884.9
18983
19449.5
19592.2
19730.9
20049.2
20229.6
21603.1
21625.7
21641.3
21730.9
21743.3
21921.1
21942.1
21977
21987.6
22077.2
22093.9
22138.4
22144.8
22161.8
22245.4
22254.5
22273.9
22287.6
22393.8
22510.7
22587.6
25808.2
30404.3
30503.2
30723.9
30930.2
30991.5
31281.8
31316.1
31423.1
31445.5
31463.5
31649.7
31673.2
31750.8
31787.3
31984.5
32093.8
32118.6
32152.1
32238.7
32253.8
32368.2
32432.5
32457.3
32504.2
32516.5
32630.5
32730.1
32743
32792.8
32827.1
32846.4
32886.1
32892.2
32938.3
32946.1
33010.6
33050.1
33165.7
33182
33190.7
33249.2
33265.4
33352.1
33395.1
33408.8
33435.7
33483.9
33532.4
33548.9
33595.7
33643.1
33650.2
33799.7
33802.2
33858.7
33877.2
33920
33988.9
42430.9
42951.7
43154.2
43236.3
43271.6
43371.2
43405
43485.6
43573.4
43584.3
43679.7
43759.8
43761.4
43797.9
45344.8
45877.6
46048.9
46068
46087.7
46091.6
46166.6
46206.8
46209.4
46287.5
46327.3
46334.2
46364.7
46400.8
46419.7
46473.7
46518.9
46540.1
46582.6
46710.5
46731.1
46736.4
46828.7
46879
46924.6
47019.3
47025.2
47206.5
47236
47254.5
47297.4
47311.4
47315.2
47317.2
47396.5
47404.7
47428.8
47441.9
47450.9
47599.5
48136.7
52319.8
52484.5
52493
52516.5
52550.2
52677.4
52839
52843.9
53207.3
53295.2
53494.4
53637.9
53643.1
53678.4
53983.1
54112.5
54637.3
54705.5
54789.1
54835.9
54869.7
54872.8
54884.2
54962.8
55055.2
55146.6
55309.6
55377.6
56356.1
60952.5
60982.1
61027.4
61069.2
61101
61182.8
61236.3
61266.2
61314.5
61838.9
64072.8
64172
64241.1
64294.4
64391.5
64475.5
64480
64501.7
64518.3
64567
64601.1
64818.7
64976.8
65061.8
68393.4
68867.7
68914.3
68934.9
68977.9
68979.1
69025.2
69051.4
69091.6
69120.3
70339.2
70698.3
70712.8
70724.8
70727.5
70821.7
70828.9
70855.1
70893.3
70904.1
70909.4
70921.4
70929.6
71127.3
71185.3
71204.3
71211
71315.4
71359.9
71439.4
71565.2
71584.7
72007.3
72031.2
72293.2
72363.3
79547.9
80199.6
80552.2
80576.3
80671.2
80742.4
80806.2
80904.8
81009.9
81034.3
81124.8
81230.7
81401.5
81432.5
81565.1
81568.5
81575.8
81696.7
81947.2
82083.2
82166.7
82510.2
82586
82605.4
82818.6
83589.7
83687.4
91597
91602.1
91605.8
91643.5
91650.6
91717.9
91743.6
91807.3
94142.7
103639
104561.6
104567.1
104660.8
104665.2
104730.7
104775.8
104884.9
104893.9
104902.3
104926.2
104938.7
104945.9
104960.8
105083.4
105251.1
105258
105272.1
105285.7
105321.6
105325.7
105341.9
115742.9
115789.1
115837.9
115846.5
115867.1
115937.4
115941.7
115998.1
116136.4
116184.6
116261.8
116264.5
116319.2
116327.9
116364.6
116437
116474.3
116565.3
116587.4
116623
116666.8
116671.6
116897
116911.8
117007.4
117091.3
117155.6
117188.6
117191
117215.3
117264.5
117267.6
117289.8
117364.5
117451.8
117453.8
117491.2
117514
117537.5
117639.4
117691.9
117874.4
118523.8
118705.4
119159.5
119252.4
119288.7
119403.7
119445.6
119453
119470.9
119551.4
119598.3
119647
119692.6
119700.2
119787.8
119850.8
119875
120020.1
120025.5
120063.8
120078.2
120079.6
120275
120352.7
120396.6
120426.3
120510.9
120551.3
120585.7
120615
120750.2
120850.6
124559.2
124590.5
124713.4
124733.3
124798.4
124805.5
124812.2
124827.2
124904.4
124978.8
124986.7
125000
125027.6
125088.5
125100
125113.3
125127.5
125142.1
125220.7
125271.8
125293.4
125304.8
125328.3
125397
125417.8
125499.2
125502.3
125557.7
125571.2
125593.8
125598.8
125612.9
125622.9
125643.9
125655
125664.4
125676.9
125699.3
125707.8
125711.4
125743.9
125835.9
125926.7
126023.3
126088.5
126115.1
126288.7
126347.4
126400.7
126494.4
126497.1
126536.3
126551.9
126572
126596.9
126640.6
126720.7
126857.4
126901.6
126904.4
126979
127059.8
127285.2
127412.4
127434.3
127489.4
127529.6
127572.5
127598.5
127702.1
127759.5
127804.2
127881.4
128122.7
131513.8
131588.8
131603.3
131799.3
131817.9
131820.9
131831.8
131849.3
131927.2
131988.6
132047.3
132069
132073.1
132091.6
132314.9
132378.7
132449.3
132488.9
132514.3
132523.9
132716
132738
132763.6
132794.8
132919.2
132976.8
132990.6
132998.9
133008.2
133077
133151.9
133193.7
133339.9
133392.4
133405.1
133414.3
133478
133499.2
133568.1
133770.3
133791.3
133797.9
133835.3
133878.6
133882
133884.9
133893.5
133894.5
133936.7
133952.3
134019.5
134029
134031.2
134093.6
134248.5
134278.8
134368.5
134394.2
134407.5
134472.5
134739.5
134769.1
134888.3
134913.5
134942.6
134979.9
134985.9
134991.2
135069.2
135069.8
135086.8
135124.8
135125.5
135133.5
135133.7
135174.5
135244.3
135273.3
135317.7
135339.4
135395
135486.3
135522.6
135557.3
135589.2
135597.9
135760.3
135772.8
135793.7
135828.2
135854.9
135941.1
135944.5
135950.2
135996.7
135999.3
136063.7
136161.8
136269.9
136276.3
136276.7
136279.4
136340.1
136367.2
136407.6
136417.3
136425.1
136428.4
136443.9
136444.6
136456.5
136501.1
136601.8
136607
136678.6
136681.8
136703.5
136705.7
136753
136831.3
136841.3
136874.5
136937
136943.7
136968.9
136995.8
136996.6
136999
137083.3
137234.1
137249.5
137266.8
137322.4
137391.7
137445.2
137474.5
137618.1
137665.7
137708
137709.6
137734.4
137835.1
137887
137903.8
137933.3
137961.2
138004.8
138017
138098.8
138216.5
138217.8
138243.9
138281.6
138366
138370.2
138424.3
138426.5
138471.5
138506.1
138509.6
138542.9
138543.5
138549.8
138593.2
138643
138717.6
138719.4
138783.6
138810.7
138854.4
138855.4
138860
138900.7
138910
138958
138979.4
139022.1
139056.7
139197.6
139200.8
139319.9
139331.7
139357.8
139388
139453.7
139466.9
139473.4
139487.8
139500.8
139565.9
139677.4
139803.2
139931.5
139938.8
140166.2
140190.1
140235.5
140518.3
140639.9
141028
142194.8
142649.1
143063.5
143217.4
143276.6
143405.6
143973.4
144803.7
144809
145154.1
147555.4
148882.9
148956.5
148986.7
149241
149482.5
150401.7
150837.2
151406.6
152090.7
154076.4
154080.5
154108.8
154344.2
155589.5
156415.6
156536.4
157273.8
157404.3
158241.9
160178.1
160772
160850.1
160953.6
160970.7
160989.3
160998
161019.7
161035.9
161040.6
161081.3
161257.4
161397.4
162960.7
163427.6
163525
163995.7
168355.3
168400.8
168537.9
168668.5
168718.8
168744.5
168849.3
168875.4
168891.9
168894.6
168995.7
168996.2
169006.9
169019.3
169064.9
169086.9
169114.7
169117.2
169231.9
169255.4
169260
169313.6
169396.7
169496.1
170066.8
173420.8
174284
177788
182808.8
182996.9
183293.5
186970.3
187287.5
187304.3
187321.8
187387.6
187456.8
187471.2
187765.8
187770.9
187818.6
187903.3
187950.4
188006.1
188246.3
193053.6
193162.1
193431.5
195006.6
195267
195405.8
195440.8
195463.1
195481.9
195532.3
195541.3
195601.8
195616.1
195661.1
195662.8
195782.4
195803
195823.2
195872.2
195939
195961.8
195968.4
196272.2
196434.8
197332.3
197739.2
198246.6
198290.7
200466.6
202020.8
203277
203529.9
203821
205308.2
205536
205618.2
205709.6
205753.7
205755.5
205764.7
205801.6
205806.3
205811.6
206060.7
206089.7
206172.5
206193.5
206207
206208
206278.8
206312.3
206328.6
206458.4
206529.3
206553.6
206589.4
206598.8
206688.1
206795.2
206898.6
207102.2
207210.4
207272.4
207293.6
207333.1
207342
207345.7
207518.9
207544.2
207571.4
207585.8
207598
207625.5
207645.6
207800.8
207889.8
207914.8
207921.5
207948.4
208061.7
208105.2
208127.8
208143.8
208181.1
208312.1
208330.1
208386.7
208402.5
208409.2
208427.3
208551.5
208598.7
208942
209053.6
209064.3
209145.1
209145.7
209214.7
209233.3
209254.5
209255.3
209259.7
209331.9
209343.6
209363.7
209378.9
209459.6
209531.6
209540.4
209627
209643.2
209703.7
209731.3
209765.1
209787.2
210097.7
212068.5
212075.7
212193.7
212269.8
212580.7
217267.4
217335.8
217363.1
217531.4
217625.3
217827.3
217864.6
217870.5
217930.9
217951.4
217984.5
218067.6
218182.8
218239.1
218370.7
218591.4
218672.8
218944.3
218984.2
219019.6
219180
221886.5
222042.6
222178.1
222193.1
222239.3
222285.5
222289.9
222372.9
222451.9
222498.4
222519
222522.5
222559.8
222566.2
222646.3
222663.7
222740.3
222745.3
222764.4
222849.4
223046.7
229764.4
229769.9
229791.9
229793.5
229918.1
229967.4
230000.3
230079.8
230185
230206.5
230211.8
230232.3
230261
231712.5
231807.5
232004.5
232430
233117.6
233365.3
233941.1
233961.5
234003.2
234045.6
234186.4
234203.7
234216.6
234244.3
234250.4
234305.4
234733.4
234820.7
235637.5
235674
236061.5
236167.4
236396.2
236466.1
236542.5
236901.2
236919.8
237020
237083.3
237386.6
237399.8
237524.9
237633.3
237831.1
237862
238178
238253.1
238452.5
238454
238510.8
238594.3
238597.3
238928.2
239480.9
240792
240955.6
241226.2
241486.1
241749.8
243463.1
243659.6
243677.9
243766.9
243810.5
243845.6
244665.1
245626.6
245973
246654.7
246738.6
246765.5
246776.9
246797.9
246799
246869.3
246897.4
246909.4
246967
246971.2
246988.2
247008
247038.4
247058.8
247077.8
247165
247174.9
247276.1
247447.1
247457.7
247641.8
247668.1
247740.8
247775.6
247879.1
247883.8
247917.3
247925.1
247981
248147.2
248182
248189.9
248207.3
248224.4
248304
248378.4
248418.3
248421.8
248459.3
248639.5
248639.7
248689.5
248750.2
248785.6
248946.9
248971.1
249016.7
249089.7
249187.3
249360.2
249445.2
249493.5
249889.4
252515.8
252673.7
252686.9
252765.6
252844
252854.6
252891.4
253020.7
253089
253130.2
253147.5
253159.3
253161.3
253190.5
253193.8
253211.1
253262.5
253291.4
253302.4
253311.9
253316.8
253514.3
253549.2
253576.8
253585.6
253607.1
253672.3
253727
253794.8
253894.5
253915.4
254064.5
254100.3
254145.6
254156.3
254190
254269.1
254272.1
254308.9
254344.3
254370.4
254411.6
254436.7
254517.1
254525.4
254531.7
254557.6
254574.6
254634.2
254681.6
254763.2
254847.4
254926.4
254960.6
255002.4
255003.8
255027.3
255149
255176.6
255188.4
255264.6
255269.1
255294
255348
255385.8
255423.5
255428.3
255539.3
255601.3
269397.5
272940.5
273161.5
273182.8
273190.5
273233.8
273258.5
273273.1
273721.9
273847.9
273917.7
274025.6
274054.3
274229.8
274521.9
275055.3
282070.7
282415.1
282606.5
282646.5
282707
282975.2
283029.8
285465
285534.4
285545.3
286059.5
286179.9
286181.9
297969
297987.6
298001.7
298079.8
298211.4
298226.5
298384.5
298485.8
298601.2
298633.2
298691.5
298740.1
298759.5
298838
298902.3
298971.1
299051.4
303549.8
303639.2
303688
303700.3
303734.9
303812.2
303879.6
303886.7
303969
304002.7
304039.9
304069.4
304104.2
304145.3
304186
304196.9
304207
304281.9
304374.2
304387.5
304404.7
304425.6
304483.4
304488.2
304491.9
304744.6
304779.4
304792.4
304797.2
304806.5
304816.9
304874.1
304905.5
305025.9
305081.5
305205.9
305259.1
305334.6
305513.7
305664.1
305726.9
305737.9
305844.2
305851.1
305866.9
305907.9
306002.8
306005.4
306153.4
306285.9
306441.6
308625.4
308769.8
308789.4
308828.5
308943.3
309035.6
309479.5
309532.9
309683.5
309803
309813.7
310015.3
310072.7
310291.6
310451.5
310469.4
310510.3
310528.3
311858.1
311862.4
311876.3
311981
312000.2
312318
321074.1
321643.3
322839.5
323041.3
323118.8
323180
323636.9
323837.6
323871.1
324034.7
324036.3
324041.3
324111.5
324163.1
324234.4
324300.7
324502.3
324541.9
324804.9
324820.8
324855.7
324922
324963.8
325064.6
325205.1
326630.3
326643.2
326708
326758.9
326851.9
326887.9
326935.7
327020.9
327206.1
327249.7
327302.9
327361.2
327390.2
327429
327433.8
327576.5
327631.4
327654.1
327667.7
327688.5
327692.4
327835
327849.3
327882.5
327884.9
327902.4
327949.1
327962.9
327963.9
328017.2
328093.3
328120.1
328135.5
328178.6
328195.7
328227.8
328283.7
328357.9
328455.2
328560.5
328577
328713.7
328759
328759.2
328759.3
328820.6
328827.4
328926
328947.4
329037.9
329090.8
329134.7
329195.1
329210
329216.6
329225.4
329234.7
329245
329280.1
329282.6
329362.1
329378.7
329392.1
329403.1
329486.4
329829.4
329859.4
332227.1
336292.2
336355.4
336382.2
336415.9
336546.8
336586.8
336636.8
336772.2
336801.9
336969
337118.8
337121.7
337220.7
337907.6
338021.7
338068.7
338086.6
338128.2
338153.8
338307.2
338463.9
338516.7
338520.6
338548.4
338615.5
338675.7
338712.1
338967.3
339132.1
339146.3
339200.9
339257.6
339356.1
345722.3
348962.4
351322.7
351334.3
351349.9
351387.1
351411.1
351513.7
351551.4
351560.5
351593.5
351716.1
351718.1
351728.1
351729.4
351832.4
351840.7
351869.2
351889.4
351896.2
351935.5
351959.6
352048.2
352109.8
352148
352159.9
352254.5
352279.2
352309.7
352475.2
352486.8
352494.7
352495.6
352524.8
352540.3
352562.1
352622.5
352703.4
352818.2
352909.1
352961.2
365271
366446.2
366623.4
366688.6
375185.4
375261
375326.3
375388.7
375510.7
375590.1
375664
375675.9
375689.4
375828.3
376027.8
376100.6
376138.7
376364.3
376416.2
377096.5
377145.8
377559
377686.8
377716
377716.5
378064.7
378156.3
378192.9
378207.9
378233.2
378238.7
378280.8
378457.5
378574.5
378628.5
379117.7
379309.9
379348.2
379493.2
379685.2
379878.2
380026.1
380529.8
380544.5
380594.3
380791.8
380938
381319.9
382106.5
382117.3
382279.2
382501.2
383281.2
383304.8
383423.2
383429.5
383615.3
383782.2
384158.7
385911.3
386342.8
386991.9
388516.2
388545.8
388561.9
389138.6
391025.2
392015.7
392543.9
392882.9
392960.8
393185
393422.4
393642.3
393732.8
393876
393920.2
394048.8
394154
394494.7
394578.6
394586.6
394635.9
394769.2
394901.8
395503.5
395640.3
395803.6
395907.4
396076.9
396201.3
396220.2
396346.3
396478.4
396559.9
396569.4
396617.8
396643.8
396649.2
396665.3
396772.3
396787.9
396855.8
396860.3
396867
396917.8
396963.2
396989.2
397015.4
397061.9
397080.3
397143
397151.2
397237.1
397267.6
397273.8
397293.3
397491.2
397613.9
397629.3
397709.5
397809.6
397845.4
398055.9
398095
398137.6
398212.7
398213.9
398221.1
398316.4
398381.1
398457.9
398568.1
398602.8
398604.3
398625.1
398628.7
398667.9
398706.3
398760.9
398772
398851.1
398854.2
399288.8
399333
399544.3
399701
400728.9
400822.7
402342.4
402449.5
402457.5
402492.7
402638.3
402746.2
402752.2
402792.2
402794.1
402860.7
402889.6
402907.3
402947.8
402973.7
402997.1
403000.7
403103.7
403202
403316.4
403368.8
403497.8
403584.9
403730.1
403765
403864.5
403893.9
403939.3
403966.5
403985.3
404040.7
404069.9
404224.6
404372.6
404506.3
404656.7
404668.4
405280.3
405711.4
407357.1
407719.1
408029.1
409925.1
413268.4
413325
413507.1
413508.7
413527.3
413542.8
413565
413660.4
413882.9
413898.8
413945.9
414031
414039.7
414046.5
414053
414087.9
414154.8
414174.9
414292.4
414306.8
414338.6
414351.5
414508
414652.1
414776.1
414806.9
414846.9
414873.3
414879.9
414938.1
415226.7
415279.1
415383.6
415506.8
415561.2
415657.5
415881
415925.6
416084.1
416144.2
417312.1
417354.9
417381.9
417628
417833.8
418060.9
418152.7
418160.6
418437.2
418441.1
418507.8
418592.7
418704.3
418750.6
418857.8
418951.6
418997.1
419017.7
419059.2
419097.2
419151.3
419329.7
419406.8
419610.2
419613.2
419876.1
419880.3
420390.2
425224.3
425333.5
425347.4
425455.9
425552.7
425602.8
425713.5
425722.8
425959.9
425965.7
426158.5
426322
426456.3
426559
426583
426616.1
426712
426720.3
426920.1
426924.4
426977.4
426986.8
426994.7
427015.3
427033.1
427068.3
427079.8
427084.4
427113.7
427144.8
427183.9
427203.2
427283.6
427307.6
427369.6
427393.1
427428.9
427445.1
427485
427584.6
427690.2
427998.7
430270.3
430506.1
430602.8
430606.2
430672
430746.3
430811.1
430961.7
431041.5
431044
431073.2
431082.3
431151
431339
431471.1
431487.5
431568.4
431584.4
431760.5
431762.1
431882.4
431915.4
432003.4
432371.7
432455
432526.2
432747.8
432762.1
432789.3
432946.4
432970.1
433133.7
433371.8
433409.1
433453
433506.5
433514.5
433516.7
433626.3
433630.1
433681.2
433707.4
433747
433784.5
433959.6
433975.9
434011.4
434140.6
434201.2
434212.6
434324.3
434467.5
434573.3
434714.2
434759.4
434806.8
435059.8
435208.4
435219.3
435349.6
435542.9
435570.7
435573.3
435647.8
435832.7
435863.6
435919.5
435963.8
436050.3
436092.4
436128.5
436219.9
436283.3
436317.6
436335.4
436346.9
436351.7
436442.4
436471.7
436472.3
436533.6
436612.6
436633.9
436661.7
436686.4
436701.8
436721.5
436726.3
436774.4
436874.9
436885.9
436950.7
437123.5
437126.6
437128.3
437157.4
437190.6
437199
437417.7
437475.1
437519.5
437524.6
437567.9
437574.6
437585.5
437638.5
437729.5
437761.3
437810
437848.8
438062.9
438071.6
438098.5
438131.3
438181
438191.1
438244.9
438254.7
438265.1
438355.8
438422.1
438447.2
438616.6
438618
438625.3
438711.8
438727.3
438736.5
438743.4
438756.1
438798.7
438866.9
438903.5
438953.4
439122.5
439190.9
439193.8
439283.5
439327.8
439362.8
439389
439429.5
439614
439625.3
439670
439830.2
439897.7
439901
439994.7
440037
440123.8
440143.4
440178.8
440221.5
440303.4
440342.4
440343
440356
440408.1
440417.2
440429.5
440451.6
440454.4
440472.2
440477.8
440535.2
440569
440579.5
440580
440644.9
440762.9
440803.2
440817.6
440850.6
440902.6
440961
440985
440988.7
441026.3
441056.3
441077.1
441121.7
441179.4
441184.4
441528.1
441701.8
444478.3
446093.6
446295.3
446316.6
446324.8
449431.8
449616.2
453565.5
453703.5
453715.9
453750.8
453949.4
453974.9
453976.8
453992.7
454052.2
454108.5
454198.9
454316
454346
454407.9
454421.7
454438.8
454453.9
454504.5
454538.8
454628.7
454678.7
454792.1
454905.9
454992.4
457654.7
457909.1
458178.8
458183.2
458470.8
460027.5
460033.9
460255.4
460279.1
460316
468127.8
468197.2
468263.9
468271.5
468432.3
468434.2
468444.9
468596.3
468608
468664.9
468766.9
468869.3
468971.2
469074.2
469103.9
469126.6
469173.3
469222.9
469254.5
469421.4
469513.2
469620.3
469664.6
469883.2
469939.6
470053.5
470084.7
470166.6
470209.4
470215.4
470247.6
470270.6
470282.3
470290
470303.2
470321.3
470350
470357.4
470358.4
470472.1
470575.2
470609.8
470628.1
470644.6
470669.8
470670.3
470697.1
470713.2
470817.1
470819.3
470920.4
470924.1
470963.5
470970.8
470976.4
470979.8
470983.9
471009.4
471011.5
471034.1
471047.4
471091
471144.7
471144.8
471263.2
471428.2
471463.9
471488.1
471534.7
471567.3
471612.8
471620.6
471652.1
471687.1
471713.1
471771.1
471773.9
471776.4
471803.5
471909.3
471990.4
472091.7
472168.1
472745.2
472848.5
473443.9
473687.3
473758.7
474082.7
474189.8
474301.9
474546.2
474607.6
474717.2
474763
474796.8
474867.3
475358.3
475492.1
475611.4
475644.7
475645
475726.4
475840.4
475909.3
475991.2
476055.8
476140.2
476308.8
476382.4
476700.8
476834.2
476923.4
477103.9
477752.4
478081.3
478512.2
478512.7
478605.6
478790
478914.2
478921.6
478979.4
479103.6
479201.4
479226.8
479268
479290.6
479374.9
479417.8
479457.5
479542.4
479772.4
479805.8
479814.8
479842.9
479931.1
480067.2
480292
480331
480460.1
480548.7
480586.3
480602.4
480681.5
480861.3
481169.6
481241.9
481250.8
481605.2
481979.5
482000.5
482080
482280.3
482458.3
482562.4
482572.9
482616.4
482630.8
482726.9
482729.3
482801.9
482871.5
483013.3
483187.7
483218.4
483240.6
483309.2
483313.5
483545
483550.8
483902.3
484033.2
484037.5
484225.6
484314.5
484317.7
484438
484601.3
484769.6
484777.3
484861.2
484867.9
484873
484878.9
485046.6
485082.9
485115.7
485143.6
485252.5
485255.2
485269.9
485406.5
485645.5
485648.9
485859.8
485915.5
485922.1
485954.2
486113
486419.2
486569.4
486776.5
486778.9
487013.1
487128.8
487306.6
487430.6
487724.4
487751.2
488140.4
488513.1
488839.5
489443.5
489468.1
489784.2
490050
490541
490921.5
490970.8
491015.6
491215.4
491298.7
491417.5
491440.1
491528.1
491568.1
491580.4
491745
491865.2
491891.2
491906.2
491934
491987.1
491998.6
492046.1
492141.3
492226.3
492272.5
492355.2
492564.6
492718.8
492759.3
492818.5
492914
493455
493482
493525.4
493663.7
493673.4
494682.8
495028.7
495784
496112.6
496143.3
496255.7
496383.7
496628
496638.8
496690.9
497091.7
497438.2
498198.3
498556.4
499263.4
499355
499536.6
499593.3
499605.5
500215
500792.8
501183.4
501498.4
501797.3
501816.2
501975.1
502220
502603.5
502634.8
503253.2
503461.3
503767.8
503946.9
503984.5
504362.7
504818.7
505022.8
505134.6
505187.7
505203.9
505319.1
505538.4
505642.9
505697
505812.9
505883.4
506215.1
506517.6
506853.2
507222.9
507344.7
507734.5
508101.3
508173
508190.8
508383.7
508415.8
508418.4
508433.5
508462.1
508502.6
508525.2
508546.4
508550.7
508691.8
508710.5
508782
508899.5
509029.4
509697.6
510162.9
510258.6
510522.5
510825.6
511390.5
511405.7
511510.2
514324.1
514607.7
514752
515515.1
515970.4
516108.3
516299.9
516504.2
526888.1
526954.1
527017.8
527229.6
527305.1
527406.5
527415.9
527589.5
527922.3
528042.7
528223.8
528353.7
532637.7
532647
532971.2
534756.6
534954.7
534966.6
535157.7
535192.4
535224
535303.2
535310.8
535336.9
535440.3
535538.8
535591
535604.7
535653.3
535769.2
535783.7
535845.4
535965.9
536036.9
536046.2
536212.1
536258.8
536271.2
536390.9
536554.8
536584.7
536611.5
536703.9
536793.7
537173.7
539328.2
542508.5
542618.8
542666.3
542881.6
542885.4
542967.9
543044.8
543096
543096.9
543111.3
543126.5
543174.1
543183.4
543251.7
543345.2
543675.1
543767.4
543826.3
544017.9
544049.2
544100.3
544104.6
544113
544379.2
544499.5
544507.1
544625.2
545113.1
545149.7
545199.9
545329.1
545593.1
545698.9
545745.9
545762.8
545838
545971.8
546314.8
546466
548352.9
550048.7
550673.3
550768
550834
550873.6
550980.2
551024
551086
551150.3
551347.3
551351.4
551366.2
551455
561292.4
561342.2
565539
571690.4
571777.1
571793.2
571830.8
571861.2
571891.9
572322.9
572412.3
572524.5
573872.5
576522.4
576814.3
577155.6
577460.5
577786
580014.6
580069.2
580195.7
580259.8
580282.9
580346.8
580438.9
580500.8
580603.7
586844.1
586846.7
586910.9
586928.4
586957
586984.8
587061.6
587074
587094.7
587100.6
587102.2
587117.9
587262.5
587294.5
587415.9
587546.9
587894.1
587946.2
588193.5
588737.6
589525.7
589544.7
589602.2
589690.9
589831.6
589832
589852.5
589885
590035.2
590493.4
594015.9
597372.6
597932.3
597996.6
598076.2
598371.2
598704.6
599055.7
599930.5
