100.5
1174.9
1193.5
1238.1
1245.5
1277.4
1353.8
1372.2
1389.2
1492.6
1590.7
23418.7
23515.9
34022.6
34130.6
34281.7
34299.5
34325.7
34395.1
34413
34414.7
34423.5
34523
34528.4
34586.9
34615.7
47576.1
47772
47775
47804.1
47888
47967.3
47985.5
47996.6
48045
48058.5
48097.4
48140.6
48153.7
48176.6
48189.5
48194.5
48212.7
48212.9
48254.8
48262.2
48290
48325.8
48329.8
48356.8
48360.1
48377.1
48382.5
48479.5
48582.5
48691.7
48735.3
48737.8
48847.6
48888.6
48902.3
48905.6
48981.1
48999.8
49117.6
49165.6
49224.1
49243.3
49275.6
49289
49289.7
49297.2
49319
49339.7
49341.3
49394.1
49418.8
49481
49673.7
49962.4
59259.9
59398.6
59529.9
59567
59568.2
59628.1
59659.3
59684.9
59706
59763.6
61784.4
65420.9
65560.1
65776.4
65851.9
65909
65913.4
65972.1
66021.2
66041.3
66153.3
66267.1
66321.2
66334.4
66432.8
66471.8
66533.6
66649.3
66664.8
66665.7
66733.7
66761.5
66811.4
66850.5
66865.5
66875.2
66911.6
66954.3
66956.1
67006.5
67564.5
67625.4
67710.3
67867
67948.1
68062.4
68129.7
78341
78600.1
78899.6
78926.4
78958.6
79067.4
79068.6
79127.6
79230
79288.7
79383.3
79392.2
79464.6
79498.1
79569.4
79707.3
79712.5
79727.7
79768.4
79793
79809.4
79814.8
79853.2
79907.6
79949.6
79966.9
79996.7
80085
80173.2
80298
80348.8
80354.4
80389.1
80397.8
80429.6
80451.8
80554.2
80847.7
81035
81045.5
81081.3
81121.4
81174.2
81184.9
81277.3
81305.7
81344.7
81363.4
81383.1
81487.3
81566
81568.5
81608.1
81638.9
81640.8
81709.9
81834.7
81862.1
81883.4
81901.3
81973
81974.6
82001.2
82235.2
82301.4
82649.9
82669.3
82760.9
82763.9
82768.6
82876.1
83103.3
83118
83119.9
83122
83126.9
83196.2
83198.2
83199.2
83220.4
83229.2
83243.4
83257.8
83261.9
83304.4
83342.5
83381.4
83392.7
83408.4
83417.3
83418.1
83541
83569.6
83593.5
83608.6
83620.2
83759.7
83788.4
84043.7
84254
87446.1
88346
88964.1
110119
165060.4
165242.7
165397.1
165450
165845.7
165857.2
165998.6
166050.8
166251.4
166286.4
166289.5
166296.7
166321.2
166354.8
166379
166402.7
166418.3
166471
166478
166492.5
166506.8
166533.2
166568.9
166591.3
166601.7
166634.6
166698
166709.3
166744.1
166770.4
166805.9
166918.5
166968.8
169605.9
169874.1
183582.3
183591.1
183730.6
183734.9
186318
186698.9
186775.8
186780.8
186794.3
186883.3
187052.9
187148.6
192573.7
192756.9
192908.6
193011.5
193156.4
193195.1
193759.4
194444.5
194682.9
194747.6
222133.3
222325
222341.5
225782.2
225979.4
226033.3
226149.1
226325.8
226539.2
228629.9
228698.2
228733
228900.1
228956.2
229157.4
250287.7
255618.6
255816.9
255902.2
255918.4
255934
255950.9
255960.2
256055.4
256262.9
256412.8
256813
270723.7
270764.3
271815.1
272013.2
272061.6
272087.4
272367.1
272368
272387.9
272410.3
272463.6
272486.6
272490.2
272519.6
272530.3
272631.4
272864.8
278613.4
278791.6
278829.2
278887.4
278888.5
278910
278964.8
279015
279056
279169
283047.1
283094.1
283202.3
283287
283317.1
283379.6
283417.7
283491.9
283507.4
283569.8
283580.9
283615.4
283662.9
283663.6
283707.8
283724.5
283767.2
283802.6
283852
283901.4
283914.2
283928.4
283994
283999.3
284002.3
284117.6
284175.1
284202.2
284218.1
284231
284239.3
284242.3
284244
284407.5
284447.3
284523.1
284543.7
284563.7
284641
284677
284686.7
284705.9
284718.5
284783.2
285018.8
285148.1
285409.6
285655.2
285715.4
286014.4
286130
286472.1
286517.9
286544.3
286595.1
286603.1
286611
286757.4
286771.3
286772.8
286862
286886.4
293348
295597.1
295683.4
295710.8
295760.6
295855
295859
295877.8
295885
296057.6
297724.5
297751.5
297837.6
297845
297880.9
297907.3
297934.5
298009.1
298024.5
298029
298050.4
298073.3
298108.9
298159.4
298178.5
298226.7
298293.8
298375.5
298378
298415.4
298474.4
298558.7
298568.2
298689.5
298898.8
298917.2
331008.6
331528
331675
331856.9
332093.6
348628.8
348957.3
351151.9
351210.1
352878.7
352879.6
352881
352894.3
353028.7
353040.8
353116.7
353166.8
353186.6
353194.6
353286.1
353311.9
353334.6
353428
354845.2
358637.5
365306
365382.5
365440.1
365480.4
365487.8
365574.9
365627.3
365665.7
365701.3
365783.9
365790.8
365822.3
365825
365859.3
365877.7
365945.4
366007.4
366015.3
366026.6
366083.3
366124.1
366307.5
366352.2
366375.5
366421.4
366520.9
366620.4
366657.8
366689.3
366769
366797.3
366867.5
366906.7
366972.2
367022.4
367132.5
367229.9
367376.8
367493.2
421004.9
421009.5
421120.2
421199.3
421201.6
421227.2
421287.6
421288.4
421300.8
421372.7
421484.3
421561.3
421803.9
427233.8
428736.5
429023.4
429096.8
429111.9
429200
429282.6
429521.4
429525.7
429660.1
429771.5
429787.4
429790.4
429819.8
429892.3
429929.9
429949.8
430033.5
444620.2
444650.6
444657.2
444767.2
445065.2
445093.4
445116
445190.1
445233.2
445266.8
445274.3
445423.1
445508.2
445526.1
460163.2
460196
460223.9
460279
460307.6
460404.7
460434
460496
460520.9
460569.3
460585.9
460632.7
460669.2
460814.7
460918.7
460923.8
461012.2
461064.8
461337.4
461348.6
461456.6
461460
461587.8
461712.7
463725.2
466622.2
466842.2
466895.6
466896.8
466970.3
467025.6
467213.5
467421.3
467443.4
467773.9
511632.7
511909.7
512023.9
512045
512080.9
512143.9
512168.2
512174.4
512229
512249.1
512295.9
512356.5
512443.4
512528.9
512676.9
515630.4
529088.6
529263
529361
529503.5
529505.4
529560.4
529585.3
529666.4
529769.3
529856.5
529893.1
529937.4
529943.6
530026.3
530096.7
535161
535255
535462.8
535475.2
535498
535618.2
535718.6
535798.4
535826.1
535931
535939.5
535981.9
535994.4
536283.7
536298.8
536355.5
536567.8
536723.1
536768.4
536943.7
536978.1
537114
537168.6
537176.2
537284.6
537334
537384.8
537401.4
537437.9
537476.7
537864.9
537937.7
538107.2
538495.3
538685.1
539116.3
540239.2
548254.5
548508.3
565790.2
567076.6
567099.8
567141.4
567165.4
567168.6
567191.1
567231.2
567287.6
567326.6
568415.3
570765.1
571360.3
576589.9
580327.9
580475.1
580489.1
580639.7
580711.9
580749.8
580856
580908.5
580922.3
581497.2
586612.1
588418.9
588509.1
588689.8
589005.2
589169.2
589352.2
595118.1
595260.5
595293.3
595387.3
595406.4
595432.2
595499.3
595525.5
595537.7
595542.3
595600.9
595636.7
595734.3
595778
