30.7
148.7
524.4
705.7
712.5
815.5
909.6
935.1
942.4
958.4
2405.3
5281.6
5305
5315.2
5332.7
5399.5
5401
8237.6
8430.2
8569.7
8770.3
8807.8
8966.7
9008
9015.4
9026.6
9156.5
9317.7
9333.6
9474.1
9510.3
9542.4
9738.9
9802.4
9863.2
9912.2
10020.2
10108.8
10151.1
10192.8
10226.9
10292.9
10305.9
10355.2
10360.2
10423.2
10478.6
10500.9
10517.2
10551.4
10635.5
11847.6
11856.2
11889.2
11952.1
12103.4
12115.1
12178.4
12179.6
12267.3
15964.5
16023.4
16208.8
16217
16266.4
16338.8
16356.4
16554.6
17173.9
17199.7
17271
17277
17465.6
17795.1
17827.7
23233
31352.8
31528.5
31532.9
31564.5
31637.7
31653.8
31683.8
31701.2
31726.7
31798
31799.3
31846.9
31895
31942.2
32002.7
32016.8
32070.4
32115.3
32123.1
32195.2
32202.9
32204
32223.5
32241
32244.3
32291.9
32294.4
32356.6
32384
32710.1
32814.9
32872.2
32887.5
32936.3
33122.9
33171.9
33294.6
33305.3
33425.3
33588.7
33657.9
33683.2
33705
33750.8
33772.9
33825.5
33829.2
33860.2
33866.8
35803.4
38899
38928.6
38930.7
38993.9
39077.5
41139
41151.9
42411.8
45868.4
45971.6
46095.6
46178.2
46223.9
46226.9
46252.7
46254.2
46265
46297.8
46330.7
46615.1
46638.3
46661.3
47037.2
47280.4
47300.6
51040.5
51134.7
51625.1
51723.9
51731.1
52063.8
55636.5
56025.1
56203
56347.7
56416.8
58211.6
58258.4
58409.4
58416.3
58442.3
58452.2
58473.8
61187.3
61252.8
66055.3
72500.3
72992.6
74229.5
74242.1
78232.9
78279.9
78384.3
78442.7
78493.5
78580.5
78653.8
78681.7
78716
78831.6
78834.2
78937.2
78945.7
79031.8
79049
79116.4
79121.9
79122.8
79143.1
79187.7
79266.1
79284.4
79306.4
79342.2
79463.7
79560.6
79576
79584
79587.7
79738.3
79787.6
79870.1
79901.6
79962.4
80006.8
80017.3
80104.8
80133.8
80136.2
80251
80270
80274.7
80366.9
80820.5
81324.3
81841.7
82775.3
82843.9
82930.6
83073.3
83130.9
83308.2
83308.4
83600.4
83642.8
83760
83927.2
83989.5
84030.4
84260
88424.9
88541.7
88698.6
89228.8
91609
91609.9
91740.5
91885.9
93220.4
93401.7
93471.6
93521.1
93592
95292.7
95940.3
96297.1
97276.1
97441.7
97563.7
97800.6
97843.8
98067.2
98325.2
98888.8
99696.9
99937
99967.7
100219.5
100234.3
100234.4
100473.2
100554.9
100572.1
100589.4
101069.6
101423.4
101446.6
105127.7
105148.5
105374.2
109115.6
110291.6
113079.2
113172.5
113206.7
113217.7
113401.3
118460.2
121291.2
121423.1
121440
121543.7
121606.6
121650.9
121660.4
121731.6
121739.8
121909.7
122141.1
122295.7
122746.3
122986.7
123175.2
123394.9
123632.3
123673.7
123920.3
123993.4
124050.2
124089.2
124134
124169.2
124178.1
128344
130498
130545.5
130648.4
130656.1
130683.1
130702.3
130740
130796.1
130806.6
130942.1
141032.5
141595.9
141706.7
141707.6
142001.9
142408.6
142492.7
143023.2
143456.9
143614.9
143720.9
144116.2
154656.5
154932.5
161875.6
161936.6
162016.9
162022.4
162113.6
162687.6
162738.2
162816.8
162847.2
163023.6
163063.2
163242.7
163360.4
163413.8
163462.1
167435.5
168101.3
168241.2
168322.9
168409.3
172666.2
172702
172731
172735.8
172777.2
172921.8
172979.2
173180.4
173241.4
173292.4
174160.5
174203.5
174415.5
174457.6
174490.1
174549.5
174618.8
175627.1
183051.6
185789.8
185836.8
186408.2
186451.1
186535.7
186582.5
186609.7
186633.9
186689.7
186718.9
186867.5
186894
186905.7
187097.6
187649.8
187854.8
187915.4
188078
188257.2
188337.5
188483.7
188525
188555.2
192058.3
192469.4
193979.5
194153.8
196280.3
196582.1
196679.3
196727.9
196736.3
196834.6
196836.4
196991.7
197022.3
197047.4
197069.5
197175.1
197178.2
197218.2
197287.8
197356.2
197370.4
197386.4
197484.4
197514.2
197573.9
197706.5
197730.4
197799.8
197805.1
197995.5
198018.7
198100.5
198104.8
198158.2
198225
198252.2
198302.6
198409.4
198420.8
198449.9
198451
198469.8
198519.5
198586.5
198664.1
198676.2
198677.8
198704.2
198731.4
198762.7
198793.2
199667.8
200300.1
200442.8
200678.4
200690.8
200917.4
201084.8
201266.4
202268.8
202270.9
202326
202432.6
202681
203020.5
203351.9
203460.3
203531.4
204128.9
204623.8
204677.9
204798.9
204868.9
205226.1
210734.1
213952.2
214232.8
214235.7
214245.3
214320.7
214724.1
220921.8
220956.2
220990.4
220993.9
221152.1
221174.1
221182.6
221189.5
221278.8
221329.2
221331.2
221465.4
221562.6
221711.2
221803.2
222860.1
222904.2
223040.6
223402.1
225832.4
225913.8
225969
226005.4
226051.7
226157.7
228926.4
231423.4
231484.5
235882.1
235971.1
236056
236243.4
239520.9
239611
241597.7
241816.1
241828.7
241866.9
241872.8
241873.8
241933.7
242060.4
242210
242268.5
242310.2
242341.4
242342.4
242595.8
243424.5
243440.1
243490.6
248861.4
250276
250305.4
250351.2
250370.5
250492.5
252742.2
252864.8
253013.3
253089.7
253133.7
253140.3
253146.1
253991.6
254027.7
254232.2
254236.9
254297.5
254309.8
254471.6
254486.3
254486.7
254543.5
254546.2
254645.4
254835.1
254839.5
254886.9
254913.8
254938.8
254948.8
255003.4
255012.4
255087.8
255146.4
255226.4
255249.8
255287.1
255391.5
255434.7
255453.6
264129.2
267363.8
267468.9
267952.1
270111.1
274144.9
274233.8
274284.2
274324
274381
274455.2
274482.7
274548.1
274585
274620.6
274663.1
274741.8
277430.7
279217.6
279234.3
279292.5
279360.5
282753
282759.2
293759.9
295429.9
295527
295561
295574.1
295620.5
295696.6
295856.1
295932.4
295977
296068.5
296104.9
297809.1
297816.2
301960
302865.1
302999.5
303049.2
303166.6
303224.3
303236.5
303284.8
306507.5
306681.7
306711.1
306756.6
306854.2
306880.8
306927.7
306935.9
306959.4
306965.6
306986.3
307051.6
307116.7
307146.5
307147
307270.3
307279
307323
307347.2
307438.1
307507.2
307511.7
307667.7
307728.6
307744.4
307820.5
307893.2
307926.7
307974.1
308109.7
308210.3
308233.3
308281.7
308371.4
310364.6
310681.4
310729.5
310754
310831.6
310891.3
310895.9
310979.4
311004.3
311561.4
311640.7
311693.7
311777.5
311916.6
314292.3
315077.1
320187.6
320205.6
320230.5
320238
320339.2
320678
326081.1
326368.8
326424.8
330632.5
330756.6
331024.1
332056
332165.6
332208.9
332250.5
332325.9
332416.8
332417.8
332502.2
332548.9
332745.9
334448.9
336484.6
336651.9
339430.8
339586
339694.3
340017.3
340127.8
340156.2
340193.6
341859.9
341901.7
343590.8
343784.6
343785.4
343788.7
343825.3
343847.3
343862.3
343867.8
343916.2
343984
343995.6
344005.7
344075.9
344117.7
344125.3
344142.2
344160.3
344176.9
344231.9
344285.4
344360.6
344441.1
344480.4
344558.1
344799.6
344849
344936.4
344994.5
345007.2
345054.6
345082
345145.7
345169.3
345179.5
345215.9
345222.6
345335.9
345388
345448.6
345527.3
345583.6
345630.1
345653
345670.1
345675.2
345734.7
345789.8
345856.3
346341.8
346467
346498.3
346526.7
346600.7
346618.8
347973.9
348370
348519
348658.7
348817.7
348885.7
351445
351524.5
351599.5
351726.6
351730.4
351825.8
351981.6
352187.6
355370.4
365419.6
365427.8
365434.8
365527.8
365530.4
365574.1
365612.6
365820.5
365828.1
365835.9
365863.6
365879.5
365901.2
365966.2
366046
366115.7
366145.5
366173.1
366213
366347.4
366392.7
366547.9
366598.6
366671.8
366700.8
366840.5
366935.5
367016.6
367070.1
367124
367219.5
367240.7
367270.2
367345.6
367348.6
367368.6
367647
376104.1
376581.6
377223.6
377707.3
377926
377990.8
378993.3
380076.8
381715
381737
381812.3
382270.5
382926.7
384481.5
385940.5
386041.4
387487
388015.8
388039.9
389201.8
389388.2
389489.9
389497.2
389498.1
389515.5
389534.8
389579.7
389598.6
389680
389694.6
390041.5
390052.4
390170.4
390203
390333.9
390467.6
390484.6
390849.7
390850.1
390939
390939.8
390952.9
391009
391017.8
391174.9
391194.6
391269.3
391299.9
391317.6
391321.1
391323
391352.5
391394.1
391447.3
391541
391783.2
391829.1
391843.4
392075.7
392083.2
392127.9
392178.1
392507.5
399940.9
400454.2
400723.6
401261.1
404896.3
404959.7
405177.4
405298.4
405400.4
405724.5
405793.6
405917.9
405984.1
405989.5
406003.4
406030.6
406033.3
406047.2
406112.3
406139
406160.1
406191.4
406202.8
406393
406430.3
406454.8
406540.1
406567.9
406625.1
406661
406677.7
406708.9
406874.2
407238.1
407561.6
407628.8
407716.6
407739
407793.1
407848.3
408542.7
409061.8
409130.8
409532.1
409532.2
409727.4
409816.6
409991.8
409996.7
410548.9
410654.9
411247.4
411359.5
411500.3
411562.4
411563.9
411863.7
411913.3
411947.8
411990.7
412004.9
412022.3
412022.8
412048.1
412166.7
412181.1
412234.7
412282.5
412330.4
412367.9
412598
412651.3
412787.8
412800.9
412813.4
416093.9
416235.8
416332.8
416403.5
416752
416980.6
417859.4
419719.1
420015.9
420450.6
420508.4
420591.7
420820.5
420822.4
425511.8
426325.5
426453.2
426531.8
427803.4
427916.9
442376.9
445768
445804.9
445838.4
445950.5
445963.1
445982.9
446116.3
446151.4
446169.7
446359.5
446401.2
448468.6
448574.4
450063.2
450075
450153.3
450169.8
450193.6
450338.2
450391.4
450393.1
450407.1
450408
450411.3
450575.3
451151.3
451519.5
451611.1
451631.8
451713.9
451743.1
451770.9
451961.1
452088.1
452108.5
455218.3
455320.5
455340.4
455477.6
455525.6
455611.3
455612.6
455625.4
455650.7
455651
455675.4
455734.2
455869.2
455874.2
458762.1
458928.2
458931.5
459009
459050.2
459067.7
459072.4
459093.9
459113.1
459204.1
459243
459539
459563.2
459731.7
459764
460457.5
460962.8
461001.9
461044.8
461076.7
461081.3
461176.7
461228.9
461233.5
461233.8
461253.2
461334.2
461335.8
461364.4
461378.3
461419
461477.6
461575.7
461582.7
461890.7
463337.5
463526.5
463765
463768.3
463796.9
465597.9
465746.4
466048.8
466260.9
466319
466498.5
466700.6
467371.5
472663.7
472959.3
473176.7
473409
473448.8
473571.3
473727.5
479815.6
480957.8
481137.3
481329.1
481820.5
482006.1
486242
486688.2
487346.6
487739.5
487784.5
488233.6
488566.3
488567.6
488619.3
488661.4
488851.7
488877.8
489257.7
489348.1
489374.1
489419.1
489552.1
489563.4
489649
489678.7
489923.9
489939
490024.1
490550.1
490725.3
490886.5
492858.3
494206.4
494254.7
494731.9
495017.7
495755
496160.8
496197.2
496274.2
496277.8
496288.6
496337.9
497032.8
497189.9
497686.6
497851.3
497978.7
497984.8
498045.1
498379.9
498838.8
499071.5
499096.1
499418.6
499960.4
500023.2
500027.2
500474.7
500718.9
500827.5
500889.5
501485.8
501542.7
502098.1
502567.2
502646.6
502649.8
503002.3
503185.5
503338.7
503362.6
503479
503586.1
503612.1
504101.8
504715.5
505022.9
506680.2
506836.9
507169.7
507323.5
507525
507578.1
507593
507701
507871.4
507955.1
509437.4
509635.2
509655.8
509730.8
509745.1
510158.6
511214.6
511385.5
511494.1
511576.4
511587.2
518945.4
519295.2
519347.7
519397.5
519490.3
519597.2
519702.4
528717.3
533212.2
533226.7
533287.9
533292.7
533308.4
533376.3
533460.5
533481.6
533482.7
533540.8
533574
533882.5
533962.9
534060.6
534490
534564.4
534603.2
534664
534797.8
534839.7
537095.7
537105.2
537251.1
537376.6
537378.7
537404.5
537409.1
537441.6
537451.6
537481.1
537481.9
537544.5
537565.5
537809.8
537864.8
538086.6
538269
538587
538612.4
542820.3
543046.7
543252.3
543616.6
543889.1
544211.4
544523.2
545294.4
545370.9
545492.8
545588.3
545803.8
545822.6
545984.2
546961.5
547379.4
547459.9
548580.5
548605.7
548640.7
548667
548683.5
548799.8
548812.2
549256.4
550429.7
550486
550497.9
550511.6
550527.5
551963.9
551972.1
552019.3
552128.3
552172.8
552193.1
552197.6
552200.9
552240.2
552301.2
552359.4
552377.4
552460.1
552470.2
552484.5
552573.7
552653.4
553261.9
561493.1
561584.9
561628.2
561663.2
561725.6
561754.9
561809.1
561821.6
561823.9
561883.4
562126
562281.7
562402.2
563733.6
564819.2
564921.2
565007.7
565008.6
565040
565118.9
565137.3
565162.9
565210.7
565293
565303.7
565747.9
566121.9
566242.1
566264.6
566279.5
566407.1
566482.8
566533
566534.8
566547.5
566561.1
566605.7
566651.8
566682.5
566688.3
566745.2
566766
566839.4
566863.2
567623.2
571903.1
572084.7
575550.1
577610.2
577675
577700.6
577832.3
577840.2
578733.2
578965.2
579079.1
579090.1
579109.2
579111.8
579392.3
580932
580933.7
581581.5
581652.1
586645
587783.6
587962.7
590481.6
590598.8
590698.7
590706.2
590940
591274.4
591319.5
591330.6
591332.2
591579
596982
596999.4
597077.2
597155.4
597224.8
597320.6
597347.2
597351
597507.8
597533
597575.4
597623.7
597658
597897.6
597953.4
598018.8
598022
598888.4
599018.7
599128.6
599215.4
599246.6
599252.6
599299.7
599338.3
599380.8
599417.1
599481.6
599573.5
599646.2
599785.8
