4982.7
7261.5
11858
11929.9
11951.9
12697.8
12704.9
12750.8
12762.7
12884.5
12906.3
12996.4
13141.8
13340
13496.1
16175
16192.9
16362.4
16428
16478.4
16500.7
16585.5
16619.7
16636.9
16647.5
16665.5
16776.5
16861
19332.1
19851.8
19894.1
19958.5
20042.4
22983.3
23060.7
23144.6
23190.3
23226.9
23278.1
23278.2
23281.5
23303.7
23315.7
23338
23377.1
39036.9
39156.7
39252.9
40618.3
41843.1
41948.7
41991
42044.7
42045
50161.2
50163.5
50995.9
51080.1
51226.4
51455.1
51603.3
51737.4
51741
51858.4
51907.2
51977
52069.1
52176.9
56767.2
56951.3
57071.2
57200
58451.3
60451.8
65970.9
66049.4
66937.2
67002.6
67046.2
67240.5
67365
67469.1
67548.9
67664
70843.6
71036.3
71795.2
72264
72327.1
74219.7
74272.4
74278.5
74366.8
74373
74381.5
74407.8
74489.8
74523.7
74528.5
74575.6
74590.2
74658.1
74803.8
78063.8
78287.9
78342.5
78465.1
78682.1
78685.7
78820.2
78917.7
78998
79115.6
79242
79261.8
79268.3
79321.1
79459.5
79509
79612.1
79621.8
79698.5
79708.2
79812.9
79925.7
79993.7
80001.3
80010.8
80127
80449.4
80453.3
80458.1
80819.6
81113.6
81919.7
82102.8
82607.6
82904.5
82955.5
82979.8
82980.5
83059.8
83070
83077.6
83268
83271.7
83352.7
83371.6
83570.3
83640.8
83785.1
83801.5
87458.1
88620.9
88632.6
88793.9
88858.3
88934.8
89041.9
90982.6
91032.6
91061.8
92948
96037.2
97649.6
99260.5
99917.7
100018.5
100572.2
101319.6
106199.7
106213.9
106220.6
106347.7
106381.3
106383.3
106450.5
106462.7
106470.9
106720.8
106738.8
109115.3
109305.4
112441.4
116278
118335.3
118414.8
118505
118528.6
118541.1
118722.8
127170.4
134622
145059.3
145289.8
145438.4
145904.7
146182.1
147114.1
147173.1
147198.6
147537.6
147628.5
147697.5
147928
147937.1
147975.5
147988.4
148741.1
148999.7
149120.8
149173.5
150627.7
150689.4
150757.8
150996.2
151260.7
151323.1
151323.2
151436.5
151483.8
151630
151637.2
151695.8
151844.9
151998
152066.9
152191
152237.6
152292.3
152358.5
152359.6
152388.5
152694.9
152787.7
152837.3
152974.2
153009.5
153042.5
153137.4
153162.4
153221.6
153228.5
153392.4
153427.8
153521.4
153758.5
154092.5
154247.5
154312.9
154441.9
154477.8
154517.2
154625.9
154677.5
154821.1
154995.5
155176.9
155536.4
155552.1
155557.1
155613.3
155646.9
155742.1
155853.8
155972.9
156259.7
156322.1
156449.9
156457.3
156469.8
156608.5
156823.3
157152.7
157201.7
157528.4
157652.8
158242.4
158274.5
158502.2
158504.9
158797
158859.9
159105.7
160739.8
161391.2
161764
161923.6
162473.7
162780.6
162817.3
163082.7
163095.2
163115.3
163138.5
163148
163178.3
163219.4
163261.1
163274.3
163294.8
163314.1
163317.5
163366
163475.8
163499
163530.8
163599.3
163662.5
163688.2
163716.2
163732.2
163849.9
163858.3
163911.8
164072.8
164112.6
164113.5
164167.9
164244.4
164329.7
164357.3
164510.8
166977.2
167302.2
167315
167430.8
167687.5
168176.3
168211.3
168216
168232.2
168258.1
168271.8
168326.6
168335.7
168500.3
168542.1
168620.7
168719.1
169695.7
169750
169969.9
172748.7
172863.7
172916.6
172940.2
173071.9
173196.3
173778.1
173841.3
173868.3
173887.3
173894
174004.4
174009.2
174079.3
174080.5
174186
174234.1
174331.7
174384.2
174413.5
175535.6
176776
176935.6
179281
180309
180343.9
183586.4
186631.5
187771.3
187942.1
187966.3
188211.6
188225.1
188225.5
188299.8
188433.4
188437
188450.8
188471.3
188477
188516.4
188549.5
188611.8
188658
188830
190411.8
193737
193934.2
193960.7
194084.2
194141.1
194145.7
194165.2
194166.4
194194.2
194239.2
194263
194276.6
194336.7
194346.4
194457.7
194725.3
194894.1
199407.4
199454.2
199455.8
199642
199673.2
199809.2
199810.7
199830
199889.2
199942.8
199960.8
199966.4
199971.8
200001.8
200007.5
200071.7
200097.7
200134.9
200163.3
200203.2
200232.9
200299
200436.1
200542.4
200570.3
200822.2
200844.8
200931.6
200952.3
201009.1
201101.4
201178.6
201218.6
201301.3
201346.2
201500.2
201536.8
201566.7
201610.9
201626.5
201635.8
201667
201688
201743.3
201768.5
201821.2
201867.4
201929.9
201991.4
202100.7
202108.2
202129.8
202140.4
202239
202243.6
202261.2
202287.5
202340.1
202357.6
202409.1
202418
202428.7
202453.2
202579.8
202589.6
202592.9
202650.6
202657.4
202680.9
202718.6
202771.9
202985.3
202994.9
203013.3
203018.1
203045.5
203051.4
203068.2
203069.6
203077.2
203120.4
203148.2
203231.1
203256.9
203297.5
203361.4
203381.5
203383
203414.6
203441.1
203530.9
203536.7
203618.4
203625.1
203656.4
203659.3
203671.9
203678.4
203725.7
203734.3
203816
203854.3
203863.4
203873.6
203936
203944.9
203970.1
204017.7
204063.3
204129.9
204200.3
204212.3
204278.2
204313
204389.1
204447.5
204452.8
204457.5
204458.6
204535.8
204549.3
204586.2
204609.9
204661.5
204729.8
204741.4
204758
204792.2
204896.5
204898.5
204900
204914.4
204930.8
204944.9
204952.3
204977
205013
205069.5
205077
205122.2
205226.1
205277.1
205439.6
209796.6
209951.5
210036.2
210056.7
210176.6
210202.9
210258.9
210265.6
210340.3
210463.6
210553.8
212046
212106.2
212131.9
212267.8
212290.1
212319.9
212401.8
212516.7
212523.8
212598.6
212630
218154.1
218254
218271.3
218273
218345.3
218580.9
218924.5
221310.1
221418.2
221609.7
224049.7
224890.1
224989.9
224996.5
225002.1
225009.3
225021.5
225021.6
225233
226018.9
226186.7
226225.9
226268.3
226428.7
226835
226945.5
228465.4
228634.4
228645.2
228665.7
228827
228893.8
240573.7
240664.3
240683
240701.1
240712.4
240739.3
240871.3
241026.4
241157.9
241163.4
241163.5
241168.6
241276.4
241312
241431.5
241477.6
241516.1
241612
242432.5
242504.7
242548
242559.5
242560.9
242603.9
242630.1
242641.8
242680.9
242821.8
242873.9
242957.6
242961.9
242983.7
243054
243055.2
243108.2
243236.5
243316.2
244541.2
245982.7
250074.1
250141.4
250170.8
250180.8
250191.3
250194.1
250260.3
257637.3
258513.7
259847
264328.9
264428.8
264710.5
269958.9
274252
274301.1
274431.5
274466.2
274518.2
274532.9
274653.2
274722
274809.5
274830.6
274908.7
274930.1
274959.5
275039
275104.3
277407.1
277506.1
277570.1
277576.3
277580.2
277581.2
278547.6
279160.2
279369.9
287273.5
295475.4
295525.9
295895.4
295907.4
295946.1
295964.3
295973.3
295977.9
296010.3
296141.4
296170.5
296177.5
296273.9
296310.6
297729.5
297748.4
297833.5
297882.6
297885.9
300405.1
300415.2
303174.1
303191.7
303300.1
303319.2
309031.5
309161.3
310464.6
310779
310781
310821.9
310883
311768.4
311785
311821.2
311852.6
311872.3
312102.4
312106.3
312136.3
313413.3
313468.5
313471.7
313766.9
313964.3
314038.9
314288.7
314338.1
314362.6
314421.6
314443.5
314613.4
314705.8
315047.4
315057
315110.6
315416.5
315437.4
315454.2
315916.5
315917.4
316034.3
316451.3
316501
316625.1
316666.6
316689
316793.7
316819.9
316862.9
316954
316993.5
317070.2
317087.6
317109.7
317182.8
317188.5
317197.5
317215.4
317227.5
317703.2
317752.8
317953.6
317968.8
318232.1
318260
318366.5
318453.5
318608.4
318892.5
319194.7
319220.1
319352.6
319433.5
319446.4
319652.9
319877.5
323095.8
323131.9
323324.6
323364.4
323413.4
323450.8
323456.3
323459.1
323469.2
323545.2
323570.2
323590.8
323620.4
323630.1
323674.6
323699.8
323727.4
323729.5
323776.7
323783.3
323790.4
323853.9
323953.8
324001.3
324045.1
324052.8
324084.4
324145.8
324153.6
324174.8
324258.9
324403.2
324405.8
324415.6
324433.6
324458.2
324536.4
324551.6
324587.6
324588.8
324638.7
324893.9
324964.6
325921.1
326058.2
326061.3
326179.7
326241.6
326259.6
326261.2
326273.9
326291.5
326331.9
326345.8
326363.5
326528.3
330061.1
330208.1
330236.6
330353.4
330472.3
330486.6
330490.6
330560.9
330563.2
330588.3
330705.7
330713.9
330714
330791.3
330825.2
330852.7
330853.7
330898.6
330949.5
331007.6
331048.4
331057.7
331062.1
331136.5
331212.5
331624.4
331634.4
331781
332357.1
332372.2
332404.3
332414.5
332463.9
332502.4
335653.5
335715.3
335726.7
336183.8
336191.8
336329.9
339705.5
340387.5
341452.4
341608.9
341637.6
341642.4
341648.1
341721.6
341783.5
341820.8
341855.1
341927.3
341974.5
342008.6
342048
342140.1
345520.9
345679.2
345949.9
346086.3
346193.6
346278.2
346396.9
346409.5
347991.5
348024.6
348051.7
348130.2
348143.9
348167.6
348330.7
349889.7
350110.8
355481.5
362439.3
365172.6
365181.4
365221.6
365245.3
365265.4
365326.8
365421.9
365489.7
365537.6
365554.3
365580.1
365595.9
365619.5
365697.3
365733.9
365758.3
365813.3
365888.8
365932.7
365942.8
365978.2
366058.5
366065
366070.9
366120.2
366131.9
366171.3
366191.6
366205.7
366300.2
366350.1
366405.9
366416.6
366488.2
366528.2
366554.5
366569.8
366610.8
366689.4
366734.3
366808.6
366885.2
366921.8
366970.3
366974.1
367067.9
367092.4
367095.1
367150.5
367170.3
367180.9
372815
372843
372857.9
396068.8
402966.8
419845.9
419871.8
419959.1
420093.2
420095.9
420103.5
420163.6
420193.3
420223.4
420278
420305.1
420307.8
420309.5
420338.9
420385.1
420417.6
420427.4
420431.8
420499
420499.8
420506.2
420541.8
420581.7
420598.3
420654.7
423040.6
423060.3
423209.4
424137.5
424188.4
424355
424545.3
424567.1
425940.7
426079.9
426137
426278.2
426483.3
426656.5
426766.9
427689.9
427782.8
427896.7
427919
428016.8
428100.4
442152.8
442154.9
442232.9
442261
442266.1
442381.8
442398.6
442450.6
442634
442757.4
442933.9
443007.2
443008.9
443039.3
443061.1
443177.3
443186.1
443259.8
443286.3
443322.1
443332.4
443464.8
443606.2
443642
443656.8
443667.5
443696.7
443722.8
443799.2
443861.8
443888.4
443902.5
443990.6
444018.8
444177.9
444202.9
446072.2
446144.2
446165.9
446166.2
446195.2
446215.9
446236.8
446276.4
446308.7
446333.1
446539.8
446570.9
446730.2
446790.6
446804.1
446969.1
450027.6
450038.3
450139.2
450158.9
450227.3
450431.6
450438.3
450530.2
450578.9
450641.4
450649.4
450670.1
450707.2
450740.8
450768.6
454555.3
455499.6
455570.8
455607.1
455612.1
455615.8
455825.6
455838.6
457777.4
459075.5
459090.3
459137.8
459207.6
459260.1
459278.6
459299.4
459320.9
459546.3
459567.1
459704.8
460312.8
460423
460649.5
460835
460836.2
460908.2
460929.6
460961
461011.4
461017.7
461031.1
461176.1
461280
462455.9
462951.5
463058.3
463259
463424.4
463451.3
463513.4
463763
464772.7
466234.6
466368
466435.9
466604.4
466919.7
466960.3
466963.5
467033.3
467143.5
467254.6
467266.4
467284.9
467308.1
467495
467507.3
474944.9
475252.4
478257.7
479446.5
480783.6
481021.8
481300.4
481442.9
481450
481674
481713.3
481751.3
481960.3
482237.8
510542.4
510616.6
510804.1
511125.6
514008.3
514120.8
514135
514983.6
516671.5
516797.4
516935.4
516973.1
516976.5
517030.7
517087.9
517110
517163.3
517168.7
517292
525295.9
528497.4
529551.5
533505.4
533544.1
533552
533701.7
533714.5
533736.9
533778.2
533800.1
533802.4
533812.4
533846
533854
533874.4
533929
533931.5
533966.1
533973.7
533990.2
534065.7
534079.5
534086.6
534110.2
534128.5
534130.8
534239.1
534575.6
536831.8
537079.9
537104.1
537139.7
537212.9
537275.9
537505.1
537626.3
537786
537848.3
539223.9
548036.3
548731.7
548806.6
548974.8
549085.4
549086.8
549093.2
549263.4
549352
549353.3
550533.7
550542.7
550658.7
550676.4
550694.8
550735.3
550746
550769.7
550960.4
555828.2
555904.7
556018.5
556435.5
557624.2
557797
558183.7
558435.6
561161.6
561467.2
561499.5
561513.1
561580
561608.2
564904.4
564907.5
565008.8
565012.5
565276.8
566503.2
566549.8
568289.7
568394.3
568563
568599.7
568621.6
568628.5
568670.1
568803.1
568970.7
569032.6
569046.5
569260.2
569405.6
569485.1
569511.4
569605.9
569756.4
569930.7
570359
570586.5
570669.1
570743.4
570828.4
570911.5
570912.8
570913.8
570924.6
571122.2
574841.1
576163.8
577854.7
578012.3
578023.1
578084
578094.9
580780.1
580798.1
580837.8
580853.6
580949.1
580975.4
581486.2
581555.7
581604.1
585418.8
585857.9
585918.5
586030.6
588615
588953.6
588995.6
589009.8
589110.3
589244.5
589246.7
589345
589447.2
589972.5
590289
590315.4
590346.3
590372.3
590378.5
590427.2
590447.9
590449.9
590451.1
590454.4
590456.9
590460.2
590535.5
590787.6
591394.3
594599.8
595037.9
595166.5
597063.5
597132.4
597137
597184.9
597241.8
597269.4
597280.9
597291.3
597322.4
597500.8
597517.7
597525.4
597579.8
597820.5
597852.3
597888.6
597944.6
597967
598242.6
598382.5
598651.8
598655.8
598843.7
598991.9
599006.5
599008.7
599082.5
599090.1
599139.9
599158.2
599181.5
599237
599383
599415.4
599439.4
