8205.1
8610
8753.4
9170.6
9685.9
9691.9
9826.8
9828.8
9897.2
9977.8
10001.5
10006.2
10223.7
10356
10465.3
10685.2
10703.8
10734.1
21290.2
21376.6
21413.6
29012.2
29244.3
29335.6
29367.7
29814.4
29936.4
30461.8
30646.6
34763.5
39326.7
39355.5
39463.5
39554.4
39576.1
39665.1
39677.4
39785.1
39816.3
39835.5
39887.7
39950.6
40654.7
42459.7
42472.8
42686.5
42789.4
42810.5
44295.5
44338.9
44349
44442.6
44498.9
44549.3
44569
44574.7
44575.8
44578.6
44724.3
44729.2
44742.1
44746.7
44851.7
44991.9
45040.9
45080.1
45139.1
45285.3
47907.2
50215.4
50271
50315.4
50388.5
50528.1
50602.4
50604.3
50661.6
50706.3
50750.2
51198.8
51269.1
51339.6
51541.8
51557.6
51563.7
52068
55295.5
55422.3
55472.4
56160.4
56356.5
59277.5
59285.5
59397
59499
60226.9
60280.8
60323.1
60345.1
60441
60563.3
60579.3
60596.3
60603.5
60613.7
60730.7
61485.7
61574.5
61637.9
61811.8
61863
61985
61997.1
62016.6
62182
62196
62338.4
62374.3
62550.3
63156.6
63179.6
63205.9
63313.9
63346.8
63417.4
63420.4
63425.8
63463.9
63489.2
63492.3
63605.4
63611.2
63641.3
63754.3
63763.9
64366.7
66713.7
68980.3
69181.4
69242.6
69246.9
69247.1
69256.1
69259.5
69285.4
69320.5
69336.3
69590
69637.6
69647.3
73533
73539.7
73643.3
73649
73732.3
73832.8
73922
73969.1
74068.6
74173.2
74175.9
74244.2
78239.2
78444.3
78488.8
78756.3
78804.4
78944.5
79096.2
79112.9
79127.8
79313
79333.1
79405.3
79531.1
79542.2
79546.9
79547.2
79569.1
79817.9
79832.9
79929.9
80011.7
80035.6
80270.6
80283.8
80296.2
80302.4
80328.3
80342.5
80490.5
80500
80618
80662.1
80735.1
80846.4
80864.7
80950.5
81026.2
81032.3
81108.3
81141
81184.3
81217.7
81527.3
81537
81737.3
81756.5
81789.7
81894.2
81977
81979.6
81985.4
82018.3
82019.8
82041.4
82098.2
82202
82258.7
82274.6
82284
82461
82500.1
82526.1
82626.6
82679
82763.4
82835.5
82844.1
82881.1
82902.4
83071.1
83088.6
83152.5
83170
83248.7
83264.1
83478.5
83521.7
83542
83698.1
83784.2
83801.8
83819.9
88168.3
89243.5
90828.2
90861.3
90862.8
90938.9
90944.8
91010.4
91070.2
91075.4
91075.6
91108.1
91194.6
91201
92861.7
103344.8
103560.8
104083.7
104130.7
104327.3
104602.4
105464.5
105856.2
105865.5
105887.1
105890
105971.6
105983.5
106059.6
106086.8
106090.6
106143.7
106208.3
106235.3
106345.6
106389
109091
109466
112783.3
120694.3
120773.1
120935
121040.6
121052.7
121082.1
121082.5
121261.7
121279.3
121403.7
121540.3
123626.8
123827.9
124775.5
126948.6
127365.6
127376.8
127612.3
127635.9
127801.4
127961.1
128059.1
128091.8
128102.4
128134.2
128144.3
128290.3
128316.2
128369.4
128443.8
128465.3
128515.7
128518.7
130385.7
130482.6
131624.8
131772.6
131869.6
132544.8
133767.2
134191.6
134258.6
134299.9
134324.3
134390.6
134691.7
135966
136961.9
136969.6
138928.3
139365.1
139400
139865.1
139997.4
140163.3
140368.8
140681.5
140733.6
140738.1
140774.4
140808.5
140820.3
140905.1
140923.5
141676.8
141690.8
141786.2
141790.6
141849.9
141982.7
141996.2
142009.4
142022.6
142028.9
142160.7
142166.2
142168.7
142259
142282.2
142329.7
142363.4
142391.7
142512
142518.8
142597.8
142633.3
142685.6
142697.9
142717.4
142739.7
142775.9
142800.8
142820.4
142863.7
142867.7
142899.2
142905.8
142965.7
142983.5
143050.1
143060.1
143116.2
143144.7
143293.1
143350.7
143425.4
143427.3
143443.3
143474.2
143504
143506.1
143552.6
143586
143609.7
143730.6
143828.5
143904.6
144135
144149.6
144194.3
144202.4
144209.4
144212.5
144230.7
144346.5
144472
144532.4
144799.3
144865.6
144982.8
145060.1
145262.9
145513.1
145541.4
145931.3
146093
146191.1
146637.6
146921.7
147058.9
147068.4
147789.7
148978.1
149575.4
149581.3
150536.7
150716.8
150827.1
150926.2
151406.2
151599.3
151821.8
152111.5
152744
153029.2
154090.4
154929.5
155012.1
155626.9
156343.1
156825.6
157243.8
157362.3
158068.5
158261.6
158385.9
160379.1
160405.2
160632.9
160646.3
160652.8
160925.8
162738
163232.9
164544
164576.8
164649.5
164721.9
164731.5
164783.4
164842.9
164860.8
164870
164950.4
165131.4
165331.8
165350.8
165452.8
165473.8
165491.1
165512.4
165564.7
165587.3
165589.4
165641.6
165843.7
165943.3
166164.2
166293.1
166946.7
166966.9
167015.4
167081.6
167099.7
167117.7
167183.6
167400.3
167593.7
167778
169591.4
169636.6
169718.5
169732.5
169748.9
169902.9
169946.7
170111.7
173457.4
174147.5
176115.3
176307.9
176358.6
176537.8
176561.8
176589.7
176812.7
176883.9
177049.3
177142.5
177161.1
177219.3
177259.8
177284.6
177332.6
177336.5
177384.7
177440.3
177446
177478.7
177488.5
177524.4
177537
179486.4
179521.7
179548.2
179637.8
179710.8
179750.7
179790.2
179797.9
179806.9
179874.5
179888.9
179892.7
179990.5
180002.3
180008.2
180028.8
180044.7
180063.1
180134.3
180243.6
180265.8
180269.7
180320.2
180396.9
180407.9
180412.5
180543.7
180640.4
180735.9
180905.2
180978.1
181184.7
181308.3
181654.8
182271.8
183066.4
183216.8
183329.4
183338.8
183359.5
183368.2
183412.1
183479.8
183494.5
183495.1
183503.1
186205.2
186573.6
188540.6
188555.2
188631.1
189341.1
192463.3
192784.2
193845.7
195833.9
195867.3
195927.6
196028.2
196042.1
196109.1
196278.8
196320
196491.8
196698.5
196794.3
196964.1
197066
197101.4
197240.1
197451.4
197506.1
197561.6
197620.2
197735.8
197874.7
198031.1
198073
198142.6
198146.3
198242.2
198326
198397.7
198451.8
198474.8
198542.6
198916.6
198935.4
198943.7
198968.3
199052.6
199067.1
199157.6
199286.7
199301.3
199323.5
199329.7
199340.2
199342.9
199366.5
205691.3
205701.3
205798.7
205815.9
206031.8
206136.6
206184.8
206222
206232.4
206370
206734.7
206921.5
207066.1
207138.6
207320.5
207320.8
212898.8
212930.1
213011.9
213027
213066.3
213383.9
213464.8
213509.9
213602
213830.6
213886.5
213974.8
214200.5
219417.8
219583.5
219588.8
219596.9
219674.4
219718
219725.4
219743.6
224169
224260.5
224579.9
224657.9
225726.8
226134.7
226270.6
226272.7
226299
229016.5
229491.5
231099.8
231128.5
231152.6
231238.3
231376.4
233543.5
234289.5
234461.4
234526.9
234756.2
234832
234979.5
234980.3
235351
235494.3
235643.8
235671
235699.4
235738.9
235807.8
235841.4
236126
236163.7
236180.1
236308.8
236356.1
236365.3
236370.2
236490.7
236508.9
236585.4
236787.6
236980.4
237161.6
237923.2
238182.5
238425.9
238519.5
238686.9
238878.1
238988.3
239008.2
239054.4
239135.9
239170.2
239190.9
239229.5
239263
239296.4
239437.5
239769
240454.6
244257.9
244369.3
244390.8
244658.1
244761.4
244813.9
244870.9
244956.5
245012.9
245069.7
245167.6
245201.1
245454.3
245929.1
246477.4
246981.1
247173.7
247337.1
247340.6
247380.1
247433.6
247456.9
247565.2
247662
247845.9
247846.9
247870.8
247927.6
248179.5
248213.5
248389.6
248530.7
248670
248874.9
248887.8
251679.9
251888.2
255971.7
258338.7
264780.2
267229.7
267583.9
267717.8
267880.1
267882.6
268050.5
268062.8
268089
268122
268128.7
268257.9
268269.7
268290.8
268326.1
268337.4
268417.4
268431.3
268503.9
268550
268565.1
268565.9
270249.1
270500.5
270510.3
270642.2
270691.2
270704.6
270709.5
270793.2
271264.1
271295.9
271464.3
271637
271724.5
271779.6
271843.2
271915
272060.5
272175.7
278314.5
278379.9
278406
278415
278603.5
278666
278704
278717.4
278820.8
280562.5
280672.6
280684.3
280694.6
280748.8
280770.3
280816.3
280919
280923.7
280944.7
280959.2
281012.9
281045.8
281063.3
281134.2
281195.9
281234.9
281263
281298.5
281306.1
281332.7
281335.1
281383
281441.9
281584.6
281730.2
283150.1
284310.1
284537
284670.4
295895.2
295975.6
297855.1
297902.1
297999.2
298007.3
298168.2
298217.6
298263.7
298339.6
298456.2
298460.8
298531.9
298943.3
300659.9
303181.2
303332.7
304341
304793.1
304913.4
304983.5
305050.6
305166.4
305174.5
305360.9
305466.8
305560.8
305737.3
305742.8
305881
305912.8
305931.4
306167.6
306319.6
306337.8
306438.5
306800.5
307171.6
308520.2
308601.6
312619.9
312680.1
312712.6
312745.7
312889
316291
316945.4
317047.4
317064.9
317106
317183
317210.5
317475.3
317755.3
317813.1
317955.6
318222.1
318236.1
318517.6
318617.7
318717.4
318744.6
318794.7
318922
319060.4
319151.3
327430.9
327513.3
328703.4
328729.3
329005.1
329187.1
329208.4
330192.1
330452
335533.4
337928.3
347443.2
347830.9
347996
348011.8
348067.4
348094.8
348286.9
348361.2
348454
348456.8
348463
348591.9
348592.1
348598
349633.3
349726.2
349733.4
349770.2
349774.3
349798.6
349995.9
349999.4
350003.9
350046.1
350309.2
350370.5
350372.9
350435.4
350741.9
350811.7
350824.4
350832.9
350859.4
350911.5
350983.6
351006.7
351011.2
351162.3
351182.6
351357.7
365239
365400.5
365455.6
365465.3
365486.7
365568.3
365636
365813.3
366069.8
366118.6
366267
366295.8
366301.8
366433.5
366533.5
366621.9
366894.7
366922.5
367106.6
367160.7
372798
372927.4
372968.2
373110.7
373126.4
373243.5
373524
373954.9
374082
374091.7
374132.1
374314.2
374352.5
374397.8
374398.9
374449.6
375795.3
375906.4
375912.5
375997.1
376013
376068.2
376076.2
376083.4
376094.5
376108.2
376114.5
376128.4
376173.1
376174.9
376202.3
376205
376217.7
376236.6
376256.1
376285.1
376292.9
376340
376345.7
376350.2
376401.7
376408.4
376440.4
376509.1
376536.4
376592.7
376611.3
376665.7
376672.4
376679.2
376798.8
376805.6
376870.4
376931.1
376950.7
376959.6
376992.9
377011.5
377048.4
377074.2
377193.3
377217.9
377224.5
377308.1
377330.2
377352.1
377401.7
377424.2
377532.6
377546.8
377591.8
377689.8
377722.9
377729.8
377766.8
377849.7
377912.7
378064.6
378090.3
378144.5
378154
378169.6
378223.4
378282.1
378317.8
378381.4
378484
378538.8
378563.7
378619.2
378655.7
378740.3
378759.4
378842.2
378844.7
378867.2
378871.2
378933.2
378947.9
378966.8
378969.6
379030.8
379098.1
379175.9
379179.8
379194.6
379196.5
379215.5
379245
379270.4
379289.8
379571.9
379672.1
379734.6
379882.6
379898
379908.8
379931.9
379942.3
379958.7
380006.5
380057.1
380128.9
380129.6
380182.7
380186
380187.2
380345.2
380367.5
380387.9
380473.2
380473.8
380512.8
380611.3
380682.3
380684.9
380695.4
380766.4
380808
380890.6
380904.4
381072.4
381077.4
381241.9
381250.9
381270.3
381270.7
381347.3
381363.7
381374.3
381418
381460.4
381475.6
381485.3
381515.8
381532.6
381562.2
381571.9
381572.1
381634.8
381662.9
381686.4
381756.9
381778.6
381779.7
381782.2
381789.4
381811
381811.4
381861.6
381901.1
382000
382065.9
382072.3
382079
382132
382212.4
382236.2
382248.1
382337.7
382428.5
382483.2
382490.2
382490.3
382613.4
382618.4
382802.8
382843.6
382905.4
382922
382940.7
382979.3
383084.2
383088.2
383123.9
383138.6
383151.4
383221.8
383238.8
383248.2
383354.7
383430.4
383544.8
383545.8
383610.8
383668.7
383685.1
383701.7
383759.3
383768
383787.2
383905.2
383943.2
383959
383961
383970.5
384029.6
384130.5
384211.9
384242.2
384330.6
384400.4
384442
384477.6
384526.1
384535.9
384539.6
384564.1
384604.2
384625.2
384652.2
384796.8
384812.7
384822.7
384884.9
384893.4
384917.3
384939.5
384977.2
385008.8
385040.2
385088.4
385142.2
385168.6
385193.1
385291.6
385294
385307.5
385345.6
385347
385375.5
385413.8
385426.9
385580.1
385620.2
385625.2
385655.5
385714
385721.1
385886.4
385998.5
386136.4
386192.7
386218.7
386449.3
386467.6
386515.8
386601.1
386825.6
387038.9
387069.7
387126.4
387242.8
387287.4
387321.2
387363.2
387544.6
387585.9
387621.9
387644.5
387647
387947.9
387998.1
388074.1
388078
388091.1
388107.2
388161.5
388385.5
388871.9
388944.9
389146.8
389156.7
389171.5
389192.3
389339.5
389421
389578.2
389601
389608.7
389893.2
390008
390390
390508.3
391338.9
391422.8
391539.2
391598
391674.6
391731.5
392135.9
392181.9
392283.9
392293.7
392294.6
392414.8
392420.8
392524
392628.8
392637.8
392678.3
392721.4
392828.4
392929.1
392932.4
392948.8
392960.5
392984.5
392998.4
393025.2
393072.4
393117.1
393158.7
393277.7
393350
393359
393414
393423.2
393423.6
393528.8
393551.2
393561
393674.6
393951.5
393959.9
394005.1
394094
394105.4
394130.9
394169.2
394190
394221.4
394240
394323.3
394346.3
394435.1
394488.6
394558.4
394618.7
394648.6
394685
394716.7
394774
394856.9
394917.7
394981.9
394994.3
395181.7
395200.2
395221.6
395252.3
395486.5
395494.5
395514.7
395549.4
395687.2
395706.6
395726.2
395779.6
395806
395836.7
395865.9
395900.9
395923.8
396115
396125.5
396146.3
396259.1
399712.4
399935.6
399939.2
399954.7
400003.1
400126.1
400136.2
400232
400278.1
400291.3
400301.2
400356.6
400504.3
400660.7
400726.6
400751.1
400855
400914
400951.4
401019.7
401032
401050.5
401112.6
401201.2
401226.3
401306
401307.7
401319.9
401321.6
401343.7
401374.4
401441.4
401452.2
401482
401508.3
401523.1
401547.5
401568.4
401631.1
401661.8
401667.6
401673.4
401691.6
401727.9
401735.6
401814
401817.3
401824.7
401892.9
401957.3
402048.1
402089
402121.1
402122.4
402135.5
402352.8
402535.2
402557.9
402914.2
403298.6
403467.6
403495.9
403606
403611.9
403755.4
404039.1
404191.7
404291.1
404345.5
404537.3
404690.9
404732.6
404842.7
404873.3
404903.8
404917.4
404924.8
404984.6
405032
405130.9
405196.5
405196.8
405217.6
405226.9
405282.7
405298.6
405314.1
405371
405479.7
405519.5
405520.7
405556.8
405646.6
405652.7
405751.7
405869.2
406202.9
406339.8
406413.6
406476.5
406512.9
406636.3
406649.3
406656.2
406681.4
406732.4
406816.2
406855.8
406897.2
407034.2
407066
407072.1
407090.8
407094.4
407101.5
407131.2
407148.7
407210
407467.2
407526.2
407620.4
407640.4
407648.1
407652.9
407809.1
407913.8
407979.9
408109
408150.6
408193.4
408260.2
408290.6
408326.5
408454.9
408489
408512.2
408702.2
408715.5
408842.5
408907.5
408971.6
408988.8
409229.2
409261.8
409356.6
409362.2
409385.4
409493.8
409525.9
409585.5
409599.1
409614.5
409640.4
409661
409749
409953.9
409994.8
410030.9
410188.1
410191.4
410293.9
410296.3
410419.6
410497.4
410602.8
410659.3
410685.3
410884.1
410908.7
410972.6
411795.8
411807.4
411860.7
411935.7
412094.3
412897.6
413241.3
414370.3
414605.3
414686.7
414923.3
415229.4
415451.9
415576.5
415627.9
415690
415734.1
415788.8
415817.4
415847.3
415892.2
415956
415973
415974.5
416039.4
416055.9
416071.6
416192.3
416205.2
416277.2
416305.6
416398.2
416465.1
416542.9
416587.3
416601.9
416607.8
416639.3
416657.5
416693.1
416751.1
416852.7
416903.8
416986.3
416998.2
416999.9
417026.5
417041.5
417054.8
417060.4
417144.4
417146.2
417150
417165.4
417286.9
417365.5
417462.9
417477.4
417546
417618.6
417618.8
417630.6
417674.6
417687.4
417749.7
417765.8
417774.4
417782.8
417816.1
417909.3
418033.6
418049.2
418117.2
418679.1
421065.8
421180.2
421430.9
421462.1
425336.9
426316.2
427251.7
427510.9
428166.5
428272.9
428299.2
428342.2
428507.6
428616.3
428625.3
428760.1
428807.5
428867.3
429105.3
429197.2
429200.4
429248.3
429275.7
429432.9
429450
429474.9
429544.9
429723.6
432293.2
432418
432469.6
432577.2
433231.9
433324.9
433864.8
433935
433946.7
434615.6
434683.7
434792.1
434974
434995.2
435253.4
435566.1
437112.4
437345.9
437699.8
437760.3
438056.2
438103.3
438286.5
439129.1
439196
439797.2
441861.2
442193.8
443276.4
443512.7
443653.8
444265.4
445331.9
449736.2
449858.6
449919.2
450872.2
451085.6
451142.8
456658.6
456946.2
456987
457083.4
457244.3
460172.3
460258.4
460293.4
460295.8
460325.3
460333.4
460340.7
460347.1
460418.6
460472.9
460473.6
460498.2
460499.6
460636.3
460833.4
460993.3
461014.8
461088.9
461138.6
461179.2
462158.1
462824.1
463275.3
464743.6
464835.9
465068.9
467477.6
472354.7
472545.6
472866.1
472867.5
472871.9
472904.3
472907.9
472926.9
472996.8
473070.9
473083.8
473110.8
473114
473428.1
473439.9
473443.4
473553.7
473629.2
473633.9
473686.7
473702.8
473734.5
473746.7
473814.2
473818.5
473862.2
473896.8
473981.4
474016.5
474050.2
474155
474159.2
474194.5
474210.2
474219.5
474354.4
474358.4
474454.4
474502
474536.2
474601.4
474610.7
474634.4
474656.6
474706.6
474711.2
474877.8
475071.8
475116.4
475159.3
475342.5
475556.9
475592
475694
475694.5
475748.1
475806.4
475808
475925
475931.5
475962.9
476007.1
476038.1
476066
476069.6
476357.8
476415.7
476451.5
476568.5
476616.8
476622
476740.9
476956.1
476961.5
476976.3
477009.3
477016.4
477066.4
477221.1
477277.4
477321.9
477326.5
477381.8
477437.2
477543.2
477612.9
477673.2
477816.5
477843.6
477911.3
477946.9
478022.3
478250.7
478285
478774.7
485415.4
485651.6
485887.4
485901.5
486038
486108.8
486114.6
486188.6
486210.5
486386.5
486460.8
486504.3
486547.7
486637.3
486653.6
486704.3
486740.6
486752.6
486760.9
486766
486818.4
486881.7
486928
487015.9
487056.2
487116.9
487175.2
487191.3
487251
487272.4
487341.5
487349.2
487353.4
487402.3
487526
487542.4
487569
487583.8
487685.2
487686.4
487763.9
487805
487826.9
487871.6
487904.2
487920.4
487948.8
487990.4
488031.8
488063.3
488095.6
488106.3
488124.6
488133.1
488217.2
488260
488297.3
488338.5
488346.2
488391.5
488408.1
488419.3
488422.7
488448.2
488500.1
488506.8
488595.9
488662.9
488675.4
488676.6
488677.6
488714
488993.9
489040.2
489130.6
489147.5
489189.6
489223.3
489258.9
489333.9
489339.2
489362.8
489394
489413.5
489418.9
489436.9
489450.5
489473.2
489491.2
489515.2
489527.7
489604.8
489775.1
489841.2
489914.3
489944.6
489964.6
489969.2
489974.5
489982.9
489983
490003.8
490011.4
490048.5
490150.5
490202.1
490239.9
490266.2
490271.2
490284.7
490398.9
490407.3
490444.1
490493
490536.2
490553.3
490568.1
490589.4
490615.2
490639.7
490682.8
490694.4
490747.6
490849.6
490872.9
490920.6
490921.6
490945.5
491009.3
491155.2
491170.2
491180.5
491205.6
491222.1
491298.7
491333.4
491343.5
491369.6
491370.9
491382.5
491394.8
491401.4
491456.1
491462
491505.8
491543.9
491591.4
491678
491697.2
491740.3
491780.5
491855.8
491872.1
491898.8
491901.1
491907.5
491962.6
492109.7
492116.5
492170.7
492188
492213.4
492452
492488.5
492514.8
492587.5
492629.4
492634.3
492683.8
492702.8
492749.9
492804
492829
492845.1
492900.1
492927.2
492999.5
493054.4
493065.2
493075.4
493084.7
493194.5
493234.4
493331.6
493349.6
493372.5
493394.5
493455.3
493477.2
493526.8
493534
493552.2
493577.7
493589.6
493602.6
493671.9
493709.4
493746.5
493766
493839.6
493877.1
493884.3
493885.5
493913.8
494079.2
494081.4
494086.2
494153.9
494161.6
494171.5
494172.6
494208.1
494217.4
494282.7
494293.8
494299.8
494331.4
494341.7
494347.9
494416.9
494486.2
494589.3
494643.5
494653
494681.6
494910.7
494996.1
495095.3
495139.9
495159.6
495185.8
495240.2
495255.9
495264.8
495280.8
495379.2
495397.1
495416.1
495528.3
495612.9
495621
495658.4
495665.6
495683.5
495698.1
495737.2
495894.3
495900.5
495910.2
495928.4
496055.3
496112.7
496130.8
496183.1
496264.7
496341.5
496368.2
496369.9
496401.1
496478.9
496507.5
496518
496628.9
496632
496644.7
496737.8
496816.2
496876.8
496883.7
496945.5
496945.7
497013.6
497054.7
497064.1
497086
497153.4
497215.8
497394.7
497423
497474.3
497564
497649
497753
497817.9
497854.1
497877.1
497919.1
498020.4
498133.5
498165
498219.3
498251.7
498419.2
498420.4
498425.1
498472
498546.5
498559.3
498601.2
498606.3
498622.9
498628.6
498725.6
498742.3
498888.4
498919.4
498936.1
499107.7
499109.2
499166.4
499174.9
499230
499332.5
499421
499512.7
499514.4
499694
499709.9
499761
499886
499888
499934.5
499958.2
499970.7
499984.8
499988.1
499989.8
500039.7
500069.5
500133.8
500163.8
500197.1
500226.6
500317.9
500321
500396.6
500413.7
500466.9
500481.5
500508.2
500512.6
500537.6
500578.9
500665
500788.2
500829.6
500832.4
500910.3
501033.8
501163.6
501230.7
501281.4
501440
501531.2
501551.8
501558.3
501585.7
501613.2
501633.6
501655.1
501667.1
501670.4
501707.1
501746.1
501782.4
501802.6
501810.9
501871.6
501898.4
501940.6
501944.4
501989.5
502090.1
502097.1
502102.5
502289.9
502296.8
502325.6
502463
502516.4
502531.9
502535.3
502603.9
502661.7
502752.8
502771.6
502819.6
502885.7
502910.7
502921.3
502951.2
503001.4
503011.2
503028.1
503036.9
503039.3
503059
503085.6
503159.9
503178.5
503188.7
503219.2
503250.3
503375.7
503432.7
503453.2
503463.7
503501.8
503553.2
503608.3
503608.7
503643.7
503651.7
503735.9
503748.2
503759.1
503816.5
503823.2
503971.6
504007.4
504019.1
504057.2
504166.5
504205.3
504385.2
504388.8
504445.8
504453.8
504468.3
504478.9
504561.9
504589.9
504654.1
504716.7
504728.7
504759.9
504763.7
504781
504805.2
504944.2
504982.3
504987.1
504998.3
505031.5
505046.8
505071.6
505093.6
505111.7
505138.7
505139.8
505187.9
505217.1
505258.5
505262
505277.5
505309.8
505312.2
505337.8
505375.8
505382.6
505439.3
505526.7
505551.9
505616
505983.7
506094
506135.3
506152.5
506206
506218.8
506313.5
506335.4
506388.8
506400.6
506426.7
506465.3
506532.9
506541.9
506630.3
506636.4
506669.5
506682.8
506715.2
506726.3
506782.3
506878.1
506879.6
506915.8
506961.2
506982.8
507142.6
507251
507415.7
507544.7
507650.1
507658.1
507764.8
507829.5
507892.6
508000.8
508008.2
508036.1
508057.6
508063.7
512206.2
517165.2
517182.5
517239.8
517434
519922.5
520524.8
522513
523966.4
524336
524369.7
524470.6
524503.7
524689.4
524739.9
524804.4
524812.4
525138.4
525208.4
525430.6
525542.3
525550
525595.7
525790.8
525871.7
525934.3
525944.3
525946.7
525981.1
526003.4
526057.9
526107
526158.3
526257.3
526265.4
526317.8
526344.1
526368.2
526386.1
526403.1
526446.5
526517.4
526660.6
526710.5
526855.5
527116.3
530170.3
530315.7
530389.7
530414.8
535312.2
535368.3
535414.4
535664.6
535673.8
535742.9
535749.5
535783.9
535856
535915.6
536040.3
536132.3
536133.2
536133.8
536353.7
536405.3
536860.3
536864.3
536972.5
536995.2
536999.3
537042.6
537047.9
537078.4
537207.4
537215.6
537246.1
537312
537369.8
537664.3
537924.6
537999.5
541456.2
541478.9
541480.6
541765.1
542412.1
548695.4
548728.7
548774.8
558462.3
558620.8
558676.9
558908
558934.2
558998.5
559152.2
566971.4
567166.6
567288
568631.7
568746
570716.2
570973.4
570983.1
571031.3
571136.3
571261.2
571351.6
571354.3
571366.4
571406.8
571424.3
571428.8
571430.8
574239.7
574328.2
574829.4
576085.7
577807.4
577905.7
578015.1
578069.4
578102.8
578123.6
578178.6
580229.9
580615.2
580706.9
581608.2
587007.5
587018.9
587350.7
587475.9
588222.4
588249.3
588602.3
588679.4
588686.5
588694.8
588808
589129.8
589168.4
589173.6
589265
589336.9
589392.2
590348.8
590487.6
590694.1
590709.9
591711.2
591811.1
591952.2
591993.7
592037.3
592150.2
592951.8
593450
593573.8
594426.1
594551.7
594555.2
594648.7
595266
595573.3
595648.1
595690.5
595733.1
595854.7
596013.9
596067.6
596248.1
597718.6
