2138.2
5693.2
5738.9
5776.4
5833
5841.5
6019.3
6057.7
6079.9
6242.4
6315.8
6333.5
6369.2
6460
6551.5
6607.9
8506.1
8600.7
8642.8
8891.2
8902.1
8903.9
8911.1
8922.4
9066.8
9107.6
9272.1
9291.7
9490.7
9521.2
9660
9683.1
10134.4
10194.3
10194.9
10215
10218
10572.4
10595.3
14983.3
18114.5
18159
18170.3
18306.2
18426.5
18483.9
18498.8
22509.3
22663.6
22701.8
22709.4
22730.4
22739.2
23020.2
23064.3
29383.9
29423.6
29459.1
29477
29632
29635.6
29652
29693.4
29747.9
29971.8
29977.6
30021.6
30105.5
30111.5
30119.6
30164.3
30233.2
30252.6
30254.8
30337.3
30347.7
30379.7
30475.3
30535.1
30558.7
30576
30614.1
30710.1
30725.7
30734.1
30811.7
30869.2
30992.8
31078.7
35383.8
35512.5
38721
38725.6
41655.1
41705.9
41765.7
41942.7
42792.8
42805.5
42890.2
42931.4
42934.8
43030.3
43152.6
43172.7
43996
44180.7
50504.2
50610.9
50736.5
51419.7
52272.1
52348.2
52354.4
52384.1
52964.4
53086.8
53103.7
53380.3
53933.5
53957.1
54030.2
54079.3
54220.1
54278.7
54284.9
54423.7
54461.5
54502.9
54550.9
54574.8
55104
55187.3
55301.8
55359.4
55384.2
55453.5
55466.3
55478.3
55516.5
55588.3
55613.3
55639.8
55699.4
55820.3
55914.5
55922
55952.6
55984.2
56047.1
56106.5
56251.6
56266.3
56874.1
57133.1
57134.4
57240.5
58070.5
59541.2
60106.7
60146.5
61343.1
61474.6
61593.9
61656
61656.6
61748.7
61934.5
62021.9
62025.3
62384.7
62434.8
62479.7
62552.8
62583.4
62617.1
63764.8
63796.1
63877.8
63932
63941.3
63971.9
63979.7
63989.9
64112
64186.4
64625.4
64931.7
64939.1
64941.5
65005.9
65017.2
65044.4
65097
65239.6
65383
68559.4
71922.4
72455.2
72459.9
72508.8
72611
72787.3
72838
72851.3
72881.1
72899.2
72971.1
73176.9
73220.5
73260.8
73296.6
73308.8
73310.6
73310.8
73321.5
73387.3
73434.7
73440.3
73471.5
73663.1
73665.1
82452
82465.4
84468
89856.7
89928.8
89971.1
90026.4
90026.8
90035.2
90293.7
90346.5
90399
91230.8
91258.3
91276.9
91288.3
91420.8
93317.7
93871.6
94053.9
94088.6
94530.1
95038.1
95214.4
95275.4
95343.8
95531.6
95632.7
95731
95999.8
96041.8
96375.8
96508.1
96644.3
97828.1
97930.8
98765.1
99299.9
101515.8
102367.8
102643.2
103040.9
103367.9
103393.5
103422.7
103432.9
103440.2
103448.7
103522.5
103527.6
103562.1
103578.9
103609.5
103776.9
103821.5
103852
103860.2
103878.9
103903.9
103916.2
103976.1
104080.7
104115
104208
104213
104317.7
104351.8
104366.4
104418.2
104574.3
104761.8
105394.5
105408.4
105594.4
105603.3
105633.7
105703.7
105706.7
105707.1
105709.6
106606.1
106608
106727.8
113431.2
113606.1
113631.7
113638.4
113671.1
113698.1
113718
113751.7
113821.7
113903.8
114023.9
114034
114066.8
114199.8
114202.8
114247.2
114254.9
114267.3
114342.7
114359.8
114386.9
114445.8
114488
114524.4
114555.5
114619
114648.3
114687.9
114688.1
114708.4
114755.9
114767.5
114831.8
114857.4
114928.1
114937.2
114959.7
114984.2
115065.4
115170.3
115279.9
115295.2
115395.6
118215
118218.2
118256.4
118263
118268.2
118276.1
118296.6
118342.2
118356.2
118395.8
119057.2
121072.8
121215.3
121232.8
121272.1
121299.6
121330.3
121403.7
121416
121428.2
121451.1
121459.9
121505.1
121521.8
121571
121633.9
121682.9
121894.2
121915.7
121938.1
121948.6
121980.1
122012.6
122026.4
122084.3
122170.6
122199.1
122217.2
122223
122275.2
122320.3
122378.4
122419.1
122479.4
122560.9
122780
122847.8
122884.4
122890.2
122938
122981.8
123011.8
123017.9
123035
123064.3
123064.7
123086.7
123099.6
123180.3
123191.3
123213.3
123226.6
123265.4
123333.2
123343.1
123350.4
123367
123374.9
123461
123528
123592.8
123603.8
123678.5
123678.9
123722.8
123736.9
123805.7
123831.1
123872.2
123924.2
123950.2
124014.4
124036.6
124054.4
124062.8
124130.4
124168.4
124168.7
124175.9
124227.1
124233.1
124243.1
124258.7
124258.9
124284.1
124471.2
124625.9
126195.5
130932.3
130978.4
130988.2
131152
131188.9
131201.7
131234.2
131249.2
131261.9
131338.1
131361.8
131366.3
131426.9
131431.5
131458.7
131488.2
131520.4
132775.1
146480.4
149475.2
153421.3
161329
161563.4
161638.2
162556.8
162739.1
162744.5
162790.1
162810.5
162855.2
162865.8
162879
162961.6
162983.4
163135.6
163301.2
163302.8
163444.8
164812.6
165845.4
166562.4
168858.1
169312.8
169395.4
169466.7
169490.4
170071.1
170314.3
170461.6
172541.8
174142.3
174266.2
174382.8
174470.8
174509.7
174526.2
174563.9
174568.2
177359.1
177511.2
177515.7
177553.9
177605.8
177642.6
177738.8
178189.4
178305.4
178310.5
178401.6
178525.5
178526.5
178552.2
178561.5
178573.7
178700.6
178806.7
178886.6
178956.7
178986
179017.6
180096.3
180308.2
180582.7
183088.7
183123.7
183200.5
183216.6
183350.3
184319.7
184440.8
184624.4
184816
187808.9
188171.8
188302.8
188505.6
192360.3
193432.4
193515.8
193753.2
193772.5
193777
193929.4
195045.7
195064.6
195098.4
195136.4
195170.1
195203.1
195233.1
195269.7
195997.4
196129.7
196235
196238.9
196249.6
196286.9
196338.1
196339
196472.9
196490.2
196542
196608.5
196652.6
196662.1
196699.9
196703.5
196725.4
196767.8
196784.4
196800.1
196836.7
196897.2
196964.8
197010.5
197032.6
197041.2
197421.5
197470.8
197586.4
197642.5
197756.3
197940.4
198019.4
198414.8
198520
200205.2
200311.8
200661.7
200696.3
200830.7
201746.4
202744.7
202986.5
203080.5
203261.9
203368.4
204159.9
204220.2
208061.5
210181.1
210390.7
210414.9
210483.2
210506.4
210516
210563.2
210653.1
210656.8
210760
212717.9
212750.9
212813.4
212855.5
212997.1
213032.1
215478.4
215587.8
215588
215666.1
215668.6
215692.2
215694.6
215783.4
215783.8
215836.8
215858.2
215901.7
215905.6
216032.2
216040.6
216137.9
216152.8
216209.8
216241.1
216253.5
216264.4
216284.7
216326.8
216336.3
216447.5
216506.4
216530.2
216579.6
216717
216806.2
216849.3
216955.6
216969.8
216970
219224.4
219276.3
219734.5
221793.8
222012.5
222035.6
222166.7
222179.6
222185.6
222248
222333.9
223251.7
223271.1
223285.9
223392.3
224251.8
224336.9
224588.2
225210.5
225286.8
225395.7
225437.9
225606.1
229419.3
229504
229513.2
229708.3
229846.5
230037.9
231954.1
232104.8
232108.3
232130.3
232135.5
232215.7
232285.8
232292.1
232345
232373
232379.7
232409.5
232438
232470.4
232536.7
232539.9
232564
232576.6
232658.6
232689.7
232691.8
232765.3
232791.1
232870.3
232878.5
232888.9
232896.3
233058
233349.4
233356.5
233705.2
233729.4
233733.6
233762.8
234655.3
234698
235020.7
235254
235310.4
235594.2
235652
235668.4
235709.8
235876
235910.3
235979.5
236328.6
236416.7
236590.4
236642.3
236886.3
236954
237133.5
237764.5
237949.4
238032.7
238052.1
238056.6
238356.3
240996.9
241558.2
241625
242027.6
243920.8
244094.3
244110.3
244131.8
244143.3
244145.3
244185.7
244230.5
244294.1
244323.6
244579.7
245090.6
245203.5
245238.7
245392.3
245486.9
245593.3
245627.4
245787.3
245884
245948.6
245949.4
246024.2
246069.7
246155.5
246260.3
246327.7
246414.7
246459.5
247618.9
250799.4
250869.5
251001.1
251214.3
251281.5
251315.4
251468.3
251585.9
251629.3
251913.4
252322.5
252330.1
252374
252414.9
252415.5
252542.2
252674.4
252696.7
258758.6
259094
259169.7
259178.1
259219.7
259325.2
259456.2
263995.9
271713.2
273042.2
273195.3
273253.3
273401.7
273414.1
273430.8
273444.8
273508.5
273586.4
273634.5
273708.6
273869.1
273874.1
274742.1
274882.1
274923.1
275049.3
275110.2
275128.3
275267.1
275270.4
275278.4
275327.6
275335.4
275382.2
275563.6
277330.6
277410.4
277572
277579.5
277585.9
277628.4
277681
277682.7
280852.4
281187.7
281212.6
287172
287274.4
287507.1
287586.4
287592.6
287605.4
287619.3
287632.9
287687.1
287777.8
287791.2
287847.2
287898.6
289498.6
289782.1
292158.8
292366
292478.9
292903
294094.3
294178.8
294255.9
294327.9
294488.2
294511.3
294624.8
294712
294714.6
294895.6
294896.7
294896.8
294994.2
294997.4
295053.6
295329.2
298189.8
299746.1
301008.1
301112.3
301141.1
301195.3
301324.6
301431
301512.2
301517.6
301629.8
302112.6
303588.2
303645.1
306402.2
306436.5
306474.7
306496.5
306527.7
306592.4
306601.4
306678.6
306710.6
306750.1
306765.5
306877
306902.8
306959.6
307174.6
307190.5
307204.8
307269.5
307312.8
307448.2
307470.5
310145.8
320776
321776.8
321989.7
322520.5
322530.1
325936.2
326003.7
327465.7
329735.3
329797.6
329836.3
329894.7
329918.3
329925.5
329926
329967.4
330135.2
330211.1
330286.3
330329.9
330340.3
330866.6
331397
332587.9
332652.1
332684.5
332834.8
332930.9
333017.5
333100.9
333101.4
333320.3
333351.5
338186
338407.5
338422.5
338649.1
338689.5
338704.8
338878.7
338884.9
338901.3
338908.7
338938
339011.7
339089.2
339134.5
339135.1
339207.1
339233.7
339316.3
339341.5
339354
339378.7
339380.3
339394.2
339560.7
339625.9
339694.7
339775.1
343382.1
343820.3
344211.6
344331
344370.4
344533.6
344693.8
345327.2
345753.2
345862.3
345916.8
345926.5
346088.4
346184.7
346207.8
346215.3
346220.1
346268.7
346271.7
346309.1
346336.1
346410
346441.4
346445.3
346503.7
347798.5
348314.3
348370.8
348398.3
348587.8
348636
348655.6
348807.2
350132.5
350201.8
350622.8
350638.5
350829.9
350983.7
354208.7
354365.6
354664.9
369151.7
369418.8
369542.8
369606.4
370219.7
370502.1
370889.8
370918.6
370956.4
370989.3
371096.1
371146.2
371174.1
371206
371272.4
371598.7
371694.5
371710.2
371733.1
371772.5
371813.2
371861.3
371921.9
372011.8
372216
372253.4
372281.3
372311.4
372315.9
372366.2
372370.5
372386.9
372471.6
373098
373129.4
373294.7
373296.9
373362.3
373388.4
373392.8
373444
373474.2
373547.2
373568.3
373584.5
374254.4
374459.9
374702.2
374748
374750.9
374774.6
374810.1
374956.3
374958.3
374972.7
375038.8
375131.7
376003.2
376710
377149.3
378146
379075.7
379953.1
379961.6
380084.1
380366.6
380745.3
381133
381223.5
381580.7
389359.5
389387.1
389517.5
389612.9
389671.8
389739.1
389750.8
389772
389792
389935.4
389979.5
390035.2
390065
390075.1
390096
390148.7
390226
390238.9
390255.4
390333.1
390391.6
390489.6
390614.5
390642
390665.9
390682.3
390693.5
390879.7
390883.6
390923.2
390936.3
390997.9
391018.6
391031.5
391041.5
391053.7
391085.2
391134.1
391140.2
391156.3
391173
391285.7
391337.1
391348.7
391368.2
391491.8
391519.5
391629.9
391644.1
391653.3
391676.3
391719.6
391771.5
391846.9
391952.7
391984.5
391990
392086.7
392132.5
392177.9
392558.5
393186
397447.9
397941.5
399484.5
399549.2
399610.7
399626.5
399627.3
399843.8
399867
400010.3
404958
405142.2
405387.2
405397.7
405762.7
405831.3
405976
406070.6
406268.5
406328.2
408560.1
410636.6
412080.8
412201
412306
412387.2
412414.6
412500
412529.2
412605.3
412635.8
412688.2
412695.1
412717.6
412840.1
412938.1
412996.9
413023.8
413062.4
413069.1
413139.5
414014.6
414712.7
415927.7
416076.8
416088.4
416183.1
416243.9
416461.4
416968.7
417304.4
417502.6
417539.4
419019.6
419263.3
419413.8
419966.4
421498
421585.7
421696.7
424030.5
424445.2
424599.5
424645.9
424654.4
424665
424678.2
424705.9
424832.3
426278.8
426380.8
427827.5
427939.9
427962.1
429250
430137.6
430230.5
430537.8
432075.2
432568.7
441469
441725.1
441735.1
441756.9
441824.2
441838
441931.6
442087.2
442552.4
442612.2
442713.9
442826.1
442918.7
442925.8
443001.7
443215.5
444291.9
444430.7
444474.6
446606
446607.4
446636.9
446808
446844
446846.1
446860.5
446874.1
447031.7
447768
447902.7
448471
452334.6
452417.7
452473.9
452501.7
452510.6
452520.9
452532.3
452602.2
452678.2
452687.6
452695.3
452746.9
452883.2
452923.5
453013.3
455517.5
457103.9
457321.2
459817
459832
459912.6
459933
460029.4
463925.1
463964.1
464007.7
465097.2
465212
465332.7
468126.3
468182
469585.8
470044.8
472705.6
472803.6
472810
472904.6
473109.3
473119.2
473227.4
473299.4
473321.7
473363.2
473447.2
473570.9
473821
474037.3
474077.9
482652.3
483679.8
484018.5
485924.4
486084.9
486212.1
486761.5
487300.6
488804.3
489176.4
489755.8
490124.9
490367
490399.7
494011.5
494369.7
494517.1
494642.7
495238.1
495404.4
495876.9
496068.8
496374.5
496686.9
497553.4
497798.7
498038
498176
498216.6
498299.4
499145
499619.4
499741
499970.8
501283.7
503153.5
503263.2
503296.9
504470.6
504582.2
506857.5
507011.8
507083.1
507307
507369.5
507401.8
507461.6
507503.1
507567.7
507576
507590.1
507624.9
507673.3
516555.7
517240.7
517420.4
517593.2
517766.3
517806.3
517849.4
517858
518157.7
518211.4
518319.1
518347
518418.3
518508.2
518613.2
518692.9
518771
525852
525906.2
526306
526490.6
526523.7
526765.3
526793.8
526804.6
526871.6
526872.6
526928.5
526940.6
527218.9
527298.5
527352.9
527359.4
527359.8
527421
527482.3
527507.7
527685.9
527742.7
528171.1
531232.3
531293.5
531398.4
531479.7
534700.4
534818.2
534841.1
534875.9
534892.2
535032.6
535079.2
538286.3
539034.8
539038.2
541176.2
541262.5
541298.1
541309.3
541342.3
541421.8
541458.1
541503.3
541540.5
541554.5
541576.2
541626.2
541646.3
541729.4
541745.2
541780.5
541843.9
541891.6
541934.7
541979.2
541993.8
542017.3
542020
542112.1
542135
542332
542369.9
542401.7
542467.3
542469.2
542537.8
542548.8
542585.3
547250.4
547565.4
547663.2
548612.3
548624.7
548629.4
548660.7
548751.7
548838.1
548945.5
550619.8
550683.5
558583.1
561644.6
567616.7
567688
567771.2
567805.3
567806.6
574081
574118.9
575905.1
577656.8
577667.2
577772.7
577776.4
577790
577808.8
577992.2
578065.5
580190.5
582982.3
584451.7
584459.9
584579.5
585371
585418.7
585484
585495
585509.4
585608.3
585688.9
585925.2
587324.5
587325.3
587497.9
587510
587572.9
587612.3
587648.1
587696.6
587785.2
587795.8
587853.4
587857.2
587930.7
587992.4
588045
588049.2
588106.5
588133
588160.5
588168.8
589494.2
590539.8
590600.1
590667.1
590677.7
590703.2
590729.5
590829.8
590830.5
590831.7
590877.7
590931.4
594815.4
594820.8
596533.6
598270.9
599001.9
599235.4
599814.5
