995
1027.3
1492
1498
1702.4
23185.9
23489.5
23662.4
23878.1
23932.4
23965.6
24123.3
24127.7
24308.6
24350.6
24351.1
24426.6
24456.2
24493
24559.1
24677.8
24699.1
24728.8
24742.3
24776.9
24803.4
24944.7
24990
25050.9
25064.1
25075.1
25190.2
25214.2
25238.4
25281
25396.3
25420.5
25561.6
25596
25657.2
25723.7
25899.2
26022.8
26033.2
26102.1
26118.9
26136.5
26240.4
26262.2
26313.6
26341.8
26418.7
26528.9
26843.8
27012.1
27143.2
27227.4
27242.3
27247.9
27264.1
27268.7
27342.8
27343.7
27386.7
27450.3
27626.8
27882.4
28021.8
28032.4
28050.3
28156
28292.2
28384.1
28385.9
28403.9
28436.9
28530.1
28572.2
28610.2
28624.6
28801.8
28845.8
28912.8
28929.8
28954.8
29004.2
29059.5
29093.6
29114.4
29119.3
29121.5
29131
29160.3
29208.1
29210.4
29227.3
29239.8
29253.3
29296.4
29301.3
29318.8
29328.3
29401.3
29416.7
29439
29480.7
29539.6
29572.4
29722
29731.7
29803.4
29836.3
29847.4
29890.1
29965.7
30078.2
30084.1
30191.4
30199
30296.8
30299.8
30333.7
30361.7
30459.6
30493.1
30564.3
30567.3
30643.6
30702
31260
34240.8
34339.5
34550.6
34790
47345.1
47769.6
48194
48252.6
49084.5
50103.2
50336.2
50348
50381.3
50525.3
50525.4
50623.3
50658.6
50663.8
50664.3
50755.7
50787.9
50816.7
50937.2
50954.5
51021.6
51673.9
59987.9
60072.9
60079.8
60102
60164
60269
60477.5
60500.4
60516.9
60558.3
60700.4
61017.3
61241.4
61251.3
61251.5
61288.1
61420.4
61427
61442.9
61524.8
61528.4
61711.2
61712.7
61716.1
61726.5
61775.2
61837.1
61856.9
61875.3
61884.6
61908.3
61941.4
61999.3
62019.9
62337.1
62340.4
62408.5
62476
62497.4
62531.6
62588.4
62598.5
62625.2
62697.6
62831.5
62844.3
90533.7
90978.2
90992.4
91013.2
91102.8
91119.3
91126.3
91148.2
91198.7
91217.8
91260.1
91379.1
91439.9
91450.3
93290.2
93411.4
93437.3
93723.9
93809.4
93826.7
94079.4
94139
94961.5
95327.8
95328.9
95340.1
95405.7
95565.2
95665.5
95707.9
95973.6
96098.8
96129.2
96447.6
96514.5
96515.3
96548.2
96654.6
96819.3
96827.3
96844.8
97025.3
97122.7
97208
97232.9
97601.8
97776.7
97956.4
98188.5
98274.6
98460.4
98544
98646.9
98804.5
98887.9
98980.7
99408.2
99435.1
99632.5
99769.3
99879.8
99889.7
100131.3
100155.9
100596.9
101213.6
101383.6
101553.3
101560.9
101621.4
101946.6
102013.8
102129.6
102380
102487
102595.3
102919.4
102944.9
103019.1
103076.8
103376.6
103485.9
103514.8
103516.2
103599.5
103704.1
103737.6
103783.3
103790.3
103909.7
103941.5
103948.2
103995.6
104008.7
104118.8
104180.4
104308
104311.8
104383.8
104468
104597.6
104837.7
105262
105396.6
105538.2
105551.8
105602.3
105675
105864.1
105878.9
105888.9
105890
105953.6
105974.1
106089.7
106108.1
106157.3
106266.4
106429.6
106581.7
106774.6
161719.7
161792.2
161950.7
162124.7
162142.7
162158.9
162165.8
162173.9
162236.3
162280.7
162341.2
162462.4
163039.5
174616.6
174719.9
174737
174846.7
175005.8
175184.1
175241.6
175245.7
175264.2
175322.9
175473.9
175703.8
175735.7
175757.8
175789.3
175827.5
175900.9
175928.8
175980.6
176065.2
176116.3
176132.8
176184
176202.9
176537.6
176585
176661.3
176699.8
176741.3
176771.8
176856.4
176885.4
176969.4
176972.8
177004.4
177012.1
177053.2
177059
177067
177139.7
177220.4
177229
177323.8
177359.9
177377.9
177440.5
177445
177560.3
177568.4
177687.2
177722.2
177774.7
177979.3
178027.5
178065.6
178236.3
178330.9
178400.4
178492.9
178548.9
178624.5
178846.1
178862.1
178904.9
179004.1
181087.5
181466.2
181982
182963.3
183004.9
183014.9
183072.8
183083
183193.9
183335.6
183391.7
183447.5
183547.2
183565.6
183591.5
183691.6
183774.6
183943.6
194514.4
194557.8
194608.3
222804.1
223415.9
223513.9
223586.2
223771.1
223783
223832.9
224031
224099.8
224113.4
224186.4
224201.2
224365.1
224490.8
224508.2
224509.9
224580.3
224585.2
224675.4
224756.8
224770.4
224878.3
224888.8
225032.9
225071.1
250280.1
250391.4
250492.4
250504.8
250711.3
250806.6
250817.8
250883.7
250904.2
250944.5
250953.1
250969.2
251022.2
251048.8
251053.2
251153.6
251215.8
251272.6
251312.1
251414.7
251429
251444.3
251447.9
251519.7
251532.4
251639.6
251685.2
251729.1
251733
251789.6
251793.2
251844.4
251852.8
251943.1
252015.2
252109
252113.7
252157.4
252175.9
252339.5
252367.2
252418.5
252429.3
252584
252594.5
252683.7
253033.5
255189.3
255277.5
255860.1
256331.6
257267
257349.8
257997.4
258223.3
258518.1
258561.2
259464
279228.8
279376
279470
279792.3
282023.5
282234.7
282280.7
282515.4
282590
282665.5
282907.1
283363
283389.1
283406.8
284163.3
285739
286869.4
286928.2
299326.5
299507.4
299516.5
299560.8
299685.4
299970.5
300031.6
300091.4
300182.1
300233.8
300307
300369.4
300388
300471.5
300477
300500.3
300503.4
300515.5
300516
300553.5
300559.1
300635
300725.1
300799.5
300855.6
300966.4
300970.5
300980.5
301044.2
301161.6
301200
301250.7
301310.7
301332
301355.3
301405.4
301431
301462.2
301484.3
301568.2
301634.9
301635.8
301650.4
301780.7
301792
301792.3
301812.6
301847.2
301855.1
301881
301930.2
302003.5
302008.4
302191.8
302382.5
302401.6
302502.3
302628.6
302681.1
302768.3
302947.6
330259.1
330828.3
337007.4
337057.8
337650.2
348987.3
349052.9
349226.5
349294.5
349372.2
349409
349496.2
349590.9
349639.7
349682.2
349739.2
349740.9
349742.9
349749.9
349807.6
349874.9
349891.5
349903.4
350131.8
350245.6
350259.7
350275.9
350320
350346.5
350364.4
350389.4
350453.3
350467.1
350517.6
350524
350561.3
350568.7
350576.2
350651.6
350661.1
350744.2
350763.8
350767.1
350820.5
350871.1
350951.5
350961.5
351448.6
351912.2
353178.7
353238.4
353409.6
372577.8
372654.6
372804.8
372820.2
372904
372945.2
372967.4
373015.4
373036.8
373156.8
373169.2
373211.9
373231.1
373314.9
373340.8
373394.8
373476.6
373510.5
373552.7
373665.8
373667.1
373701.9
373720.2
373794.3
421298.9
421569.7
421624.7
421938.3
422006.7
422032.8
422045.9
422180.5
422233.2
422286.6
422289.4
422424.1
422532.6
422533.2
422548.2
422729.5
422811.5
422818.6
422838.8
422863.2
422874.9
422933
422955.4
422960.9
422996.6
422999.8
423020.5
423021.6
423122.2
423135.7
423140
423262
423430.8
463814.3
463948.7
464184.9
464475.5
464503.2
464588.3
464618.7
464661.1
464728.1
464755.5
464777.8
464830.5
464859.4
464867.1
465133.7
465138.3
465141.6
465244.8
465319
465364.9
465476
465597.4
465699.9
465747.2
465887.3
465890.8
466196.7
466421
466982.3
467014.5
512508.7
512584.3
512620
512691.7
512832.2
512910.7
512923.3
513308.7
513322.5
513387.6
513416
513439.3
513855.7
513922.3
513982.3
514097.1
514313.1
514348.9
514671.9
515714.8
516226.4
516502.6
516537.3
516738.4
516775.6
516800.4
516971.5
516974.8
517052.1
517117.5
517181.3
517200.4
517230.9
517234.4
517339.2
517376.9
517378.2
517387.5
517521.4
517559.2
517653
517717.9
517791.4
517907.8
518068.8
518083.1
518153.2
518206.5
518210.4
518225.6
518263.9
518302.1
518478.6
518552.8
518784.6
519540.6
519686.5
519966.1
522119.3
522253.7
523868.3
523874.6
524449.5
524653.1
525070
539823.4
539985.3
540190.7
540225.1
540274.7
540340.6
540364.2
540432.7
540549.9
540645.7
540676.9
540700.6
540746.2
540834.1
540912.3
540925.4
541076.7
541109.6
541148.2
541149.4
541191.4
541297.7
541326
541343.6
541344.4
541414.2
541487.3
541537.2
541572.1
541600.6
541779.6
541822.7
541872.6
541905.7
541905.8
541907.7
542027.3
542082.1
542093.9
542161.2
542226.5
542246.4
542279
542473.3
542529.7
542535
542536
542574.9
542649.6
542651.4
542664.6
544494.1
545290.8
545657.6
546387.1
546623.4
546739.8
547060.6
547203.7
547387.3
547416.9
547516.2
547541.8
547586.7
547721.9
547766.6
547773.4
547795.5
547803.1
547847.6
547851.3
547862.9
547961.5
547977.9
547986.4
548023.4
548050
548169.6
548349.7
567351
567849.3
567949.3
567970.8
568153.3
568466.1
568511
568604.6
568706.5
568779.8
568796.2
568877.3
568971.1
569020.3
569105.1
569171.2
569281.6
569340
569343.6
569506.2
569511.7
569554.2
569584.1
569589.5
569591.9
569729.1
569742.6
569892.9
570137.3
570241.4
570278.3
570489.3
570502
570522.5
570566.9
570746
570810.1
570827.3
570862.4
570931
571034
571055.7
571076.5
571126.5
571140.8
571251.7
571329.5
571347.9
571368.2
571371.4
571399.5
571404.9
571476.8
571750.3
571852.9
572485.3
573083.7
573203.5
573920.8
575505.8
575577.1
575686.1
575821.8
575874.8
575896.3
575942.4
575969.1
575975.8
576036.1
576336.3
576416.7
585454.2
585774.9
590998.8
591164.4
591188.2
591303.8
591356
591668.2
591717.4
594282.9
595165.9
