7122
7203.6
7223.6
7272.8
7285.3
7307.5
7351.6
7358
7364.6
7417.1
7858.3
7929.7
7994.1
8069.7
8159.3
11182.9
11260.8
11489
12594.3
12653.7
12804.1
16085.1
16104
16262.8
16273.9
16281.6
16783.1
20817.5
20842.6
20944
20998.3
21025.3
21066.3
22449.9
22482.5
22628.5
22668.6
22670.2
22701.4
22744.5
22873.2
23136
24074.1
24148.6
24205.5
24230.2
24289.6
24295.3
24312.9
24447.6
24571.9
24688.9
24726.2
24769.2
24966.8
24997.3
25084.6
25316.8
25350.3
25443.4
25567.3
25681.1
27240
27337.8
27352.2
27690.7
28026.2
28390.5
28396.5
28441.7
28447.1
28572.7
28615
28622.8
28625.6
28650
28692.6
28755.9
28823.3
28906.4
28915.3
28959.3
29010.3
29011.9
29040.3
29087.8
29137.8
29321.1
29407.6
29478.2
30181.4
39104.7
39220.4
39221.6
39283
39400.5
39431.2
39446.7
39447.1
39541.1
39592.1
39611.4
39641.8
39668.9
39801.8
39825
39846.7
39909.9
40927.6
42092
42199.3
42307.3
43727
44141.1
44221
44287.6
50586
50603.1
50604.1
50677.1
50697.4
50714.5
50719.1
50823.2
52308.7
52341.3
52469.5
52519.8
52526.1
52533.2
52964.7
53066.9
53068
53074
53151.3
53193
53208.5
53209.4
53227.3
53297
53355.9
53452.2
53532.3
53897.7
53934.5
54062.2
54128.5
54189.8
54206.2
54209.8
54248
54288.6
54306.3
54341.3
54375.5
54503.8
54507.1
54567.9
54573.7
54578.5
54588
54599.7
54628.4
56392.6
56563.3
56595.2
56621.1
56660.1
56675.3
56682
56710.2
56791
56815.7
56834.2
57225.6
59091.2
59991.9
60058.5
60107.4
60161.8
60172.3
60210.1
61693.7
63674.3
63815.2
64019.1
64079.7
64224.6
64239.7
64282.5
64311.6
64587.8
64693.2
64898.1
64911.8
64923
64991.1
65025.6
65030.3
65197.8
65243.2
65294.2
69605
69658.3
69759.4
69779.4
70478.3
70570.6
70705.8
70719.5
70739.1
70801.8
70884.8
70910.3
70946.5
71056.7
71117.7
71336.3
73146.1
73625.9
73726.3
73764
73947.4
73974.5
74016.4
74059.9
74093.1
74216.5
74276.9
74321.3
74416.3
74453.8
74652.4
78834.3
78906.4
79526.5
79538.7
79542.2
80063.4
80348.2
80543.7
80657.4
80739.8
80786.6
80791.3
80799.3
80814
80945.5
80985.8
81037.9
81158.7
81278.8
81314.9
81384.8
81451.1
81461.6
81504.9
81586.2
81602.2
81618.5
81667.4
81751.4
81762
81861.1
81867.9
81967.2
81981.3
81988
82002.1
82082.5
82200.4
82206.9
82224.1
82357.4
82392.3
82477.6
82517.5
82523.9
82746.9
82810
83391.4
83452
83574.7
83727.4
91063.7
91246.7
95439.3
104198.5
104399.1
105772.4
105874
106083.4
106140.6
106369.3
115910.9
115937.4
115956.1
116052.2
116304.3
116337.8
116434.1
116442.6
116497.7
116602.7
116607.2
116781.6
116789.6
116841
116913.9
116915.7
116982.2
117066.9
117132.2
117139.4
117143.8
117154.4
117204.5
117234.5
117248.8
117261.4
117279.3
117384.6
117426.9
117546.2
117553.6
117599.8
117647.7
117724.4
117760.8
118951.7
125430.1
125707.8
125793.7
125889.7
125965.2
126095.7
126143.9
126236.9
126317.8
126387.2
128581.9
128765
128884.7
128988.8
129017.4
129064.3
129116.4
129381.7
129487.7
129517.9
129650.8
129683.4
129715.6
129818.6
129852.3
130248.8
141730.3
143716
144082.3
144276.8
144616.3
144936.3
144970.3
144999.8
145124.8
145196.9
145239.6
145328.9
145400.2
145480.5
145481.1
145492.1
145666.2
145688.1
145769.3
145798.7
145970.9
145975.7
145975.9
146190.5
146305.2
146345.1
146400
146531.6
146612.5
146789.8
146935.7
146953.2
147185.4
148010.5
148195.9
148415.6
148510.8
148653
148823.6
148860.2
149217.8
149302
149303.3
149359.1
149384
149464.2
149661.5
149779.7
149825.6
149983.9
150035.8
150043.5
150175.7
150408.8
150571.7
150608.4
150650.6
150667.7
150776.6
150855.3
151234.7
151436.4
151660.3
151695.6
152166.8
152224
152229.8
152615.5
152728.8
152805.1
152806.9
153100.4
153133
153156.4
153250.4
153259.9
153358
153395.5
153589.5
153880.1
153887.2
153901
153969.1
154172
154300.8
155038.9
155386
155527.8
155752.9
155860.7
155944.2
155994.4
156096.5
156125.6
156442.4
156991.1
156995.5
157135.1
157503.5
157856.4
158786.2
158997.1
159035
159108.1
159121.5
159221.9
159240.6
159280
159281.5
159617.5
159647.7
159664
159670.7
159728
159782.6
159804.7
159826.2
159904.1
159944.9
160069.5
160071.5
160088.1
160356.3
160642.1
161416.2
161556.3
161737.3
162252.9
164528.9
164625.8
164651.7
164666.5
164740.7
164740.9
164766.9
164834.2
165174.9
165294
165307.8
165385.3
167026.4
167103.5
167114.5
167203.1
167390.9
167467.7
167496.2
167521.7
167593.2
167694.1
167694.8
167737.9
167838.5
167887.2
167950.3
167967.7
167972.8
167980.6
169199.5
169368.6
169564.9
172878.4
174081.5
175878.4
175951.3
175976.8
175985.7
176015.9
176050.5
176055.8
176162.2
176263.5
176307.1
176330.6
176404.2
176467.2
176472.8
176493
176671.3
176677.7
176692.1
176744.5
176750.8
176752.9
176769.4
176878.1
177168.2
177335.2
177536.1
179970.5
180077
180313
180479.2
187100.8
187154.1
187195.6
187207.2
187213.8
188560.3
188844.7
188846.2
188930.2
188969.2
189065.7
189137.5
189336.7
189359.6
189366.5
190900.8
191341.7
191390.2
191488.1
191536
191646.8
191648.9
191660.2
191665.8
191707.5
192025.2
192042.9
192125.4
192232
192396.9
193000.6
193435.1
193652
193673.7
193755.7
193773.8
195134
195143.1
195223.5
195254.1
195314.6
200537.3
200684.2
201811.3
203737
206283.8
207993.1
208150.8
208554.8
208601.6
209435.7
209537.3
209952.7
210093
210168.2
210264.5
210428.1
211937.9
212068.6
212132.2
218301.6
219004.6
219472.3
219634.2
219654.9
219723.5
219762.3
219833.7
222186.9
222268
222289.1
222394.8
222499
223847
223871.2
223916
223957.6
224038.8
224051.2
224055.6
224058
224290.5
224337.2
224360.9
224367.6
224385.8
224443.1
224449.2
224786.1
230807.2
230876
230917.1
231005.2
231072.3
231132.3
231939.3
231995.8
232009.1
232140.3
232149.1
232157.3
232159
232164.9
232277.3
232346.1
232349.2
232386.4
232499.9
232525.8
232545.7
232677.6
232781.8
232784.3
232840.2
232856.2
232864.7
232868
232875.8
232911.4
232998.9
233002.9
233022.1
233266.7
233272.9
233327.2
233416.3
233435
233477.3
233487.6
233499.8
233576.3
233679.1
233791.1
233795.1
233914.3
239815.1
239824.9
239880.6
240156.4
240188
240194.8
240221.7
240238.1
240242.3
240285.1
240369.6
240420
240995.3
243606.5
243688.5
243802.9
243805.5
243877.5
243890.9
243914.4
243935
244012.3
244032
244048.1
244082.3
244160.9
244193.7
244230.2
244256.6
245113.3
245433.8
245514.2
245652.7
245692.5
245771.2
246360.3
246427.8
246516.3
246576.4
249652.1
249812.4
249847.7
249848.9
249876.1
250912.2
251088.3
251402.7
251487.5
251492.4
251544.1
251587.8
251672.9
251689.8
251760.8
251780.7
251841.3
251872.7
251949.2
252073.7
252086.4
266080.6
267880
267959.9
268606.4
268708.3
268744.5
268779.9
268901.3
269956.7
269959.9
270031.7
270065.8
270067.8
270075.7
270104.5
270191.3
270192.9
270259
270274.5
270324.7
270372.5
270407.9
270449
270483.3
270517
270566.2
270569.4
270694.1
270968.8
271446.7
271541.2
271776
273005.7
273209.1
273209.8
273230.2
273349.1
273423
273471
273522.5
273567.2
273575.1
273611
273661.6
273677.1
274052
277982.4
278458.9
278467.9
278477
278495
278558.2
297959.3
298030.3
298040.6
298121.8
298152.5
298161.4
298190.6
298200
298246.1
298262.9
298285.5
298288.9
298299.3
298313.3
298318.3
298331.4
298382.4
298396
298470.3
298503.2
298541.6
298564.8
298644.4
298655.7
298722.3
299539.7
299572.5
299659.2
300065.2
300189.5
300232.4
300257.2
300387.3
300434.4
300463.6
300517.9
300532.5
300545.2
300628.1
300634.4
300727.2
300736.5
300794.3
300803.7
300888.9
300895.4
300904.7
300952.3
301067.7
301265.8
301421
301452.7
301483.6
301659.7
301678
301706.2
303537.6
303558.6
303562
303598.7
303627.1
308017.2
308381.5
311934.2
313043.4
313195.7
313590.4
314349.1
316412.8
316565.7
316577.8
316847.9
316851.9
316889.5
316944
317107.3
317119.7
317303.8
317353.3
317365.6
317378.5
317486.7
318080
318268.5
318319.7
318378.7
318428
318489.5
318532.5
318607.9
318684.4
318852.4
318919
318952.9
318967.2
319092.8
319110.4
319124
319182.8
319245.8
319280.9
319286.1
319339.8
319625.9
323003
323082.9
323260
323483.4
323512.2
323808.5
323871
324127.5
324287.6
324780.8
325291.3
329521.8
329525.6
329600.6
329687.2
329912.3
329984.1
330059.2
330144.7
331242.6
335090.9
335185.8
335323.7
335373
335383.3
335502.8
335540.1
335598.4
335646.4
341795.9
341900.9
342211.1
342336.9
346954.2
347282
347293.8
347457.3
347460.2
347485.5
347627.2
347692.9
347783
347819.4
347885.7
347979.1
348036.9
348063.3
348246.9
348339
348384.5
348408.3
349391.5
349443.2
349522.3
349666.6
349697.5
349743.6
349796.8
350116.3
350159.1
350231
350386.1
350419.1
350452
350494.7
350555
350557.8
350586.2
350738.2
350845.6
366819
373129.3
373148.8
373249.2
374477.2
374578.8
374648.5
374765.8
374778
374818
374885.6
374974.2
375002.4
375104.4
375137
382534.1
383073.1
383504.8
384682.1
385696.4
386594.5
386802.5
386901.2
386958.2
387086.8
387560
387771.3
387886.5
387955.7
388312.3
388605.9
388809.1
388856
389174.1
397796.9
397864.2
401121.7
404776
407725
408924.5
408999.2
409037.2
409198.5
409337.6
409466.3
409973.4
419454.2
419569.7
422137.6
422240.9
422528.2
422726
422780.5
422828.4
422866.4
422898.4
422916.4
423161.5
427209
427329.7
427338.7
427400.1
427429.5
428010.1
428213.1
428243.9
428272.2
428321.7
428332.6
428337.3
428386.6
428394.6
428480.6
428525.7
428804.9
429168.2
429372.6
430245.4
430297.6
430339.9
430421
430429.3
430467.7
441373.5
441542.6
441628.3
441660.9
441692.7
441766.6
441876
441934.3
442862.6
443586.4
444305.2
446413.8
449917.1
449933.9
449958.1
449975.1
450039.8
450278
450319.7
450522.5
453944.7
454015.2
454217.3
454311.6
454409.8
454596.9
456412.2
456557
456583.9
456602.8
456627.9
456648.4
456650.6
456658.9
456693.6
456734.5
456852.7
456855.2
456868.7
456881.9
456910.5
457026.6
457100.9
457101.7
457136.2
457152.4
457191.6
457203.2
457243
457274.3
457277.3
457315
459278.1
459333.9
459358.4
459555.3
460007.4
460024.1
460116.2
460245.3
460292.7
460460.3
460539.5
460687.7
464372.1
464457.6
464470.6
464498.9
464539.1
464568.7
464616.9
464639.6
464651.8
464712.9
464760.2
464826.1
464845.1
464898.3
464903.8
464915.8
464923.7
464955.2
465091
465214.8
465228.2
465288.5
468334.3
468663.7
469109.2
469499.4
469573.3
469846.4
469936.3
470157.9
470164.9
470503.6
476606.8
482758.6
483604.8
483746.3
484311.7
484358.1
491224.6
512422.5
512740.1
512751.1
512752
512886
513044.5
513101.9
517371.3
517382.6
517466.7
517522.7
517588.2
517617.1
517801.6
526150.7
526263
526646.7
526853.5
526920.5
526957.9
526968.9
526983.8
526997.8
527045.6
527089.5
527142.8
527164.5
527202.7
527207.4
527213.3
527231.3
527295.6
527396.4
527449.6
527480.3
527492.3
527609.7
528021.9
529996.4
530480.3
532145
532249.3
532277.5
532338.3
533741.7
533858.8
534464.4
535124.1
535216
535230.9
535272.9
535274.1
535456.9
535551.6
535588.5
535594.9
535712.2
535762.5
535809.6
535875.3
535915.4
535958.7
535993.5
536002.3
536018.3
536061
536089.5
536100.5
536112.2
536136.2
536146.9
536161.8
536180.6
536183.8
536224.4
536226.3
536277.2
536346.6
536541.9
536546.2
536550.7
536603.2
536695.7
536712.2
536929
537022.5
537039.7
537135.6
537997.1
539958.1
540148.1
540292.7
540327.4
540352.5
540842.2
540901.2
541001.8
541091.9
541135.3
541161.1
541167.5
541221.7
541301.1
541309.8
541395.3
542301.7
547535.3
547596.9
547799.6
547821.3
547840.6
547881.6
547904.7
547920.1
547969.1
547980.9
548919.5
548925.8
549400.4
549457.4
549638.6
554528.4
556223.9
558538.3
558636
558804.8
558896.6
562606.1
562615.5
562858.3
563396.2
564242.2
567936
568494.4
568848.5
569562.5
569746.1
570132.2
575817.4
575879.5
575900.2
575904.2
575948.3
575949.2
575960.8
575964.2
576117
578042.6
578196.6
578462.6
578623.9
580156.3
580337.2
580572.6
580586.5
580689.3
586651.4
586734.6
586830.9
586898.2
586912.8
586966.6
587063.1
587085.1
590319.8
590422.8
594822.8
596181.5
596224.5
596273.3
