1269.9
1354.3
1427.3
1452.6
1527.4
1539.9
1634
1670.6
1676.8
2257.1
4574.6
4638.4
4688.9
11971.7
12022.9
12070.4
12071.5
12087.9
12116.8
12152.2
12161.3
12169.7
12175.7
12199.7
12212
12282.6
12292.1
12321.1
12325.7
12327.8
12376.7
12411.5
12428.8
23081.4
23218.7
26092.1
34218.5
34370.3
34481.3
34566.8
34614.3
34835.3
35824.9
35850.8
35857.6
35886.6
35895.9
35916.8
35975.8
35980.4
36133.8
38667
38755.6
38775.8
38790.4
41662.1
45061.5
47737.2
47775.4
47900
48012.8
48046.4
48099.3
48107.5
48134.7
48148.6
48277.1
48295.7
48326
48393
48496.6
48543.1
48576.5
48695.4
48747.5
48809.5
48821.2
48849.7
48948.5
49044.8
49055.2
49086.9
49284.3
49314.4
49390.9
49417.2
49501.8
49516.7
49529.8
49602.3
49672.5
49686.8
49692.8
50165.1
50169.9
50181.4
50350.1
51070.5
51098.5
51189.6
51212.3
51245.9
51262.6
51379.3
51509.5
51610.2
51711.9
51743.4
51758.8
51770.8
51792.7
51839.4
51882.9
57303.8
58115.6
58125.7
58168
58182.1
58215.5
58242.6
58326
58371.8
58504.4
58545.1
58549.6
58636.4
58636.5
58669.7
58684.4
58729.9
59029.6
59095.6
59163.1
60399.9
60536.9
60627.7
60633.4
63324.9
75343.2
75625.6
77923.2
78070.3
78101.3
78252.7
78325.3
78360.4
78367.7
78464.4
78562.3
78974.9
83134
84336.7
84344.2
84392.8
84505.8
84506
84511.6
84516.8
84549.5
84550.8
84594.4
84625.3
84658.1
84673.8
84704.2
84780
84785.6
84804
84805.9
84828.1
84920.8
84943.7
84964
85009.9
85068.5
85157.4
85256
85370
85587.8
88136.7
88445.4
88545.7
88556.8
88582.1
88819.1
89158.7
89305.4
89414.1
89471.5
89694.8
90729.2
90752.4
90762.8
90806.4
90888.9
92900.6
93166.9
93198.6
93255.3
93311
93450.4
93450.7
93865.1
94407.3
94408.2
94770.4
94919.8
94974.8
95341.2
95573.5
95653.6
95688
96416.2
96511.8
96728.9
96730.2
97125.1
97156.7
97221.9
97363.7
97494.6
97507.7
97707.3
97745.5
97793.5
98332.7
98501.5
98532.8
98538.3
98702.3
98743.4
98914.2
99016
99035.5
99128.6
99277.2
99407
99411.7
99448.3
99514.8
99530.9
99642.7
99748.8
99779.5
99864.3
100033.8
100095.6
100130.8
100161.9
100209.7
100210.3
100292.1
100325
100406.2
100429.5
100437.4
100467.1
100507.6
100673.5
100681.3
100682.6
100817.2
100858.2
100976.2
101050.4
101131.6
101240.3
101297
101301
101310.6
101403.8
101836.7
102305.2
102965.3
103043
103181.8
107567.5
107575.3
107756.7
107778.2
107789.4
107812.7
107864.5
108046.3
108818.3
109359.2
110246.5
110329.7
111371.7
111430.1
111559.9
154571.6
162041.5
163250.7
168563.8
168798.7
168904.2
170133.5
170305.2
172183
172369.1
172441.3
172446.6
172507.6
175383.2
177914.2
178043.9
178994.3
179193.6
179347.2
180910
181108.8
181177.1
181207.8
181399.9
181853.8
182358.9
183510.1
183577.6
183714.1
183724.9
183877.9
185196.1
185211.8
185214.9
185229.9
185246
185274.9
185360.1
185523.9
185528.6
185545.7
185560.6
185699.5
185744.3
185847.2
185940.6
186145
186454.6
186798.1
186857.9
187361.3
187436.1
187667.3
187672
187686.9
187694.9
187753.5
187770.2
187846.9
188184.7
192085.6
192580.4
199562
199733.2
200473.3
200664.8
201132.4
201622
202633.5
202957.9
203915
203970.1
204160.5
204405.9
204588.8
204666.2
204770.3
221198.2
221280.8
221522.8
221579.8
221675.5
221700.7
221802.7
221827.7
222009.4
222568.6
222602
222629.1
222638.9
222683.3
222761.1
222767.6
222768.3
222769.5
222811.4
222843.1
222926.3
222939.5
222944.8
222976.7
223246
223262.7
231392.2
231439.3
231481
231511.9
231528.8
231553.5
241549.6
241571.1
241601
241784.4
241825.8
241826.7
241855.5
241865.3
241912.5
241913.8
241959.4
241992.1
242036.1
242053
242087.8
242232.5
242244
242261.4
242293.1
242297.3
242397.2
242416.5
243089.3
243393.5
250295.9
250315.5
250341.3
250459.7
250461.3
250507.4
250540.5
250587.1
250670.1
255851
255908.3
255910.5
255939.1
255956.7
255962.4
255967.4
255984.9
256008.6
256032.4
256047.7
256188.8
256245.4
256412.4
256432.7
256628.9
256629.9
256680.1
256702.4
256930
256930.2
256941.3
257033.6
257065.6
257285.5
257672.8
257776.7
257806.2
257977.8
258114.7
258232.5
258410.5
259544.9
259631.2
259754.6
259774
259795.3
259849.5
263445.6
263744.7
263933.6
263951.1
263960.9
264059.6
271156.2
271182.1
271276.7
271391.9
271440.9
271443.2
271548.1
271813.1
274404.1
274443
274457.4
274459
274481.1
274529.4
274655.3
274772.1
274788.2
274893.1
275099.8
275387.5
277223.5
277410.3
277473.3
278330.8
279321
279378.2
279440
279447.6
279484.6
279549.6
279564.4
279584.1
279849.5
280842.9
283471.9
283566.1
283597.9
283628.8
283638.9
283642.4
283688.7
283751
283809.1
283826.2
283903.2
284044.4
284083.7
284112.8
284235.4
284382.3
284409
284451.5
284630.8
284667.9
284833.9
284841.2
286614.9
286854
286880.9
286903
286904.5
286983.9
287095.3
288272.3
288309.4
288431.3
288481.9
288487.8
288604.3
288808.5
288837.8
288871.9
288960.4
289191.3
289243.5
289293.4
289330.6
289449.6
289473.2
289478.9
289601.5
289680.7
289717.8
289835.1
289865.6
289880.4
290162.6
290238.5
290315.6
290342.7
290497
290587.9
290669.3
290694.6
290854.8
290958.8
291053.9
291351.5
291458.2
291538.5
291552.7
291928
292006.6
292065.7
292075.5
292140.1
292497.7
292581.1
292598.6
292701.3
293213.5
293249.8
293326.8
293396.7
293491.6
293506.1
293634.4
293712.5
293762.9
293764.3
293800.3
293904
293928
294043
295149
295305.6
295346.7
295398.3
295404.1
295515.6
299114
299325
302034.5
302038.2
302049.5
302139.9
302142.6
302226.5
302408.1
302547.7
302638.5
302673.9
302716.2
302735.6
302755.8
302791.7
302815.9
302816.1
302841.8
302908.8
302914.3
302973.4
302985.1
303016.5
303042.5
303124.2
303143.2
303237.7
303309.3
303323.7
310415.2
310696.4
310732.2
310780.2
310790.4
310791
310874.3
310889.2
310947.3
310980.9
310993.3
311023.5
311038.2
315504.8
325823.1
325994.4
326002.6
326128.4
326222.3
326265.1
330991.7
332179.4
332306.2
332313.4
332456
332465
332471.6
332472.3
332522
332632
333043
336620.4
336731.3
336823
336903.4
336918
336929.8
337075.2
337644
337775.8
337788.5
337929.8
339567.8
339580
339623.7
339660.4
339775.4
339895.8
339933.4
339971.2
339984.1
340009.6
340025.9
340157.9
340161.7
340188.5
340257
340270.5
340344.2
340580.6
340600.6
340739.4
340840.2
341033.3
341259.7
348799.3
351410.8
352876.5
353162.7
353289.2
353312.6
353377.1
353388
353391.2
353445.1
353612.7
353800.5
354830.7
354864.9
354927
354979.5
355007.4
355027.4
355086.3
355246.6
355296.1
355380
367138.9
367748.6
367752.4
367805.1
367873.7
367881.7
368288.2
368469.1
368469.6
368526.8
368634
368801.9
368816.7
368943.1
369043.3
369059.9
369094.2
369248.1
369363.1
369764.5
372886.3
373051
373837.5
373960
374034.3
374189.1
420242.9
420284.9
420557.8
420657.7
420767.8
425298.6
425396
425423.8
425455.2
425613
425669.2
425672.5
425750.4
425776.5
425925
426038.9
426164.4
426503.7
426950.7
427677.9
428933
442134.7
442343.9
442471.3
443321.4
445348.8
445787
446223.7
446486.5
446566.8
446758
446900
450587.5
461402.8
461792.5
461956.5
461959.2
462026.5
462128.4
462211.7
462273.2
462295.2
462345.1
462346.8
462436.9
465436.6
465734.1
465864.6
465881.8
465924.3
465943.9
465944.5
466133.3
466141.3
466249.5
466300.1
481147.8
482064.4
509523.9
509717.7
510274.2
510282.3
510647.2
510843.5
515706.6
518858
519149.4
519287.9
519590
519623
519641.4
519644.2
520008.9
520142
524474.4
528526.7
528594
530484.6
534601.1
534611.8
534734.1
536298
538029.5
538248.6
538403
538744.1
538797.9
538801.1
538880.5
539568.3
539822
546781.3
546934.4
547045.9
547059.1
547401.5
564631.3
564676.1
564799.9
564831.9
564900.1
564986.1
565230.6
565466.8
565715.8
565874.6
565894.5
566015
566148.2
566295.6
566297.2
566356.2
566374.1
566687.1
566856.2
571348
573589
574262.8
574327.8
574356.8
574451.9
574592.7
574755.3
574941.2
574949.2
575048
575112.9
575369.3
575399
575449.4
576589.3
576686.5
576874.5
577269.3
577354.7
577416.8
577444.9
577461.2
577488.8
577561.3
577561.5
581158.5
581714.1
581773.4
581826
581830.8
581861.2
581936.2
581970.4
581989.1
582002.6
582034.6
582038.3
582073.4
582086.3
582108.3
582316.9
587601.8
587767.8
591340.5
591360.3
591465.6
591481.6
591485.4
591515.4
591557.9
592141.2
593072
594649.7
594745.4
