1100.8
1155.5
2524.4
2593.8
2739
2866.9
3006.4
3038.2
3077.8
3082.4
3085.4
3100.7
3115.9
3127.4
3138.7
3158.3
3190.4
3191
3264.6
3279.3
3300.7
3353
3395.1
3395.4
3561.4
3629
3702.9
3775.4
3810.6
3849
3899
3940.7
3954.2
3954.3
4009.5
4123.6
8170.9
8559.8
8630.8
8663.7
8725
8762
8816.2
9220
9344.5
9436.9
9592.8
9840.8
10124.1
10265
10380.4
10677.5
10690.2
10702.4
10705
10740.8
10813.4
11014.6
11814.5
18805.2
18973.6
19017.2
19045
19877.8
19995
20019.9
20061.4
20180.2
21229.1
21339
21362.1
21561.3
21600.6
21741.6
21782.8
21875.1
21965.4
22020.4
22157.2
22233.9
22248.6
22294.1
22328.1
22390.4
24190
24287.1
24309.7
24457.4
24679.3
24847.1
25000.1
25063.7
25065.2
25269.7
25269.9
25379
25429.1
25456.6
25472.9
25484.3
25728.8
26054
27972
28271.9
28333.2
28517.3
28693.3
28711.1
28720.2
28777.9
29071
29126.2
29180.6
29196
29203.6
29206
29295.3
29318.6
29342.5
29394.6
29519.1
29603.3
29610.3
29803.5
29876.3
29884.6
29895.9
29968
29980.9
30229.8
30403.2
30833.9
30916.6
30947.8
30951.5
30993.3
31084.5
31175.7
34278.3
34700
36274.4
36293.9
36329.3
36383.7
36387.5
36463.9
36565
36568.2
36593.4
36601.4
36668.5
36796.6
36954.8
36966.1
36979.5
37112.2
37121.3
37121.7
37156.7
37187.6
37247.4
37251
37272.1
37330
37333.7
37377.6
37500.5
37539.9
37625.9
37747.1
37760.3
37795.6
37830.3
37840.9
37889.2
37902.8
37987.4
38020.9
38047.8
38094.1
38502.9
39147.2
39287.9
39361
39665.8
39902
40294.5
40367
40371.5
40522.9
40914
42236.2
42373
42447.3
42647
42680
42769.4
42924.4
43013.6
43072.1
43160.1
43383.2
43408.1
43440.1
47918.8
48366.1
48675.4
48944
49253.8
49389
50456.6
50575.3
50640.6
50764.6
50900.8
54876.3
54937.6
54944.8
55011.4
55020.2
55101
55119.8
55136.8
55138.1
55279.7
55290.9
55292
55338.5
55441.8
55502.6
55737.7
55851.7
55894.1
55916.2
55926.4
56150.4
56209.1
56216.2
56282.6
56284.9
56319.1
56421
60158.1
60162.9
60240.3
60328.9
60334.3
60355.3
60407
60422.4
60813.9
60899.2
61136.3
61451.5
61574.9
61583
61664.3
61685.5
61699.5
61811.6
61949
61961.5
61974.5
62070.2
62088.7
62177.2
62277.8
62299.4
62333.4
62504.2
62525
62551.6
62616.9
62862
64490
66703.6
69131.2
69286.5
69352.9
69433.2
71591.4
71673.6
71783
71921.6
71958.2
71962.3
71986.5
72007.9
72015.7
72033.8
72086.6
72156.9
72227.6
72239.4
72306
72428.8
72430.1
72538.6
72669
72780.6
72873.9
72897
73001.5
73014
73157.9
73201
73252.4
73257.4
73286.3
73304.9
73305
73361.4
73414.8
73437.1
73445.6
73485.9
73549.9
73562.7
73568.6
73613.5
73635
73770
73797
73803.2
76362.3
76421.6
76547.6
76750.8
76780.7
76869.3
76993.6
77027.7
77093.1
77128.9
77175.6
77220.7
77412.7
77429.5
77480
77569.8
77660.4
77669.1
77710.5
77834.7
77929.1
85123.6
85346.4
85481.4
85528.2
85847.5
85906.8
85912.3
86160.7
86259.6
86540.5
86586
86753.9
87315.2
87539
87676.1
87792.3
87803.8
87845.2
87866.8
89182.4
90766.9
90841.2
90874.1
91045.2
91190.8
91193.3
91208.8
91238.2
91244.1
91256.9
91324.2
91344.4
91407.2
91461.7
91478.2
91497
93363.7
93393
93452
93547
94033.3
94430.3
94569.8
94720.2
94779.9
95168.6
95245.3
95256.5
95467.1
95473.1
95644.4
95907.9
96043.6
96247.9
96255.1
96594.5
96707.6
96912.9
97001.2
97023.2
97051.1
97100.9
97138.2
97490.9
97998
98221.9
98441.8
98830.8
98863.7
98948.8
98954.7
99081.4
101040.1
101544.2
102237.8
102390.2
102487.2
102538.8
102802.4
102983
103337.6
103568
103638.9
103706.2
103822.2
103922.5
103990.4
104078.3
104095.3
104301.1
104316.9
104318.1
104330.2
104339.2
104380.3
104547.1
104569.7
104627.2
104694.3
104821.9
104908.4
104993.1
105523.7
105575.3
105601.5
105606.9
105763.1
105800.1
105805.4
105823.2
105868
106025.1
106085.3
106098.9
106166.5
106172.9
106376.8
106483.9
106513.1
108201.1
108374.4
108602.4
108612.5
108654.7
109524.1
109558
109849.1
110784.1
110907.8
117651.5
118876.2
119079.5
119597.2
119642.4
119937.3
120092.7
120212.2
120248.5
120283.3
120401.7
120488.3
120553.9
120660.4
120666.8
120687.1
120742.5
120792
120796.8
120884.5
120918.2
120990
120999.8
121004.7
121034.6
121078.2
121106.5
121154.2
121168.6
121231.5
121269.2
121422
121452.7
121454.9
121488
121573.9
121586.3
121767.8
121956
122036.8
122218.1
122258.1
122260.4
122387.2
122504.8
122596.2
122882.4
123024.8
123041.2
123109.9
123190.7
123454.1
123574.8
123577.7
123593.3
123597.3
123633.1
123671.3
123923
123947.9
123956.4
123986
124052.1
124136.5
124145.5
124193.5
124196.3
124300.3
124338.5
124356.5
124359.9
124367.6
124422.9
124533.6
124540.6
124558.1
124559.5
124586.3
124628
124629.9
124731.1
124832.1
125077.7
125175
125478.9
125608.7
125650.7
125706.7
126466.5
127270.4
127425.4
127469.8
127492.9
127667.2
127714.2
127942.8
128233.1
128545.1
128601.9
128690.9
130271.7
130720.2
130787.5
131345.1
131352
131353.2
131406.3
131407.4
131470.4
131482.3
131489.4
131510
131524.9
131555.8
131589.5
131633.8
131676.8
131683.5
131704.4
131739.3
131914.6
131935.2
132058.3
132138.1
132152.9
132225.8
132265.9
132283
132291.9
132309.3
132377.3
132538.3
132640.5
132651.7
132726
132793.2
132829.2
132918.7
132928.8
132939
133199.3
133265
133280.6
133302.3
133361.9
133382.2
133393
133426.2
133467.7
133595.3
133596.3
133684.7
133762.6
133789.2
133860.9
133908.8
133930.3
134020.4
134040
134188.8
134380.8
134522.8
134533.2
134620.1
134659.4
134685.2
134868.9
135027.4
135071.3
135153.8
135190.1
135408.6
135511.7
135568.8
135605.4
135818.5
135942.9
136238.8
136364.5
136693.4
136770.9
136776.7
136924.6
136938.5
137213.1
137255.3
137295.6
137410.3
137413
137416.5
137473.5
137509.1
137598.3
137801.9
137804
137869.6
138007.5
138010.4
138031.4
138049
138254.8
138271.6
138454.9
138480.3
138586.8
138607.5
138613.1
138779
138836.5
139328.4
139407.6
139449.5
139563.6
139666.8
139877.7
140290.6
140293.2
140360.9
140596.8
140753.8
140779.7
140816.2
141000
141186.1
141256.2
141909.1
141926
142071.3
142156.8
142281.1
142336
142414.3
142432.3
142473.9
142522.8
142533.1
142554.3
142617.4
142733.6
142796.1
142811.6
142854.2
143267.4
143392
143631.9
143668.3
143821
144539.5
144639.3
145061.3
145951.1
146847.5
146932.3
147733
147967
150661.4
151221.7
151823
153958.2
154055.7
154357.8
154878.4
154934.1
155964.9
156585.8
156943.6
157019.1
158065.9
158120.4
160005.2
160268.1
160382.6
160868.1
160951.6
161071.5
161149.2
162048.4
170589.8
170911.6
171462.9
171747.7
171809.4
171855.7
171893
171934.6
171989.9
172097.1
172098.6
172113.3
174767.2
175784.4
175997.8
176090.6
176098
176153.4
176219.8
176276.1
176363.4
176477.5
176550.7
176580.3
176598.7
176626
176628.9
176629
176703.3
176739.5
176761.3
176769.4
176786
176885.7
176934
177001.9
177124
177159
177185.3
177332.3
177469
177505.6
177532.5
177553.1
177748
177800.1
177829.3
177833.1
177964.7
178201.3
178392.3
178421.8
178479.3
178526.8
178735.4
178809.5
178830.4
178940.9
178970.4
182234.3
182944
183022.6
183078.9
183105.6
183159.4
183267
183269.5
183425.5
183428.6
183515.1
183729.3
183744.4
185927.1
186048.2
189482.9
189568.9
189661.2
190238.8
190565
190608.5
190843.8
195675
195816
195856.7
195862.8
195886.9
195905.1
195948
195954.8
196031.1
196079.7
196169.6
196244.9
196325.2
196380.2
196403.1
196448.1
196554.9
196662.1
196740.2
197009
197108.9
197248.8
197430.4
197437
197477
197644.3
198491.5
198522.9
198678.3
198745.2
198798.7
198847.7
198997.3
199126.7
199174
199232.9
199318.5
199361.5
205430.6
205651.4
205700.7
205729.5
205846.3
206183.6
206242.6
206311.8
206334.3
206343.4
206376
206400.8
206468.2
206536.3
206609.1
206730.7
206753.6
206829.9
206971
207039.7
207045.9
207085.9
207087.6
207101.8
207167.3
207375.2
207612.7
207731.1
207751
207756.1
207909.1
207937.5
208084.4
208362
208664
208668.6
209008.3
209065.9
209222.6
209326.9
209385
209466.6
209523.4
209542.4
209617.7
209811.1
211906.1
212411.2
212413.8
212471
212574.8
212627
212681.3
212801.7
212869.5
212882.1
212928
212977.9
213033.8
213221.9
215054.3
217947.9
218298.4
218336.6
218871
218968.9
219013.4
219056.5
219086
219091.7
219238.4
219247.9
219276.6
219441
219481.1
219503.8
219551.6
219599.5
219728
219987.7
223992.3
224042.8
224089.8
224109.1
224192.6
224206.2
224294
224435.6
224561.3
224585.8
224598.3
224611
224631.2
224632.5
224699.3
224840
224894.3
224949
224989.1
225149.4
226411
226490.6
226511.9
226912.2
227461.3
227630.2
227787
227796.1
227989.7
228371.4
228425.7
228429.6
228826.7
230774.4
233184.5
233239.6
234166.7
234260.9
234286.3
234381.1
234469.5
234519.1
234539.8
234551.2
234554.5
234561.2
234645.7
234696.8
234708.4
234711.7
234745
234762.2
234825
234887.2
234905.1
234962.5
234986
234986.3
234994.7
234995
235028.9
235046.1
235048
235116
235127.1
235134.9
235472.4
235490.8
235492.2
235499.5
235522.8
235564.9
235613.5
235628.1
235686.7
235737.4
235740.7
235754.9
235788.6
235903.2
235934.5
235986.6
236175
236183.2
236203.2
236267.4
236278
236291.1
236381.4
236383.2
236454.9
236477
236490.3
236548.9
236572.2
236607.7
236649.1
236734.5
236741.9
236761.2
236808.9
237020.7
237037.3
237043.7
237059.6
237091.2
237122.4
237174.8
237184.3
237207.5
237209.8
237219.8
237259
237319.5
237342.7
237345.5
237357.1
237387.3
237455
237485.5
237506.1
237514
237519.7
237538.5
237629.5
237665.4
237681.9
237697.3
237725.6
237729.3
237792.8
237938.3
237965.9
237969.5
238002.2
238036.8
238051.9
238156.7
238230.3
238231.1
238289.1
238378
238389.3
238397
238443.9
238456.4
238587.2
238594.2
238612.3
238642.5
238658
238669.3
238696.4
238735.6
238757.3
238791.4
238793.5
238810.1
238827.2
238979.2
239140.2
239183.7
239394.6
239452.2
241228.7
241344.5
243993.7
246863.3
246890.8
246930.7
246932.4
246940.8
247044.9
247047.3
247131.9
247134.4
247143
247156.6
247178.1
247181.5
247211.7
247214.3
247223.8
247241.1
247287.8
247383.5
247392.2
247635
247724.9
247753.5
247761.3
247770.9
247806.7
247932.8
247988.6
248077.5
248088.7
248126
248146.5
248207.9
248264.9
248290.2
248345.7
248392.1
248404.3
248454.7
248875.4
248912.2
250654.9
250673.4
250759.8
250785.6
250831.3
250847.8
250935.9
250989.9
251080.7
251227.7
251286.6
251460.1
251486.1
251491.2
251517.2
251522.3
251626.2
251694.2
251754.2
251836.4
251938.8
251940.3
251960.6
252008.7
252189
252307.9
252561.4
252644.8
252658.3
252838.1
252985.1
255681.5
255878.4
255968.1
256368.8
256976.1
257101.5
257428.2
257443.5
257849.7
257850.8
258494.7
259350.9
260022.7
260032.8
260046.5
260238
260301.5
260540.3
260573.3
260601.2
260605.9
260615.5
260678.3
260711.5
260780.7
260808.2
260809.4
260812.3
260851.7
260864.4
260899.7
260901.7
260971.7
261028.7
261060.7
261110.9
261112.7
261137.6
261193.3
261227.7
261295.3
261340.4
261341.6
261388.4
261411.2
261522.6
261527.3
261536.1
261567.1
261577.7
261609.5
261630.4
261689.7
261730
261742.8
261769.4
261782.3
261789.2
261836.1
261854.8
261890
261894.8
261924.8
261953.2
262036.6
262062.3
262129.6
262146
262203.2
262244.1
262267
262277.2
262277.3
262280.7
262289.2
262334.8
262515.9
262578.7
262651.8
262821.1
262842
262872.7
262895
262942.2
262972.3
263055
263064.9
263292.7
263345.2
267872.3
268262.2
268293.7
268357
268580.5
268609.1
268656
268723.2
268728
268759.6
268859.9
269633
269909.9
273803.8
274049.8
282169.1
283607.3
284059.4
284288.4
284305.4
284494.3
284838.2
285558.1
285619.9
286474.9
287009.1
296436.9
296568.3
296586.7
296711.7
296747.7
296877.2
296910.8
296944
296981
297133.5
297158
297268.4
297299
297470.8
300210.7
300309
300358.6
300435.9
300526.1
300575.8
300798.2
300812.7
300825.1
300859.8
300864.1
300876.4
301078.1
301101.5
301269.7
301281.3
301305.5
301308.5
301449.8
301490.5
301563.2
301602.7
301947.2
302402.1
303792.7
303953.4
303976.3
304053.8
304155.7
304208.7
304257
304321.5
304405.4
304451.6
304472.7
304531.4
304591.8
304697.9
304868.3
305133.6
305153.6
305194.2
305203.6
305367
305448
305492.1
305528.7
305555
305594.2
305637
305764.3
305886.3
305888.1
306127.6
306218.7
306237.3
306253.8
306268.5
306360.3
306405.9
306586.9
306597.9
307145.5
307252.1
307342.7
307429.5
308031.7
308062.1
308419.7
308666.1
308799.4
309399.8
311681
311826.4
312221.8
312461.6
312556.6
316727.7
320237.8
323635.4
323711
323738.7
324251.8
324483
324533.9
324850.3
325040.5
325124
326766.4
326827.9
326950.8
326962.5
327172.9
327269.8
327281
327306
327360.4
327370.5
327510.7
327532.7
327586.2
327604.7
327622.6
327723.4
327726.8
327754.6
328075.4
328088.9
328120
328133
328185.5
328188.5
328274.3
328339.4
328626.8
328749.3
328797.3
328852.1
328914.5
329282.1
329564.1
333519.7
333884.5
342617.6
343129.6
343610.5
343643.2
343718.1
343740.5
343793.5
343799.4
343808.9
343988.8
344015.6
344058.7
344064.4
344091.7
344117.4
344129.8
344183.7
344288.7
344327.6
344359.4
344489.8
344656.2
344687.3
344695.9
344700.2
344786.2
344886.8
345215
345230.3
345287.7
345290.9
345297
345458.8
345482.2
345500.5
345580
345592.8
345736.6
345838.7
345863.5
345868.8
345970.8
345975
346029.2
346036.6
346073.2
346074.6
346077
346086.8
346109.9
346129.9
346181.8
346270.3
346299.6
346341.1
346365.2
346376.1
346400.9
346627.2
346703.8
348195.7
349223.2
349230.1
349469.3
349533.4
349660.6
349667
349691.2
349720.2
349727.3
349730.3
349739.4
349859.5
349894.2
349905.1
349954.2
350110
350181
350224
350240.1
350310.3
350458.9
350487.2
350488.1
350560.7
350567.5
350584.6
350595.7
350647.3
350711.2
350725.4
350821.8
350872.4
350904.2
350997.4
351043.9
351102.3
353310.7
353548.7
353680.6
355141
355375.1
355972.1
356051.4
356100.5
356147.3
356204.2
356282.1
356308.7
356352.7
356462.6
356557.3
356637.6
356644
356864.3
356874.7
356954.6
356963.1
357197.6
357365.4
357880.7
358083.2
358091.7
358187.9
358344.4
358459.9
358494.1
358634.6
358711.5
358740.9
358778.9
358851
358851.9
358967.8
359200.2
359259.3
359426.3
359489.1
359657.3
359685.9
359891.4
360011.5
360055
360196.2
360227.6
360229.7
360356.5
360384.4
360472.6
360480.9
360713.4
360798.7
360822.8
360957.9
360995.2
360998.7
360999
361050.1
361170.4
361188.7
361234.5
361268.9
361355.9
361463.5
361570.3
361699.5
361763.9
361797.3
361837
361845.7
361926.4
361926.7
361928.9
362050.1
362066.9
362132.6
362417.7
362497.2
362581.9
362885.6
362921.6
362991
363090.8
363183.1
363199.4
363229.7
363312.6
363382.1
363429.6
363502.4
363574.8
363623.4
363673
363847.3
363866.5
364006.7
364065.7
364129.8
364146.7
364154.9
364211.9
364266.1
364277.4
364311
364472.2
364593.5
364776.8
364933.7
365137.8
371694.5
372690.8
372816.7
372987
373016
373051.7
373088.7
373124.8
373129.5
373200.3
373224.6
373246.7
373279.3
373285.6
373343.2
373570.2
373626.7
375391.4
375469.9
375666
375668.6
375752.7
375788.3
375822.5
375875.8
375924.4
376014.6
376039.4
376095
376152.7
376156.6
376491.3
376535.5
376600.3
376882.1
376998.4
377121.3
377293.9
377313.6
377360.8
377386.3
377512.2
377522.6
377577.7
377636.4
377644.1
377718.5
377895.3
377940.1
377984.9
378049.1
378109.5
378110.6
378130.9
378280.6
378312.7
378402.9
378408.9
378414.4
378561.5
378575.4
378594
378745.9
378951.3
379036.8
379096.5
379139.8
379195.8
379209
379226.9
379259.8
379304.2
379416.9
379577.4
379630
379642.8
379645.3
379722.5
379785.4
379786.6
379843.6
379881.8
379936.8
379944.9
379957.1
379991.7
380021.4
380031.4
380111.9
380113.6
380131
380296.7
380377.3
380387.1
380645.2
380711.6
380720.4
380735.2
380847.6
380879.6
380910.6
380927.3
381066.6
381256.1
381307
381312.5
381427.4
381429.9
381435.6
381436.1
381850.2
382242.8
382314.6
382520.6
382625.9
382683.5
382796.8
382969.3
383016.1
383184.1
383197.7
383262
383487
383764.7
383881.4
384023.9
384203.1
384419.4
384444.6
384731.2
384757.9
385008
385132
385156
385242.6
385424.9
385631
385754.3
385916.2
386010
386136.8
386213.3
386656.8
386676.1
387183.7
389011.7
389037
389055
389176.7
389347.7
389429.3
389492.7
389688.6
389888.7
389946.3
389975
390173.5
390288.2
390318.4
390379.9
390409.2
390498.1
390641
390690.6
390701.9
390703.8
390751
390939.7
391008.1
391166.8
391213.2
391241.2
391342.6
391370.7
391480.4
391497.5
391506
391756.4
391789.6
391827.5
391937.6
392121.8
392143.3
392180.2
392370.9
392458.8
392594
392660.5
392707.3
392767
392792.6
392864.7
392904.5
392952.4
393123.7
393147.9
393149.2
393165.2
393176
393291.2
393307.6
393885
393893.3
393927.2
393937.3
393962
393969.6
393985.2
394002.5
394077.1
394192.1
394199.4
394212.4
394292.4
394303.8
394329.4
394334.2
394516.5
394543.8
394656.4
394779
394960.6
395054.4
395075.3
395223.8
395355.3
395425.6
395427.5
395485.1
395486.2
395501.1
395518.2
395522.4
395566.4
395646.1
395647.1
395813.5
396100.1
396178.6
396380.1
396382.9
396500.7
396569.4
396571.9
396611.7
396814.5
396845.6
396969.7
397002.8
397052.3
397133.2
397360.1
398345.4
398576
398601.5
398642.7
398688.2
398993.8
399034.3
399123.2
399146.9
399192.4
399261.6
399308.8
399320.6
399349.9
399383.4
399390.4
399398.9
399429.2
399443.8
399503.6
399512.4
399559.9
399699
399757.8
399821.3
399981.2
400005.5
400061
400130.5
400491.1
400699.6
400701.8
400833.5
400889.2
400965.4
400977.9
401133
401245.6
401292.1
401534.4
401603.2
401669.1
401971.7
401990.1
402067.1
402120.8
402146
402152.2
402166.4
402191.9
402284.8
402327.4
402340.5
402341.5
402445.7
402467.1
402532
402537.1
402610.4
402732.4
402737.4
402823.9
402853.4
403039
403056.5
403116.1
403218.4
403486.6
403762.8
403770.6
403803.5
404027.8
404053.6
404227
404303.4
404461.2
404743.6
404902.6
404981.8
405331.9
405352
405353.1
405469.2
405478
405516.7
405517.3
405555.7
405670.4
405687.7
405739.4
405797.7
405878.6
405935.3
406347
406458.9
406551
406604.2
406901.7
407167.3
407185
407682.5
407733.8
408002.8
408042.8
408439.3
408480.3
408528.5
408534
408835.6
409044.5
409370.9
409502.9
409560.8
409605.4
409769.5
409826.1
409932.8
410300.5
410594.8
410646.2
411712.8
411843.4
411986.8
412255.5
412357.4
412577.4
412634
412738.6
413097.7
413160.8
413301.3
413327.5
413437.5
413437.9
413471.5
413511
413591.7
413606.8
413637.2
413694.6
413694.9
413695.5
413742.8
413755.1
413861.2
413942.1
414020.4
414077.5
414134.5
414276.1
414296.8
414350.7
414371.2
414499.4
414528
414608.7
414643.7
414804.5
414843.8
414868.4
415019
415032.6
415195.4
415199.7
415213.6
415231.7
415263.3
415312.1
415320.2
415323.4
415366.4
415386
415414.4
415421.1
415424.1
415450
415468.7
415495.3
415506.2
415517.8
415653.2
415672.3
415814.4
415848.3
415863.3
415888.4
416068.2
416079.8
416113.8
416139.5
416154.2
416155.4
416163.7
416257.4
416291.8
416439.3
416530.3
416536.1
416620.8
416644.4
416728.1
416764.7
416789.7
416951.3
417033.7
417052.4
417159.8
417280.4
417310.6
417355.7
417394.3
417424.1
417563.8
417584.6
417804.5
417819.6
417909.4
418065.3
418135.4
418138.8
418204.4
418209.1
418237.6
418240.3
418246.6
418276.9
418300.1
418362.7
418382.1
418394.8
418395.2
418484.3
418504
418505.6
418511.5
418523.9
418537.1
418539.3
418633.5
418643.6
418644.3
418818.7
419195.1
419652.8
420214.7
422287.4
422492.7
422520.5
422695.8
422838.2
422846.3
422870.8
422876.6
422904.3
422985.4
423431.7
423537.6
430620.1
430692.1
430767.9
430773.6
430825.9
430879
430972.9
430983.3
431000.7
431014
431119.3
431193.4
431219.9
431309.7
431329.6
431331.3
431336.8
431372.7
431416
431447.8
431514
431698.3
431720
431733
431808.9
431821.3
431859
431870.1
431960.2
432011.5
432020.6
432036.9
432037.2
432096.6
432118.5
432177.4
432181.8
432191.6
432323.3
432482.2
432483.7
432487.1
432490.7
432494.8
432584.6
432596
432612.9
432633.8
432645.7
432663.5
432757.2
432816.7
432898.2
432901.1
432934.7
432985.9
433019.8
433075.5
433094.5
433387
433401.1
433478
433478.6
433497.2
433595.3
433668.1
433709.8
433725.7
433728.2
433754.8
433894
433947.7
434092.8
434104.9
434120.5
434142.2
434161.5
434216.7
434221.9
434327.3
434341.7
434427.4
434437.7
434455.1
434512
434528.8
434599.7
434606
434618.5
434636.9
434800.7
434817.3
434838.2
434890
434947.3
434966
435062.4
435099.2
435114.8
435173.2
435174.1
435174.7
435310
435315.1
435351.6
435385.3
435395.8
435408.2
435465.1
435496.8
435545.4
435603.3
435720.8
435914.7
435959.6
436023.4
436053.6
436077
436138.5
436151.5
436315.7
436327
436404.4
436426.7
436518.7
436538.1
436548.1
436553.6
436665
436689.8
436703.9
436789.5
436824.3
436853.4
436906.3
436912.6
436922.3
436956.6
437115.1
437134.6
437157
437193.4
437193.7
437306.3
437311
437349.5
437378.1
437400.6
437417.3
437661.6
437662.4
437689.8
437690.7
437710.6
437767
437848.7
437901.8
437932
438009.1
438034.9
438542.2
438562.7
438600.1
438617.6
438644.3
438653.4
438681.1
438756.2
438920.9
438976.7
438986.3
438991.8
438991.9
439083.1
439121.3
439128.2
439144
439169
439208.1
439427.8
439516.6
439524.1
439625.8
439746.4
439802
439908.8
439919.3
440014.9
440053.9
440170.1
440203.8
440239.3
440276
440301.1
440319.8
440411.4
440616
440705.1
440873.1
440933.6
441346
448577.4
448642.6
448659.2
448816.6
449136
449739.9
453490.9
454526
454553.1
455083.9
455257.4
455278.5
455329
455431
455604
455651.7
455915.9
456643.8
462760.6
462946
463020.1
463353.1
464197
464322.2
464480.2
464644.6
464728.5
464734.2
464736.2
464757.5
464862
464928.3
464933.3
464989.3
465097.3
465100.7
465173.1
465176.8
465204.1
465381.6
465494.1
465546.6
469939.7
470301.7
470421.8
470551.1
470712.3
470906.5
470966.9
471034.9
471194.9
471241.7
471319.7
471320.9
471330.9
471346.4
471416.9
471422.3
471463.5
471560.4
471684.5
471736.2
471922.9
472071.5
472100.6
472185.1
472237.4
472307.3
472399.1
472401.4
472418.7
472457.2
472468.8
472502.4
472569.2
472611.5
472636.2
472654.9
472656.4
472683.4
472691.3
472760.2
472802.8
472850.1
472873.2
472884.5
472989.2
473083.9
473121.9
473157.9
473158.7
473197.3
473430.5
473455.1
473688.2
473843.3
473882.5
473898.6
473941.7
473978.6
473980.6
474099.2
474157.8
474189.8
474284.4
474290.9
474349
474397.5
474539.7
474634.8
474714.3
474717.8
474944.9
475062
475068.5
475130.5
475421.2
475431.5
475711.4
475996.9
476433.5
476516.6
476555.8
476571.5
476595.7
476615.6
476623.1
477106.8
477242
477356
477526.2
477588.1
477662.4
478104
478228.7
478296.2
478478.3
478507.7
478573.2
478706.6
478760.6
478977.1
479839.6
482562.5
483522.6
483855.7
484785
484849
484959.4
484975.4
484980.7
485123
485191.8
485277.6
485378.4
485506.6
485565.4
485685.4
485753.9
485784.9
485845.6
485881.2
485891.4
485902
486037.1
486075.9
486081.9
486129.2
486147.8
486161.7
486200.7
486410.9
486420
486463.3
486495.7
486556.4
486571.8
486594.8
486803.8
486830.7
486843.2
486869.5
486882.2
486891.5
486927
486935.9
487050.7
487195.1
487302.7
487631.6
487720.6
487730.2
487757.1
487820.7
487835.9
487980.2
488102.1
488174.4
488249.3
488253.9
488382.4
488654.4
488670
488686.4
488725.3
488738.4
488869.7
488912.5
488933.8
489021.9
489122
489233.3
489265.9
489474.6
489487.1
489503.8
489709.3
489713.5
489917.4
489971.5
490251.4
490288.3
490435.9
490439.7
490445.3
490486.7
490494.1
490693.4
490788.3
490794.4
490928
490952.9
491074.8
491265.4
491290.1
491389.5
491442.3
491705.4
491722.1
491744.2
491803.9
491895.4
491994.2
492203.3
492304.8
492322.5
492328.4
492489.4
492506.6
492508
492566.4
492624.2
492628.3
492669.7
492796.2
492928.9
493019.6
493049.6
493079.1
493132.3
493144.6
493183.4
493205.4
493284.3
493291.5
493453.9
493481.5
493498.5
493527.4
493544.6
493603.2
493645.1
493704.3
493752.6
493755.4
493991.9
493999.5
494040.7
494138.4
494304.7
494453.8
494527.3
494838.9
494965.6
494998.4
495005.3
495058.5
495075.1
495127
495162.5
495270.6
495404.4
495410.8
495505.5
495688.2
495689.1
495713.7
495797.8
495799.1
495996.9
496063.2
496089
496090.2
496137.7
496175.9
496201.5
496246.8
496252.2
496313.5
496333.2
496417.3
496686.1
496787.6
496810.4
496907.3
496997.2
497014
497152.9
497234.8
497266.6
497427.5
497489.6
497536
497626.3
497712.2
497751.8
497770.7
497826.5
497833.9
497929.7
497989.5
498023.2
498044.1
498186.8
498197.3
498197.9
498243.5
498381
498450.5
498453.4
498597.5
498618.3
498837.2
498852.6
498889.4
499066.3
499078.2
499078.3
499079.7
499119
499133.5
499159.4
499218.5
499255.6
499371
499420.6
499450.3
499453.4
499476.5
499539.6
499668.4
499680.6
499694.1
499734.2
499761.2
499863.1
499866.9
500003.1
500056.7
500068.9
500104.3
500194.2
500234.1
500262.4
500411.7
500464.1
500625.6
500741
500878.3
500978.5
501093.3
501103.5
501118.2
501128.7
501198.4
501291.2
501538.7
501742.2
501756
501820.1
501878.2
501916.1
502001.4
502034
502398.6
502474
502589.8
502622.5
502639.6
502761.3
502974
502980.4
503083.3
503241.4
503414.3
503865.8
503953.9
503996.5
503997.7
504010.4
504112.8
504185.4
504308
504418.8
504455.9
504488.2
504536.6
504717.9
504805.8
504855.8
504923.9
505074
505244.9
505271.3
505325.6
505392.5
505972.3
506003.3
506060.8
506154.1
506427.6
506561.8
506604.3
506721.4
506743.5
507065.8
507101.8
507105.2
507168.5
507339.7
507383.5
507405.5
507452.4
507533.6
507600.4
507657.4
507725.7
507777.9
507787.6
507797.2
507901.2
508083.7
508156.3
508157.8
508330.6
508442.4
508492.8
508575.7
508898.6
509445.3
510996.3
512812.8
513451.9
513592.3
514061.7
515172.9
515588.9
516725
516815.5
516985.2
517070.8
517073.7
517128.9
517163.4
517384.1
517384.6
517398.5
517469
517470.9
517594
517668.6
517671.9
517771.7
517942
518097.2
518469
518635.3
532027.8
532539.5
532698.8
532763.9
540034.4
540221.5
540231
540269.9
540956.4
540985.7
540996.7
541158.7
541243.1
541314
541497.8
541548.6
541684.9
541716.2
541858.6
541861.7
541902.2
541966.9
541986.2
542094.6
542108.6
542108.9
542116.1
542266.7
542327.8
542349.5
542465.2
542501.3
542867.2
543145.7
543431.4
544830.5
546748.4
547593.2
547675.8
547847.4
547867
547895
547916.8
547981.8
548030.5
549916.7
550308.5
550458
550555.3
550587.3
550680.2
550683.4
550716.7
552130
552722.6
558479.9
558613
558820.7
559101.7
559384
559556.4
559652.7
559818.3
559818.7
559848.8
559952.3
560021.4
560028.3
560108.4
560978.5
561136.3
561358.7
561391.3
561504.7
561558.6
561617
561652.6
561675.8
561706.6
561717.3
561924
562128.3
562733
563131.4
563344.3
563492.8
563798.3
568424.1
568691.4
568693.9
568823.1
568832.9
568838
569159.3
569195.1
569348
569555.6
569618.6
569979.9
570029.5
570253.3
570352.4
570538.6
570596.4
570665.5
570925.3
570935.3
571056.3
571098.1
571150.9
571207.4
571280.9
571309.5
571318.1
571373.6
571514.6
571541.8
571550.6
571764
571813.6
575670.7
575772.1
575818.8
575819.8
575835
575893.9
575916.6
575937
575969.9
578721.9
578755.3
578879.4
579112.5
579236.9
579465.7
581140.1
585956
586111.3
586330.5
588450.4
596705.9
596927.6
596946.9
596970.5
597054.3
597190.2
597199.8
597200.9
597212.9
597213.1
597273.7
597337.5
597444.6
597461.5
597468.4
597511.3
597641.9
597682.1
597752.7
597756
597764.8
597774.4
597789
597970.8
598098
598123.1
598337
598343.3
598432.6
598685.7
598751.4
598760
598761.4
598823.9
598893.6
598937
598948.1
598962.7
598994.3
599136.6
599416
599693.3
599916.5
599925.1
