20.8
334.9
2020.5
2026.8
2121.7
2169.4
2221.9
2279
2339.4
2455.4
4862.2
6835.9
6979.4
7031.7
7074.4
7086.2
7239.1
7248.2
7373.9
7506.5
7553.8
12443.4
12554.3
14741.6
15956.2
16098.8
16174.3
16285.3
16290.5
16420.4
16463.5
16472.9
16528.3
16547.6
16570.6
16586.7
16752.7
18997.8
19676.7
23386.3
31248.1
31498.2
31627.4
31756.1
32042.7
32212.6
32240.6
33293.9
34902.7
35273.9
35315.2
35389.9
35497.1
35528.6
35550.6
35551.6
35668.8
35677.9
38764.7
38979.6
39097.4
39369
45252.1
45601.9
45610.6
45705.7
45715.8
45743.1
45748
45753.5
45841.7
45850.3
45861.6
45944.8
45952.7
46005.3
46167
46385.4
47187.9
47356.6
57997.9
58559.3
59071.6
59221.5
59222.1
59222.4
59230.3
59249.7
59319.4
59344.1
59438.3
59532.8
59611.3
61700
61845.3
62597.5
62766.6
62935.1
66503.1
66559.3
67864.9
68126
70530.6
70547.5
70617.1
70666.2
70682.4
70707.2
70740.5
70760.4
70775
70827.3
70858.1
70864.8
70868.6
70940.8
70997.5
71056.8
71059.6
71064.7
71148.5
71204.6
71276.9
71317.6
71343.3
71807.9
74080.1
74354
74394
74397.8
74401.2
74517.3
74524.4
74542.7
74582.6
74583.3
74602.2
74781.8
75139.9
81048
83984.2
84017.4
84362.7
84436.1
84465.3
84732.7
89411.1
89598.4
89620.8
89626.7
89626.8
89726.1
89737.3
89855.7
89861.4
89862.4
90036.5
90123.5
90129.5
90145.3
90224.6
90242
90372.5
90386.1
91604
91615.9
91748.4
91793.8
91815.1
91827.4
91853.9
91947.3
91949
92039.1
92085.3
92091.6
92129.7
92437.9
93919.7
94160.3
94359.3
98874.6
102256.7
102622.7
104762.4
104895.4
105028.8
105070.1
105231.4
106361.8
106548.8
106582.5
106728.2
106820.2
106852
106862.1
107017.9
107025.5
107033.1
107065.6
107075.5
107102
107108.8
107133.9
107141.9
107250.6
107384.6
107470.8
107516.3
107655.6
107677.6
111638.6
111726.5
111855.1
111870.7
112389.8
115856
115856.1
115922.4
115967.6
116023.6
116042.5
116052
116058.6
116258.9
116262.1
116395
116471.9
116523.3
116627.4
116727
116796.8
116907.1
116937.9
116969.3
116971.5
117033.2
117067.6
117078.3
117094.1
117130.8
117141.3
117170.3
117191.3
117218
117219.6
117268.5
117280.9
117291.9
117349.1
117368.7
117383.6
117417.5
117453.1
117510.5
117523.9
117528.3
117700.2
117751.7
117789.9
163185.5
164587.8
164854.8
164917.4
165005.9
165006.2
165057.6
165078
165117.6
165232.8
165399.2
165435.2
165479.1
165505.1
165585.7
165677.5
165680.3
165738.7
165769.2
165780.4
165789.6
165802.8
165915.5
165954.8
165977.4
166006.3
166046.9
166117.7
166124.2
166277.5
166286.6
166302.6
166362.7
166431.6
166482
166598.2
166652.8
166736.8
166761.6
166920.9
166960.1
166968.9
172591.4
172655.3
172661
172664.5
172687
172729.9
172734.6
172855.8
172871.8
172904
172917.3
172933.3
172974.5
173097.4
173114.5
173170.9
173359.3
174287.3
179099.3
179217.1
182423.8
182741.1
182768.8
182857.5
182899.2
182944
183030.8
184102.8
184374.1
184451.3
184500.9
184637.7
184700.6
184709.5
184721.1
184865.6
184874.1
184884.1
184903.2
184923.6
184985.8
185045
185146.1
185299.4
185600.9
186702.7
191537.1
192177.2
192517.9
192543.6
192587.7
192624.1
192676.4
192686.7
192799.3
194814.4
211904
211967.9
212094
212177.7
212416.7
217273.9
217329.3
217675
217748.3
217799
217940.9
217977.8
217984.7
217995.6
218276.2
218377.6
218414.3
218467.8
220058.9
220984.8
221084.3
221161.1
221220.1
221291
221306.4
221467.7
221521.6
221527.3
221613.8
221633.4
221655.8
221763.4
225285.6
225332.2
225431.9
225560
225568.2
225595.5
231079.5
231138.6
231144.5
231173.3
231215.4
231238.8
231338.9
241732.4
252707.6
253600.3
253770.3
253991.1
254292.1
254402.4
255123.9
255172.6
255202.6
255226.6
257957.6
258079.2
258099.5
258457.5
258621.7
258687.3
258715.9
258793.3
258956.4
258956.6
258989.9
259083.8
259168.9
259327.6
259392.3
259487.9
259500.8
259560.5
264070.6
264198.2
264208
264294.8
264300.8
264404.5
264842
269077.6
269171.5
270097.5
270378
270395.2
270412.4
270456.9
270740.9
270843.7
270941.2
270960.9
270988.7
271021.7
271231.9
271281.6
271403
271435.4
271480.2
271514.3
271668.6
271670.1
271912.6
271919.7
271951.6
271953.1
271958.7
271974.5
272024
272058.1
272145.8
272151.2
272226.2
272240.4
272247
272254.7
272263
272317.7
272343.3
272476.5
272488.5
272503.2
272535.4
272716.7
272719.1
272782.4
278306.4
278399.1
278502.2
278697.1
278711.3
278759.9
278807.6
278896.8
280068.1
282088.4
282195.9
282196
282501
282525.6
282577.6
282687.8
287152.6
287425.9
287446.7
287607.8
287682.7
287886
287893.8
287962.1
288025.4
288058.9
288080.3
288105.7
288113.3
288159
288173.5
288177.9
288507.4
288522.4
288605.9
288796.1
288827.2
289261.8
289479.5
289893.1
290042.6
290202.6
290249.9
290710
290712.4
290838.4
290857.2
290870.9
290878.6
290912.3
290931
291149.1
291202.6
291242.8
291268.2
291691.6
291752.1
291823.9
291949.8
292462.4
292609.4
292661.6
292686.9
292799.4
292910
293071.5
293127.9
293182.3
293261.9
293281.2
293385.7
293502.5
294066.9
294128.1
294259.4
294262.5
294277.3
294299.9
294326.4
294455.3
294525.9
294538.2
294604.6
294619.4
294633.4
294653.7
294681.7
294732.5
294786.2
294786.3
294826.1
294838.5
294865.8
294915.2
294938.6
294979.7
294996.9
295001.1
295002.5
295007
295173.4
295254.4
310833
312007.6
313529.7
313668.8
313678.5
313743
313770
313820.4
313850.1
314031.6
314163.7
314228.1
314303.8
314366
314632.7
314633.2
314638.7
314698.5
314816.3
314860.2
314864.7
314989.2
315153.7
315375.4
315490.2
315503.6
315615.5
315624.5
315754
315756.5
315824.5
316264.4
316314.3
316442.3
316653.1
316729.4
317146.4
317219.4
317274.1
317284.6
317394.4
317807.6
317878.3
318518.4
319073
319075
319092
322106.7
323086.3
323115.1
323322.9
323432.9
323651
323912.3
324092.9
324960.8
325000.8
325031.1
331943.3
332129.7
335286.4
337292.5
339612.1
339631.6
339876.2
339903.1
339985.9
340009.9
340035.1
340052.4
340298.4
340308.3
340351.5
340390
340744.9
340935.8
341453
341474.1
341477.4
341546
341575.4
341678.3
341745.1
341804.4
341894
341959.1
341962.9
342000.6
342035.4
342047.2
342059.3
342121.9
342126.2
342136.9
342137.2
347381.5
348828.3
351743.5
351878
352321.1
353806
353840.3
354221.8
354303.8
354305.2
354309.8
354354.6
354400.8
354424.7
354430
354435.4
354436.6
354665.6
354669.3
354736.1
354749.9
354789.9
354831
354989.2
366506.5
367479.8
367653.3
367776.7
367875.4
367908.6
367990.6
367992.1
368151.1
368172
368503
368674.3
368679.1
368798.1
368902.4
368902.6
368950.5
369127.9
369133.8
369176.7
369208.8
369291.5
369441.7
369452.8
369459.5
369480.8
369585.1
369601.1
369703.8
369722.2
369867.9
369869.3
370033.1
370158.8
370161.8
370243.8
370245.3
370312.1
370404.4
370419.1
370485
370487.9
370516.7
370547.2
370639.6
370643.8
370658.5
370671.3
370747
370802.8
370890.4
370994.4
371071.6
371116.9
371152.1
371157.8
371192.8
371253.8
371262.9
371287.4
371340.2
371403.3
371425.4
371460.8
371501.1
371506.5
371525.4
371621.9
371626.7
371689.6
371699.3
371716
371721.3
371767.3
371780
371781.9
371789.5
371816.5
371855
371875.4
371896.8
372030.3
372053.7
372054.8
372055.7
372057
372075.9
372160.4
372160.6
372197.8
372264.9
372369.9
372407.2
372569.6
420797
420864.7
421049.1
421064.1
421067.1
421187.4
421225.4
421225.9
421233.3
421239.8
421334.6
421349.7
423985.6
424150.7
424223
424265.5
424283.5
424392.7
424408.6
424513.7
424632.4
424638.4
424735
424743.5
424767
424774.1
424817.9
424875.2
425024.4
428349.6
428351.2
428531.5
428570.7
428641.2
428677.7
428745.5
428789.6
428805.4
428889
428899
428990.6
429048.8
429049
429205.2
429277.7
429277.8
429376.2
429545.8
429554.2
429600.9
429637.8
429671.3
429757.6
429777.5
429794.7
429939.6
444626.6
445030.5
445144.8
445145.4
445197.6
445291.8
445485.6
445565.7
445657.5
445699.2
445706.9
445762.8
449762.8
450039.7
450055.9
450100.5
450115.5
450242.1
450288.1
450325.3
450404.7
450476.3
450477.9
450504.8
450535
450568.3
450574.7
450584.6
450610.2
450656.4
450687.7
450785.6
450794.6
450884.3
453553.2
453788
453990.2
454149.6
454237.3
454237.5
454258.1
454285.9
454316.8
454346.8
454410.3
454415.8
454435.6
454700.8
454731
455480.2
456935.6
456941.2
457039.7
457071.6
457438.5
458912.3
458988.5
459170.1
459254
459304.5
459340.2
459369.3
459462
459497.5
459519.5
459521.1
459582.6
459595.8
459604.8
459605.5
459607.6
459621.4
459738.6
459797.9
461079.3
461288.4
461482
461931.1
464028.2
466673.9
467988.3
475197.1
481611.4
509076.6
511814.8
511949.3
512059.7
512990.2
515480.1
516288.9
516543.6
517860.9
520871.9
521280.7
521819.8
523171.1
528912.8
529001.7
529022.9
529273.9
529395.3
529436
529436.1
529491.8
529619
529693
529845.6
529851.7
529861.1
529901.6
530068.5
530085.3
530161
533254.4
533315.5
533372.9
533520.3
533630.1
533740.2
533839.3
533855.3
533873.9
533990.3
534285.3
534290.5
534293.5
534361.1
534382.3
534452
534499.5
534528.9
534600.8
534736.4
534771.3
538236.1
538247
538517.5
538761.9
538864.9
541995.7
542492
542920.9
542937.8
543000.5
543079.7
543151.9
543202
543208.8
543236.5
543244.8
543266
543271.1
543306.6
543312
543334.9
543376.2
543382
543413.7
543426.9
543430.7
543439.8
543452.4
543461
543470.3
543517.5
543556.7
543570.6
543581.9
543622.6
543751.7
543860.9
543881.2
544016
544173.1
544310.6
544432.4
544435.1
544459.8
544464.1
544480.3
544518.8
544589.4
544653.4
544667.5
544692.8
544727.5
544742
544745.5
544758.2
544802.9
544837.8
544848
544903.7
544927.4
545024.2
545042.1
545052.7
545058.7
545088.6
545114.2
545127.7
545128.6
545130.5
545185
545267
545292.1
545324.4
545353.4
545354.5
545461.1
545481
545492.7
545522.2
545549.2
545604.6
545641.8
545661.8
545664.3
545747
545750.9
545791.8
545847.6
545883.1
545896
545950.4
546003.5
546093
546164.7
546255.9
546289.4
546406.5
546568.8
550785
550961.4
551041.8
551277
553800.2
554143.1
555368.1
555666.3
555727.4
555736.2
556040.9
556375.4
556774.4
557105.5
557729.4
557843.6
558113.4
558202.1
558248.4
559621.2
560166.3
564655.5
565139.7
565815.6
565831.6
565938.8
566202.9
566725.7
566788.5
566819.5
566829.3
566847.7
566867.4
567048.9
567084.6
567130.3
567176.3
567214.5
567281.4
567314.6
567366.5
567370.6
567402.4
571902.4
571963.4
572000
572156.7
572200.2
572281.9
572295.6
572306.1
572335.8
572486.9
572499.2
572500.3
572718.3
572821.6
572886.6
572890.3
572942
572986.8
573038.4
573104.1
573186.3
573200.9
573295.7
573458.3
573484.3
573557.3
573616.6
573619.5
573735.9
573747.9
573807.3
573833.1
573889.5
573921.9
573947.6
573953.2
573968.7
573970.2
574034.8
574206.4
577948
578023.2
582304.1
582416.2
582438.6
582621.6
582651.6
582678.5
582684.4
582740.6
582766.5
582771.8
582780.5
582784.9
582792.3
582804.9
582828.9
582832.8
582857.1
582858.4
582916.2
582993
583001.2
583009.4
583061.4
583074.2
583142.7
583199.6
583283.5
583535.6
583603.8
583622.8
583769.3
583836.8
583900.7
583901.1
584253.6
584306.6
584343.3
584397.1
584436.8
584481.6
584507.1
584512.5
584522.2
584596.9
584667.4
584675.9
584689.1
584709.8
584718.7
584789.4
584823.6
584885.6
584907.4
584935
584986
584998
585141.4
585272.5
585360.2
585370.3
585374
585493.8
585648.3
585689.6
585727.4
585733.1
586481
590643.9
591271.8
594348.1
595083.1
595318.4
595443.5
595459.3
595507.2
595553
595569.1
595629.6
595661.4
595695.8
595733.5
596025.6
596027.9
596141.1
598199
598886.4
