1010.3
1223.8
1234.1
1266.2
1379.4
1450.8
1453.2
1499.2
1512.3
1784.4
5041.6
5047.3
5156.1
5201.9
5204.7
7578.3
11564.4
13081.4
13097
13098.3
13425.8
13434.5
14779
15047.6
15059.4
15470.9
16912.5
16965.2
16996.1
17096.5
17107.8
17141.7
17246.9
20392
20469.9
20526.3
20576.6
20609.9
20625.3
20652.1
20674.2
20688.6
22651.9
22685
22765.7
22791
22862
22907
23058.5
23098.7
23104.6
23175
23317.9
27254.1
30548.8
31082.5
31394.2
31526.2
34028.6
34052.1
34068.1
34263.4
34279.5
34299.5
34368
34405.7
34506.6
34549.7
34820.1
41362
41902.3
43934.8
43958.9
44453.6
45043.2
47448.4
47516.3
47538.3
47565.4
47707.4
47716.1
47716.6
47763.2
47783.3
47816.3
47837
47859.4
47862.1
47880.5
47887.2
47903.8
47944.7
47956.6
47969.6
47996.2
48006.6
48073.8
48093.3
48109.7
48116.9
48267.4
48283.4
48391.9
48428.5
48454.9
48471.5
48519.9
48584.4
48587.4
48678.2
48701.5
48801.5
48840.2
49150.6
49168.5
49201.6
49235.7
50381.5
50451
51269.7
51285.2
51425.8
51435.3
51458.2
51464.2
51487.2
51501.3
51539.9
51622.3
51750
51911.8
52008.8
52020.9
52088.6
52287.9
52321.5
54589.4
57783.5
57887.7
60618.1
60633.1
60831.1
60840.4
63253.9
63478.6
64638.3
64963.4
65068.5
65184.1
65231.6
65407.9
65416.6
65447.9
65504.6
65571.9
65776.2
65794.3
65893.7
66168.1
66818.2
67325.5
67394.9
67617.2
67631.4
67826
68220.8
68643.6
70130.1
73940.1
81213.4
81635.3
81825.6
82018.5
83000.7
90684
91226
93846
99787.6
104568.1
104873.9
105495.6
105530
112354.3
112524.6
112614.3
112779.2
112851.6
112884.9
113005.1
113016.5
113018.5
113096.8
113101.9
113103.2
113132.8
113153.6
113179.7
116863.7
117789.8
117880.7
118016.5
118035.5
118241.3
118296.3
161387.3
161552.6
161567.4
161586.1
161758.1
168287.9
168433.2
168463.7
168664.1
168750.6
168836.9
168845.3
168916.9
168968.5
168981.4
169151.9
169157
169158
169159.9
169176.6
169469.8
179522.8
179956.9
180028.5
180088.5
180198.2
180301.8
180345.6
180399.4
180516.4
181756.2
183232.4
183545.9
187170
187325.9
187333
187349.5
187378.3
187553.8
187608
187682.5
187714.2
187783.8
187794.6
187902.3
188094.3
188147.2
188161.7
188202.8
188220.3
188290.1
188292
188398.9
188419.6
192951.9
193235.5
193444.7
193553.3
193659.9
193750.9
193773.1
193778.4
193838.7
193912.7
193960.2
194062
194231.7
194331.1
194622.4
194804.1
194811.2
194905.2
194923.2
194953.7
195025.9
195046.2
195059.1
195082.5
195116.3
195160.8
195205
208380
210611.3
210623.3
210763.7
210911.7
211005.9
211020.3
211102.2
211119.8
211283.3
211288.4
211299.8
211374.6
211488.1
211593.3
211601.2
211670.8
211671.4
211833.2
213196.3
213326.8
213487.9
213647.8
213656.7
213675.6
213870.8
213922.3
213993.7
214149.4
214221.3
214286.2
220372.5
222458.3
222470
222531.4
222536.2
222647.1
222762.8
222830.7
222931.2
223092.7
230212.3
231906
231967.7
232063.2
232216.9
232347.7
232602.2
232643.9
232811.4
233646.6
233672.3
233734
243609.5
243963.9
243992.3
244186.9
244343.6
244527.5
244617.5
244670.4
244851.3
244912.9
244918.2
245011.7
245220
245262.9
245441
245840.8
245884.6
245934.3
245950.8
246025.7
246061.5
246101.1
249782.6
249785.1
249985.5
250039.9
250118.9
250139.7
250180.7
250295.5
250325.3
253172.7
253187.3
253350.3
253534.8
254298.5
255563.7
255604.1
255689.6
255721.6
255775.7
255795.2
256331.7
257686.1
264715
265125.8
265141.6
265228.4
265247.8
265268.5
265334.5
265339.5
265443.3
265554.4
265580.2
265753
265813.3
265871.3
265940.4
265991
265999.1
266027.6
266028.4
266056.2
266105.9
266127.9
266260.3
266355.3
266473.1
266506.8
266507.1
266640.7
266788.8
266817
266838.3
266854.2
266869.1
267127.2
267139.1
267149.4
267160.8
267193.9
267199.5
267206.7
267327
267327.4
267403.4
267424.3
267433.1
267448.8
267474
267488.5
267615.1
267621.1
267646.4
267937.7
268279.6
268528.4
272769.2
272822.4
273256.8
273762.4
275278.8
275500
275598.8
275841.1
275861.7
275935.1
275970
276197.8
276226.2
276246.3
276407.6
276569.3
276963.5
277094.2
277171.6
277798.4
277908.3
277980.9
280827.5
280831.2
280878.7
280918.7
280924.1
282777.3
282914.2
283012.1
283043.5
283139.6
283140.3
283172.8
283188.1
283223.5
283279.4
283282.2
283301.3
283304.9
283316.1
283346.7
283361.8
283368.2
283528.9
283626
283648.2
283673
283684.5
283847.4
283929.5
283957
283976.5
283983.5
284100.4
284112.1
284113.9
284202.1
284260.5
284290.1
284340.7
284488.8
284545.8
284551.6
284585.8
284602.8
284625.2
284653.3
284781.7
284803.2
284840
284856.8
284922.7
284955.2
284959.1
284998
285047.3
285050.1
285125.3
285145.3
285196.7
285330.9
285364.7
285398.5
285415.2
285429.1
285571.9
285617.6
285636.7
285708.3
285867.6
285923.3
286118.3
286132.3
286182.8
286190.2
286397.4
286458
286622.3
286999.4
297888.4
298380.1
298470.9
298674.1
298751.7
298862.5
299022.1
299066
299166.6
299222.6
299256.3
303172.6
303316.1
303318.7
303339.9
303351.5
303401.5
303517.8
303561.3
311351.5
311780.5
311831.7
312734.2
312752.6
312780.9
312897.4
313103.5
313170.4
313282.7
313510.6
313522
315951.7
316193.1
316635.4
317096.9
317121.1
317933.9
318391.6
318596.4
318775.1
318794.8
319221.1
319294
319395.9
319461.3
319625.1
319673.8
319776.9
319805.3
319806.2
319920.5
320170.8
320253
325248.2
325279.8
325326.7
325469.3
325469.6
325494.4
325511.6
325517.5
325538.6
325593.6
325598.8
325603
325723.4
329756.4
329790.4
329909.9
329927.7
329928.5
329940.5
330012.5
330160.1
330174
330187.4
330201.8
330207.3
330232.8
330266.4
330318.1
330367.5
330397.2
330505.9
330561.5
330565.3
330600.4
330656.3
330711.6
330770.2
330987.4
330999.8
331145.9
331199.6
331300.5
331307.6
331653.5
332009.2
332958.5
332961.4
333168.3
333209.6
333258.8
333405
333419.6
333465
333473.2
333477.8
333765.5
333911.3
333930.2
333984.8
334095.8
334100.2
334139
334183.6
334292.3
334412.3
334557.6
334658.2
334708.3
334761.1
336033.7
336232.1
336270.1
336313.9
336463.4
336500.7
336516.5
336539.4
336583.5
336653.1
336893.8
336948.7
336957.3
336978.1
337013.1
337550.7
337886.7
337891.1
337913.9
337958.7
338026.5
338027.7
338042.8
338063.5
338105.3
338150.7
338215.1
338281.5
338361.8
338625.2
341814.1
345318.2
349067.2
350969.4
351168.5
351323.3
352192.2
352677.1
352766.1
352774.1
352892.6
352918.7
352943.3
353006.1
353038.9
353050.4
353089.3
353179.6
353220.1
353260
353322.6
353339.9
353374.4
374028
374087.2
374402.6
374637.7
374638
374715
374722.8
374769.9
425347.4
425373.2
425378.2
425566.4
425574
425606.3
425745
425813.2
425957.3
426106.8
426160.7
426206.8
426445.9
426619.1
426823.4
426830.6
426842.8
426922.7
426940.9
426956.2
427125.4
427143.5
427531
427621.5
427627.2
427650.3
427717.2
430287.6
441567
441778.9
441799.1
441816.6
441820.3
441839.2
441943.7
441993.8
442018.4
442050.6
442051.7
442073.4
442081.8
442086.7
442125.2
442154.9
442163.3
442181.3
442236.5
442257.6
442260.9
442267.9
442290.8
442306
442555.5
442606.2
442611.5
442674.1
442737.1
442744.6
442934.9
442999.5
443022.7
443035.9
443046.1
443089.1
443107.5
443120
443138.4
443323.5
443331.2
443400.7
443434.1
443438.2
443470.7
443485.6
443515.5
443573.4
443657
443677.6
443732.2
443737.2
443756
443779.9
443836.8
443913.1
443913.4
443917.1
443944
444024.6
444060.7
444074.4
444086.9
444131.1
444145
444181.1
444187.4
444191.2
444197
444247.5
444252.5
444310.3
444326.8
444333.5
444337.9
444358
444424.3
444524.9
444599.1
444671.4
444745.1
447081.7
447098
447173.8
447229.2
447379.7
447429.9
447568.9
447652.7
447834.1
447908.1
448015
448151.8
448183
448189.7
448325
448452.4
450333.2
450809.3
450872.9
450892.9
450894.3
450939.2
451678.6
454741.1
455134
455171.9
455228.6
455896.9
455979.5
456085.9
456194
456283.7
467139.7
467217.5
467292.9
467303.3
467368.4
467402.7
467513.7
467615
467668.7
467672.5
467995.7
511962.8
514603.4
515533.4
515892.2
524555.8
525258.2
525370.7
525485.1
526238.9
526368
526408.3
526427.2
526548.9
526584.5
526653.9
526745.2
527336.4
527677
527757.3
529262.5
529414.6
529531.7
529532.8
529537.3
529602.4
530576.8
530686.3
530940.3
531395.6
531517.2
531529.4
531543.8
531568.1
531613.5
531648.2
531688.7
531698.6
535118.2
535193.9
535212.4
535353.5
535592.8
535606.3
535866.6
536108.4
536300.8
536479.9
536572.5
536683.1
541615.3
548640.6
548886
549082
549141.1
550114.6
550502.7
552105.9
552130
552135.2
552496.3
552590.4
552625.7
552782.6
552838.8
552995.5
553026.2
553151
553152.7
553332.8
553448.3
553508.9
553548.1
553593.4
553652.4
553848
553850.2
553897
553909.7
553930.7
553983.8
554390.5
554456.9
554540
554554.9
554566.5
554585.5
554624.8
554719.6
554741.4
554819.6
554892.5
555000.4
556248.9
556768.5
557529.1
557610.3
558051.8
558160.4
558592.3
558622.3
558862.7
558927.2
562541.3
563631.6
564297.2
571455.7
571504.7
571598.6
576326.1
576540
576664.9
576686.9
576810.6
577004.5
577089.1
577198.8
577420.7
577500.7
577513.4
578421.9
578888.2
578895.1
579869.2
586891.1
586992.5
587012.3
587118.8
589741.3
589777
589798.4
589863.8
589933.2
591907
593542.5
594504.2
594621.5
594796.3
594814.4
594891.7
594951.9
594976.6
595002
595023.8
595906.7
596478
596816.5
596878.3
596932.2
597010.9
598843.3
599835.9
